0.0007763975155279503
0.0018566027545233595
0.002835538752362949
0.0036456926816095057
0.004422090197137456
0.005434782608695652
0.006481231433972455
0.007831487982716717
0.008810423980556306
0.009823116392114502
0.011207129354577369
0.012388603834728599
0.013367539832568187
0.01451525789900081
0.015561706724277613
0.016439373480961382
0.017688360788549823
0.018397245476640563
0.0191061301647313
0.020118822576289493
0.02106400216041048
0.022110450985687282
0.023156899810964082
0.024034566567647853
0.02501350256548744
0.026059951390764245
0.026836348906292197
0.02774777207669457
0.028692951660815556
0.03011072103699703
0.03125843910342965
0.03220361868755064
0.033148798271671616
0.03395895220091817
0.035039157439913586
0.036389413988657845
0.037233324331623005
0.03838104239805563
0.03935997839589522
0.04006886308398596
0.04094652984066973
0.04179044018363489
0.0433769916284094
0.044220901971374564
0.04540237645152579
0.0464825816905212
0.04736024844720497
0.048474210099918986
0.049554415338914394
0.0506008641641912
0.05211990278152849
0.05336889008911693
0.054314069673237916
0.05586686470429381
0.05674453146097758
0.057655954631379965
0.05883742911153119
0.059748852281933565
0.060626519038617335
0.06167296786389414
0.0625168782068593
0.06359708344585471
0.06491358358088037
0.06606130164731298
0.06731028895490143
0.06859303267620848
0.06957196867404807
0.07058466108560627
0.07163110991088306
0.07254253308128544
0.07372400756143667
0.07450040507696462
0.07537807183364839
0.07655954631379962
0.07757223872535782
0.07875371320550904
0.08010396975425331
0.08084661085606265
0.08182554685390224
0.08297326492033487
0.08412098298676748
0.08509991898460707
0.08618012422360248
0.08702403456656765
0.08810423980556306
0.08901566297596543
0.09016338104239806
0.09147988117742371
0.09303267620847962
0.09380907372400756
0.09472049689440994
0.09576694571968675
0.09704968944099379
0.09836618957601945
0.09927761274642181
0.10039157439913583
0.10153929246556846
0.10285579260059412
0.10417229273561977
0.10548879287064543
0.10704158790170132
0.10829057520928977
0.10937078044828517
0.1105184985147178
0.11166621658115042
0.11281393464758305
0.11382662705914123
0.11500810153929246
0.11602079395085066
0.11703348636240886
0.11774237105049959
0.11919389684039967
0.12030785849311369
0.12162435862813935
0.12253578179854173
0.12348096138266271
0.12449365379422091
0.12543883337834189
0.12668782068593032
0.12780178233864434
0.12898325681879558
0.12979341074804213
0.13083985957331892
0.13158250067512828
0.1328314879827167
0.1338779368079935
0.135295706184175
0.13640966783688901
0.13748987307588442
0.13877261679719147
0.13965028355387524
0.14079800162030787
0.14177693761814744
0.14322846340804754
0.14420739940588712
0.14545638671347555
0.14633405347015932
0.14758304077774778
0.14862948960302458
0.15008101539292465
0.15119497704563867
0.15217391304347827
0.15349041317850393
0.1545031055900621
0.15578584931136916
0.15689981096408318
0.15818255468539022
0.15936402916554146
0.1607480421280043
0.16192951660815555
0.16334728598433704
0.164292465568458
0.16550769646232785
0.1663178503915744
0.16712800432082095
0.16820820955981636
0.16915338914393735
0.1699635430731839
0.1714825816905212
0.17276532541182824
0.17391304347826086
0.17499324871725627
0.17627599243856332
0.17728868485012153
0.1782676208479611
0.17941533891439373
0.18056305698082636
0.18171077504725897
0.18312854442344045
0.18400621118012422
0.18508641641911963
0.1859640831758034
0.18707804482851742
0.18825951930866866
0.18923845530650824
0.19041992978665948
0.19173642992168513
0.19295166081555495
0.19396435322711314
0.19490953281123413
0.19619227653254118
0.1973399945989738
0.19848771266540643
0.19956791790440184
0.2005130974885228
0.20213340534701593
0.20334863624088576
0.20469889278963002
0.20574534161490685
0.2070280853362139
0.20804077774777208
0.20901971374561168
0.20986362408857684
0.21104509856872805
0.21249662435862815
0.2138131244936538
0.2149608425600864
0.21607480421280043
0.21725627869295167
0.21820145827707266
0.2194842019983797
0.22086821496084255
0.222117202268431
0.2230961382662706
0.22410883067782877
0.22498649743451254
0.22650553605184987
0.2278220361868755
0.22907102349446395
0.23048879287064541
0.23146772886848502
0.2324804212800432
0.2334256008641642
0.23467458817175263
0.23609235754793412
0.23717256278692952
0.2380839859573319
0.23906292195517148
0.24024439643532272
0.2412570888468809
0.24233729408587631
0.24345125573859033
0.24453146097758574
0.24564542263029976
0.24665811504185794
0.24753578179854172
0.24861598703753712
0.24976370510396975
0.25060761544693494
0.2515865514447745
0.253004320820956
0.25394950040507697
0.2549959492303538
0.2559411288144747
0.2572576289495004
0.25840534701593304
0.2594855522549284
0.2607007831487983
0.2618147448015123
0.2628274372130705
0.2640089116932217
0.26505536051849854
0.2661018093437753
0.26724952741020797
0.2684310018903592
0.2691398865784499
0.27025384823116394
0.27089522009181743
0.27197542533081287
0.27298811774237103
0.2743721307048339
0.2753848231163921
0.27666756683769916
0.27801782338644343
0.2791317850391574
0.28065082365649474
0.2816972724817715
0.28294625978936
0.2841614906832298
0.28544423440453687
0.2866257088846881
0.28777342695112074
0.2888873886038347
0.2903389143937348
0.291351606805293
0.2924318120442884
0.2935120172832838
0.29486227383202807
0.2959424790710235
0.2968539022414259
0.29769781258439104
0.29867674858223064
0.299756953821226
0.30100594112881446
0.3021874156089657
0.3032338644342425
0.30448285174183093
0.3058331082905752
0.30714960842560085
0.3082973264920335
0.3096475830407778
0.3107953011072104
0.31187550634620576
0.31282068593032675
0.3141034296516338
0.31525114771806645
0.31633135295706183
0.31758034026465026
0.31879557115852014
0.31994328922495274
0.32098973805022957
0.3219686740480691
0.32304887928706455
0.3243653794220902
0.3250742641101809
0.3259519308668647
0.32679584120982985
0.32801107210369973
0.32915879017013233
0.33017148258169055
0.33152173913043476
0.33273697002430463
0.3338509316770186
0.33493113691601406
0.33607885498244666
0.3373953551174723
0.338711855252498
0.3401971374561167
0.3413110991088307
0.3424588171752633
0.3434715095868215
0.34434917634350526
0.3453956251687821
0.3465095868214961
0.3475222792330543
0.34839994598973806
0.34934512557385905
0.35042533081285443
0.35143802322441264
0.3527207669457197
0.353294625978936
0.35447610045908723
0.3558263570078315
0.3569065622468269
0.35764920334863626
0.3584256008641642
0.359640831758034
0.36065352416959223
0.3614636780988388
0.3626789089927086
0.36352281933567376
0.3641979476100459
0.3652106400216041
0.36635835808803674
0.36757358898190656
0.3687888198757764
0.37013907642452065
0.3710167431812044
0.37179314069673236
0.3730758844180394
0.37391979476100456
0.3749662435862814
0.3761814744801512
0.3771941668917094
0.3785781798541723
0.37989467998919796
0.38107615446934917
0.3820888468809074
0.38343910342965165
0.38458682149608425
0.3859033216311099
0.3869160140426681
0.3877599243856333
0.38907642452065894
0.39069673237915203
0.3920469889278963
0.39329597623548473
0.3941398865784499
0.3953551174723197
0.3963002970564407
0.39761679719146636
0.39906832298136646
0.4001147718066433
0.4013300027005131
0.40217391304347827
0.40308533621388065
0.4043680799351877
0.40538077234674585
0.40635970834458546
0.4075411828247367
0.4090264650283554
0.4103092087496624
0.41155819605725086
0.4127396705374021
0.41348231163921145
0.4147312989467999
0.41560896570348366
0.4166891709424791
0.41776937618147447
0.4189846070753443
0.42013232514177695
0.421415068863084
0.42225897920604916
0.42333918444504454
0.4246219281663516
0.425702133405347
0.426816095058061
0.42786254388333783
0.4287402106400216
0.43009046718876587
0.4312719416689171
0.43208209559816363
0.43316230083715906
0.43424250607615444
0.4353227113151499
0.43623413448555226
0.43721307048339186
0.4385295706184175
0.43974480151228734
0.44075749392384556
0.44190521199027816
0.44285039157439915
0.4438630839859573
0.4450783148798272
0.44592222522279235
0.4469686740480691
0.44811639211450177
0.4488927896300297
0.4498717256278693
0.45128949500405074
0.45226843100189035
0.45321361058601134
0.45415879017013233
0.4552389954091277
0.4561504185795301
0.45729813664596275
0.4587834188495814
0.45993113691601406
0.4611801242236025
0.46246286794490954
0.46357682959762353
0.4644882527680259
0.46577099648933296
0.4668174453146098
0.4681001890359168
0.4689778557926006
0.4701255738590332
0.4711045098568728
0.472117202268431
0.47380502295436133
0.4747164461247637
0.4758304077774777
0.47694436943019175
0.47792330542803135
0.4789697542533081
0.4798474210099919
0.4809276262489873
0.4819403186605455
0.48322306238185253
0.4841682419659735
0.4853497164461248
0.48639616527140156
0.48734134485552255
0.4881514987847691
0.489535511747232
0.4905144477450716
0.49132460167431813
0.4924385633270321
0.4934174993248717
0.4940926275992439
0.4952065892519579
0.49584796111261137
0.4968606535241696
0.4976370510396975
0.4987847691061302
0.49983121793140695
0.5006413718606535
0.5015865514447745
0.502835538752363
0.5041857953011072
0.505232244126384
0.5065487442614097
0.5078652443964353
0.5088441803942749
0.5097893599783959
0.5110721036997029
0.5119835268701053
0.5128949500405077
0.5141776937618148
0.5150891169322172
0.5160342965163381
0.5169119632730219
0.5178233864434243
0.5190048609235755
0.5200175533351337
0.5210640021604105
0.5220429381582501
0.5230556305698083
0.5239670537402107
0.5249459897380502
0.5258574129084526
0.526600054010262
0.5275789900081015
0.5287267080745341
0.5296043748312179
0.5306508236564947
0.5315960032406157
0.5325411828247367
0.533283823926546
0.5345328112341344
0.5356467728868485
0.5367269781258439
0.5377396705374021
0.5384485552254928
0.5393937348096138
0.5404401836348907
0.5413853632190117
0.542296786389414
0.543410748042128
0.5446934917634351
0.5457399405887119
0.5471577099648933
0.5481704023764515
0.5493518768566028
0.5503645692681609
0.5513772616797191
0.5523224412638401
0.5531663516068053
0.5542128004320821
0.5555293005671077
0.5564069673237915
0.5571496084256009
0.5581960572508776
0.5591749932487172
0.5603227113151499
0.5615041857953011
0.5624493653794221
0.5636308398595733
0.5647448015122873
0.5658250067512828
0.5667026735079665
0.5676140966783689
0.5685255198487713
0.5695044558466108
0.5707534431541993
0.5716648663246017
0.5729813664596274
0.5738590332163112
0.5750067512827437
0.5760194436943019
0.5770658925195787
0.5782811234134485
0.5790912773426952
0.5801039697542533
0.5810829057520929
0.5818255468539022
0.5831082905752093
0.5838509316770186
0.585201188225763
0.5857750472589792
0.5864839319470699
0.5877329192546584
0.5886443424250608
0.5896232784229003
0.5902984066972725
0.5915811504185795
0.5926951120712936
0.5938428301377262
0.5949567917904401
0.5959357277882797
0.5968133945449635
0.5976573048879287
0.5984674588171752
0.5994463948150148
0.6003578179854172
0.6013029975695382
0.6022819335673778
0.6033958952200918
0.6046448825276802
0.605184985147178
0.6060288954901432
0.6069403186605455
0.6081217931406967
0.6090332163110991
0.6101134215500945
0.61119362678909
0.6120375371320551
0.6129827167161761
0.613759114231704
0.6148055630569809
0.6158520118822576
0.61676343505266
0.6175735889819065
0.6183499864974346
0.6193964353227113
0.6204766405617067
0.6214218201458277
0.6224682689711045
0.6235147177963813
0.6243586281393465
0.6255738590332163
0.6264515257899
0.6271941668917094
0.6278017823386444
0.6284431541992979
0.6293545773697002
0.6302997569538212
0.6312111801242236
0.6320888468809074
0.6330002700513098
0.6335066162570888
0.6346543343235215
0.6355320010802052
0.6366459627329193
0.6377936807993518
0.6389413988657845
0.6404941938968404
0.6417431812044289
0.6428571428571429
0.6440723737510127
0.6450850661625709
0.6458277072643802
0.646874156089657
0.647819335673778
0.6485619767755874
0.6498109640831758
0.6507561436672968
0.6516675668376991
0.6527477720766945
0.6533891439373481
0.6541992978665947
0.6553132595193086
0.6564272211720227
0.6572036186875506
0.658283823926546
0.6588576829597623
0.6598028625438833
0.6609843370240346
0.6619295166081556
0.6628746961922766
0.6636173372940859
0.6648325681879557
0.6660477990818255
0.6670942479071024
0.668073183904942
0.6689170942479071
0.6698285174183095
0.6704023764515258
0.6714488252768026
0.6720226843100189
0.672866594652984
0.6737105049959492
0.674588171752633
0.6752970564407237
0.6762759924385633
0.6771199027815284
0.6783351336753983
0.6793140696732379
0.6803605184985148
0.6810356467728869
0.681879557115852
0.6825209289765055
0.683601134215501
0.6844450445584661
0.6851876856602754
0.6861328652443964
0.6875506346205779
0.6885295706184175
0.6895422630299757
0.6901836348906292
0.6912638401296246
0.6924453146097759
0.6931879557115852
0.6942006481231434
0.6952808533621389
0.696124763705104
0.6969686740480692
0.6978125843910343
0.6985889819065623
0.6992641101809344
0.6999392384553065
0.7007831487982716
0.7016608155549554
0.7030110721036997
0.7041925465838509
0.7051377261679719
0.7060829057520929
0.7068593032676208
0.7076019443694302
0.7085808803672697
0.709593572778828
0.7105725087766676
0.7115514447745072
0.7122265730488793
0.7134080475290305
0.7144207399405887
0.7153321631109911
0.7164123683499865
0.7172562786929516
0.7183027275182284
0.7193829327572239
0.7204631379962193
0.7214758304077775
0.7225897920604915
0.7234674588171752
0.7244801512287334
0.7253578179854172
0.726404266810694
0.7272144207399406
0.7281933567377802
0.7293410748042128
0.7299149338374291
0.730691331352957
0.7317715365919525
0.7330542803132595
0.7340669727248177
0.7348771266540642
0.7356535241695922
0.736531190926276
0.737307588441804
0.7381177423710505
0.7390629219551715
0.739704293815825
0.7405819605725088
0.7413921145017554
0.7422022684310019
0.7432149608425601
0.7437213070483392
0.7449702943559277
0.7456454226302998
0.7465568458007021
0.7475020253848231
0.7479746151768836
0.749054820415879
0.7498987307588442
0.7510126924115582
0.751890359168242
0.7527342695112071
0.7534093977855792
0.7544220901971375
0.7552660005401026
0.7559073724007561
0.7566500135025654
0.7577302187415609
0.7587091547394005
0.7594180394274912
0.7600594112881447
0.7608020523899541
0.7616459627329193
0.7626586551444775
0.7632325141776938
0.7639751552795031
0.7649540912773427
0.7659330272751823
0.7666756683769916
0.7674858223062382
0.768363489062922
0.7691061301647313
0.7700175533351337
0.770760194436943
0.7718403996759384
0.7728868485012153
0.7738995409127735
0.7746759384283014
0.7755198487712666
0.7760937078044828
0.7767688360788549
0.7777140156629759
0.7783891439373481
0.7794018363489063
0.7803807723467459
0.7812921955171482
0.7823048879287064
0.783115041857953
0.7836551444774507
0.7843977855792601
0.7855455036456926
0.7865581960572509
0.7876046448825277
0.7885160680529301
0.7892587091547394
0.7899675938428301
0.7910477990818255
0.7921955171482582
0.7932757223872535
0.7941533891439373
0.7948622738320281
0.7957061841749933
0.7962462867944909
0.7970226843100189
0.7979341074804213
0.7987105049959492
0.7998919794761005
0.8006683769916284
0.8013435052660005
0.8020861463678098
0.8032676208479611
0.8041115311909263
0.8050567107750473
0.8055630569808263
0.8065082365649473
0.8076221982176613
0.8084323521469079
0.809276262489873
0.8101201728328382
0.8108628139346475
0.8114366729678639
0.8122468268971105
0.8129557115852012
0.8138671347556036
0.8149135835808804
0.8156224682689711
0.8165338914393735
0.8174115581960573
0.8180866864704294
0.8184580070213341
0.8193356737780179
0.8203146097758575
0.8209222252227923
0.8217998919794761
0.8226775587361599
0.8233864434242506
0.8243316230083716
0.8251417769376181
0.8259181744531461
0.8267283283823926
0.8277747772076695
0.8285174183094788
0.8292938158250067
0.8302727518228463
0.8310829057520929
0.8318593032676208
0.8330070213340535
0.8338171752633
0.8346273291925466
0.8354374831217931
0.8362476370510397
0.8370240345665676
0.837597893599784
0.8385768295976236
0.8393194706994329
0.8400958682149609
0.8407372400756143
0.8416486632460167
0.8424588171752633
0.8434039967593843
0.844112881447475
0.84472049689441
0.8454631379962193
0.8460707534431542
0.8469146637861193
0.8477585741290845
0.848399945989738
0.8491088306778288
0.8496151768836079
0.8500540102619498
0.8506278692951661
0.8514380232244126
0.8522144207399406
0.8527882797731569
0.8534634080475291
0.8546786389413988
0.8552862543883338
0.8559951390764245
0.8568728058331083
0.8576154469349176
0.8581893059681339
0.8591344855522549
0.8598433702403456
0.8605184985147178
0.86119362678909
0.8619362678908993
0.8627464218201458
0.8634215500945179
0.8642654604374831
0.8648393194706995
0.865649473399946
0.8666284093977856
0.8674723197407508
0.8682824736699973
0.8687550634620578
0.8694301917364299
0.8700378071833649
0.8707804482851742
0.871658115041858
0.8725020253848231
0.8732446664866325
0.8738185255198487
0.8746286794490953
0.8751350256548744
0.8759789359978396
0.8768566027545234
0.8775992438563327
0.8781393464758304
0.879287064542263
0.8797934107480422
0.8804347826086957
0.8814137186065353
0.8821563597083446
0.8831015392924656
0.8837766675668377
0.8846543343235215
0.8854307318390494
0.88590332163111
0.8867809883877937
0.8873210910072914
0.8881650013502566
0.8889751552795031
0.8895490143127194
0.8901566297596544
0.8907304887928706
0.8914056170672428
0.8918782068593033
0.8925195787199568
0.8934985147177964
0.8940386173372941
0.8947137456116662
0.8955576559546313
0.8961990278152849
0.8968403996759384
0.8974817715365919
0.8983594382932757
0.8990345665676479
0.8995746691871456
0.9003173102889549
0.9012624898730759
0.9018701053200108
0.9025114771806644
0.9031528490413179
0.9040980286254389
0.9045368620037807
0.9052457466918714
0.9059883877936808
0.9067985417229274
0.907777477720767
0.908283823926546
0.909060221442074
0.9098366189576019
0.9104104779908182
0.9108830677828788
0.9116594652984067
0.9121658115041857
0.9128746961922766
0.913786119362679
0.9143599783958952
0.9150688630839859
0.9157102349446394
0.916351606805293
0.9167904401836349
0.9174318120442884
0.9183094788009721
0.9187483121793141
0.9193221712125303
0.9200648123143397
0.9207399405887119
0.921415068863084
0.9218876586551444
0.9225627869295167
0.9232379152038888
0.9239130434782609
0.9244531460977585
0.9250945179584121
0.9255671077504726
0.9262084796111261
0.9270186335403726
0.9274574669187146
0.9281663516068053
0.9286389413988658
0.9296853902241425
0.9302592492573589
0.9310694031866055
0.9315082365649473
0.9321833648393195
0.932824736699973
0.9333985957331893
0.9337361598703754
0.9342087496624358
0.934715095868215
0.9354914933837429
0.9362341344855523
0.9370105320010802
0.9373143397245477
0.9380907372400756
0.9386645962732919
0.939339724547664
0.9399135835808804
0.940723737510127
0.9410613016473129
0.9417701863354038
0.9424453146097759
0.9432217121253038
0.9437280583310829
0.9445382122603294
0.945179584120983
0.9458209559816365
0.9462260329462598
0.9470024304617878
0.9476100459087227
0.9480488792870645
0.9484539562516878
0.9488252768025925
0.9492303537672158
0.9499392384553065
0.9506818795571158
0.9512894950040508
0.9522684310018904
0.9528085336213881
0.9533823926546043
0.9539900081015393
0.9548339184445045
0.9552727518228463
0.955981636510937
0.956758034026465
0.9571631109910883
0.957703213610586
0.9583445854712396
0.9589859573318931
0.9597285984337024
0.9603699702943559
0.9610450985687281
0.9615176883607885
0.9622940858763165
0.9629017013232514
0.9634080475290305
0.9639819065622468
0.9647245476640561
0.9651633810423981
0.9658047529030516
0.9664123683499865
0.9668174453146098
0.9673575479341074
0.967830137726168
0.968167701863354
0.9687078044828518
0.9693491763435053
0.9698555225492843
0.9702943559276263
0.9707331893059681
0.9714758304077775
0.9718471509586821
0.9722184715095868
0.9727585741290845
0.9732986767485823
0.9736699972994869
0.9742100999189847
0.9745814204698893
0.9750877666756683
0.9754253308128544
0.9762017283283824
0.9765392924655685
0.9769781258439103
0.9775182284634081
0.9779908182554685
0.9785984337024034
0.9791385363219012
0.9796786389413988
0.9802187415608966
0.9807250877666757
0.9812314339724547
0.9819065622468269
0.9823791520388874
0.9828517418309479
0.9832905752092898
0.9835606265190386
0.9840332163110991
0.9845733189305969
0.9852146907912503
0.9858223062381852
0.9862611396165272
0.9869025114771807
0.9873413448555225
0.9879489603024575
0.9886240885768296
0.9890629219551715
0.9894004860923575
0.9898730758844181
0.9905144477450716
0.9907844990548205
0.9911558196057251
0.9914933837429112
0.9917296786389413
0.9919659735349716
0.992371050499595
0.992708614636781
0.9929449095328112
0.9933499864974346
0.9936200378071833
0.9939576019443694
0.9941938968403997
0.9946327302187415
0.9950040507696463
0.9951728328382393
0.9954091277342695
0.9956791790440184
0.9959492303537673
0.9963880637321091
0.9967593842830138
0.9969281663516069
0.997164461247637
0.9975020253848231
0.997772076694572
0.9981433972454766
0.9985484742101
0.9987172562786929
0.9989535511747232
0.9991560896570348
0.9992236024844721
0.9993586281393465
0.9995949230353767
0.9997637051039697
0.9998649743451256
0.9999662435862814
0.9999662435862814
0.9999662435862814
1.0
1.0
1.0
1.0
