0.001080205238995409
0.0019916284093977857
0.003038077234674588
0.003848231163921145
0.0051647312989468
0.006008641641911963
0.0069538212260329465
0.007831487982716717
0.008641641911963273
0.010059411288144747
0.011477180664326223
0.01265865514447745
0.014008911693221712
0.015156629759654334
0.016405617067242775
0.017755873615987038
0.019612476370510397
0.020996489332973264
0.022177963813124493
0.023663246016743182
0.02504725897920605
0.026262489873075886
0.027410207939508508
0.028963002970564408
0.03041452876046449
0.03156224682689711
0.0335538752362949
0.03534296516338104
0.036625708884688093
0.03794220901971375
0.039224952741020794
0.040102619497704564
0.041250337564137186
0.042701863354037264
0.044220901971374564
0.045706184174993246
0.047326492033486364
0.04871050499594923
0.04999324871725628
0.05107345395625169
0.05238995409127734
0.053672697812584394
0.05485417229273562
0.056406967323791524
0.057824736699973
0.05954631379962193
0.060997839589522006
0.062246826897110454
0.06342830137726169
0.0645760194436943
0.06582500675128275
0.06700648123143398
0.06801917364299216
0.06893059681339454
0.07007831487982717
0.07136105860113422
0.0723062381852552
0.07345395625168782
0.07423035376721578
0.07568187955711585
0.07659330272751823
0.07777477720766945
0.0790237645152579
0.08044153389143938
0.08175803402646503
0.08287199567917905
0.08439103429651634
0.08547123953551175
0.08645017553335134
0.08722657304887929
0.08844180394274913
0.08942073994058872
0.0904334323521469
0.09188495814204699
0.0929651633810424
0.09445044558466109
0.09569943289224953
0.09731974075074264
0.09894004860923576
0.10029030515798001
0.10160680529300567
0.10309208749662437
0.10440858763165001
0.10569133135295707
0.10724412638401297
0.10825681879557116
0.10923575479341074
0.11065352416959222
0.11251012692411558
0.11389413988657845
0.11510937078044829
0.11669592222522279
0.11791115311909263
0.11909262759924386
0.12017283283823926
0.12118552524979746
0.12287334593572778
0.12442614096678369
0.12577639751552794
0.12719416689170943
0.1290170132325142
0.13043478260869565
0.13205509046718877
0.13381042398055631
0.13502565487442614
0.1364771806643262
0.13765865514447745
0.13904266810694033
0.14042668106940318
0.14177693761814744
0.14292465568458007
0.14444369430191736
0.14596273291925466
0.14694166891709426
0.14825816905211991
0.1492371050499595
0.1503510667026735
0.1512624898730759
0.15268025924925735
0.15369295166081556
0.15514447745071563
0.15615716986227382
0.15720361868755064
0.15879017013232513
0.1596003240615717
0.16054550364569267
0.16196327302187416
0.1632122603294626
0.16435997839589522
0.16550769646232785
0.1667566837699163
0.1679719146637861
0.16925465838509315
0.17026735079665137
0.17134755603564678
0.17225897920604916
0.17320415879017012
0.1744869025114772
0.17597218471509588
0.17735619767755872
0.1786051849851472
0.17995544153389145
0.18090062111801242
0.18204833918444505
0.1833648393194707
0.18451255738590333
0.18569403186605454
0.18687550634620578
0.18815825006751283
0.1895422630299757
0.1905549554415339
0.19170267350796652
0.1927153659195247
0.19399810964083175
0.19504455846610855
0.1962260329462598
0.19740750742641103
0.198352687010532
0.199466648663246
0.2009181744531461
0.2019308668647043
0.20317985417229273
0.20436132865244397
0.20571158520118824
0.20739940588711855
0.20861463678098838
0.21030245746691872
0.21155144477450716
0.21276667566837698
0.21398190656224683
0.21553470159330274
0.21668241965973534
0.21813394544963544
0.21904536862003782
0.22015933027275184
0.22134080475290305
0.2226235484742101
0.2236024844720497
0.22461517688360788
0.226235484742101
0.22718066432622197
0.22805833108290574
0.22944234404536862
0.23072508776667566
0.23204158790170132
0.23329057520928975
0.23464083175803402
0.23561976775587362
0.23680124223602483
0.23791520388873885
0.23940048609235756
0.2407507426411018
0.24193221712125304
0.24321496084256009
0.24463273021874157
0.2453416149068323
0.24662435862813933
0.2479071023494464
0.24932487172562787
0.2507088846880907
0.252059141236835
0.25317310288954903
0.2539832568187956
0.25506346205779096
0.2561436672967864
0.25752768025924927
0.25894544963543076
0.2606332703213611
0.26211855252497973
0.26360383472859844
0.26502160410477993
0.2660680529300567
0.2669794761004591
0.2680596813394545
0.2694436943019174
0.27049014312719416
0.27190791250337565
0.27305563056980825
0.2741020793950851
0.2753173102889549
0.27612746421820145
0.2772751822846341
0.2784566567647853
0.27946934917634353
0.2805157980016203
0.2815622468268971
0.2826424520658925
0.284060221442074
0.2855455036456927
0.28638941398865786
0.28794220901971374
0.2892249527410208
0.29040642722117205
0.29179044018363487
0.2928368890089117
0.2938495814204699
0.29482851741830945
0.29584120982986767
0.2970564407237375
0.29817040237645154
0.29928436402916553
0.3005671077504726
0.3018498514717796
0.30313259519308666
0.30394274912233327
0.30509046718876587
0.30620442884147986
0.3077909802862544
0.30907372400756145
0.31022144207399405
0.3114704293815825
0.3127194166891709
0.31430596813394546
0.31531866054550367
0.3166351606805293
0.31805293005671076
0.3193356737780178
0.3205846610856063
0.32159735349716445
0.3226775587361599
0.3238927896300297
0.3250067512827437
0.3260532001080205
0.3274372130704834
0.32831487982716717
0.3294625978935998
0.3306778287874696
0.33179179044018364
0.33337834188495813
0.3347285984337024
0.33604509856872805
0.33722657304887926
0.33840804752903053
0.3394207399405887
0.3406697272481772
0.341884958142047
0.34289765055360516
0.34411288144747504
0.34529435592762625
0.34640831758034024
0.3473197407507426
0.34789359978395895
0.34937888198757766
0.3506616257088847
0.35187685660275453
0.3528220361868755
0.35400351066702673
0.35525249797461517
0.3564002160410478
0.35737915203888737
0.3583918444504456
0.3598771266540643
0.3610586011342155
0.3622063192006481
0.36332028085336215
0.36450175533351337
0.36588576829597624
0.366932217121253
0.367877396705374
0.3687888198757764
0.3698352687010532
0.37108425600864164
0.3718944099378882
0.37273832028085335
0.37418984607075345
0.3755063462057791
0.3769241155819606
0.37797056440723736
0.3791857953011072
0.3802660005401026
0.3811099108830678
0.38249392384553066
0.38391169322171215
0.3847556035646773
0.38617337294085874
0.38735484742101
0.38836753983256816
0.38958277072643804
0.3908655144477451
0.39184445044558464
0.39265460437483124
0.3939373480961383
0.39491628409397783
0.3960302457466919
0.39711045098568726
0.3981906562246827
0.39947339994598974
0.40092492573588984
0.4022076694571969
0.4034904131785039
0.4045706184174993
0.40588711855252496
0.40730488792870645
0.40821631109910883
0.4093302727518228
0.4107142857142857
0.41199702943559274
0.4128409397785579
0.4138198757763975
0.4147650553605185
0.4156764785309209
0.4168917094247907
0.41803942749122336
0.4190858763165001
0.42016608155549556
0.42128004320820955
0.422529030515798
0.42344045368620037
0.424756953821226
0.42597218471509585
0.4270861463678099
0.4277950310559006
0.42863894139886577
0.42938158250067515
0.43056305698082636
0.43154199297866597
0.4325546853902241
0.43360113421550095
0.4344112881447475
0.4355590062111801
0.43677423710505
0.43809073724007563
0.4389346475830408
0.4398460707534432
0.44092627599243855
0.4420739940588712
0.44301917364299215
0.44403186605455036
0.4452470969484202
0.4463273021874156
0.44761004590872266
0.44852146907912505
0.44973669997299487
0.45085066162570886
0.45176208479611124
0.4529435592762625
0.45415879017013233
0.4556778287874696
0.45652173913043476
0.45753443154199297
0.45841209829867674
0.4595260599513908
0.4604712395355117
0.4616189576019444
0.46249662435862815
0.4635430731839049
0.4646907912503376
0.4658385093167702
0.4668512017283284
0.4680326762084796
0.4690453686200378
0.46975425330812853
0.4710369970294356
0.47221847150958685
0.4735349716446125
0.47427761274642183
0.47549284364029165
0.4763705103969754
0.4772481771536592
0.478294625978936
0.47954361328652445
0.4807926005941129
0.48160275452335943
0.482412908452606
0.483358088036727
0.484640831758034
0.48565352416959223
0.48666621658115045
0.4876113961652714
0.48845530650823654
0.4895692681609506
0.49061571698622736
0.49152714015662974
0.49253983256818795
0.4937888198757764
0.49459897380502293
0.495712935457737
0.49679314069673236
0.49767080745341613
0.49871725627869296
0.49989873075884417
0.5007763975155279
0.5016203078584931
0.5025992438563327
0.5036119362678909
0.504725897920605
0.5057048339184445
0.5064812314339725
0.5075951930866864
0.5087429111531191
0.5098906292195517
0.5111396165271401
0.5122198217661356
0.513131244936538
0.5144477450715635
0.5155617067242776
0.51647312989468
0.5172495274102079
0.5183297326492033
0.5194099378881988
0.5203213610586012
0.5211315149878477
0.5221104509856873
0.5230893869835269
0.5236970024304618
0.5247434512557386
0.5258911693221712
0.5266338104239806
0.5274439643532272
0.5283891439373481
0.529334323521469
0.5305495544153389
0.5314272211720227
0.5323048879287064
0.5332163110991088
0.5342965163381043
0.5353092087496625
0.536119362678909
0.5371658115041857
0.5383135295706184
0.5393599783958952
0.5405414528760465
0.5416554145287604
0.5427693761814745
0.5438833378341885
0.5447947610045909
0.5459424790710234
0.546921415068863
0.547697812584391
0.5487780178233864
0.5498919794761005
0.5508371590602215
0.5515798001620308
0.5526262489873076
0.5536051849851472
0.5548879287064542
0.5557318390494194
0.556710775047259
0.5575546853902241
0.5586348906292196
0.5595463137996219
0.5601539292465568
0.5613354037267081
0.5621793140696733
0.5631920064812315
0.563833378341885
0.5650486092357548
0.5659600324061572
0.5668039427491224
0.5676478530920875
0.5685255198487713
0.5701120712935458
0.571124763705104
0.572069943289225
0.5732514177693762
0.5740953281123413
0.5751417769376181
0.5762894950040508
0.5769308668647043
0.5777747772076695
0.5787537132055091
0.5797326492033487
0.5807790980286255
0.5818593032676208
0.5828044828517418
0.5837834188495814
0.5847961112611396
0.5860113421550095
0.5869227653254119
0.5880367269781258
0.5890831758034026
0.589994598973805
0.590939778557926
0.5920537402106401
0.5927963813124494
0.5937078044828518
0.5945854712395355
0.5955306508236565
0.5965095868214961
0.5974547664056171
0.5986699972994869
0.5996151768836079
0.6006278692951661
0.6015055360518499
0.6021131514987847
0.6031933567377802
0.6041047799081826
0.6048136645962733
0.6060626519038618
0.6067040237645153
0.6075479341074804
0.6084931136916014
0.6093370240345666
0.6102822036186876
0.6111261139616527
0.6119700243046179
0.6129152038887389
0.6141979476100459
0.6152106400216041
0.6162233324331623
0.6171685120172833
0.6182149608425601
0.6191601404266811
0.6202403456656764
0.6215568458007021
0.622603294625979
0.6234809613826627
0.6241898460707535
0.6248987307588442
0.6258439103429652
0.626890359168242
0.6279368079935188
0.6289495004050769
0.6298271671617607
0.6309411288144747
0.6319538212260329
0.6327977315689981
0.6338441803942749
0.6344517958412098
0.6352281933567377
0.6363421550094518
0.63735484742101
0.6383337834188496
0.6389076424520659
0.6401228733459358
0.6405954631379962
0.6413381042398055
0.6423170402376451
0.6432959762354847
0.6442411558196057
0.6451863354037267
0.6461652714015663
0.6470429381582501
0.6476843100189036
0.6485619767755874
0.6495746691871456
0.6506211180124224
0.6514650283553876
0.6524777207669458
0.6532203618687551
0.6541992978665947
0.6553807723467459
0.6561909262759924
0.6573386443424251
0.6585538752362949
0.6594652984066973
0.6602754523359439
0.661288144747502
0.6623008371590602
0.6631447475020253
0.6637186065352417
0.6646975425330813
0.6655752092897651
0.6664528760464489
0.6671955171482582
0.6680394274912234
0.6690521199027816
0.669963543073184
0.6708749662435863
0.6718201458277072
0.6724952741020794
0.6737442614096678
0.6747231974075074
0.6753645692681609
0.6760734539562517
0.6771199027815284
0.6780650823656494
0.678706454226303
0.6797191466378611
0.6807318390494194
0.6814744801512287
0.6825546853902241
0.683162300837159
0.6842087496624358
0.6851876856602754
0.6858628139346475
0.6869767755873616
0.6875843910342965
0.6881244936537942
0.688833378341885
0.6898460707534432
0.6906224682689711
0.6915338914393735
0.6924790710234945
0.6933229813664596
0.6943356737780179
0.695517148258169
0.6963948150148528
0.697238725357818
0.6980488792870645
0.6989265460437483
0.700411828247367
0.7013232514177694
0.7018295976235485
0.7027410207939508
0.703078584931137
0.7037537132055091
0.70469889278963
0.7054415338914394
0.7063867134755604
0.7075681879557116
0.7086146367809883
0.7094585471239535
0.7104037267080745
0.711213880637321
0.7122265730488793
0.7131717526330003
0.7140831758034026
0.7148595733189306
0.7159735349716446
0.7170199837969214
0.7178638941398866
0.7187415608965704
0.7195854712395355
0.7202943559276263
0.7213408047529031
0.722117202268431
0.7230961382662706
0.7241088306778288
0.7249189846070754
0.7256953821226033
0.7263705103969754
0.7274507156359709
0.7282608695652174
0.7291722927356198
0.7302187415608966
0.731130164731299
0.7320415879017014
0.7325479341074804
0.7335606265190386
0.7345733189305969
0.7353834728598434
0.7363286524439644
0.7370712935457737
0.7380502295436133
0.7386916014042668
0.7397380502295436
0.7407507426411019
0.7417296786389413
0.7426411018093437
0.7434850121523089
0.7444639481501485
0.7453753713205509
0.7463205509046719
0.7468606535241696
0.7478395895220091
0.7486834998649744
0.7493923845530651
0.7503038077234675
0.7512827437213071
0.751890359168242
0.7527005130974885
0.7534431541992979
0.7544220901971375
0.7553335133675398
0.7562111801242236
0.757122603294626
0.7582028085336214
0.7589116932217121
0.7600594112881447
0.7609370780448285
0.7616122063192007
0.7622535781798542
0.7633337834188496
0.7639413988657845
0.7646165271401566
0.7658317580340265
0.76647312989468
0.7671482581690521
0.7678908992708615
0.7686335403726708
0.769477450715636
0.7704563867134756
0.7710977585741291
0.7717391304347826
0.7727518228463408
0.773595733189306
0.7743046178773967
0.7750810153929246
0.775992438563327
0.776937618147448
0.7776127464218201
0.7785916824196597
0.7793005671077504
0.7800094517958412
0.7806845800702134
0.7815622468268971
0.7822711315149878
0.7830812854442344
0.7837901701323251
0.7844652984066973
0.7852079395085066
0.7860856062651904
0.7866932217121253
0.7874696192276532
0.7884147988117742
0.7892587091547394
0.790237645152579
0.7911828247367
0.7920267350796651
0.7929381582500675
0.7936807993518769
0.7943896840399676
0.7949972994869026
0.7959087226573048
0.7967526330002701
0.7976302997569539
0.7988792870645423
0.799756953821226
0.8006346205779098
0.8015122873345936
0.8024574669187146
0.8030313259519308
0.8039089927086146
0.8045841209829868
0.8055968133945449
0.8065419929786659
0.8075884418039427
0.8086348906292196
0.809276262489873
0.8099851471779638
0.8107277882797732
0.8115041857953011
0.8124156089657035
0.8130232244126384
0.8136983526870105
0.8144747502025385
0.8150148528220362
0.8156562246826897
0.8165676478530921
0.8174453146097759
0.8183567377801783
0.8188630839859573
0.8198420199837969
0.8207534431541993
0.8213948150148528
0.8220361868755064
0.8228125843910343
0.8234539562516878
0.8243653794220902
0.8253105590062112
0.8263907642452066
0.8268295976235485
0.8273359438293276
0.8279773156899811
0.8286186875506346
0.8292263029975695
0.8301377261679719
0.8309141236834998
0.8316230083715906
0.8319943289224953
0.832703213610586
0.8334796111261139
0.8341884958142047
0.8347285984337024
0.8353362138806373
0.8359775857412909
0.8367539832568188
0.8372603294625979
0.8380029705644072
0.8385093167701864
0.8392519578719957
0.8400958682149609
0.8408385093167702
0.8413786119362678
0.8420537402106401
0.8427963813124494
0.8435052660005401
0.8441803942749122
0.8450918174453146
0.8459019713745611
0.8464758304077775
0.8473197407507427
0.8481636510937078
0.8492776127464218
0.8499864974345126
0.8506278692951661
0.8514380232244126
0.8522819335673778
0.8528220361868755
0.853632190116122
0.8546786389413988
0.8552187415608966
0.8558938698352687
0.856467728868485
0.8571428571428571
0.8576829597623549
0.85852687010532
0.8589994598973805
0.8595395625168782
0.8604509856872806
0.8612273832028086
0.8618349986497434
0.8622738320280854
0.8629489603024575
0.8637928706454227
0.8643667296786389
0.8649068322981367
0.8655819605725088
0.8663246016743181
0.8668984607075344
0.867708614636781
0.8682149608425601
0.8690251147718067
0.8698352687010532
0.8708479611126114
0.8713543073183905
0.8722657304887929
0.8728733459357277
0.8734809613826627
0.8742911153119093
0.8746961922765325
0.8753038077234675
0.8760126924115582
0.8768566027545234
0.8774642182014583
0.8782068593032676
0.8789157439913584
0.8794896030245747
0.8801647312989468
0.8808736159870375
0.8814474750202539
0.8822576289495004
0.8831352957061842
0.8837429111531191
0.8843842830137726
0.8849918984607076
0.8857007831487983
0.8863083985957332
0.8868147448015122
0.8872198217661356
0.8880974885228193
0.8887051039697542
0.889245206589252
0.8898528220361869
0.8904941938968404
0.8910680529300568
0.8915743991358358
0.8921820145827707
0.8926883607885499
0.8934647583040778
0.8941398865784499
0.8948487712665406
0.8954901431271942
0.8961652714015663
0.8965703483661895
0.8975155279503105
0.8981906562246826
0.8991358358088036
0.8996759384283014
0.9003510667026735
0.9009586821496084
0.901600054010262
0.9023089386983527
0.9031866054550365
0.9039292465568458
0.9045368620037807
0.9049081825546854
0.9056170672427761
0.9063597083445855
0.9070348366189576
0.907608695652174
0.9081825546853902
0.9088914393734809
0.9094652984066973
0.910005401026195
0.9107142857142857
0.9112206319200649
0.9119295166081556
0.9126384012962463
0.9132122603294626
0.9136510937078045
0.914123683499865
0.914798811774237
0.9154401836348907
0.9164528760464489
0.916689170942479
0.9171955171482582
0.9176681069403186
0.9182757223872535
0.9189170942479071
0.9193221712125303
0.9195922225222792
0.9202673507966513
0.9207061841749933
0.9211450175533351
0.9218539022414258
0.9225965433432353
0.923305428031326
0.9239467998919795
0.9243518768566028
0.9249257358898191
0.925533351336754
0.9260396975425331
0.9268160950580611
0.9273899540912773
0.9277275182284634
0.9284364029165542
0.9290102619497704
0.9295503645692682
0.9300229543613286
0.930765595463138
0.9313056980826357
0.9316770186335404
0.9324196597353497
0.9329260059411288
0.9332635700783148
0.9338036726978126
0.9344788009721847
0.9349513907642452
0.9355927626248988
0.9363691601404267
0.9370442884147988
0.9376519038617337
0.9381244936537942
0.9388671347556036
0.9395085066162571
0.9402511477180664
0.9406899810964083
0.9415676478530921
0.9424115581960573
0.9430866864704294
0.9436943019173643
0.9442681609505806
0.9447407507426411
0.9452133405347016
0.9457534431541993
0.9461922765325412
0.9468674048069133
0.9476438023224413
0.9480826357007831
0.9485889819065623
0.949466648663246
0.949804212800432
0.9505130974885229
0.9510194436943019
0.9515933027275182
0.9520658925195787
0.9525384823116392
0.9529773156899811
0.9536186875506346
0.9539224952741021
0.9543275722387253
0.955036456926816
0.9555090467188766
0.9560491493383743
0.9565217391304348
0.9567242776127465
0.9572643802322441
0.957703213610586
0.958310829057521
0.9588171752633
0.9594585471239535
0.9599986497434513
0.9605387523629489
0.9608088036726978
0.9613151498784769
0.9616189576019444
0.9621253038077234
0.9626316500135026
0.9633405347015933
0.9637456116662165
0.9641844450445585
0.9647583040777747
0.9649270861463678
0.965433432352147
0.9658047529030516
0.9664798811774237
0.9668512017283284
0.9672900351066702
0.967830137726168
0.9682689711045098
0.9687415608965704
0.9693154199297866
0.96972049689441
0.970226843100189
0.9707669457196867
0.9713070483391845
0.9718133945449635
0.9722184715095868
0.9726910613016473
0.9729948690251148
0.9732649203348637
0.9738050229543613
0.974345125573859
0.9748514717796382
0.9751552795031055
0.9756616257088847
0.9763367539832568
0.9768093437753174
0.9772481771536592
0.9776194977045639
0.9780583310829057
0.9785309208749663
0.9791047799081826
0.9797123953551174
0.9799824466648663
0.9803875236294896
0.9807250877666757
0.9811976775587362
0.9819403186605455
0.9823116392114501
0.9828517418309479
0.9829867674858223
0.983358088036727
0.9836281393464759
0.9841007291385363
0.9845395625168782
0.9849108830677828
0.9851471779638131
0.9853497164461248
0.9857885498244666
0.9861598703753713
0.9865987037537132
0.9871050499594923
0.9874763705103969
0.9877801782338644
0.9879489603024575
0.9881514987847692
0.9884553065082365
0.9887253578179854
0.9890629219551715
0.9893329732649203
0.9899068322981367
0.9902443964353227
0.990649473399946
0.9910545503645692
0.9913921145017554
0.9916959222252227
0.9921347556035647
0.992539832568188
0.9929449095328112
0.9929786659465298
0.9933837429111532
0.9938900891169322
0.9944301917364299
0.9948015122873346
0.9951390764245207
0.9954766405617067
0.9957804482851742
0.9960504995949231
0.9963205509046719
0.9965906022144208
0.9967256278692952
0.9968944099378882
0.9970969484201998
0.9973669997299487
0.9978058331082906
0.998109640831758
0.9982109100729138
0.9983121793140697
0.9984472049689441
0.9986159870375372
0.9987510126924115
0.9989197947610046
0.9991223332433162
0.9993248717256279
0.9993586281393465
0.9994261409667837
0.9995949230353767
0.9996286794490953
0.9998649743451256
0.9999662435862814
0.9999662435862814
1.0
1.0
