0.0007088846880907373
0.0016878206859303267
0.002396705374021064
0.003713205509046719
0.005097218471509587
0.006244936537942209
0.007190116122063192
0.00837159060221442
0.009283013772616797
0.01053200108020524
0.011747231974075074
0.01275992438563327
0.01384012962462868
0.014886578449905482
0.0154941938968404
0.01637186065352417
0.017587091547394004
0.018667296786389415
0.01967998919794761
0.020861463678098838
0.0222117202268431
0.023629489603024575
0.025081015392924656
0.026026194977045638
0.027308938698352686
0.028591682419659734
0.029773156899810964
0.030819605725087768
0.03173102889549014
0.03284499054820416
0.033891439373480964
0.035376721577099646
0.03692951660815555
0.03831352957061842
0.03966378611936268
0.040879017013232516
0.04226302997569538
0.04327572238725358
0.04425465838509317
0.04526735079665136
0.046313799621928164
0.04773156899810964
0.048575479341074805
0.049689440993788817
0.05076964623278423
0.051816095058061035
0.053166351606805294
0.054415338914393735
0.05586686470429381
0.057149608425600865
0.05833108290575209
0.05961382662705914
0.061132865244396435
0.06207804482851742
0.06285444234404537
0.06373210910072914
0.06464353227113151
0.06589251957871996
0.06666891709424791
0.06801917364299216
0.06906562246826897
0.06990953281123413
0.07112476370510397
0.07247502025384824
0.07365649473399946
0.0748717256278693
0.0759519308668647
0.07686335403726709
0.0780110721036997
0.07919254658385093
0.08067782878746962
0.08199432892249528
0.0832095598163651
0.08445854712395355
0.08584256008641641
0.08719281663516068
0.08854307318390495
0.08979206049149338
0.09110856062651904
0.09249257358898191
0.09370780448285174
0.09482176613556575
0.09593572778827977
0.09742100999189846
0.09839994598973804
0.09964893329732649
0.10083040777747772
0.10211315149878476
0.10342965163381042
0.10457736970024305
0.10582635700783148
0.10761544693491763
0.10886443424250608
0.1100459087226573
0.11095733189305969
0.11254388333783419
0.11413043478260869
0.11527815284904132
0.11649338374291116
0.11780988387793681
0.11892384553065083
0.12013907642452065
0.12111801242236025
0.12236699972994869
0.12361598703753714
0.12510126924115583
0.12662030785849313
0.12793680799351878
0.12921955171482583
0.13033351336753984
0.1316500135025655
0.13286524439643532
0.1338779368079935
0.13526194977045639
0.13640966783688901
0.13752362948960303
0.13857007831487983
0.1399203348636241
0.14083175803402648
0.14214825816905213
0.14353227113151498
0.14437618147448014
0.14538887388603836
0.14660410477990818
0.14792060491493383
0.14916959222252227
0.15051984877126653
0.15193761814744802
0.15325411828247368
0.15463813124493653
0.15595463137996218
0.15740615716986228
0.15889143937348096
0.1601404266810694
0.1616594652984067
0.16317850391574398
0.1643262219821766
0.16547394004860924
0.16638536321901162
0.1678706454226303
0.16915338914393735
0.17036862003780717
0.17117877396705375
0.1725965433432352
0.1740143127194167
0.17533081285444235
0.1766135565757494
0.17782878746961922
0.17884147988117743
0.17985417229273562
0.18117067242776128
0.18235214690791252
0.18366864704293817
0.18474885228193358
0.18579530110721038
0.18677423710504995
0.1879557115852012
0.18930596813394546
0.19075749392384553
0.19207399405887118
0.1930529300567108
0.19416689170942478
0.1952808533621388
0.19669862273832028
0.1977788279773157
0.19872400756143668
0.1998379692141507
0.20081690521199028
0.2019646232784229
0.2030110721036997
0.2040237645152579
0.20544153389143938
0.20675803402646503
0.20800702133405347
0.20939103429651634
0.21060626519038617
0.21195652173913043
0.21337429111531192
0.21479206049149338
0.21627734269511206
0.2174925735889819
0.21864029165541454
0.2200243046178774
0.22120577909802863
0.22228598433702404
0.22339994598973806
0.2246489332973265
0.2257628949500405
0.22697812584391033
0.22802457466918716
0.22896975425330812
0.23025249797461517
0.23119767755873616
0.23241290845260598
0.23359438293275722
0.23484337024034566
0.23595733189305967
0.23747637051039697
0.23838779368079935
0.23983931947069942
0.24098703753713205
0.2423035376721577
0.24399135835808802
0.24530785849311368
0.24662435862813933
0.2480083715906022
0.24929111531190926
0.25033756413718605
0.25172157709964893
0.2526667566837699
0.2540845260599514
0.25553605184985145
0.25654874426140967
0.2576289495004051
0.25904671887658653
0.260464488252768
0.26167971914663785
0.26289495004050767
0.2640089116932217
0.2655954631379962
0.2668106940318661
0.26785714285714285
0.2689035916824197
0.27028760464488255
0.271536591952471
0.27288684850121525
0.27400081015392924
0.2752835538752363
0.2764987847691061
0.27781528490413177
0.27852416959222254
0.2795031055900621
0.2807858493113692
0.282169862273832
0.28331758034026466
0.28446529840669726
0.2857142857142857
0.28706454226302996
0.2883135295706184
0.2893599783958952
0.2905076964623278
0.2916554145287605
0.2931069403186605
0.2944234404536862
0.2954023764515258
0.2964488252768026
0.29776532541182826
0.2989805563056981
0.30006076154469347
0.3012084796111261
0.30238995409127734
0.30343640291655416
0.3048541722927356
0.3061031596003241
0.30745341614906835
0.3087361598703754
0.30974885228193355
0.3110315960032406
0.31234809613826625
0.3135295706184175
0.3148798271671618
0.31616257088846883
0.3172765325411828
0.3184242506076154
0.31953821226032947
0.3207196867404807
0.3217661355657575
0.32308263570078316
0.3243653794220902
0.3257493923845531
0.3272009181744531
0.32828112341344856
0.32915879017013233
0.3302052389954091
0.3316567647853092
0.3326694571968674
0.3335808803672698
0.33442479071023495
0.33601134215500944
0.336821496084256
0.33793545773697004
0.339049419389684
0.34026465028355385
0.34117607345395623
0.34205374021064
0.34333648393194705
0.3445179584120983
0.3454293815825007
0.3463408047529031
0.3475560356467729
0.34883877936807994
0.34995274102079393
0.35093167701863354
0.35241695922225225
0.3538684850121523
0.35525249797461517
0.3560964083175803
0.3572103699702944
0.358358088036727
0.3593707804482852
0.36041722927356196
0.3614636780988388
0.36254388333783416
0.3636916014042668
0.3647718066432622
0.3662570888468809
0.3676411018093438
0.368822576289495
0.36997029435592765
0.37111801242236025
0.37202943559276264
0.37327842290035107
0.37479746151768834
0.3759114231704024
0.3770928976505536
0.37840939778557925
0.37959087226573046
0.3806035646772887
0.3817850391574399
0.3827639751552795
0.3839792060491493
0.3849581420469889
0.3863421550094518
0.3873210910072914
0.38857007831487983
0.38961652714015665
0.3908992708614637
0.39147312989467997
0.392587091547394
0.39339724547664057
0.39454496354307317
0.3962665406427221
0.39751552795031053
0.3986294896030246
0.3996084256008642
0.4007899000810154
0.4018025924925736
0.40305157980016204
0.40399675938428303
0.40521199027815286
0.40622468268971107
0.4074061571698623
0.4083513367539833
0.40987037537132054
0.4112206319200648
0.41250337564137185
0.41351606805293006
0.4147312989467999
0.4158115041857953
0.4168917094247907
0.41817445314609775
0.41959222252227923
0.4205036456926816
0.4213813124493654
0.42266405617067243
0.4235417229273562
0.42485822306238186
0.42627599243856334
0.42749122333243317
0.4286726978125844
0.4299554415338914
0.43106940318660547
0.43201458277072646
0.4332635700783149
0.4344112881447475
0.43528895490143127
0.4360653524169592
0.43721307048339186
0.43832703213610585
0.4393734809613827
0.4405211990278153
0.4415676478530921
0.4426140966783689
0.4438968403996759
0.4448082635700783
0.44605725087766673
0.4473399945989738
0.44855522549284366
0.4495679179044018
0.4509519308668647
0.45179584120982985
0.452639751552795
0.45371995679179045
0.45493518768566027
0.45588036726978126
0.45699432892249525
0.4582770726438023
0.4591884958142047
0.46040372670807456
0.4617539832568188
0.4628341884958142
0.4638468809073724
0.4647920604914934
0.46563597083445857
0.46674993248717256
0.467998919794761
0.46914663786119365
0.47029435592762625
0.4710369970294356
0.47191466378611935
0.47285984337024034
0.4736699972994869
0.4746826897110451
0.4755941128814475
0.4767080745341615
0.4779570618417499
0.47923980556305695
0.48052254928436405
0.481467728868485
0.4825141776937618
0.4838981906562247
0.4850121523089387
0.4860248447204969
0.48690251147718067
0.48784769106130166
0.48896165271401565
0.4898055630569808
0.4905819605725088
0.4914933837429111
0.49257358898190656
0.49368755063462055
0.4948015122873346
0.4959154739400486
0.4973669997299487
0.498109640831758
0.4989873075884418
0.500506346205779
0.5014852822036187
0.5025317310288955
0.5035106670267351
0.505232244126384
0.5062111801242236
0.5073251417769377
0.5084728598433702
0.5094517958412098
0.5105320010802052
0.5118147448015122
0.5128274372130704
0.51380637321091
0.514751552795031
0.5155617067242776
0.51647312989468
0.5174520658925196
0.5187348096138267
0.5197475020253848
0.5207264380232244
0.5217391304347826
0.5230556305698083
0.5239670537402107
0.5249459897380502
0.5259249257358898
0.5268025924925736
0.5274777207669458
0.52882797731569
0.5299081825546854
0.5311909262759924
0.5322373751012692
0.5334863624088577
0.5347353497164461
0.5358493113691601
0.5367607345395625
0.5376384012962463
0.538786119362679
0.5394950040507697
0.5406089657034837
0.5416554145287604
0.5426005941128814
0.5436807993518769
0.544963543073184
0.5459087226573048
0.5469551714825817
0.547697812584391
0.5483391844450446
0.5495544153389144
0.5509046718876587
0.5519848771266541
0.5531325951930867
0.5542465568458007
0.5551242236024845
0.5565419929786659
0.5575546853902241
0.5588036726978126
0.5601201728328382
0.5609640831758034
0.5617404806913313
0.5624156089657035
0.5633607885498245
0.5644409937888198
0.5656224682689711
0.5667701863354038
0.5678166351606805
0.5689981096408318
0.5699770456386714
0.5709222252227923
0.5717998919794761
0.5727788279773157
0.5735889819065623
0.574466648663246
0.5753780718336484
0.5764920334863624
0.5775722387253578
0.5783148798271671
0.5790912773426952
0.5800702133405347
0.5811166621658115
0.5821968674048069
0.5830407777477721
0.5843572778827977
0.5854374831217931
0.5863826627059141
0.5874291115311909
0.5884418039427491
0.5896570348366189
0.5906359708344585
0.5913448555225493
0.5922900351066702
0.593336483931947
0.594281663516068
0.5954293815825007
0.5961382662705914
0.5970159330272752
0.5979611126113962
0.5986024844720497
0.5995476640561707
0.6006953821226033
0.6017755873615988
0.6029570618417499
0.6041047799081826
0.6050837159060222
0.6059613826627059
0.6069403186605455
0.6083243316230084
0.6091682419659735
0.609809613826627
0.6106535241695922
0.6116324601674318
0.6124763705103969
0.6132865244396435
0.6141641911963273
0.615041857953011
0.6159532811234134
0.616932217121253
0.6178436402916554
0.6186875506346206
0.6199027815284904
0.6207804482851742
0.6217931406967324
0.6225695382122604
0.6235147177963813
0.6246286794490953
0.6255738590332163
0.6265865514447745
0.6275992438563327
0.6286456926816095
0.6295233594382933
0.6301984877126654
0.6312786929516608
0.6322238725357818
0.6333040777747773
0.6342492573588981
0.6351269241155819
0.6359708344585471
0.6367472319740751
0.6377936807993518
0.6387726167971914
0.639751552795031
0.6406629759654334
0.641641911963273
0.6424858223062382
0.6434310018903592
0.644308668647043
0.6452200918174453
0.6458614636780988
0.6469079125033756
0.6478868485012153
0.6488995409127735
0.6497434512557386
0.650823656494734
0.6517688360788549
0.6526127464218201
0.6536929516608155
0.6546381312449365
0.6556845800702134
0.6571023494463948
0.6579800162030786
0.6587901701323251
0.6595328112341344
0.6602416959222253
0.661456926816095
0.662233324331623
0.6631109910883067
0.664123683499865
0.6652714015662976
0.6661490683229814
0.6668579530110721
0.6676681069403186
0.6684782608695652
0.6695922225222792
0.6703348636240886
0.6710775047258979
0.6720564407237375
0.6729678638941399
0.6740143127194167
0.6747907102349446
0.6756346205779098
0.676478530920875
0.6772886848501215
0.6782001080205239
0.6789765055360518
0.6796853902241425
0.6808331082905752
0.6816770186335404
0.6822508776667567
0.6829935187685661
0.6839049419389684
0.6849176343505265
0.6856940318660546
0.6866392114501755
0.6875843910342965
0.6887321091007291
0.6894409937888198
0.6903186605455036
0.6915001350256549
0.6924790710234945
0.6934917634350527
0.6944369430191737
0.6956859303267621
0.6966311099108831
0.6975087766675668
0.6982851741830948
0.6993991358358088
0.6999054820415879
0.7009181744531461
0.7018633540372671
0.7028085336213881
0.7037874696192277
0.7045638671347556
0.7052727518228463
0.7060153929246556
0.7070618417499325
0.7081420469889279
0.7088509316770186
0.7095260599513907
0.7105387523629489
0.7113151498784769
0.7123953551174723
0.7132730218741561
0.7139481501485282
0.7148595733189306
0.7158047529030516
0.716716176073454
0.7176613556575749
0.7185052660005401
0.7194842019983797
0.720226843100189
0.7210369970294356
0.721948420199838
0.7229273561976776
0.7239738050229544
0.7247164461247637
0.7255266000540103
0.7266068052930057
0.7272481771536592
0.728125843910343
0.7287672157709965
0.7296111261139616
0.7302187415608966
0.7310288954901432
0.7319403186605455
0.7330205238995409
0.7338981906562246
0.7346408317580341
0.7357885498244666
0.7366324601674318
0.7373751012692411
0.7380839859573319
0.7388266270591413
0.7394342425060761
0.7404469349176344
0.7414596273291926
0.742539832568188
0.7434512557385903
0.744328922495274
0.7453416149068323
0.7463205509046719
0.7471982176613556
0.7480083715906022
0.7492236024844721
0.7498649743451256
0.7505401026194977
0.7512827437213071
0.7521266540642723
0.752835538752363
0.7535444234404537
0.7545908722657305
0.7554010261949771
0.7562786929516608
0.7570213340534702
0.7577977315689981
0.7586753983256819
0.7594855522549284
0.7600931677018633
0.7609708344585471
0.7613759114231704
0.762186065352417
0.7628949500405077
0.763468809073724
0.7640764245206589
0.7646840399675938
0.7654604374831218
0.7660342965163381
0.7669119632730219
0.7677896300297057
0.768532271131515
0.7691736429921685
0.7701525789900081
0.7709627329192547
0.771705374021064
0.772650553605185
0.7735282203618687
0.7743383742911153
0.7753510667026735
0.7759249257358898
0.7765325411828248
0.7776802592492573
0.7782541182824737
0.778996759384283
0.7795706184174993
0.7803132595193086
0.7811234134485552
0.782001080205239
0.7828112341344855
0.7835201188225763
0.784566567647853
0.7853092087496625
0.786119362678909
0.7868282473669997
0.7880434782608695
0.7886510937078045
0.7897312989467999
0.7906427221172023
0.7916554145287604
0.792296786389414
0.7930056710775047
0.7938495814204699
0.7947947610045909
0.7956049149338374
0.7967526330002701
0.7975627869295167
0.798474210099919
0.7991493383742911
0.8003308128544423
0.8011072103699703
0.8018160950580611
0.8023899540912773
0.8029975695382122
0.8037739670537402
0.804482851741831
0.8053605184985148
0.8063394544963544
0.8070820955981637
0.8078922495274102
0.8087024034566568
0.8095125573859033
0.8103227113151499
0.8108965703483662
0.8117067242776127
0.8125506346205779
0.813394544963543
0.8140696732379152
0.8145422630299757
0.815284904131785
0.8159262759924386
0.8165676478530921
0.8172427761274642
0.8183229813664596
0.8192006481231434
0.8199770456386714
0.8208547123953551
0.8213948150148528
0.8221036997029436
0.8228800972184716
0.8236564947339995
0.8246354307318391
0.8254455846610856
0.8262894950040508
0.827133405347016
0.8278760464488253
0.8286186875506346
0.8295976235484742
0.8305428031325952
0.8312179314069673
0.831926816095058
0.8331082905752093
0.8340534701593303
0.8348973805022954
0.8355725087766676
0.8363489062921955
0.836990278152849
0.8380029705644072
0.8387456116662165
0.8395895220091818
0.8401633810423981
0.8411085606265191
0.8417499324871726
0.8424588171752633
0.8434377531731029
0.844281663516068
0.8451255738590332
0.8461045098568728
0.8465095868214961
0.8474547664056171
0.8482311639211451
0.8489738050229544
0.8496826897110451
0.8504253308128544
0.8512692411558196
0.8521131514987847
0.8529570618417499
0.8536659465298406
0.8544423440453687
0.8550837159060222
0.8558601134215501
0.8568052930056711
0.8573791520388874
0.8581555495544153
0.8589319470699432
0.8596070753443155
0.8603497164461248
0.8608560626519038
0.8615649473399946
0.862307588441804
0.8628476910613017
0.8634215500945179
0.8641979476100459
0.8648393194706995
0.8653119092627599
0.8661895760194437
0.8670334863624088
0.8676748582230623
0.8685862813934647
0.8692614096678369
0.869767755873616
0.8704766405617067
0.8710504995949231
0.8717931406967324
0.8725020253848231
0.8732784229003511
0.8739197947610046
0.8746624358628139
0.8752025384823117
0.8758776667566838
0.8765865514447745
0.8771941668917094
0.8778017823386444
0.8785444234404537
0.8790845260599514
0.8796921415068863
0.8804010261949771
0.8808736159870375
0.8815825006751282
0.8821563597083446
0.8827302187415609
0.8832028085336214
0.8837766675668377
0.8842492573588981
0.8847556035646773
0.8852619497704564
0.8858695652173914
0.8863759114231704
0.8869160140426681
0.8876586551444775
0.8881987577639752
0.8888738860383473
0.8894815014852822
0.8899878476910613
0.8907304887928706
0.8915068863083986
0.8922157709964893
0.8928908992708615
0.8936335403726708
0.8940386173372941
0.8947812584391034
0.8953888738860384
0.8959964893329733
0.896367809883878
0.8969754253308129
0.8974817715365919
0.8981906562246826
0.8988320280853362
0.8991358358088036
0.8999122333243317
0.9005873615987038
0.9013300027005131
0.9018701053200108
0.9024777207669458
0.9029503105590062
0.9032541182824737
0.9040305157980016
0.9046043748312179
0.9051782338644342
0.905718336483932
0.9062584391034296
0.9072036186875506
0.9078112341344855
0.9084526059951391
0.9088576829597623
0.9092965163381043
0.9099716446124764
0.9106467728868485
0.9113894139886578
0.9120982986767486
0.9127734269511207
0.9134147988117742
0.9141574399135836
0.9146975425330813
0.9152714015662976
0.9159802862543883
0.9166554145287604
0.917128004320821
0.9178368890089117
0.9183769916284094
0.9188833378341885
0.9194571968674048
0.919963543073184
0.9206724277612747
0.9212462867944909
0.9217188765865515
0.9222927356197678
0.9227990818255468
0.9234066972724818
0.9241830947880098
0.9246556845800702
0.9251620307858494
0.9259046718876587
0.9262759924385633
0.9270186335403726
0.9272886848501215
0.9277950310559007
0.9284701593302728
0.9292128004320821
0.9296178773967054
0.9301917364299217
0.9308331082905752
0.9315757493923845
0.9320483391844451
0.93265595463138
0.9333310829057521
0.9339386983526871
0.9344112881447475
0.935052660005401
0.9357277882797732
0.936166621658115
0.9367067242776127
0.9373818525519849
0.9379894679989198
0.9384958142046989
0.9389684039967594
0.939778557926006
0.9403861733729408
0.9410613016473129
0.9416689170942479
0.9424790710234945
0.9431541992978666
0.943626789089927
0.9441668917094248
0.9446057250877666
0.9450783148798272
0.9457534431541993
0.9463948150148528
0.9467998919794761
0.9473062381852552
0.9477788279773157
0.9484201998379692
0.9494328922495274
0.9499392384553065
0.9505806103159601
0.9513232514177694
0.9517958412098299
0.9524034566567647
0.9529773156899811
0.9535174183094788
0.9542938158250067
0.9549689440993789
0.955475290305158
0.955981636510937
0.9565217391304348
0.9572643802322441
0.9577707264380232
0.9583445854712396
0.958648393194707
0.9590197137456117
0.9595598163651093
0.9602349446394814
0.9606737780178234
0.9610788549824467
0.9616189576019444
0.9621928166351607
0.9626654064272212
0.9632055090467189
0.963880637321091
0.9644207399405887
0.9649608425600864
0.965433432352147
0.9659060221442074
0.9662098298676749
0.9665136375911423
0.9669524709694842
0.9676951120712936
0.967998919794761
0.9685390224142587
0.9689103429651634
0.969281663516068
0.96972049689441
0.9704631379962193
0.97117202268431
0.9718471509586821
0.9724210099918985
0.9729273561976776
0.9734674588171752
0.9740413178503916
0.9744801512287334
0.9747164461247637
0.97529030515798
0.9755603564677289
0.9761679719146638
0.9765392924655685
0.9770793950850661
0.9776194977045639
0.9781596003240616
0.9786997029435592
0.9789697542533081
0.9794761004590872
0.9800837159060222
0.980691331352957
0.9809951390764245
0.9814339724547664
0.9818728058331083
0.9824466648663246
0.9828179854172293
0.9831217931406967
0.9833918444504456
0.9837631650013503
0.9842019983796921
0.9844382932757224
0.9851134215500945
0.9854509856872806
0.9858898190656225
0.9862273832028086
0.986531190926276
0.9869362678908993
0.9872738320280854
0.9878476910613017
0.9882190116122063
0.9885565757493924
0.9888941398865785
0.9892317040237645
0.9896030245746692
0.9899405887118553
0.9902781528490413
0.990480691331353
0.9908520118822576
0.9910545503645692
0.9916284093977856
0.9919659735349716
0.9922360248447205
0.9925735889819065
0.992877396705374
0.9932487172562787
0.9936875506346206
0.9940588711855253
0.9942614096678369
0.9945652173913043
0.9948015122873346
0.9951053200108021
0.9953753713205509
0.995712935457737
0.9957804482851742
0.9959492303537673
0.9962867944909533
0.9965906022144208
0.9967931406967324
0.996995679179044
0.9972319740750742
0.997603294625979
0.9977383202808534
0.998109640831758
0.9984809613826627
0.998886038347286
0.999054820415879
0.9991223332433162
0.9993586281393465
0.9995949230353767
0.9997299486902511
0.999831217931407
0.9999662435862814
1.0
1.0
