0.0009789359978395896
0.0018566027545233595
0.0027005130974885228
0.003679449095328112
0.0047596543343235214
0.005569808263570078
0.006177423710504996
0.007392654604374831
0.008641641911963273
0.00975560356467729
0.010734539562516878
0.011848501215230895
0.012557385903321632
0.013806373210910073
0.015021604104779908
0.016135565757493923
0.017182014582770726
0.01829597623548474
0.019241155819605726
0.02035511747231974
0.021469079125033756
0.022751822846340804
0.02413583580880367
0.025182284634080475
0.02622873345935728
0.0273764515257899
0.02845665676478531
0.02960437483121793
0.031055900621118012
0.03216986227383203
0.033385093167701864
0.03480286254388334
0.03605184985147178
0.0371995679179044
0.03848231163921145
0.04003510667026735
0.04118282473669997
0.04246556845800702
0.043714555765595464
0.04516608155549554
0.04661760734539563
0.04783283823926546
0.04887928706454226
0.049925735889819065
0.051208479611126116
0.05252497974615177
0.05350391574399136
0.05471914663786119
0.05600189035916824
0.057622198217661354
0.05883742911153119
0.06012017283283824
0.06133540372670807
0.06231433972454766
0.06386713475560356
0.06541992978665946
0.06666891709424791
0.06768160950580611
0.0687280583310829
0.07014582770726438
0.07122603294625979
0.07257628949500405
0.07379152038887389
0.0749054820415879
0.07622198217661355
0.07736970024304618
0.0785511747231974
0.08010396975425331
0.08128544423440454
0.08253443154199298
0.08385093167701864
0.08506616257088846
0.08614636780988388
0.08712530380772347
0.08817175263300027
0.0893532271131515
0.09046718876586551
0.09174993248717256
0.09306643262219821
0.0945179584120983
0.09586821496084257
0.09704968944099379
0.0981298946799892
0.099176343505266
0.10076289495004051
0.10194436943019174
0.10302457466918714
0.10410477990818255
0.1053875236294896
0.1064002160410478
0.10781798541722927
0.1089657034836619
0.11041722927356197
0.11166621658115042
0.11318525519848771
0.11436672967863894
0.11527815284904132
0.11645962732919254
0.11774237105049959
0.11943019173642992
0.12098298676748583
0.12209694842019984
0.12358223062381853
0.12520253848231164
0.12648528220361868
0.1276330002700513
0.12891574399135836
0.1301309748852282
0.13141371860653525
0.13262894950040507
0.13394544963543073
0.13546448825276802
0.13657844990548204
0.1380299756953821
0.13934647583040777
0.1409667836889009
0.1420469889278963
0.14329597623548473
0.14447745071563597
0.14555765595463138
0.14687415608965704
0.1481906562246827
0.14954091277342696
0.15099243856332703
0.1524439643532271
0.1535241695922225
0.15480691331352958
0.1560221442073994
0.15737240075614367
0.15845260599513908
0.1596003240615717
0.16091682419659736
0.16223332433162302
0.16358358088036726
0.16456251687820686
0.16540642722117202
0.16648663246016743
0.16743181204428842
0.16847826086956522
0.169524709694842
0.1709762354847421
0.17229273561976777
0.17347421009991898
0.17431812044288414
0.175533351336754
0.1770861463678099
0.17847015933027274
0.1796853902241426
0.1808668647042938
0.18198082635700782
0.18319605725087768
0.18427626248987308
0.1854577369700243
0.1865716986227383
0.1880907372400756
0.18937348096138265
0.19085876316500136
0.19207399405887118
0.19349176343505267
0.19450445584661086
0.19595598163651093
0.19723872535781797
0.19858898190656224
0.1999054820415879
0.20105320010802052
0.20203213610586013
0.20317985417229273
0.20436132865244397
0.20567782878746962
0.2066230083715906
0.2077369700243046
0.20908722657304887
0.21006616257088848
0.2111801242236025
0.21253038077234673
0.21367809883877936
0.21472454766405616
0.2158722657304888
0.21671617607345395
0.21816770186335405
0.219112881447475
0.22042938158250067
0.22164461247637052
0.22296111261139617
0.22424385633270322
0.22556035646772887
0.2268093437753173
0.22805833108290574
0.22903726708074534
0.22994869025114772
0.23072508776667566
0.23173778017823388
0.23325681879557117
0.23440453686200377
0.23568728058331082
0.23673372940858764
0.23771266540642721
0.2386240885768296
0.2402106400216041
0.24152714015662977
0.2427761274642182
0.24358628139346475
0.24500405076964624
0.24605049959492303
0.2469281663516068
0.24814339724547663
0.24925735889819065
0.2504050769646233
0.2515865514447745
0.25273426951120714
0.2540170132325142
0.25540102619497707
0.2566837699162841
0.2577977315689981
0.259181744531461
0.2603294625978936
0.26174723197407507
0.2630299756953821
0.26414393734809616
0.2655617067242776
0.26694571968674047
0.2684310018903592
0.26981501485282205
0.2708277072643802
0.27214420739940587
0.27332568187955714
0.2744058871185525
0.27521604104779906
0.27609370780448284
0.27754523359438293
0.2784904131785039
0.27970564407237375
0.28085336213880635
0.282169862273832
0.28345260599513905
0.2844990548204159
0.2856805293005671
0.2866257088846881
0.28800972184715096
0.28919119632730217
0.2902714015662976
0.2913853632190116
0.29246556845800703
0.29415338914393735
0.2951998379692142
0.2961450175533351
0.2973940048609236
0.29881177423710503
0.2997231974075074
0.30100594112881446
0.30201863354037267
0.3033013772616797
0.30451660815554954
0.30556305698082636
0.30664326221982174
0.3080272751822846
0.30927626248987306
0.3103902241425871
0.3114704293815825
0.3127194166891709
0.3136645962732919
0.3146435322711315
0.3160275452335944
0.3174790710234945
0.3182217121253038
0.3195719686740481
0.3207196867404807
0.3219011612206319
0.32321766135565755
0.324297866594653
0.3255468539022414
0.32666081555495546
0.3278422900351067
0.3290237645152579
0.3302389954091277
0.33138671347556037
0.3326019443694302
0.3340534701593303
0.33533621388063733
0.3366189576019444
0.33749662435862815
0.3385430731839049
0.3398595733189306
0.34110856062651906
0.3424925735889819
0.34387658655144476
0.3453618687550635
0.34640831758034024
0.3475897920604915
0.34839994598973806
0.34954766405617066
0.3505941128814475
0.35218066432622197
0.3534296516338104
0.35471239535511745
0.3560626519038617
0.35731163921145015
0.3584593572778828
0.35967458817175263
0.36068728058331084
0.36186875506346206
0.36305022954361327
0.3638941398865784
0.3652781528490413
0.36652714015662974
0.36753983256818795
0.3690926275992439
0.3703416149068323
0.3712530380772347
0.3723332433162301
0.3733121793140697
0.37479746151768834
0.37608020523899544
0.37743046178773965
0.3787469619227653
0.3801647312989468
0.3811436672967864
0.3817850391574399
0.3832703213610586
0.38438428301377264
0.38549824466648663
0.3864434242506076
0.3878611936267891
0.3890089116932217
0.3900891169322171
0.391304347826087
0.3925195787199568
0.3934985147177964
0.39498379692141505
0.3961990278152849
0.39738050229543614
0.3984607075344315
0.40004725897920607
0.40156629759654333
0.4024777207669457
0.4034229003510667
0.4045706184174993
0.40568458007021335
0.4065284904131785
0.4076762084796111
0.4084188495814205
0.4094990548204159
0.41037672157709965
0.4110180934377532
0.4117269781258439
0.4127396705374021
0.41351606805293006
0.41449500405076967
0.41540642722117205
0.4163178503915744
0.41726302997569537
0.4183432352146908
0.4192546583850932
0.4201998379692142
0.42107750472589794
0.4223264920334864
0.4233054280313259
0.4245544153389144
0.4256683769916284
0.42695112071293545
0.4278287874696192
0.4289765055360519
0.4303605184985147
0.43160950580610313
0.43258844180394274
0.4337361598703754
0.43474885228193355
0.43596408317580343
0.436943019173643
0.43812449365379424
0.4392046988927896
0.44048744261409667
0.4415676478530921
0.4426140966783689
0.44352551984877125
0.44453821226032947
0.44541587901701324
0.44639481501485284
0.4474412638401296
0.4487915203888739
0.4497704563867135
0.4510532001080205
0.4519308668647043
0.4530785849311369
0.45426005941128816
0.4552052389954091
0.4564879827167162
0.45733189305968136
0.4583445854712395
0.4592897650553605
0.4602687010532001
0.46155144477450716
0.462766675668377
0.4637793680799352
0.4649608425600864
0.46570348366189573
0.4665811504185795
0.4675600864164191
0.46877531731028893
0.46982176613556575
0.47096948420199836
0.4720496894409938
0.4727248177153659
0.47380502295436133
0.47481771536591955
0.4758979206049149
0.47718066432622197
0.4781596003240616
0.4793073183904942
0.48025249797461517
0.4809276262489873
0.48210910072913854
0.4831893059681339
0.48426951120712936
0.4856197677558736
0.4867674858223062
0.48784769106130166
0.4888941398865784
0.4897718066432622
0.4907844990548204
0.49156089657034835
0.49257358898190656
0.4937550634620578
0.494767755873616
0.4954428841479881
0.4964218201458277
0.49753578179854174
0.49868349986497434
0.49969619227653256
0.5008439103429652
0.5024304617877396
0.5032406157169862
0.5045908722657305
0.5059748852281933
0.5071563597083446
0.5078990008101539
0.5089116932217121
0.5096880907372401
0.5106332703213611
0.5118147448015122
0.5124898730758845
0.5134350526600054
0.514582770726438
0.5157304887928706
0.5168782068593033
0.5177896300297057
0.5185660275452336
0.519815014852822
0.5210640021604105
0.5220091817445315
0.5230556305698083
0.5241695922225222
0.5254185795301107
0.5264987847691062
0.5272414258709155
0.5282541182824737
0.5293005671077504
0.53027950310559
0.5313597083445855
0.5323386443424251
0.5334863624088577
0.5344990548204159
0.5354442344045368
0.5363219011612206
0.5371995679179044
0.538347285984337
0.5397312989467999
0.5409127734269511
0.5419254658385093
0.5433094788009721
0.5440521199027816
0.5453348636240886
0.5464488252768026
0.5471914663786119
0.548474210099919
0.549588171752633
0.550533351336754
0.5511747231974075
0.5515798001620308
0.5524912233324332
0.5533688900891169
0.5544490953281124
0.555428031325952
0.5564744801512287
0.5573183904941938
0.5580610315960033
0.558769916284094
0.5599851471779638
0.5609303267620848
0.562111801242236
0.5629894679989198
0.5639008911693222
0.5650486092357548
0.5660950580610316
0.5671415068863084
0.5680191736429921
0.5689643532271131
0.57001080205239
0.5711585201188226
0.572238725357818
0.5732851741830948
0.5741965973534972
0.5751755333513368
0.5761207129354577
0.5770996489332973
0.5781460977585742
0.5789562516878207
0.5800027005130974
0.5811504185795301
0.5818593032676208
0.5832095598163651
0.5840872265730489
0.5852687010532001
0.5865176883607885
0.5874628679449095
0.5887793680799351
0.5896570348366189
0.5906697272481771
0.5915811504185795
0.592391304347826
0.5935727788279773
0.5947880097218472
0.5959694842019984
0.5968809073724007
0.5980286254388334
0.5989400486092358
0.5996151768836079
0.6008641641911964
0.6020456386713475
0.6030920874966244
0.6040372670807453
0.6053875236294896
0.606467728868485
0.607581690521199
0.6082905752092898
0.609303267620848
0.6107210369970294
0.611868755063462
0.6128814474750203
0.6140291655414529
0.6148393194706995
0.615987037537132
0.6168647042938158
0.6175060761544694
0.6184850121523089
0.6194977045638671
0.6201728328382393
0.6209154739400486
0.6219281663516069
0.6230758844180394
0.6238185255198487
0.6247637051039697
0.6254388333783418
0.6266878206859303
0.6274979746151769
0.6286456926816095
0.6298271671617607
0.6308398595733189
0.6317850391574399
0.6328990008101539
0.6342492573588981
0.6350594112881447
0.6360383472859843
0.6370847961112611
0.6382662705914124
0.6391439373480962
0.6399540912773427
0.6407980016203079
0.6417431812044289
0.6428908992708615
0.6436335403726708
0.6443424250607616
0.6450850661625709
0.6463002970564408
0.6474480151228733
0.6483931947069943
0.6493721307048339
0.6504185795301107
0.6515325411828248
0.6523764515257899
0.6532541182824737
0.653996759384283
0.6547394004860924
0.6559883877936808
0.6567647853092088
0.657608695652174
0.6583175803402647
0.659060221442074
0.6597691061301647
0.6607480421280043
0.6616594652984067
0.6623683499864974
0.6632797731568998
0.6641574399135836
0.6653051579800162
0.6660815554955442
0.667128004320821
0.6678706454226303
0.6687820685930327
0.6699297866594653
0.6709762354847421
0.6719889278963003
0.6727653254118282
0.673474210099919
0.6741830947880098
0.6749932487172563
0.6758371590602215
0.676478530920875
0.6770186335403726
0.677761274642182
0.6786726978125844
0.6794153389143938
0.6800567107750473
0.6806305698082635
0.6815082365649473
0.6823183904941938
0.6831285444234405
0.683769916284094
0.6848163651093708
0.6857277882797732
0.6866392114501755
0.6873480961382663
0.6881582500675129
0.6889684039967594
0.6895760194436943
0.6905887118552525
0.6915676478530921
0.6925803402646503
0.6933567377801783
0.694065622468269
0.6950783148798272
0.6960234944639482
0.6967661355657575
0.6974750202538482
0.6983189305968134
0.6995679179044019
0.7005130974885229
0.7015933027275182
0.7022684310018904
0.7032473669997299
0.7040912773426952
0.7048676748582231
0.7058128544423441
0.7066567647853093
0.7075681879557116
0.7080745341614907
0.7089184445044558
0.7096948420199838
0.710707534431542
0.7116189576019444
0.7120915473940048
0.713104239805563
0.7143869835268701
0.7151971374561167
0.7160748042128005
0.7170199837969214
0.717830137726168
0.718775317310289
0.7196529840669728
0.7204631379962193
0.7217121253038077
0.7229948690251148
0.7236362408857683
0.7244126384012962
0.7251890359168242
0.7259654334323521
0.7269443694301917
0.7277207669457196
0.7288009721847151
0.7296786389413988
0.7305563056980826
0.7312314339724547
0.7321428571428571
0.7330542803132595
0.7339319470699432
0.7350121523089387
0.7358560626519038
0.7366662165811504
0.7373751012692411
0.7382865244396435
0.7389616527140157
0.7394004860923575
0.7402443964353227
0.7408182554685391
0.7420672427761275
0.7426073453956251
0.7433837429111532
0.7438900891169322
0.7446327302187415
0.7457466918714556
0.7465906022144208
0.7475020253848231
0.7484472049689441
0.7494261409667837
0.7502362948960303
0.7511814744801513
0.7521266540642723
0.752835538752363
0.7537469619227654
0.7545233594382933
0.7554010261949771
0.7560423980556306
0.7569875776397516
0.7580340264650284
0.7587429111531191
0.759958142046989
0.7608695652173914
0.7618147448015122
0.7627599243856332
0.7636713475560356
0.7645490143127194
0.7651228733459358
0.7660342965163381
0.7667094247907102
0.7677558736159871
0.768532271131515
0.7694099378881988
0.7702876046448826
0.7712665406427222
0.7720429381582501
0.7730218741560897
0.7738320280853362
0.7749797461517688
0.7757899000810153
0.7767350796651363
0.7777477720766945
0.7785916824196597
0.7794018363489063
0.7801444774507157
0.7810896570348366
0.781832298136646
0.7827437213070484
0.7834863624088577
0.7841277342695112
0.7848703753713205
0.7856805293005671
0.786456926816095
0.787233324331623
0.7881447475020253
0.7889211450175533
0.789798811774237
0.7905414528760465
0.7912503375641372
0.7921955171482582
0.7929381582500675
0.7936132865244396
0.7944571968674048
0.795469889278963
0.7963475560356468
0.7971239535511747
0.7977653254118282
0.7984404536862004
0.7992168512017284
0.7998582230623819
0.8008371590602215
0.8013435052660005
0.8021536591952471
0.8028287874696193
0.8037739670537402
0.8044153389143938
0.80498919794761
0.805765595463138
0.8066770186335404
0.8074871725627869
0.8082298136645962
0.8089724547664057
0.8097826086956522
0.8103564677288685
0.8110653524169592
0.8117742371050499
0.812888198757764
0.8138671347556036
0.8146435322711315
0.8153861733729408
0.8160613016473129
0.8167364299216852
0.8175128274372131
0.8182217121253038
0.8189305968133945
0.8198757763975155
0.8206859303267621
0.8216648663246017
0.8226100459087227
0.8233864434242506
0.8240615716986227
0.824804212800432
0.8253780718336484
0.8261544693491764
0.8270996489332973
0.8277410207939508
0.8285174183094788
0.8290912773426952
0.8297664056170673
0.8304415338914394
0.8310491493383743
0.8320280853362139
0.8328382392654604
0.8337834188495814
0.8346948420199838
0.8355387523629489
0.8360113421550095
0.8367877396705374
0.8376316500135026
0.8383067782878747
0.839049419389684
0.8402308938698353
0.8410410477990818
0.8417499324871726
0.8424925735889819
0.8433702403456657
0.8440453686200378
0.8446192276532541
0.8452605995139076
0.8458682149608425
0.8467121253038077
0.8474547664056171
0.8480961382662706
0.8489062921955172
0.8497164461247637
0.8505266000540103
0.8512017283283824
0.8517418309478801
0.8525182284634081
0.8532608695652174
0.8539022414258709
0.8546111261139616
0.8553875236294896
0.8562989467998919
0.8568390494193897
0.857581690521199
0.8584256008641642
0.8592357547934107
0.8598771266540642
0.860586011342155
0.8612611396165272
0.8620037807183365
0.8625101269241155
0.8633540372670807
0.8638603834728599
0.864704293815825
0.8655482041587902
0.8661895760194437
0.8666959222252227
0.8672022684310019
0.8680799351876857
0.8687213070483392
0.8694977045638671
0.8702065892519578
0.87088171752633
0.8715906022144208
0.8724007561436673
0.8730083715906022
0.8736159870375372
0.8741560896570348
0.8747299486902511
0.8755738590332163
0.8760802052389954
0.8768228463408048
0.8775992438563327
0.8782068593032676
0.8791520388873886
0.8797596543343236
0.8803672697812585
0.8810423980556306
0.8815487442614097
0.8822576289495004
0.8827302187415609
0.8836078854982446
0.8842492573588981
0.8848906292195517
0.8854307318390494
0.886240885768296
0.8868485012152308
0.8875573859033217
0.888300027005131
0.8890764245206589
0.8896840399675938
0.8901228733459358
0.891135565757494
0.8920807453416149
0.8924520658925196
0.8931271941668917
0.8938023224412638
0.8948825276802592
0.8955576559546313
0.8961990278152849
0.8968403996759384
0.8973805022954361
0.8979881177423711
0.8986294896030246
0.8992033486362409
0.900047258979206
0.900486092357548
0.900992438563327
0.9016675668376991
0.9023089386983527
0.9030178233864434
0.9033891439373481
0.9041992978665947
0.9047394004860924
0.9054145287604645
0.9059208749662436
0.9063259519308668
0.9072036186875506
0.9080475290305158
0.9085201188225763
0.9090939778557926
0.9096678368890089
0.9103092087496625
0.9113556575749392
0.91206454226303
0.9126721577099649
0.9135160680529301
0.9141911963273022
0.9146637861193627
0.9153726708074534
0.9158452605995139
0.9166216581150418
0.9172630299756954
0.9178031325951931
0.9185120172832838
0.9189846070753444
0.9195584661085606
0.9201660815554955
0.9210775047258979
0.9217526330002701
0.9227653254118282
0.9230691331352957
0.9237780178233864
0.9243856332703214
0.9249257358898191
0.9254658385093167
0.9259721847150959
0.9265122873345936
0.9269511207129355
0.9273899540912773
0.9281325951930867
0.9288077234674588
0.9293815825006752
0.9298879287064542
0.9305293005671077
0.9309681339454496
0.9314069673237915
0.9318458007021334
0.9323521469079125
0.932824736699973
0.9333648393194707
0.9343100189035917
0.9355590062111802
0.9365716986227384
0.9370780448285174
0.9376856602754523
0.9381920064812315
0.938833378341885
0.9394747502025385
0.9402511477180664
0.9405211990278153
0.9410275452335943
0.9415001350256549
0.9420064812314339
0.9425465838509317
0.9429516608155549
0.9435255198487713
0.9444031866054551
0.9451120712935458
0.9452808533621389
0.9456184174993248
0.9465298406697272
0.9471712125303807
0.947576289495004
0.9481163921145017
0.9485552254928437
0.9491628409397785
0.9499729948690251
0.9504793410748043
0.9513907642452066
0.9518633540372671
0.9526059951390764
0.9534836618957602
0.9544288414798812
0.9549689440993789
0.9554415338914394
0.9561166621658115
0.9568593032676208
0.9573656494734
0.9578044828517418
0.9584458547123954
0.9590197137456117
0.9594923035376721
0.9602349446394814
0.9607750472589792
0.9615514447745072
0.9622265730488793
0.9627329192546584
0.963543073183905
0.9639819065622468
0.9645895220091818
0.9649270861463678
0.9653659195247097
0.9660072913853632
0.9666486632460167
0.9670537402106401
0.9674925735889819
0.967998919794761
0.9683702403456657
0.9690453686200378
0.9694166891709425
0.9698892789630029
0.9704631379962193
0.971003240615717
0.9718133945449635
0.9724210099918985
0.9726910613016473
0.9733661895760194
0.9739400486092358
0.974513907642452
0.974952741020794
0.9755603564677289
0.9760667026735079
0.9765730488792871
0.9769781258439103
0.9774507156359709
0.9778895490143127
0.978294625978936
0.9788347285984337
0.9791047799081826
0.9796448825276802
0.9799149338374291
0.9802862543883338
0.9806238185255198
0.9809613826627059
0.981467728868485
0.9817715365919525
0.9821766135565757
0.9826154469349176
0.9830205238995409
0.983358088036727
0.9836956521739131
0.9841007291385363
0.9843707804482852
0.9846070753443155
0.9849446394815015
0.985248447204969
0.9855184985147178
0.9860248447204969
0.9865987037537132
0.9869362678908993
0.9874088576829597
0.9877126654064272
0.9881514987847692
0.9883540372670807
0.9888603834728599
0.9891979476100459
0.9896030245746692
0.9897718066432623
0.9900756143667296
0.9905144477450716
0.9908520118822576
0.9911558196057251
0.9912908452605995
0.9915271401566298
0.991594652984067
0.9918647042938158
0.9921347556035647
0.9924048069133136
0.9927423710504996
0.9931136916014043
0.9935525249797461
0.9939576019443694
0.9940926275992439
0.994328922495274
0.994767755873616
0.9950715635970835
0.9954091277342695
0.9956791790440184
0.9961180124223602
0.9963880637321091
0.9965906022144208
0.9968606535241696
0.9970969484201998
0.9973669997299487
0.9978733459357277
0.9982784229003511
0.9984809613826627
0.9985822306238186
0.9986834998649744
0.9987510126924115
0.998886038347286
0.9989873075884418
0.9991898460707535
0.9993248717256279
0.9993586281393465
0.9993923845530651
0.9996624358628139
0.9996624358628139
0.999831217931407
0.999831217931407
0.9999662435862814
1.0
