0.0009114231704023764
0.0016540642722117202
0.002565487442614097
0.0035781798541722927
0.004725897920604915
0.006076154469349176
0.0068863083985957335
0.0077977315689981095
0.009080475290305158
0.010396975425330813
0.011612206319200648
0.01306373210910073
0.014481501485282204
0.01596678368890089
0.017283283823926545
0.0185997839589522
0.019544963543073182
0.020996489332973264
0.022481771536591953
0.024000810153929245
0.025756143667296786
0.027207669457196867
0.02862543883337834
0.030313259519308668
0.031798541722927356
0.032878746961922764
0.03399270861463678
0.03652443964353227
0.03817850391574399
0.03952876046448825
0.04091277342695112
0.043478260869565216
0.044862273832028086
0.04617877396705374
0.04736024844720497
0.04871050499594923
0.0500945179584121
0.05144477450715636
0.05313259519308668
0.05407777477720767
0.05519173642992169
0.056271941668917094
0.057554685390224146
0.05870240345665677
0.060660275452335946
0.06207804482851742
0.06376586551444774
0.06521739130434782
0.06636510937078045
0.06751282743721307
0.06916689170942479
0.07082095598163651
0.07264380232244126
0.07466918714555766
0.07679584120982987
0.07787604644882527
0.0790575209289765
0.08023899540912774
0.08206184174993249
0.08354712395355117
0.08526870105320011
0.08621388063732109
0.08780043208209559
0.08925195787199568
0.09056845800702133
0.09185120172832838
0.09313394544963544
0.09421415068863084
0.0955306508236565
0.09691466378611936
0.09850121523089388
0.10032406157169863
0.10184310018903592
0.10322711315149878
0.10444234404536862
0.1058938698352687
0.10700783148798272
0.10872940858763165
0.10991088306778288
0.11163246016743181
0.11318525519848771
0.11426546043748312
0.11527815284904132
0.11679719146637861
0.11787739670537402
0.11936267890899271
0.12030785849311369
0.12142182014582771
0.12277207669457196
0.12402106400216041
0.12506751282743722
0.12624898730758843
0.1275654874426141
0.12969214150688632
0.1311436672967864
0.1327302187415609
0.1342155009451796
0.135295706184175
0.13657844990548204
0.13759114231704023
0.13911018093437752
0.1406292195517148
0.1415406427221172
0.14285714285714285
0.14383607885498245
0.14508506616257089
0.14633405347015932
0.14781933567377803
0.14933837429111532
0.15075614366729678
0.15193761814744802
0.15298406697272482
0.15409802862543884
0.15511072103699702
0.15693356737780179
0.15831758034026466
0.1601066702673508
0.16162570888468808
0.16314474750202537
0.16463002970564408
0.16668917094247906
0.1679719146637861
0.1698622738320281
0.17158385093167702
0.1729341074804213
0.17381177423710506
0.17482446664866325
0.17637726167971915
0.17738995409127734
0.17867269781258438
0.17988792870645423
0.1812381852551985
0.18245341614906832
0.18356737780178234
0.18478260869565216
0.18609910883067782
0.18778692951660816
0.1890359168241966
0.19035241695922225
0.19146637861193627
0.19278287874696193
0.1942681609505806
0.1956859303267621
0.19690116122063192
0.19818390494193897
0.19963543073183904
0.20128949500405077
0.20257223872535782
0.20368620037807184
0.20490143127194166
0.20567782878746962
0.20706184174993247
0.20844585471239535
0.20955981636510937
0.21060626519038617
0.21209154739400485
0.2133067782878747
0.21455576559546313
0.2154671887658655
0.21661490683229814
0.21783013772616797
0.2189778557926006
0.2200243046178774
0.2211045098568728
0.22248852281933568
0.22394004860923575
0.22545908722657304
0.2263029975695382
0.2277207669457197
0.22873345935727787
0.22994869025114772
0.23102889549014313
0.2319403186605455
0.23329057520928975
0.23453956251687821
0.23548474210099918
0.23676748582230625
0.2376789089927086
0.23872535781798543
0.23950175533351337
0.24091952470969485
0.24176343505266001
0.24307993518768567
0.24392384553065083
0.244767755873616
0.24588171752633
0.24753578179854172
0.24868349986497434
0.25016878206859305
0.25124898730758843
0.25226167971914665
0.2536119362678909
0.25492843640291657
0.256177423710505
0.25698757763975155
0.2582703213610586
0.2594517958412098
0.2604307318390494
0.26100459087226574
0.26221982176613556
0.2635363219011612
0.2646502835538752
0.2655617067242776
0.2666081555495544
0.2677221172022684
0.2689711045098569
0.26998379692141505
0.2711652714015663
0.27207669457196865
0.27352822036186875
0.2747772076694572
0.2757561436672968
0.2769038617337294
0.2781866054550365
0.27899675938428303
0.27977315689981097
0.28115716986227385
0.28223737510126923
0.2835876316500135
0.28470159330272754
0.28608560626519036
0.2869295166081556
0.2880772346745882
0.2887861193626789
0.29003510667026733
0.2911828247367
0.292296786389414
0.29368079935187685
0.2945584661085606
0.29573994058871184
0.2966513637591142
0.29769781258439104
0.29871050499594926
0.2996894409937888
0.300702133405347
0.30195112071293545
0.3028287874696192
0.3037402106400216
0.30458412098298676
0.30603564677288686
0.30708209559816363
0.30816230083715906
0.30927626248987306
0.31018768566027544
0.3115041857953011
0.31261814744801514
0.3135295706184175
0.3145760194436943
0.3155211990278153
0.3166351606805293
0.3176478530920875
0.3190993788819876
0.3201120712935458
0.3212597893599784
0.3223399945989738
0.32325141776937616
0.32446664866324604
0.3257831487982717
0.3270321361058601
0.3283823926546044
0.32969889278963005
0.3311166621658115
0.3319268160950581
0.33320955981636513
0.3340197137456117
0.33503240615716984
0.33587631650013505
0.3373615987037537
0.33857682959762353
0.3397583040777748
0.34120982986767484
0.342830137726168
0.34380907372400754
0.34475425330812853
0.34576694571968675
0.34721847150958685
0.34812989467998917
0.34934512557385905
0.3503578179854172
0.3511342155009452
0.352349446394815
0.35356467728868485
0.35461112611396167
0.3560964083175803
0.35710910072913854
0.35856062651903864
0.3600121523089387
0.3609910883067783
0.3621725627869295
0.36332028085336215
0.364535511747232
0.3656832298136646
0.36689846070753446
0.3681812044288415
0.3693289224952741
0.3703416149068323
0.3714893329732649
0.3726032946259789
0.3739535511747232
0.37510126924115583
0.37628274372130704
0.3775992438563327
0.3789832568187956
0.38056980826357006
0.38192006481231433
0.38316905211990276
0.38435052660005403
0.3854307318390494
0.38647718066432624
0.387523629489603
0.38877261679719144
0.38975155279503104
0.39079800162030787
0.39140561706724275
0.3925533351336754
0.393532271131515
0.394646232784229
0.3957939508506616
0.3967728868485012
0.3976843100189036
0.3988657844990548
0.39970969484201996
0.4010599513907642
0.4020051309748852
0.4028490413178504
0.40369295166081554
0.4048744261409668
0.4057858493113692
0.407169862273832
0.4080812854442344
0.40889143937348094
0.4100729138536322
0.4112206319200648
0.41233459357277885
0.4133810423980556
0.41419119632730217
0.4156764785309209
0.4166891709424791
0.4178368890089117
0.41891709424790713
0.42013232514177695
0.4213475560356468
0.4221239535511747
0.42327167161760737
0.42441938968403997
0.4253983256818796
0.42674858223062384
0.4277950310559006
0.42847015933027277
0.42951660815554954
0.4306980826357008
0.43194706994328924
0.4333310829057521
0.4344112881447475
0.4353902241425871
0.4363354037267081
0.43734809613826625
0.43873210910072913
0.43974480151228734
0.441061301647313
0.44258034026465026
0.4438630839859573
0.4447069943289225
0.44595598163651096
0.44703618687550634
0.44808263570078316
0.4488252768025925
0.4503780718336484
0.45132325141776936
0.4529098028625439
0.4540237645152579
0.4550364569268161
0.4561166621658115
0.4570955981636511
0.4578382392654604
0.4588171752633
0.4599986497434513
0.4611801242236025
0.46222657304887926
0.46317175263300026
0.4642182014582771
0.4653659195247097
0.46671617607345395
0.467830137726168
0.46914663786119365
0.4701930866864704
0.4710707534431542
0.4722522279233054
0.47333243316230084
0.4746489332973265
0.4756616257088847
0.4767418309478801
0.47788954901431274
0.4788684850121523
0.4798474210099919
0.48045503645692683
0.4815689981096408
0.48261544693491765
0.4834931136916014
0.48474210099918985
0.48592357547934106
0.486699972994869
0.4877126654064272
0.48875911423170404
0.4896030245746692
0.49061571698622736
0.49156089657034835
0.49247231974075073
0.4937888198757764
0.49453146097758577
0.49510532001080204
0.4960167431812044
0.49713070483391847
0.498109640831758
0.4989873075884418
0.49986497434512556
0.5008776667566838
0.502059141236835
0.503173102889549
0.5040845260599514
0.5051309748852282
0.5059748852281933
0.5069538212260329
0.508067782878747
0.5089792060491494
0.5098568728058331
0.5107682959762355
0.5117134755603565
0.5128611936267891
0.5138738860383473
0.5146840399675938
0.5159667836889009
0.5170132325141777
0.5183972454766406
0.5193761814744802
0.5205576559546313
0.5216041047799082
0.5230218741560897
0.5239332973264921
0.5249459897380502
0.5263975155279503
0.5272751822846341
0.5285916824196597
0.5294693491763435
0.5301444774507157
0.5311571698622738
0.5321361058601134
0.5330137726167972
0.5339589522009182
0.5350729138536322
0.5362206319200649
0.537402106400216
0.5385498244666487
0.5398663246016743
0.5408790170132325
0.5417229273561976
0.5429381582500675
0.5436470429381582
0.5446597353497165
0.5457399405887119
0.5468539022414258
0.5479003510667027
0.5487442614096678
0.5496556845800702
0.5503983256818795
0.5514110180934377
0.5523899540912773
0.5535714285714286
0.5545166081555496
0.5556643262219821
0.5565419929786659
0.5571158520118823
0.5580610315960033
0.5592425060761544
0.5600189035916824
0.5610315960032406
0.5622468268971105
0.5632932757223873
0.5642046988927897
0.5651836348906292
0.5661963273021874
0.567175263300027
0.5679854172292735
0.5688293275722387
0.5698757763975155
0.5708547123953551
0.5717323791520389
0.5727788279773157
0.5735552254928437
0.5745341614906833
0.5755468539022415
0.5766270591412368
0.5777072643802322
0.5787537132055091
0.5797326492033487
0.5808466108560627
0.5817917904401836
0.5827369700243046
0.5836146367809883
0.5844585471239535
0.5852687010532001
0.5862813934647583
0.5873615987037537
0.5880704833918444
0.5891844450445585
0.5901296246286795
0.5911423170402377
0.5920199837969214
0.5931339454496354
0.5940791250337564
0.595058061031596
0.5957669457196867
0.5968471509586821
0.5976910613016473
0.5987712665406427
0.5996151768836079
0.6005603564677289
0.6011342155009451
0.6020456386713475
0.6028220361868755
0.6037672157709965
0.6047123953551174
0.6057250877666757
0.6064002160410478
0.6073453956251688
0.60852687010532
0.6097758574129084
0.610586011342155
0.6114974345125573
0.6121050499594923
0.6129827167161761
0.6138941398865785
0.614535511747232
0.6153456656764785
0.616425870915474
0.6173372940858763
0.6183837429111532
0.619328922495274
0.6201390764245207
0.6210504995949231
0.6219281663516069
0.6229746151768836
0.624054820415879
0.6248987307588442
0.6258776667566838
0.6269916284093978
0.6277342695112071
0.6285444234404537
0.6292195517148258
0.6302997569538212
0.6312449365379422
0.6322576289495004
0.6332028085336214
0.6341142317040238
0.6350594112881447
0.6357007831487983
0.6366797191466379
0.6375911423170403
0.6386038347285984
0.639413988657845
0.6406292195517148
0.6418782068593033
0.6426208479611126
0.6434985147177964
0.6444099378881988
0.6452876046448826
0.6460640021604105
0.6468403996759384
0.6478530920874966
0.6489332973264921
0.649540912773427
0.6507561436672968
0.6514987847691062
0.6520051309748852
0.6529503105590062
0.6539630029705644
0.6547056440723737
0.6553470159330272
0.656224682689711
0.6570348366189576
0.6577099648933298
0.6586889008911693
0.6594990548204159
0.6601404266810694
0.6608493113691601
0.66206454226303
0.6629759654334324
0.6640561706724277
0.6650688630839859
0.665743991358358
0.666689170942479
0.6676681069403186
0.6694571968674048
0.6708749662435863
0.6715163381042398
0.6724615176883608
0.6731028895490143
0.6742843640291656
0.6749257358898191
0.6759384283013773
0.6767485822306238
0.6778287874696193
0.6786389413988658
0.6796853902241425
0.6801242236024845
0.680765595463138
0.6817445314609776
0.6823859033216311
0.6833310829057521
0.6841749932487172
0.6849513907642452
0.6857615446934917
0.6867067242776127
0.6874831217931408
0.6879894679989198
0.6885295706184175
0.6891371860653525
0.6901498784769106
0.6908587631650014
0.6916351606805293
0.6925803402646503
0.6932217121253038
0.6944369430191737
0.6952808533621389
0.696293545773697
0.6971374561166621
0.6980488792870645
0.6987915203888739
0.6997029435592763
0.7006143667296786
0.7017283283823926
0.7025384823116392
0.7034499054820416
0.7040237645152579
0.7051377261679719
0.7063867134755604
0.7072306238185255
0.7080407777477721
0.7089859573318931
0.7096948420199838
0.710707534431542
0.7117539832568188
0.7125641371860654
0.7133405347015933
0.7145220091817446
0.7155009451795841
0.7163448555225493
0.7169862273832028
0.7177288684850122
0.7180664326221983
0.7189778557926005
0.7198217661355658
0.7208007021334053
0.7215433432352147
0.7223197407507427
0.7232649203348637
0.7240413178503916
0.7247839589522009
0.7255266000540103
0.7264380232244126
0.7276194977045639
0.7283283823926546
0.729239805563057
0.7301174723197408
0.7309613826627059
0.7317377801782339
0.732412908452606
0.7334256008641642
0.7343707804482852
0.7351134215500945
0.7360923575479341
0.7367674858223062
0.7377464218201458
0.7386578449905482
0.7397718066432623
0.7405482041587902
0.7413246016743181
0.7420334863624088
0.7431812044288415
0.7437213070483392
0.744767755873616
0.745712935457737
0.7464893329732649
0.7472657304887929
0.747772076694572
0.7485147177963813
0.7493248717256279
0.7501012692411558
0.7508439103429652
0.7516203078584931
0.7527342695112071
0.7535781798541723
0.7544558466108561
0.7551647312989468
0.7557723467458817
0.7564474750202539
0.757460167431812
0.7582028085336214
0.7590804752903052
0.7598906292195517
0.7608695652173914
0.7617472319740751
0.7624561166621658
0.7629962192816635
0.7638401296246287
0.7650891169322172
0.765696732379152
0.7666081555495544
0.7673845530650824
0.76792465568458
0.7690386173372941
0.7700175533351337
0.7705576559546313
0.7713002970564408
0.7720429381582501
0.7729206049149339
0.7733594382932757
0.7739670537402107
0.774540912773427
0.7750135025654874
0.7757899000810153
0.776600054010262
0.7773426951120713
0.7783216311099109
0.7790642722117203
0.779941938968404
0.7806508236564947
0.7813934647583041
0.7822036186875506
0.7830137726167972
0.7842627599243857
0.7847015933027275
0.7854779908182554
0.786288144747502
0.7873683499864974
0.7885835808803673
0.7893599783958952
0.7899338374291115
0.7907777477720767
0.791689170942479
0.7923980556305698
0.7932082095598164
0.7942546583850931
0.7949297866594653
0.7957399405887119
0.7965163381042398
0.7969889278963003
0.7979341074804213
0.7987442614096678
0.7996219281663516
0.8003983256818795
0.8012084796111261
0.8018836078854983
0.8024912233324332
0.80353767215771
0.804482851741831
0.8051242236024845
0.8057993518768566
0.8064407237375101
0.8073183904941938
0.8080610315960033
0.808769916284094
0.8094450445584661
0.810052660005401
0.810997839589522
0.8117404806913313
0.8125168782068592
0.8134283013772616
0.8143734809613826
0.8151836348906292
0.8156562246826897
0.816398865784499
0.8170402376451525
0.8177153659195248
0.8184917634350527
0.819065622468269
0.8201120712935458
0.8207871995679179
0.8214285714285714
0.8223062381852552
0.8234539562516878
0.8243316230083716
0.8251417769376181
0.8258844180394275
0.826694571968674
0.8274372130704833
0.8279773156899811
0.8287199567917904
0.8297326492033487
0.8304077774777208
0.8311166621658115
0.8318930596813394
0.8326694571968674
0.8330745341614907
0.8339522009181745
0.8347961112611396
0.8352687010532001
0.8359775857412909
0.8365852011882258
0.8370577909802862
0.837766675668377
0.8385768295976236
0.8394544963543074
0.8400283553875236
0.8406022144207399
0.8413110991088307
0.8417836889008912
0.8424588171752633
0.842998919794761
0.8439103429651634
0.8446529840669728
0.8453956251687821
0.8464083175803403
0.8469821766135566
0.8477248177153659
0.8485012152308938
0.849176343505266
0.8497839589522009
0.8504928436402917
0.8512692411558196
0.8518768566027545
0.8524169592222522
0.853125843910343
0.8537334593572778
0.8544423440453687
0.8552524979746152
0.8560288954901432
0.8567377801782339
0.857412908452606
0.8577842290035107
0.8584593572778828
0.8589994598973805
0.859809613826627
0.8606535241695922
0.8612611396165272
0.8620712935457737
0.8627801782338644
0.8632527680259249
0.8640629219551715
0.8648055630569809
0.8654131785039157
0.8661895760194437
0.8668984607075344
0.8678098838779368
0.8682149608425601
0.8690251147718067
0.8697002430461788
0.8702065892519578
0.8710504995949231
0.8717593842830138
0.8726370510396976
0.8731433972454766
0.8737510126924115
0.8742236024844721
0.875
0.8756751282743721
0.8764852822036187
0.8771604104779909
0.8777342695112071
0.8782743721307048
0.8791857953011072
0.8796246286794491
0.8800972184715096
0.880671077504726
0.8812786929516608
0.8817175263300027
0.882291385363219
0.8829327572238725
0.8838104239805563
0.8842155009451795
0.8847218471509587
0.8856332703213611
0.886240885768296
0.8868485012152308
0.8874223602484472
0.8883675398325682
0.8890089116932217
0.8901228733459358
0.8908655144477451
0.8915406427221172
0.8925533351336754
0.8930596813394545
0.8939035916824196
0.8944099378881988
0.8948825276802592
0.895422630299757
0.8958952200918174
0.896367809883878
0.8967391304347826
0.8971779638131245
0.8976843100189036
0.8983594382932757
0.8988657844990549
0.8994058871185525
0.8998784769106131
0.9005536051849852
0.9010261949770456
0.9014987847691062
0.9023426951120713
0.903051579800162
0.9037942209019714
0.904334323521469
0.9048744261409668
0.9052457466918714
0.9057858493113692
0.9064609775857413
0.907169862273832
0.9077099648933298
0.9085201188225763
0.9089927086146368
0.909566567647853
0.9100729138536322
0.9105792600594113
0.9112543883337835
0.9119632730218742
0.9125033756413718
0.9129422090197138
0.9135498244666487
0.9141911963273022
0.9145625168782069
0.915237645152579
0.9158115041857953
0.9164191196327303
0.9170604914933838
0.9177693761814745
0.9183094788009721
0.9190521199027816
0.9198960302457467
0.9206724277612747
0.9211450175533351
0.9216176073453957
0.9224615176883608
0.9231028895490143
0.9235754793410748
0.9244193896840399
0.9250607615446935
0.9256683769916284
0.9263435052660005
0.9270186335403726
0.9276937618147448
0.928706454226303
0.9293478260869565
0.9298541722927356
0.9305630569808263
0.9312381852551985
0.9319808263570079
0.9324534161490683
0.9329597623548475
0.9335336213880637
0.9341412368349986
0.9346475830407778
0.9350189035916824
0.9354577369700243
0.9357953011072103
0.9362678908992709
0.936943019173643
0.9374156089657035
0.9381920064812315
0.9388671347556036
0.9398798271671618
0.9405887118552525
0.941398865784499
0.941837699162841
0.9424453146097759
0.9430529300567108
0.9437618147448015
0.9444369430191737
0.945179584120983
0.9458884688090737
0.94646232784229
0.947069943289225
0.9476775587361599
0.9483864434242506
0.9487577639751553
0.949297866594653
0.9498379692141506
0.9503780718336484
0.9510194436943019
0.9514582770726439
0.952133405347016
0.952470969484202
0.9531460977585742
0.9534499054820416
0.9538887388603835
0.9545638671347556
0.9551377261679719
0.9557790980286255
0.956420469889279
0.9570280853362139
0.957534431541993
0.9579732649203349
0.9585133675398325
0.9591547394004861
0.959593572778828
0.9600324061571699
0.9607412908452606
0.9610113421550095
0.9614164191196327
0.9617539832568188
0.9625303807723468
0.9630367269781258
0.9637793680799351
0.9644207399405887
0.9649270861463678
0.965433432352147
0.9659735349716446
0.9663448555225493
0.9669524709694842
0.9674588171752633
0.9682014582770726
0.9685052660005401
0.968944099378882
0.9697542533081286
0.9703618687550635
0.9709019713745611
0.9715433432352147
0.9722184715095868
0.9727923305428031
0.9733661895760194
0.974007561436673
0.9745814204698893
0.9751552795031055
0.9757628949500405
0.9761679719146638
0.9766405617067243
0.9769781258439103
0.977349446394815
0.9775182284634081
0.9779908182554685
0.9785309208749663
0.9789359978395895
0.979239805563057
0.9794423440453687
0.9800499594923036
0.9805563056980826
0.9808938698352687
0.9811639211450176
0.9817040237645153
0.98207534431542
0.982412908452606
0.9828517418309479
0.9832568187955711
0.9836281393464759
0.9839994598973805
0.984303267620848
0.9846745881717527
0.9851809343775317
0.9855184985147178
0.9857210369970294
0.9861261139616527
0.986531190926276
0.9868012422360248
0.9871050499594923
0.9875438833378342
0.9878814474750203
0.9883202808533621
0.9886578449905482
0.9890629219551715
0.9895017553335134
0.9898055630569809
0.990041857953011
0.9904469349176344
0.990649473399946
0.9910207939508506
0.991425870915474
0.9916621658115042
0.9920334863624088
0.9923372940858763
0.9925735889819065
0.9928436402916554
0.9930799351876857
0.9935525249797461
0.993822576289495
0.9941263840129625
0.9944977045638671
0.9950378071833649
0.995274102079395
0.9955441533891439
0.9960167431812045
0.9961517688360788
0.9965568458007021
0.9970631920064812
0.9974682689711045
0.9976370510396976
0.997940858763165
0.9980421280043208
0.9981433972454766
0.9984134485552255
0.9985822306238186
0.9988185255198487
0.9990885768295976
0.9992236024844721
0.9992911153119093
0.9994261409667837
0.9996961922765325
0.9998649743451256
0.9998987307588442
0.9999662435862814
1.0
1.0
