0.001012692411558196
0.0016203078584931137
0.0028692951660815556
0.0036456926816095057
0.0044896030245746696
0.00526600054010262
0.006211180124223602
0.007325141776937618
0.00857412908452606
0.009789359978395895
0.011207129354577369
0.013029975695382123
0.01461652714015663
0.01606805293005671
0.0170469889278963
0.018059681339454497
0.01957871995679179
0.021097758574129086
0.022448015122873345
0.023730758844180393
0.02501350256548744
0.025958682149608427
0.027038887388603834
0.02835538752362949
0.029773156899810964
0.030650823656494734
0.032001080205238994
0.033250067512827435
0.03449905482041588
0.03578179854172293
0.03682824736699973
0.03797596543343235
0.039224952741020794
0.040102619497704564
0.04094652984066973
0.042364299216851205
0.043410748042128
0.04452470969484202
0.04550364569268161
0.04665136375911423
0.04783283823926546
0.049048069133135294
0.05046583850931677
0.051681069403186605
0.053031325951930865
0.05397650553605185
0.05569808263570079
0.05738590332163111
0.05873615987037537
0.05995139076424521
0.06116662165811504
0.06275317310288955
0.06390089116932217
0.06525114771806644
0.06680394274912234
0.06774912233324332
0.06953821226032947
0.0707871995679179
0.07240750742641101
0.0739265460437483
0.07504050769646232
0.07635700783148798
0.07730218741560897
0.07821361058601134
0.07909127734269511
0.08027275182284634
0.08125168782068592
0.08280448285174183
0.08374966243586282
0.08499864974345125
0.08604509856872807
0.08732784229003511
0.08827302187415609
0.0898933297326492
0.09141236834998649
0.09293140696732378
0.09448420199837969
0.09569943289224953
0.09694842019983797
0.09839994598973804
0.0996826897110451
0.10093167701863354
0.10177558736159871
0.10272076694571969
0.10390224142587091
0.10518498514717796
0.10613016473129895
0.10704158790170132
0.10802052389954091
0.10947204968944099
0.11048474210099919
0.11159870375371321
0.11254388333783419
0.1136916014042668
0.11504185795301107
0.1161895760194437
0.11740480691331354
0.11851876856602754
0.11990278152849042
0.12121928166351607
0.12223197407507426
0.1234134485552255
0.12469619227653254
0.12591142317040238
0.12716041047799082
0.12827437213070483
0.12955711585201188
0.13107615446934917
0.13215635970834458
0.1332703213610586
0.1347218471509587
0.13593707804482852
0.13711855252497976
0.138468809073724
0.13985282203618687
0.14147312989468
0.1426546043748312
0.1441061301647313
0.14484877126654064
0.14613151498784768
0.14738050229543614
0.14906832298136646
0.15048609235754792
0.15143127194166892
0.15230893869835269
0.15359168241965973
0.15463813124493653
0.15571833648393194
0.15716986227383203
0.1580475290305158
0.15929651633810424
0.1606467728868485
0.16203078584931138
0.1632122603294626
0.1641911963273022
0.16520388873886038
0.1664191196327302
0.16790440183634892
0.16945719686740482
0.17084120982986767
0.17222522279233055
0.17387928706454225
0.17499324871725627
0.17620847961112612
0.1770861463678099
0.1782676208479611
0.1797866594652984
0.1813056980826357
0.1828922495274102
0.18424250607615447
0.1853564677288685
0.18623413448555226
0.1875168782068593
0.18896840399675938
0.190116122063192
0.1916351606805293
0.19288414798811773
0.19416689170942478
0.19555090467188765
0.1968336483931947
0.19804887928706455
0.19923035376721576
0.20024304617877398
0.20162705914123683
0.20267350796651365
0.20422630299756953
0.20544153389143938
0.20699432892249528
0.20844585471239535
0.2092560086416419
0.2106737780178234
0.21212530380772346
0.21347556035646773
0.21479206049149338
0.2164123683499865
0.21783013772616797
0.21914663786119362
0.22042938158250067
0.2217121253038077
0.2225222792330543
0.2236024844720497
0.22458142046988927
0.22603294625978937
0.22734944639481502
0.22900351066702673
0.23052254928436403
0.23170402376451527
0.23322306238185256
0.2346070753443154
0.23568728058331082
0.23724007561436672
0.23821901161220632
0.23950175533351337
0.2412570888468809
0.24301242236024845
0.24412638401296247
0.24524034566567648
0.2463880637321091
0.24773832028085335
0.24915608965703484
0.2505063462057791
0.2516878206859303
0.25293680799351875
0.2541857953011072
0.25536726978125845
0.2568863083985957
0.2582028085336214
0.25938428301377264
0.2606332703213611
0.26198352687010534
0.2630637321091007
0.26431271941668916
0.2658317580340265
0.26718201458277074
0.26836348906292196
0.2694099378881988
0.27028760464488255
0.27140156629759654
0.27261679719146636
0.273764515257899
0.2748447204968944
0.27592492573588984
0.2770388873886038
0.27855792600594115
0.2795368620037807
0.2807520928976506
0.2824061571698623
0.28348636240885766
0.2846003240615717
0.2857480421280043
0.2867269781258439
0.2878071833648393
0.2893262219821766
0.29017013232514177
0.291351606805293
0.2923980556305698
0.2932757223872536
0.29469349176343507
0.29580745341614906
0.2970226843100189
0.2985754793410748
0.2996894409937888
0.30076964623278424
0.30195112071293545
0.3029975695382123
0.3039765055360519
0.30482041587901704
0.30623818525519847
0.3073859033216311
0.30853362138806373
0.3094788009721847
0.3107953011072104
0.3118079935187686
0.3127531731028895
0.31376586551444774
0.31491358358088034
0.3161288144747502
0.31754658385093165
0.31839049419389687
0.3193694301917364
0.32048339184445046
0.32156359708344584
0.3229476100459087
0.32396030245746693
0.3250067512827437
0.3262219821766136
0.32753848231163923
0.3285511747231974
0.32966513637591144
0.3310491493383743
0.3320955981636511
0.33341209829867674
0.33462732919254656
0.3357750472589792
0.33702403456656765
0.33820550904671887
0.3394882527680259
0.3408722657304888
0.3420199837969214
0.3430664326221982
0.343944099378882
0.3450918174453146
0.34580070213340536
0.34667836889008913
0.34745476640561707
0.34880502295436133
0.3496826897110451
0.35042533081285443
0.35120172832838237
0.3522819335673778
0.3537334593572779
0.3548136645962733
0.3559951390764245
0.35710910072913854
0.3580205238995409
0.3591007291385363
0.3599108830677829
0.36092357547934106
0.36180124223602483
0.3631852551984877
0.364535511747232
0.36544693491763436
0.3667971914663786
0.3681136916014043
0.36943019173642994
0.37040912773426954
0.37132055090467186
0.37250202538482313
0.3735147177963813
0.3745949230353767
0.37581015392924655
0.37702538482311637
0.37824061571698625
0.379287064542263
0.38046853902241423
0.3816837699162841
0.3826289495004051
0.3835066162570889
0.3846543343235215
0.3859033216311099
0.3868822576289495
0.3880299756953821
0.38907642452065894
0.3905617067242776
0.3915406427221172
0.3929584120982987
0.3939711045098569
0.3950513097488523
0.3963002970564407
0.39754928436402914
0.39856197677558736
0.39970969484201996
0.40048609235754795
0.40163381042398055
0.4029165541452876
0.4044018363489063
0.40514447745071563
0.4059883877936808
0.4071361058601134
0.40845260599513905
0.4095328112341345
0.41091682419659736
0.4119295166081556
0.41294220901971374
0.41402241425870917
0.41503510667026733
0.41611531190926276
0.4168241965973535
0.41800567107750475
0.4190858763165001
0.420469889278963
0.421583850931677
0.42269781258439104
0.4236092357547934
0.4247231974075074
0.42576964623278424
0.4271874156089657
0.42796381312449366
0.42884147988117743
0.4294153389143937
0.4306643262219822
0.43191331352957063
0.43316230083715906
0.4339724547664056
0.43522144207399405
0.43613286524439643
0.4375506346205779
0.43856332703213613
0.4396772886848501
0.4405211990278153
0.4415338914393735
0.4427153659195247
0.4438630839859573
0.4448757763975155
0.44615852011882257
0.4472049689440994
0.4484539562516878
0.44946664866324604
0.4503780718336484
0.4512219821766136
0.45257223872535784
0.453584931136916
0.45493518768566027
0.4560491493383743
0.4570618417499325
0.4581420469889279
0.4590197137456117
0.45993113691601406
0.4609438293275722
0.46195652173913043
0.46266540642722115
0.46357682959762353
0.4649270861463678
0.4659060221442074
0.466884958142047
0.46772886848501216
0.4692141506886308
0.4706656764785309
0.4718133945449635
0.47282608695652173
0.4737375101269241
0.47505401026194977
0.47593167701863354
0.4772819335673778
0.4781933567377802
0.4789359978395895
0.4801174723197407
0.4810288954901431
0.4820415879017013
0.48329057520928975
0.48430326762084797
0.48541722927356196
0.48639616527140156
0.4871725627869295
0.48798271671617605
0.4891304347826087
0.4901431271941669
0.49091952470969485
0.49210099918984607
0.4933499864974345
0.49443019173642994
0.49561166621658115
0.49655684580070214
0.49750202538482313
0.49891979476100456
0.4997637051039698
0.5008776667566838
0.5016540642722117
0.5027005130974885
0.5037469619227654
0.5047596543343236
0.5054685390224143
0.5064812314339725
0.5074264110180935
0.5087429111531191
0.5096205779098029
0.5108358088036727
0.5121185525249797
0.5134350526600054
0.5147177963813124
0.5156292195517148
0.5171482581690521
0.5181271941668917
0.5191736429921685
0.5201525789900081
0.5212327842290035
0.5221104509856873
0.5232244126384012
0.5241358358088036
0.5253510667026735
0.5267013232514177
0.5277815284904132
0.5285916824196597
0.5296043748312179
0.5305495544153389
0.5314947339994599
0.5323724007561437
0.5334863624088577
0.5340939778557926
0.535174183094788
0.536456926816095
0.5373008371590602
0.538009721847151
0.5393937348096138
0.5406089657034837
0.541689170942479
0.5425668376991628
0.5437145557655955
0.5446259789359978
0.5455374021064002
0.5465500945179584
0.5476640561706724
0.5485417229273561
0.5493856332703214
0.5499257358898191
0.5511072103699703
0.5521874156089657
0.5531663516068053
0.5541452876046449
0.5554955441533892
0.5565757493923845
0.5579260059411288
0.5589386983526871
0.560052660005401
0.5609303267620848
0.5619767755873616
0.5632257628949501
0.564339724547664
0.565284904131785
0.5666014042668107
0.5675128274372131
0.5684917634350527
0.5694031866054551
0.5703146097758575
0.5716311099108831
0.5723062381852552
0.573521469079125
0.5745341614906833
0.5754455846610856
0.5763232514177694
0.5776059951390764
0.5784499054820416
0.57969889278963
0.5805090467188766
0.5814879827167162
0.582703213610586
0.5837159060221442
0.5846948420199838
0.5855725087766676
0.5863151498784769
0.5874291115311909
0.5882392654604375
0.5892857142857143
0.5902646502835539
0.5911085606265191
0.5919187145557656
0.592391304347826
0.5934715095868215
0.5944842019983797
0.5952605995139076
0.5963070483391845
0.5974210099918985
0.5982649203348637
0.5993113691601404
0.6001552795031055
0.6010667026735079
0.6019443694301917
0.603125843910343
0.6038347285984337
0.6051512287334594
0.6060288954901432
0.6071766135565757
0.6082568187955711
0.6092695112071294
0.6101471779638131
0.6110586011342155
0.6120375371320551
0.6130164731298947
0.6140291655414529
0.6147380502295436
0.6156832298136646
0.61676343505266
0.6179111531190926
0.6192276532541183
0.6202403456656764
0.6212867944909533
0.6220631920064812
0.6232109100729138
0.6241560896570348
0.6253375641371861
0.6261814744801513
0.6269241155819606
0.6279368079935188
0.6290170132325141
0.630063462057791
0.6309411288144747
0.6318863083985957
0.6328652443964353
0.6335066162570888
0.6344855522549284
0.6355657574939239
0.6370510396975425
0.6379287064542263
0.6390764245206589
0.6400216041047799
0.6410005401026195
0.6418106940318661
0.6431271941668917
0.6442749122333243
0.6451188225762895
0.6461315149878477
0.6473129894679989
0.6483256818795571
0.6492708614636781
0.650047258979206
0.6508574129084526
0.6515662975965434
0.6527477720766945
0.6537604644882528
0.6548069133135296
0.6556170672427761
0.6566297596543343
0.6573724007561437
0.6582500675128274
0.659060221442074
0.660005401026195
0.6609168241965974
0.6618282473669997
0.6629759654334324
0.6639549014312719
0.6647650553605186
0.6656764785309208
0.6662840939778558
0.6674993248717256
0.6684445044558466
0.6693221712125303
0.6702673507966513
0.6713475560356468
0.6721239535511747
0.6732041587901701
0.6741493383742911
0.6750607615446935
0.6760059411288145
0.6769173642992169
0.6774912233324332
0.6784701593302728
0.6792465568458007
0.6799554415338914
0.6808668647042938
0.681879557115852
0.6827234674588172
0.683601134215501
0.6846138266270592
0.685660275452336
0.6865041857953011
0.6871793140696733
0.6879557115852012
0.6889008911693222
0.6900148528220362
0.6909937888198758
0.6921415068863084
0.6928841479881177
0.6940993788819876
0.69501080205239
0.6957196867404807
0.6966311099108831
0.6975425330812854
0.6984877126654064
0.6995004050769646
0.7001417769376181
0.7009181744531461
0.7020658925195787
0.7028760464488253
0.7039900081015393
0.7049689440993789
0.7058128544423441
0.7068255468539022
0.7076694571968674
0.708310829057521
0.7094247907102349
0.7103362138806373
0.711213880637321
0.7123615987037537
0.7130367269781258
0.7136443424250608
0.7146232784229003
0.7156022144207399
0.7165136375911423
0.7170874966243587
0.7179314069673238
0.718944099378882
0.7200918174453146
0.7209357277882797
0.7218471509586821
0.7225222792330542
0.7236699972994869
0.7246826897110451
0.7256278692951661
0.7264717796381313
0.7274844720496895
0.7283621388063732
0.7290372670807453
0.7301174723197408
0.7310288954901432
0.7318728058331083
0.7327842290035107
0.7337294085876317
0.734472049689441
0.7352822036186876
0.7362611396165272
0.7374426140966783
0.7383877936807993
0.7394679989197948
0.7403456656764785
0.7413583580880367
0.7420672427761275
0.7430461787739671
0.7437888198757764
0.7443626789089927
0.7449702943559277
0.7453753713205509
0.7459829867674859
0.7467593842830138
0.7475020253848231
0.7485484742101
0.7492236024844721
0.7503038077234675
0.7511814744801513
0.7522954361328652
0.753173102889549
0.7538819875776398
0.754725897920605
0.7555360518498515
0.7563799621928167
0.7572576289495004
0.7580002700513098
0.7587091547394005
0.7594855522549284
0.7601606805293005
0.7611396165271401
0.7618822576289495
0.7628611936267891
0.7637051039697542
0.7646502835538752
0.7656629759654334
0.7663718606535241
0.7670807453416149
0.7680259249257358
0.7685660275452336
0.769477450715636
0.7702200918174453
0.7708952200918174
0.7715703483661895
0.7722454766405618
0.7732581690521199
0.7740683229813664
0.7751147718066432
0.7759586821496084
0.7768363489062922
0.7777140156629759
0.7783553875236295
0.7794355927626249
0.7801444774507157
0.7809546313799622
0.7817647853092088
0.7823724007561437
0.7829125033756413
0.7836213880637322
0.7842965163381043
0.7849716446124764
0.7856130164731299
0.7865244396435322
0.7873683499864974
0.7881447475020253
0.7888198757763976
0.7896300297056441
0.7905752092897651
0.7914866324601675
0.7922292735619768
0.7928368890089117
0.7935120172832838
0.7942546583850931
0.79530110721037
0.7961450175533351
0.7973264920334864
0.7979678638941399
0.7987105049959492
0.7996894409937888
0.8004320820955981
0.8009721847150959
0.8016135565757494
0.802423710504996
0.8031325951930867
0.8039089927086146
0.8046516338104239
0.8056643262219821
0.8065419929786659
0.8072508776667567
0.8078584931136916
0.8086686470429382
0.8093775317310289
0.8100189035916824
0.8104914933837429
0.8113354037267081
0.8119767755873616
0.8126856602754523
0.8132257628949501
0.8141034296516338
0.814778557926006
0.8154536862003781
0.8160950580610316
0.8168039427491224
0.8175128274372131
0.8183229813664596
0.8189981096408318
0.8199432892249527
0.8203821226032946
0.8213948150148528
0.8220024304617878
0.8227788279773157
0.8236227383202809
0.8245004050769646
0.8250405076964623
0.8259181744531461
0.8267283283823926
0.8273359438293276
0.8280448285174183
0.8288549824466649
0.829530110721037
0.8303065082365649
0.8311504185795301
0.8322643802322441
0.8327707264380232
0.8334458547123954
0.8340872265730489
0.8348298676748582
0.8355725087766676
0.8361801242236024
0.8368890089116933
0.8374966243586282
0.8382055090467189
0.8389143937348096
0.839488252768026
0.840433432352147
0.8409735349716446
0.8417836889008912
0.8425600864164191
0.843336483931947
0.844112881447475
0.8448217661355658
0.8455981636510937
0.8463070483391845
0.8470496894409938
0.8477248177153659
0.8487375101269241
0.8496826897110451
0.8502565487442614
0.8511679719146638
0.8519443694301917
0.8525519848771267
0.8532608695652174
0.8537334593572778
0.8547461517688361
0.8556575749392384
0.8565689981096408
0.8571428571428571
0.8579867674858223
0.8590669727248177
0.8597421009991898
0.8601134215500945
0.8607885498244666
0.8612273832028086
0.8614974345125573
0.8622063192006482
0.8627126654064272
0.8633202808533621
0.86409667836889
0.8650081015392924
0.8657507426411019
0.8664596273291926
0.8671009991898461
0.8679786659465298
0.8687888198757764
0.8697002430461788
0.8703753713205509
0.8712530380772346
0.8717593842830138
0.8722319740750742
0.872772076694572
0.8734472049689441
0.8742911153119093
0.875168782068593
0.8758776667566838
0.8765190386173373
0.8772616797191466
0.8779705644072374
0.8785444234404537
0.8794896030245747
0.8802997569538212
0.8807385903321631
0.8813124493653794
0.8818525519848771
0.8825614366729678
0.8833040777747773
0.8842492573588981
0.8850594112881447
0.88590332163111
0.8867472319740751
0.8873210910072914
0.8881650013502566
0.888637591142317
0.889413988657845
0.8900891169322172
0.8909330272751823
0.8913381042398055
0.8921145017553335
0.8928571428571429
0.8937010532001081
0.8943424250607616
0.8949162840939778
0.8957939508506616
0.8965365919524709
0.8972117202268431
0.8978868485012153
0.8984269511207129
0.8991695922225222
0.8997772076694572
0.9003848231163921
0.9007899000810153
0.9016338104239806
0.9023764515257899
0.9032541182824737
0.9037267080745341
0.9045706184174993
0.9051444774507157
0.9059546313799622
0.9066297596543343
0.9073386443424251
0.9081487982716716
0.9086889008911693
0.9091952470969484
0.9096003240615717
0.9101404266810694
0.9106130164731299
0.9110518498514718
0.9116257088846881
0.9123345935727788
0.9128071833648393
0.9135835808803673
0.9142249527410208
0.9147312989467999
0.9155076964623279
0.9160477990818255
0.9167904401836349
0.9173305428031326
0.918073183904942
0.9184782608695652
0.9189170942479071
0.9194234404536862
0.9199972994869026
0.9205711585201188
0.9209762354847421
0.921583850931677
0.9220226843100189
0.9225965433432353
0.9231366459627329
0.923642992168512
0.9240480691331353
0.9244531460977585
0.9252295436132866
0.9258371590602215
0.9264110180934377
0.9270523899540912
0.9277275182284634
0.9281663516068053
0.9288077234674588
0.929482851741831
0.9302254928436403
0.930765595463138
0.9314407237375101
0.931879557115852
0.9324196597353497
0.9330272751822847
0.9335673778017823
0.9340399675938428
0.9343775317310289
0.9348163651093708
0.9354577369700243
0.9360991088306778
0.9364029165541453
0.9369767755873616
0.9374493653794221
0.9382932757223873
0.9389684039967594
0.9395760194436943
0.9402511477180664
0.9409600324061572
0.9417701863354038
0.9425803402646503
0.9430866864704294
0.943626789089927
0.9442006481231434
0.9446057250877666
0.9451458277072644
0.9457534431541993
0.9462260329462598
0.9465298406697272
0.9469349176343506
0.9475425330812854
0.9480151228733459
0.9482514177693762
0.9489940588711855
0.9495004050769646
0.950243046178774
0.9508506616257089
0.9515595463137996
0.9522684310018904
0.952639751552795
0.9533148798271671
0.9540912773426952
0.9546313799621928
0.9549014312719417
0.9552389954091277
0.9558803672697812
0.9563192006481231
0.9570955981636511
0.9576357007831487
0.9582770726438024
0.9588846880907372
0.9593235214690792
0.9597961112611396
0.9603362138806373
0.9609438293275723
0.9613151498784769
0.961821496084256
0.9625303807723468
0.9632055090467189
0.9639143937348096
0.9643194706994329
0.964825816905212
0.9653659195247097
0.9657372400756143
0.9662435862813935
0.9668174453146098
0.9673575479341074
0.967998919794761
0.9683027275182284
0.9687415608965704
0.9694166891709425
0.9698217661355658
0.970226843100189
0.9708007021334053
0.9710707534431542
0.9715770996489334
0.9722184715095868
0.9728260869565217
0.9731636510937078
0.9737037537132055
0.9741088306778288
0.9745476640561707
0.9749189846070754
0.9754253308128544
0.9758641641911964
0.9764717796381313
0.9769781258439103
0.977349446394815
0.9777882797731569
0.9780920874966244
0.9784971644612477
0.9789697542533081
0.9794085876316501
0.9799824466648663
0.9804212800432082
0.9808263570078315
0.9813664596273292
0.9816702673507967
0.9821428571428571
0.9824466648663246
0.9831217931406967
0.9834593572778828
0.9838981906562246
0.9843370240345666
0.9848433702403456
0.9851134215500945
0.9856197677558736
0.9861261139616527
0.9864974345125573
0.9869025114771807
0.9873413448555225
0.9877126654064272
0.9881514987847692
0.9884553065082365
0.9888603834728599
0.9891979476100459
0.989535511747232
0.9896705374021064
0.9900081015392924
0.9902443964353227
0.9905144477450716
0.9909532811234134
0.9913921145017554
0.991594652984067
0.9919659735349716
0.9923372940858763
0.9926073453956251
0.9929786659465298
0.9932487172562787
0.9934174993248718
0.9937213070483392
0.9940251147718067
0.9943626789089927
0.9945989738050229
0.9950715635970835
0.9952403456656764
0.9955441533891439
0.995712935457737
0.9959154739400486
0.9961517688360788
0.9964555765595463
0.996826897110451
0.9970969484201998
0.9974345125573859
0.9976370510396976
0.9978395895220091
0.9982446664866325
0.9985147177963813
0.9986834998649744
0.9989535511747232
0.9990885768295976
0.9991898460707535
0.9992573588981907
0.9993586281393465
0.9995274102079396
0.9995949230353767
0.9998649743451256
0.9998987307588442
0.9999324871725628
0.9999324871725628
0.9999324871725628
1.0
1.0
