0.0007426411018093438
0.0016878206859303267
0.0027005130974885228
0.003949500405076965
0.004928436402916554
0.005569808263570078
0.0068863083985957335
0.008506616257088847
0.009283013772616797
0.010498244666486632
0.012051039697542534
0.013029975695382123
0.014582770726438023
0.01579800162030786
0.016878206859303267
0.018093437753173104
0.019308668647042938
0.020321361058601134
0.02231298946799892
0.024237105049959493
0.025452335943829327
0.026836348906292197
0.028017823386443423
0.02903051579800162
0.029975695382122605
0.031393464758304075
0.03257493923845531
0.03392519578719957
0.03547799081825547
0.036895760194436945
0.03834728598433702
0.0397650553605185
0.04114906832298137
0.04256683769916284
0.0438833378341885
0.04580745341614907
0.04729273561976775
0.048676748582230624
0.049824466648663246
0.05137726167971915
0.05299756953821226
0.054415338914393735
0.05569808263570079
0.057419659735349717
0.05917499324871726
0.06032271131514988
0.06136916014042668
0.06234809613826627
0.06332703213610585
0.06477855792600594
0.06602754523359439
0.06727653254118282
0.0681879557115852
0.06960572508776668
0.07088846880907372
0.07213745611666217
0.07369025114771807
0.07470294355927626
0.0758844180394275
0.07723467458817175
0.07844990548204159
0.07976640561706724
0.08125168782068592
0.08243316230083717
0.08381717526330003
0.08526870105320011
0.08692276532541182
0.08840804752903052
0.09012962462867945
0.09131109910883067
0.092998919794761
0.09529435592762625
0.09671212530380772
0.09769106130164731
0.09937888198757763
0.10086416419119633
0.10285579260059412
0.10423980556305698
0.10586011342155009
0.107412908452606
0.10856062651903861
0.10994463948150149
0.11119362678908992
0.11213880637321091
0.11328652443964353
0.11446799891979476
0.11588576829597623
0.1173035376721577
0.11872130704833918
0.12054415338914394
0.1224007561436673
0.12354847421009992
0.1250337564137186
0.12631650013502566
0.1275992438563327
0.12938833378341885
0.13063732109100729
0.1322238725357818
0.1333040777747772
0.13451930866864703
0.1359033216311099
0.1378949500405077
0.1394477450715636
0.14130434782608695
0.14292465568458007
0.1445449635430732
0.14592897650553605
0.14700918174453145
0.1483256818795571
0.14960842560086415
0.1509249257358898
0.1519038617337294
0.15315284904131785
0.1545031055900621
0.15558331082905752
0.15693356737780179
0.1581487982716716
0.15936402916554146
0.1601404266810694
0.16162570888468808
0.16284093977855793
0.1642249527410208
0.16564272211720227
0.16695922225222792
0.1683432352146908
0.16955846610856062
0.1709762354847421
0.17236024844720496
0.17387928706454225
0.17489197947610047
0.1761072103699703
0.17698487712665406
0.17833513367539833
0.17938158250067512
0.18046178773967053
0.18164326221982177
0.18299351876856604
0.18373615987037537
0.18505266000540102
0.185997839589522
0.1869767755873616
0.18812449365379422
0.18886713475560357
0.1899810964083176
0.19180394274912232
0.19288414798811773
0.19430191736429922
0.19561841749932488
0.1968336483931947
0.19794761004590872
0.1993316230083716
0.200411828247367
0.20172832838239266
0.20280853362138807
0.20388873886038347
0.20490143127194166
0.20631920064812315
0.20729813664596272
0.20837834188495813
0.20993113691601403
0.2111801242236025
0.21256413718606534
0.21404941938968405
0.2154671887658655
0.21674993248717256
0.21783013772616797
0.21894409937888198
0.2200918174453146
0.2210369970294356
0.2220834458547124
0.22285984337024034
0.22387253578179855
0.22545908722657304
0.22664056170672428
0.22768701053200108
0.22890224142587093
0.22981366459627328
0.23059006211180125
0.23167026735079665
0.23261544693491765
0.2339319470699433
0.2350796651363759
0.2364974345125574
0.2376789089927086
0.23896165271401568
0.24010937078044828
0.24132460167431813
0.24253983256818795
0.24368755063462058
0.24500405076964624
0.24615176883607887
0.24723197407507427
0.2484472049689441
0.24962867944909534
0.2504725897920605
0.251890359168242
0.25286929516608153
0.2540845260599514
0.25550229543613284
0.25692006481231433
0.25823656494734
0.2592155009451796
0.26053200108020524
0.2613421550094518
0.2630637321091007
0.26387388603834727
0.2646840399675938
0.26579800162030787
0.26724952741020797
0.2680934377531731
0.2691061301647313
0.27032136105860116
0.27143532271131515
0.27251552795031053
0.2737307588441804
0.2753510667026735
0.27666756683769916
0.277882797731569
0.27916554145287603
0.2802795031055901
0.2815284904131785
0.2828787469619228
0.2845328112341345
0.2856467728868485
0.2867269781258439
0.2878071833648393
0.2888198757763975
0.28996759384283016
0.291351606805293
0.29263435052660003
0.2938495814204699
0.29506481231433973
0.29580745341614906
0.2970564407237375
0.2981028895490143
0.2990818255468539
0.3004320820955982
0.3016135565757494
0.3027950310559006
0.30394274912233327
0.3049216851201728
0.3058331082905752
0.30701458277072646
0.3082973264920335
0.30958007021334055
0.3105927626248987
0.31177423710505
0.31325951930866863
0.3144409937888199
0.31616257088846883
0.3172427761274642
0.31839049419389687
0.3196394815014853
0.32115852011882257
0.3223399945989738
0.3238927896300297
0.32510802052389953
0.32632325141776936
0.3276735079665136
0.3289900081015393
0.3302052389954091
0.3311504185795301
0.33229813664596275
0.33344585471239535
0.3345260599513908
0.3357750472589792
0.3369227653254118
0.33813799621928164
0.3394544963543073
0.3404671887658655
0.34154739400486095
0.342830137726168
0.3444842019983797
0.34576694571968675
0.34677963813124496
0.3477923305428031
0.3489400486092358
0.34981771536591955
0.3507966513637591
0.35201188225762897
0.3531933567377802
0.3542060491493384
0.35521874156089656
0.3560626519038617
0.35707534431541993
0.35859438293275725
0.359640831758034
0.3605184985147178
0.3614974345125574
0.3624426140966784
0.36379287064542265
0.36490683229813664
0.3661558196057251
0.3673710504995949
0.36895760194436944
0.3698352687010532
0.37115176883607887
0.3724007561436673
0.3734472049689441
0.3747637051039698
0.3760464488252768
0.37699162840939776
0.3785781798541723
0.3797934107480421
0.38087361598703756
0.3823588981906562
0.38364164191196326
0.3849581420469889
0.3868485012152309
0.3877936807993519
0.3889413988657845
0.3901903861733729
0.3910680529300567
0.39184445044558464
0.3931609505806103
0.3946799891979476
0.39592897650553605
0.3970429381582501
0.39812314339724547
0.3994058871185525
0.40058736159870373
0.401768836078855
0.40305157980016204
0.40446934917634353
0.4055833108290575
0.4066972724817715
0.40784499054820417
0.409060221442074
0.4102754523359438
0.41132190116122064
0.4126721577099649
0.4133810423980556
0.41446124763705106
0.4152714015662976
0.41658790170132326
0.4178031325951931
0.4188158250067513
0.4199972994869025
0.4211450175533351
0.4219551714825817
0.42367674858223064
0.4246556845800702
0.42597218471509585
0.4271874156089657
0.42796381312449366
0.4291790440183635
0.4301917364299217
0.43096813394544964
0.43211585201188224
0.4332635700783149
0.4343775317310289
0.43552524979746154
0.4363016473129895
0.43761814744801514
0.43883337834188496
0.4401498784769106
0.4410950580610316
0.4417364299216851
0.4426140966783689
0.4436267890899271
0.4446732379152039
0.44609100729138534
0.4473399945989738
0.44828517418309477
0.44916284093977854
0.45058061031596003
0.4516945719686741
0.4526059951390764
0.4541250337564137
0.45517148258169055
0.45584661085606265
0.45699432892249525
0.45797326492033485
0.4591209829867675
0.46013367539832567
0.4611801242236025
0.4620915473940049
0.46310423980556303
0.46367809883877936
0.4645220091817445
0.46553470159330274
0.46617607345395623
0.4673913043478261
0.46816770186335405
0.46934917634350526
0.47029435592762625
0.4711045098568728
0.4720159330272752
0.4737712665406427
0.47485147177963816
0.4762692411558196
0.4772481771536592
0.4784971644612476
0.47961112611396167
0.48048879287064544
0.4815352416959222
0.48261544693491765
0.48356062651903864
0.48470834458547124
0.4859573318930597
0.4872063192006481
0.4881514987847691
0.48923170402376454
0.49044693491763436
0.49159465298406696
0.49253983256818795
0.49348501215230894
0.4947339994598974
0.4960167431812044
0.49729948690251147
0.4983121793140697
0.49912233324331623
0.5000337564137186
0.5010802052389954
0.501890359168242
0.5027680259249258
0.5037469619227654
0.5046246286794491
0.5054010261949771
0.5062786929516608
0.5071901161220632
0.5080002700513098
0.5094855522549284
0.5105657574939239
0.5116122063192007
0.5125236294896031
0.5131987577639752
0.5144815014852822
0.515527950310559
0.5167431812044289
0.5174858223062382
0.5189373480961382
0.5200175533351337
0.5211652714015663
0.5223467458817175
0.5234607075344315
0.52470969484202
0.5259249257358898
0.5269713745611666
0.5279840669727248
0.5287267080745341
0.5298406697272482
0.5306845800702134
0.5315622468268971
0.5327099648933298
0.5337564137186065
0.5344990548204159
0.5355455036456926
0.5364906832298136
0.5377059141236835
0.5384823116392115
0.5394950040507697
0.5406089657034837
0.5415541452876046
0.5424318120442884
0.5431744531460978
0.544524709694842
0.5456386713475561
0.5465500945179584
0.5474952741020794
0.5482379152038888
0.5493856332703214
0.5506683769916284
0.5515798001620308
0.552930056710775
0.5538077234674588
0.5545503645692682
0.5556980826357008
0.5565082365649473
0.55765595463138
0.5588036726978126
0.5596813394544964
0.5608628139346475
0.5621793140696733
0.5629557115852012
0.5640696732379152
0.5650486092357548
0.5661963273021874
0.5673778017823387
0.5683904941938969
0.5698757763975155
0.5706859303267621
0.5716986227383203
0.5727450715635971
0.5736227383202809
0.574466648663246
0.5754793410748043
0.5764582770726439
0.5776059951390764
0.5783148798271671
0.5790575209289766
0.5799014312719417
0.5810153929246556
0.581926816095058
0.5830407777477721
0.5839859573318931
0.5849311369160141
0.585876316500135
0.5865176883607885
0.5874628679449095
0.5882730218741561
0.5893194706994329
0.5900958682149609
0.590939778557926
0.5916824196597353
0.5925600864164191
0.5936402916554145
0.5945854712395355
0.5955306508236565
0.5963070483391845
0.5971847150958682
0.5977923305428031
0.5986699972994869
0.5995814204698893
0.600459087226573
0.6016405617067243
0.6024507156359709
0.6032608695652174
0.604071023494464
0.6051512287334594
0.6059951390764245
0.6065352416959222
0.6073116392114501
0.6082905752092898
0.6091682419659735
0.6098771266540642
0.6107210369970294
0.6117337294085876
0.6125438833378342
0.6134215500945179
0.6143329732649203
0.6155482041587902
0.6160883067782879
0.6168647042938158
0.6179449095328112
0.618822576289495
0.6195314609775857
0.620274102079395
0.621219281663516
0.621826897110451
0.6230083715906022
0.6238522819335673
0.624493653794221
0.6254725897920604
0.6263165001350256
0.6270253848231164
0.6281055900621118
0.6292533081285444
0.6299959492303537
0.6308398595733189
0.631683769916284
0.6328314879827167
0.6336078854982446
0.6344180394274912
0.6351269241155819
0.6359708344585471
0.6366459627329193
0.6374898730758845
0.6382662705914124
0.6391101809343775
0.6401228733459358
0.6408992708614637
0.6418106940318661
0.64292465568458
0.6435660275452336
0.6443424250607616
0.6450513097488523
0.6458277072643802
0.6465365919524709
0.6471779638131245
0.6480893869835269
0.6492033486362409
0.6498109640831758
0.6505198487712666
0.6513300027005131
0.6520388873886038
0.653051579800162
0.6545031055900621
0.6550769646232785
0.6559883877936808
0.6571361058601134
0.658283823926546
0.6590939778557926
0.6601066702673508
0.6612543883337835
0.66206454226303
0.6628071833648393
0.6636848501215231
0.6646300297056441
0.6654401836348907
0.6662840939778558
0.6672630299756954
0.6683094788009721
0.6689508506616257
0.6696597353497165
0.6707061841749933
0.6715163381042398
0.6721914663786119
0.6731366459627329
0.6740480691331353
0.6749257358898191
0.6757696462327842
0.6768836078854983
0.6777275182284634
0.6785714285714286
0.6794153389143938
0.6803267620847961
0.6816095058061031
0.6822508776667567
0.6832973264920335
0.6843775317310289
0.6851876856602754
0.6863354037267081
0.6872130704833919
0.6880907372400756
0.6891034296516338
0.6900148528220362
0.6910613016473129
0.6918039427491224
0.6927828787469619
0.6939643532271131
0.6950445584661086
0.6958209559816365
0.6967661355657575
0.6975087766675668
0.6981839049419389
0.6987240075614367
0.699297866594653
0.7001755333513368
0.7013232514177694
0.7020658925195787
0.7029435592762625
0.7037537132055091
0.7047664056170673
0.7058128544423441
0.7066905211990279
0.7073318930596814
0.7082433162300837
0.7090197137456117
0.7097285984337024
0.7102687010532001
0.7111463678098838
0.7117877396705374
0.7128341884958143
0.7133405347015933
0.7141844450445585
0.7151296246286795
0.7158047529030516
0.7167836889008912
0.7176613556575749
0.7184039967593843
0.7194166891709425
0.7201930866864704
0.7208682149608425
0.7216108560626519
0.7226573048879287
0.7232986767485823
0.7242438563327032
0.7251552795031055
0.7260667026735079
0.7268768566027545
0.7277207669457196
0.7283958952200918
0.7291722927356198
0.7301174723197408
0.7307588441803943
0.7315014852822036
0.7321428571428571
0.7329192546583851
0.7335943829327572
0.7344382932757224
0.7352146907912503
0.7360248447204969
0.7370375371320551
0.7378476910613017
0.7388941398865785
0.739535511747232
0.7399068322981367
0.7406832298136646
0.7417296786389413
0.7428436402916554
0.743316230083716
0.7442614096678369
0.744936537942209
0.745712935457737
0.7464555765595463
0.7471307048339184
0.7480083715906022
0.7489197947610046
0.7499662435862814
0.7512489873075885
0.7522616797191466
0.7529705644072374
0.7539495004050769
0.7550972184715096
0.7559411288144747
0.7565487442614097
0.7573588981906563
0.7581015392924656
0.759012962462868
0.7595530650823656
0.760295706184175
0.7611396165271401
0.7618822576289495
0.7627936807993518
0.7637051039697542
0.7646165271401566
0.7654941938968404
0.7658992708614637
0.7665743991358358
0.7671482581690521
0.7679584120982986
0.7687685660275453
0.7694436943019174
0.7701525789900081
0.7709964893329733
0.7718066432622198
0.7725492843640291
0.7732581690521199
0.7741358358088036
0.7749797461517688
0.7760261949770456
0.7768363489062922
0.7774777207669458
0.7782878746961923
0.778996759384283
0.779773156899811
0.7807858493113692
0.7815284904131785
0.7820348366189576
0.7828449905482041
0.7839251957871995
0.7846340804752903
0.7854104779908182
0.7860856062651904
0.7866932217121253
0.7876384012962463
0.7882797731568998
0.7892249527410208
0.7901363759114232
0.7909127734269511
0.7914191196327303
0.7920942479071024
0.7925668376991628
0.7935120172832838
0.7941196327302188
0.7950648123143397
0.7959424790710234
0.7967526330002701
0.7978328382392654
0.7985079665136376
0.799250607615447
0.7998919794761005
0.8006346205779098
0.8016135565757494
0.802423710504996
0.8029975695382122
0.8033013772616797
0.8037739670537402
0.8045166081555496
0.8052254928436403
0.805765595463138
0.8065419929786659
0.8072846340804752
0.8076221982176613
0.8084998649743451
0.809276262489873
0.810221442073994
0.8111328652443964
0.812111801242236
0.813056980826357
0.8139008911693222
0.8146772886848501
0.8154536862003781
0.8161963273021874
0.8169389684039967
0.8175128274372131
0.818289224952741
0.8188630839859573
0.8197745071563597
0.8204496354307318
0.8210234944639482
0.8217661355657575
0.822576289495004
0.8231501485282203
0.8236227383202809
0.8242303537672158
0.8249729948690251
0.8254793410748043
0.826357007831488
0.8270996489332973
0.8275047258979206
0.8281123413448556
0.8287199567917904
0.8291587901701323
0.8297664056170673
0.8302052389954091
0.8307790980286255
0.8314879827167162
0.8320618417499325
0.8328044828517418
0.8335808803672697
0.8344923035376721
0.8352349446394814
0.835876316500135
0.8369565217391305
0.8375303807723468
0.8382055090467189
0.8388131244936538
0.8397245476640561
0.8402308938698353
0.8408047529030516
0.8415811504185795
0.8425938428301377
0.8434377531731029
0.8440453686200378
0.8446192276532541
0.8451593302727518
0.8457331893059681
0.8463408047529031
0.8469146637861193
0.8476573048879287
0.848399945989738
0.8492776127464218
0.8497839589522009
0.8505603564677289
0.851404266810694
0.8518431001890359
0.8523156899810964
0.8528220361868755
0.8533621388063732
0.8541047799081826
0.8545098568728058
0.8551512287334594
0.8557588441803943
0.856636510937078
0.8574804212800432
0.8582568187955711
0.858864434242506
0.8597083445854712
0.860586011342155
0.8615649473399946
0.8622063192006482
0.8628814474750203
0.8634890629219552
0.8642992168512017
0.8650081015392924
0.8660207939508506
0.8669659735349716
0.8680124223602484
0.8687213070483392
0.8693626789089927
0.8701728328382393
0.8706791790440184
0.8715230893869835
0.8722994869025115
0.8731433972454766
0.8741560896570348
0.8750675128274372
0.8757426411018093
0.8764515257899
0.8771604104779909
0.8777342695112071
0.8783756413718606
0.8794220901971375
0.8802660005401026
0.8807723467458817
0.8812786929516608
0.8819200648123143
0.8825951930866864
0.88323656494734
0.8840804752903052
0.8845868214960843
0.885295706184175
0.8856670267350797
0.886409667836889
0.8872535781798542
0.8879287064542263
0.8884012962462868
0.8890426681069403
0.889751552795031
0.8903254118282473
0.8908655144477451
0.8913718606535241
0.8920807453416149
0.8927558736159871
0.8934310018903592
0.8941061301647313
0.8948487712665406
0.8955238995409128
0.8960640021604105
0.896874156089657
0.8974142587091547
0.8983594382932757
0.899102079395085
0.8998447204968945
0.9006211180124224
0.9011274642182014
0.9015662975965434
0.9023764515257899
0.9029503105590062
0.9036591952470969
0.9043680799351876
0.904941938968404
0.9055833108290575
0.9061909262759924
0.9067310288954902
0.9074736699972995
0.9081487982716716
0.9086889008911693
0.9094315419929787
0.9099041317850391
0.9104779908182554
0.9112206319200649
0.9119295166081556
0.9127396705374021
0.9137186065352417
0.9143262219821766
0.914798811774237
0.9155414528760465
0.9161153119092628
0.9165879017013232
0.9173980556305698
0.9178031325951931
0.9185120172832838
0.9191533891439373
0.9197947610045909
0.920469889278963
0.9209762354847421
0.9216851201728329
0.9222252227923305
0.9226640561706724
0.9232379152038888
0.923811774237105
0.9245206589251957
0.9251620307858494
0.925702133405347
0.9263772616797191
0.9273899540912773
0.9285039157439914
0.9291115311909263
0.9299554415338914
0.9308331082905752
0.9315419929786659
0.9321158520118823
0.9328922495274102
0.9333985957331893
0.9336348906292196
0.9342425060761544
0.9344788009721847
0.9348838779368079
0.935221442073994
0.9357953011072103
0.9364029165541453
0.9369092627599244
0.9372468268971105
0.9379557115852012
0.9382595193086687
0.9387658655144477
0.9393734809613826
0.9399810964083176
0.9407912503375642
0.941398865784499
0.941837699162841
0.9423102889549014
0.9428841479881177
0.9433567377801783
0.9438630839859573
0.9442681609505806
0.9446394815014852
0.9449770456386714
0.9453821226032946
0.946124763705104
0.9467661355657575
0.9475087766675668
0.9481839049419389
0.9487577639751553
0.9493653794220902
0.9499729948690251
0.9505468539022415
0.9509856872805833
0.9515933027275182
0.9520321361058601
0.9526059951390764
0.9533486362408857
0.9537537132055091
0.9542600594112881
0.9546651363759114
0.9551039697542533
0.9557790980286255
0.956420469889279
0.956926816095058
0.9573994058871186
0.9579395085066162
0.9582770726438024
0.9588509316770186
0.9593572778827977
0.9598973805022954
0.9603024574669187
0.9607750472589792
0.9614164191196327
0.9617877396705374
0.9622940858763165
0.9626991628409398
0.9632392654604375
0.9637456116662165
0.9641844450445585
0.9645557655954632
0.9650283553875236
0.9656697272481771
0.9661760734539563
0.9666824196597353
0.9669524709694842
0.9671887658655145
0.9676613556575749
0.9681339454496354
0.9686402916554145
0.9693829327572239
0.9698217661355658
0.9701930866864704
0.9709019713745611
0.9715095868214961
0.9720496894409938
0.9723872535781799
0.9728260869565217
0.973399945989738
0.9741088306778288
0.9747502025384823
0.97529030515798
0.9759654334323521
0.9763367539832568
0.9768431001890359
0.9774507156359709
0.9780245746691871
0.9784296516338105
0.9789359978395895
0.9793748312179315
0.9799824466648663
0.9802524979746152
0.9808938698352687
0.9814002160410478
0.9817377801782339
0.9822441263840129
0.9827167161760735
0.9832905752092898
0.983864434242506
0.984303267620848
0.9845058061031596
0.9848771266540642
0.9851134215500945
0.9852822036186876
0.9857210369970294
0.9862273832028086
0.986699972994869
0.9869700243046179
0.9873413448555225
0.98764515257899
0.9880164731298947
0.9882190116122063
0.9888941398865785
0.9893667296786389
0.9899405887118553
0.9901093707804483
0.9905144477450716
0.9910207939508506
0.9913583580880367
0.9917971914663786
0.9921685120172833
0.9924723197407508
0.992708614636781
0.9929449095328112
0.9932824736699973
0.9934850121523089
0.9939238455306508
0.9944301917364299
0.994767755873616
0.995274102079395
0.9955441533891439
0.9958142046988928
0.9960504995949231
0.9964218201458277
0.9965568458007021
0.9967593842830138
0.9970631920064812
0.9974007561436673
0.9977045638671348
0.997940858763165
0.9980421280043208
0.9983796921415069
0.9986159870375372
0.9989197947610046
0.9991560896570348
0.9994261409667837
0.9997637051039697
0.999831217931407
0.9998649743451256
0.9999324871725628
1.0
1.0
1.0
1.0
