0.000945179584120983
0.0020591412368349987
0.0030043208209559816
0.0035106670267350797
0.00428706454226303
0.004827167161760734
0.005637321091007292
0.006211180124223602
0.007325141776937618
0.008337834188495815
0.00914798811774237
0.009991898460707534
0.010970834458547124
0.012354847421009991
0.013806373210910073
0.015055360518498515
0.016203078584931137
0.017553335133675397
0.018937348096138267
0.020253848231163923
0.021367809883877938
0.022650553605184986
0.02416959222252228
0.0253173102889549
0.026633810423980556
0.028085336213880638
0.028996759384283012
0.03051579800162031
0.031393464758304075
0.03294625978935998
0.03422900351066702
0.03557926005941129
0.03679449095328113
0.03844855522549284
0.03966378611936268
0.04114906832298137
0.042701863354037264
0.04344450445584661
0.04472724817715366
0.04661760734539563
0.048102889549014316
0.049183094788009724
0.05056710775047259
0.05198487712665406
0.05309883877936808
0.05411153119092628
0.05502295436132865
0.05593437753173103
0.0573521469079125
0.0599176343505266
0.06130164731298947
0.06275317310288955
0.06373210910072914
0.0650823656494734
0.06626384012962463
0.06731028895490143
0.06832298136645963
0.06984201998379692
0.07085471239535512
0.07206994328922495
0.07325141776937619
0.07463543073183905
0.07601944369430191
0.07740345665676479
0.07892249527410208
0.0800702133405347
0.08125168782068592
0.08243316230083717
0.08361463678098839
0.08496489332973264
0.0862476370510397
0.0873615987037537
0.08871185525249797
0.09009586821496084
0.0919187145557656
0.09316770186335403
0.09472049689440994
0.09586821496084257
0.09718471509586822
0.09802862543883338
0.0992100999189846
0.10042533081285444
0.10164056170672428
0.1028220361868755
0.10427356197677559
0.10592762624898731
0.10764920334863624
0.10913448555225493
0.11024844720496894
0.11183499864974344
0.11345530650823657
0.11494058871185525
0.11696597353497165
0.11868755063462058
0.12017283283823926
0.12189440993788819
0.12304212800432082
0.12425735889819066
0.1255738590332163
0.12685660275452337
0.12830812854442344
0.12986092357547935
0.13094112881447476
0.13215635970834458
0.13300027005130974
0.1342155009451796
0.13573453956251688
0.1368147448015123
0.1379287064542263
0.13904266810694033
0.14059546313799623
0.14160815554955442
0.1426546043748312
0.14386983526870106
0.1452200918174453
0.14673913043478262
0.1476843100189036
0.1487982716716176
0.1502160410477991
0.1513975155279503
0.15298406697272482
0.1543680799351877
0.15571833648393194
0.15686605455036456
0.1580475290305158
0.1601066702673508
0.16223332433162302
0.1636848501215231
0.16483256818795572
0.16591277342695113
0.16712800432082095
0.16800567107750472
0.16905211990278152
0.1703348636240886
0.17168512017283283
0.17263029975695382
0.17323791520388873
0.17479071023494464
0.17620847961112612
0.17745746691871456
0.17850391574399135
0.1797866594652984
0.1812044288414799
0.18255468539022415
0.18349986497434512
0.18461382662705914
0.185997839589522
0.18734809613826628
0.18839454496354308
0.1896097758574129
0.19079125033756414
0.19173642992168513
0.19295166081555495
0.19430191736429922
0.1957871995679179
0.19703618687550634
0.1982851741830948
0.199466648663246
0.20078314879827167
0.2020658925195787
0.2034836618957602
0.20496894409937888
0.20615041857953012
0.20753443154199297
0.2087159060221442
0.20989738050229545
0.21094382932757225
0.2122603294625979
0.2132730218741561
0.21448825276802594
0.2154671887658655
0.21654739400486092
0.21759384283013772
0.21877531731028896
0.22019308668647042
0.22120577909802863
0.2225222792330543
0.22350121523089386
0.22458142046988927
0.22589792060491493
0.2268093437753173
0.22792330542803133
0.22907102349446395
0.2303200108020524
0.23167026735079665
0.23285174183094787
0.23413448555225494
0.23511342155009451
0.23636240885768295
0.23751012692411558
0.23845530650823657
0.2391979476100459
0.24037942209019714
0.2416959222252228
0.2427761274642182
0.2438563327032136
0.2449027815284904
0.24601674318120442
0.24753578179854172
0.2484809613826627
0.24966243586281395
0.25128274372130704
0.2521266540642722
0.25290305157980014
0.2545233594382933
0.2557385903321631
0.25695382122603294
0.25793275722387254
0.259181744531461
0.2602281933567378
0.261409667836889
0.2625911423170402
0.26377261679719144
0.2650891169322171
0.26620307858493114
0.26724952741020797
0.2681609505806103
0.2691736429921685
0.27032136105860116
0.2715703483661896
0.27251552795031053
0.2736294896030246
0.27457466918714557
0.2757899000810154
0.2767350796651364
0.277882797731569
0.27899675938428303
0.28038077234674585
0.28139346475830407
0.2825074264110181
0.28379017013232516
0.28473534971644615
0.2856805293005671
0.28706454226302996
0.2885835808803673
0.28949500405076967
0.29054145287604644
0.2913853632190116
0.29253308128544425
0.2938495814204699
0.29506481231433973
0.2959762354847421
0.2973940048609236
0.29884553065082364
0.3000270051309749
0.30144477450715634
0.3025587361598704
0.30360518498514716
0.3044153389143937
0.3056305698082636
0.3068458007021334
0.30765595463137996
0.308769916284094
0.3094450445584661
0.31076154469349176
0.3116054550364569
0.3129219551714826
0.3140696732379152
0.31494733999459895
0.3166014042668107
0.31734404536862004
0.3181541992978666
0.31947069943289225
0.3205509046718877
0.32206994328922495
0.32321766135565755
0.3243653794220902
0.3258169052119903
0.3269308668647043
0.3278760464488253
0.32973264920334866
0.3307453416149068
0.33233189305968136
0.3333108290575209
0.3342897650553605
0.3352349446394815
0.3362813934647583
0.33722657304887926
0.33840804752903053
0.33962327842290035
0.34080475290305157
0.34171617607345395
0.342998919794761
0.34434917634350526
0.3453956251687821
0.34627329192546585
0.347117202268431
0.34836618957601945
0.34941263840129627
0.35052660005401026
0.35150553605184987
0.35265325411828247
0.3537672157709965
0.35515122873345933
0.3564339724547664
0.35775047258979203
0.35879692141506886
0.3599108830677829
0.3612948960302457
0.3625101269241156
0.36345530650823654
0.3646030245746692
0.3655482041587902
0.36652714015662974
0.3683162300837159
0.36943019173642994
0.37013907642452065
0.37132055090467186
0.3724682689711045
0.3738522819335674
0.3750337564137186
0.3762152308938698
0.3771266540642722
0.3783081285444234
0.37935457736970024
0.3807385903321631
0.3817175263300027
0.3830340264650284
0.38391169322171215
0.3849918984607075
0.38603834728598435
0.38698352687010534
0.38819875776397517
0.3892114501755333
0.39022414258709154
0.39174318120442886
0.39289089927086146
0.3941398865784499
0.3951525789900081
0.396536591952471
0.3976843100189036
0.39903456656764785
0.40021604104779906
0.40166756683769916
0.4029840669727248
0.40406427221172025
0.4050432082095598
0.40632595193086685
0.40706859303267623
0.4080475290305158
0.40929651633810427
0.4102416959222252
0.41138941398865786
0.41277342695112074
0.4135498244666487
0.41442749122333244
0.41557520928976505
0.4163853632190116
0.4173305428031326
0.41820820955981636
0.41922090197137457
0.42030110721036995
0.4215500945179584
0.422529030515798
0.42381177423710503
0.4249257358898191
0.42587091547394007
0.42698487712665406
0.42786254388333783
0.42887523629489605
0.43002295436132865
0.43100189035916825
0.43214960842560085
0.43306103159600323
0.4341749932487173
0.43522144207399405
0.43620037807183365
0.4375168782068593
0.4389346475830408
0.4400148528220362
0.4411288144747502
0.4421415068863084
0.44349176343505264
0.44450445584661086
0.4457534431541993
0.44646232784229
0.4474750202538482
0.448352687010532
0.4492641101809344
0.450243046178774
0.45172832838239263
0.45280853362138807
0.45415879017013233
0.45530650823656493
0.4566567647853092
0.457871995679179
0.4591884958142047
0.4602011882257629
0.4613489062921955
0.462597893599784
0.4638468809073724
0.464994598973805
0.46604104779908184
0.4670199837969214
0.4683027275182285
0.4695517148258169
0.4706319200648123
0.4720834458547124
0.4727923305428031
0.4739400486092358
0.47505401026194977
0.47599918984607076
0.4772481771536592
0.4781596003240616
0.47947610045908723
0.48072508776667566
0.4817715365919525
0.48261544693491765
0.483358088036727
0.4843370240345666
0.4855184985147178
0.4865649473399946
0.48754388333783416
0.48882662705914126
0.4896367809883878
0.4905819605725088
0.49199972994869023
0.4933499864974345
0.4942614096678369
0.4948690251147718
0.49588171752633
0.49723197407507425
0.4983459357277883
0.49966243586281395
0.501113961652714
0.5020928976505536
0.5029368079935188
0.5041520388873886
0.5051309748852282
0.5063799621928167
0.5072576289495004
0.5083378341884958
0.5093842830137726
0.5103294625978936
0.511240885768296
0.51235484742101
0.5134012962462868
0.514582770726438
0.5157980016203079
0.5171145017553335
0.5181609505806103
0.5191061301647313
0.5203551174723198
0.5214015662975966
0.5225830407777478
0.5238320280853362
0.5246759384283014
0.525654874426141
0.5266338104239806
0.5274777207669458
0.5282878746961923
0.5293005671077504
0.5304820415879017
0.5315622468268971
0.5327437213070484
0.5337226573048879
0.5348028625438833
0.5360180934377532
0.5367944909532811
0.537840939778558
0.5386848501215231
0.5397312989467999
0.5406427221172023
0.5415879017013232
0.5425668376991628
0.5437483121793141
0.5444571968674048
0.5452335943829327
0.5465163381042398
0.5474277612746422
0.5485754793410748
0.549588171752633
0.550533351336754
0.5515460437483122
0.5524574669187146
0.5535039157439914
0.5545166081555496
0.5553267620847961
0.5564744801512287
0.5575209289765055
0.5584323521469079
0.5596138266270592
0.5607615446934917
0.5618755063462058
0.5632595193086687
0.5641371860653525
0.5653861733729408
0.5663651093707804
0.5674790710234945
0.5684917634350527
0.5691668917094248
0.5697745071563597
0.5707196867404807
0.5713610586011342
0.572238725357818
0.5732851741830948
0.5745004050769646
0.5755130974885229
0.576525789900081
0.5775047258979206
0.5783148798271671
0.5794288414798812
0.5806103159600324
0.581758034026465
0.5827369700243046
0.5840197137456117
0.5853024574669187
0.5862813934647583
0.5874291115311909
0.5887793680799351
0.5896570348366189
0.5906697272481771
0.5918174453146098
0.5925938428301377
0.5934715095868215
0.5942141506886308
0.5947542533081286
0.5958007021334053
0.596948420199838
0.598062381852552
0.5992438563327032
0.6003578179854172
0.6010667026735079
0.602180664326222
0.6033621388063732
0.6043748312179315
0.6052862543883338
0.6064339724547664
0.607581690521199
0.608864434242506
0.6098771266540642
0.6109573318930597
0.6120712935457737
0.6129489603024575
0.6138941398865785
0.6149405887118553
0.6162570888468809
0.6168309478800972
0.618316230083716
0.6192951660815555
0.6200040507696463
0.6208479611126114
0.621826897110451
0.622772076694572
0.6235822306238186
0.6245274102079396
0.6256751282743721
0.6267553335133675
0.6277005130974885
0.6286794490953281
0.6295571158520119
0.6305698082635701
0.6315149878476911
0.6324264110180935
0.6332703213610587
0.6340467188765866
0.6349243856332704
0.6358020523899541
0.6365109370780448
0.63735484742101
0.6383675398325682
0.639245206589252
0.6403591682419659
0.6412705914123683
0.6422495274102079
0.6430596813394545
0.6440048609235755
0.6451863354037267
0.6460302457466919
0.6468066432622198
0.6475155279503105
0.648764515257899
0.64970969484202
0.6504523359438293
0.6510937078044828
0.6521401566297597
0.6532878746961923
0.6542668106940319
0.6554482851741831
0.6565284904131785
0.6572711315149878
0.6579462597893599
0.6588914393734809
0.6598703753713205
0.6606467728868485
0.6614231704023764
0.6621658115041857
0.6629759654334324
0.6639211450175533
0.6650351066702673
0.6658452605995139
0.6667904401836349
0.6677018633540373
0.6683432352146907
0.6687820685930327
0.6692884147988117
0.6699972994869026
0.6707736970024305
0.6714488252768026
0.6724952741020794
0.673474210099919
0.6743181204428842
0.6751282743721307
0.6759046718876587
0.6765122873345936
0.6774912233324332
0.6783351336753983
0.6789765055360518
0.6800904671887659
0.6810018903591682
0.6817782878746962
0.68265595463138
0.6834998649743451
0.6843437753173103
0.6850864164191196
0.6859303267620848
0.6865379422090198
0.6874831217931408
0.6883607885498245
0.6893059681339454
0.6900486092357548
0.6907912503375642
0.6916351606805293
0.6927153659195248
0.6935255198487713
0.6943694301917365
0.6954496354307318
0.6964960842560086
0.697576289495004
0.6980826357007831
0.6988252768025925
0.6997704563867134
0.700749392384553
0.7017283283823926
0.7029098028625439
0.7038549824466649
0.7046651363759114
0.7056103159600324
0.7063867134755604
0.7074669187145558
0.708310829057521
0.7094923035376721
0.7102687010532001
0.7110450985687281
0.7117877396705374
0.7128679449095328
0.7136780988387794
0.7147920604914934
0.7154671887658656
0.7160410477990818
0.7167836889008912
0.7177963813124494
0.7185727788279773
0.719281663516068
0.7204293815825007
0.7213745611666217
0.7225222792330542
0.7234337024034566
0.724176343505266
0.7252565487442614
0.7262017283283824
0.7270793950850661
0.7278557926005941
0.7290372670807453
0.7299486902511477
0.730691331352957
0.7317040237645153
0.7324466648663246
0.7334931136916014
0.7344382932757224
0.7357885498244666
0.7366662165811504
0.7374088576829597
0.7384890629219552
0.7391979476100459
0.7401093707804483
0.7407507426411019
0.7413246016743181
0.7420334863624088
0.7428436402916554
0.7435525249797461
0.7444301917364299
0.7456116662165811
0.7464218201458277
0.7474682689711045
0.7483121793140697
0.7493586281393465
0.7502362948960303
0.7508439103429652
0.7516878206859303
0.7526667566837699
0.7535781798541723
0.7542533081285444
0.7549284364029165
0.7559748852281933
0.7565149878476911
0.7571901161220632
0.7579665136375912
0.7588441803942749
0.7597556035646773
0.7603632190116122
0.761240885768296
0.7619835268701053
0.7627599243856332
0.7635700783148798
0.7643464758304078
0.7650891169322172
0.7661018093437754
0.7668106940318661
0.7673170402376451
0.76792465568458
0.7687348096138267
0.769477450715636
0.7702200918174453
0.7710977585741291
0.7715703483661895
0.7721442073994059
0.7729881177423711
0.7738995409127735
0.7743383742911153
0.775047258979206
0.7754185795301107
0.7760261949770456
0.7768701053200108
0.7776465028355387
0.7786591952470969
0.7796718876586551
0.7802457466918714
0.7811909262759924
0.7820348366189576
0.7828112341344855
0.7835201188225763
0.7841614906832298
0.7850729138536322
0.7857817985417229
0.7866594652984067
0.7874696192276532
0.7881109910883067
0.7886173372940859
0.7895962732919255
0.790406427221172
0.7910140426681069
0.7919592222522279
0.7927693761814745
0.7934782608695652
0.7944234404536862
0.7949297866594653
0.795469889278963
0.7959762354847421
0.7970226843100189
0.7975965433432353
0.7986092357547934
0.7992168512017284
0.7998582230623819
0.8007358898190656
0.8014447745071563
0.8023899540912773
0.8033013772616797
0.8039765055360518
0.8045841209829868
0.8054617877396706
0.8062719416689171
0.8071158520118823
0.8076897110450986
0.8086686470429382
0.8094450445584661
0.8102889549014313
0.8112341344855523
0.8118755063462058
0.8128544423440454
0.8136308398595733
0.8145422630299757
0.8155211990278153
0.8162638401296246
0.8167701863354038
0.8176140966783689
0.8184917634350527
0.8192006481231434
0.8198420199837969
0.8204158790170132
0.8209897380502296
0.8216986227383203
0.8223062381852552
0.8228800972184716
0.8235889819065623
0.824297866594653
0.8251417769376181
0.8258506616257089
0.8264582770726439
0.827133405347016
0.8277072643802322
0.8285511747231974
0.8289224952741021
0.8297326492033487
0.8304415338914394
0.8308803672697812
0.831589251957872
0.8325006751282744
0.8330407777477721
0.8337159060221442
0.8344585471239535
0.8350324061571699
0.8357750472589792
0.8365514447745072
0.8370915473940048
0.8379692141506886
0.8386780988387794
0.8393532271131515
0.8400621118012422
0.8408047529030516
0.8416824196597353
0.8422900351066702
0.843167701863354
0.8439778557926005
0.8444842019983797
0.8451593302727518
0.8459019713745611
0.8467121253038077
0.8476235484742101
0.8481974075074264
0.8490413178503916
0.8499189846070754
0.8507628949500405
0.8513705103969754
0.8522481771536592
0.8530245746691871
0.8539022414258709
0.8548136645962733
0.8555563056980826
0.8562651903861733
0.8569065622468269
0.8576492033486363
0.8582568187955711
0.8589319470699432
0.8596408317580341
0.8606872805833108
0.8613961652714016
0.8620712935457737
0.862813934647583
0.8633202808533621
0.8638941398865785
0.864535511747232
0.8652106400216041
0.865987037537132
0.8667971914663786
0.867539832568188
0.8681812044288415
0.8687888198757764
0.8694639481501485
0.8699702943559277
0.8706454226302998
0.8713205509046719
0.8720969484201998
0.872772076694572
0.8732784229003511
0.8741223332433162
0.875
0.8756413718606535
0.8762489873075885
0.877059141236835
0.8778692951660816
0.8784769106130165
0.8791857953011072
0.8798609235754793
0.8803672697812585
0.8808736159870375
0.8815825006751282
0.8819875776397516
0.8825276802592492
0.8830340264650284
0.8837429111531191
0.8845530650823656
0.8851269241155819
0.88590332163111
0.8864434242506076
0.887186065352417
0.8876248987307589
0.8881650013502566
0.8889413988657845
0.8894477450715635
0.8897853092087497
0.8903591682419659
0.8910680529300568
0.8918444504455847
0.8926883607885499
0.8932959762354847
0.8937685660275453
0.894308668647043
0.8947812584391034
0.8955576559546313
0.8961990278152849
0.8965365919524709
0.8971104509856873
0.8977855792600594
0.8985282203618687
0.899102079395085
0.8998784769106131
0.900486092357548
0.9011949770456387
0.9017013232514177
0.9022414258709155
0.903051579800162
0.9036591952470969
0.9040642722117203
0.904773156899811
0.9053807723467459
0.9061234134485552
0.9067647853092088
0.9073048879287064
0.9079125033756413
0.9084863624088577
0.9089589522009182
0.909566567647853
0.910174183094788
0.9107142857142857
0.911456926816095
0.9121320550904672
0.9129422090197138
0.9134823116392115
0.9139211450175533
0.9146637861193627
0.9153726708074534
0.9157102349446394
0.9163178503915744
0.9169929786659465
0.9177018633540373
0.9185457736970024
0.9189846070753444
0.9195922225222792
0.9200985687280583
0.9208074534161491
0.9217526330002701
0.9221914663786119
0.9227990818255468
0.9235079665136376
0.9241155819605725
0.9246894409937888
0.925195787199568
0.9259384283013773
0.9263772616797191
0.9270861463678098
0.9277950310559007
0.92853767215771
0.9292128004320821
0.9297529030515798
0.9303605184985148
0.9307993518768566
0.9313056980826357
0.9320145827707265
0.9327572238725358
0.9332973264920335
0.9339049419389684
0.9344788009721847
0.9351876856602754
0.9359303267620848
0.9365041857953011
0.937111801242236
0.9376856602754523
0.9380907372400756
0.9387658655144477
0.9394072373751012
0.9400148528220362
0.9405211990278153
0.9409937888198758
0.9416689170942479
0.9422765325411828
0.9427828787469619
0.9432554685390224
0.9437280583310829
0.9442681609505806
0.9447069943289225
0.9450783148798272
0.9454833918444504
0.9458884688090737
0.9466986227383203
0.9472049689440993
0.9476100459087227
0.9480488792870645
0.9484201998379692
0.9488252768025925
0.9492303537672158
0.9497704563867134
0.9505806103159601
0.9509519308668647
0.9513907642452066
0.952302187415609
0.9529435592762625
0.9534499054820416
0.9538549824466649
0.9543275722387253
0.9549014312719417
0.9556103159600324
0.9560491493383743
0.9567242776127465
0.9573318930596814
0.957871995679179
0.9584458547123954
0.9588171752633
0.959256008641642
0.9599311369160141
0.9604712395355117
0.9610788549824467
0.961821496084256
0.9624966243586282
0.9632055090467189
0.963711855252498
0.9642519578719957
0.9648595733189306
0.9655684580070213
0.965939778557926
0.9664461247637051
0.9669187145557656
0.9676951120712936
0.9680664326221983
0.968775317310289
0.9692479071023494
0.9697542533081286
0.9701593302727518
0.9706994328922496
0.97117202268431
0.9714758304077775
0.9720834458547124
0.9724885228193356
0.9731636510937078
0.9736699972994869
0.974176343505266
0.9748852281933568
0.9752227923305428
0.9757966513637591
0.976404266810694
0.9769106130164731
0.9772819335673778
0.9777207669457196
0.978125843910343
0.9784634080475291
0.9789359978395895
0.9792735619767756
0.9796786389413988
0.9802862543883338
0.9808938698352687
0.9814002160410478
0.9818728058331083
0.9822778827977315
0.9826492033486363
0.9830542803132595
0.9834931136916014
0.9839319470699432
0.9843370240345666
0.9847421009991898
0.9851809343775317
0.9856872805833108
0.9859573318930597
0.9862611396165272
0.9866324601674318
0.9870712935457737
0.9874088576829597
0.9876789089927086
0.9880839859573319
0.9884553065082365
0.9888941398865785
0.9893329732649203
0.9896030245746692
0.9899405887118553
0.9902106400216041
0.9906157169862274
0.9908520118822576
0.9910207939508506
0.9914933837429112
0.9918984607075344
0.9921009991898461
0.992371050499595
0.9926748582230623
0.9931136916014043
0.9933837429111532
0.9937550634620578
0.9940588711855253
0.9943626789089927
0.9948015122873346
0.9951728328382393
0.9956116662165811
0.9958479611126114
0.9962867944909533
0.9966243586281394
0.9971307048339184
0.9974007561436673
0.9979071023494464
0.9982109100729138
0.9983121793140697
0.9986497434512558
0.9988522819335673
0.9990210640021604
0.9991560896570348
0.9994598973805023
0.9997974615176883
0.9999324871725628
0.9999662435862814
1.0
1.0
1.0
