0.0010464488252768026
0.0022954361328652445
0.0034431541992978668
0.00428706454226303
0.005130974885228194
0.00604239805563057
0.007122603294625979
0.008034026465028356
0.009046718876586552
0.010093167701863354
0.011274642182014584
0.012557385903321632
0.014380232244126384
0.015629219551714826
0.017080745341614908
0.018160950580610315
0.01947745071563597
0.020625168782068593
0.021705374021064
0.022448015122873345
0.02369700243046179
0.02494598973805023
0.026431271941668916
0.027612746421820145
0.0289292465568458
0.029773156899810964
0.0309883877936808
0.03264245206589252
0.03372265730488793
0.03493788819875776
0.036018093437753175
0.03753713205509047
0.038988657844990546
0.040980286254388334
0.04280313259519309
0.04432217121253038
0.04590872265730489
0.04712395355117472
0.04830542803132595
0.04965568458007021
0.050904671887658653
0.05245746691871456
0.05397650553605185
0.05512422360248447
0.05620442884147988
0.05738590332163111
0.05843235214690791
0.059748852281933565
0.060626519038617335
0.0619767755873616
0.06339454496354308
0.06464353227113151
0.06579125033756414
0.06744531460977586
0.0686943019173643
0.07007831487982717
0.07186740480691331
0.07318390494193897
0.07450040507696462
0.07558061031596003
0.07689711045098568
0.07807858493113691
0.07939508506616257
0.08088036726978126
0.08189305968133946
0.08270321361058601
0.08388468809073724
0.08499864974345125
0.08594382932757223
0.08719281663516068
0.08894815014852822
0.09026465028355388
0.09134485552254928
0.09279638131244937
0.09370780448285174
0.09488927896300298
0.09634080475290305
0.0976235484742101
0.09931136916014043
0.10039157439913583
0.10140426681069403
0.1027882797731569
0.1038009721847151
0.10511747231974075
0.10629894679989198
0.10775047258979206
0.10923575479341074
0.11048474210099919
0.11163246016743181
0.11305022954361328
0.11402916554145287
0.11531190926275993
0.11642587091547393
0.11774237105049959
0.11939643532271131
0.12078044828517419
0.12209694842019984
0.12337969214150689
0.12422360248447205
0.1255738590332163
0.12719416689170943
0.12871320550904672
0.1300972184715096
0.131177423710505
0.13212260329462597
0.13350661625708884
0.13448555225492845
0.1358020523899541
0.13678098838779368
0.13782743721307048
0.13921145017553335
0.14035916824196598
0.14150688630839858
0.14282338644342424
0.1441398865784499
0.14518633540372672
0.14609775857412907
0.1472117202268431
0.14852822036186875
0.1498447204968944
0.15122873345935728
0.15257899000810154
0.15345665676478532
0.154941938968404
0.15608965703483663
0.1575074264110181
0.15882392654604374
0.1600391574399136
0.16135565757493925
0.16246961922765327
0.1636848501215231
0.16520388873886038
0.16645287604644882
0.1678368890089117
0.16905211990278152
0.1709424790710235
0.1721239535511747
0.17344045368620037
0.17435187685660275
0.17529705644072374
0.17647853092087495
0.1776937618147448
0.17887523629489602
0.18042803132595192
0.18140696732379152
0.18272346745881718
0.18414123683499864
0.18518768566027546
0.18663921145017554
0.1880907372400756
0.189002160410478
0.19021739130434784
0.19123008371590602
0.19244531460977585
0.19396435322711314
0.19511207129354577
0.1963610586011342
0.19750877666756683
0.19875776397515527
0.19987172562786928
0.20112071293545775
0.20220091817445315
0.20334863624088576
0.20469889278963002
0.20594788009721848
0.20736564947339994
0.20878341884958143
0.20999864974345125
0.2111801242236025
0.21249662435862815
0.21367809883877936
0.21475830407777477
0.21604104779908181
0.216884958142047
0.21813394544963544
0.21931541992978665
0.2205306508236565
0.22140831758034027
0.22258979206049148
0.22380502295436133
0.22481771536591952
0.22610045908722656
0.2271469079125034
0.22819335673778018
0.22920604914933837
0.23028625438833378
0.23113016473129894
0.23221036997029434
0.23376316500135025
0.2349446394815015
0.23632865244396437
0.23730758844180394
0.23821901161220632
0.23936672967863895
0.24031190926275992
0.24142587091547393
0.24237105049959493
0.24355252497974617
0.24503780718336485
0.24615176883607887
0.2475020253848231
0.24871725627869296
0.2502362948960302
0.2516878206859303
0.2531393464758304
0.2546583850931677
0.25577234674588173
0.25651498784769106
0.25766270591412366
0.2588104239805563
0.2599243856332703
0.26120712935457735
0.2622535781798542
0.26367134755603566
0.2649540912773427
0.26627059141236836
0.26762084796111263
0.268701053200108
0.27042263029975694
0.2720091817445315
0.27302187415608964
0.2741358358088037
0.27518228463408045
0.2763637591142317
0.2772751822846341
0.2784904131785039
0.2794355927626249
0.2805833108290575
0.28176478530920873
0.2826424520658925
0.2836551444774507
0.28470159330272754
0.2859843370240346
0.28743586281393463
0.28902241425870917
0.2902714015662976
0.2916891709424791
0.2928368890089117
0.2940521199027815
0.29516608155549556
0.2961450175533351
0.2971577099648933
0.2985079665136376
0.2995206589251958
0.30080340264650285
0.30178233864434245
0.3026937618147448
0.30384147988117743
0.3049554415338914
0.3062719416689171
0.3072846340804753
0.3084661085606265
0.309883877936808
0.3108628139346476
0.3120442884147988
0.3131920064812314
0.3144409937888199
0.31568998109640833
0.3167364299216851
0.31781663516068054
0.31893059681339453
0.3202133405347016
0.321293545773697
0.3223062381852552
0.32328517418309477
0.3248042128004321
0.3259856872805833
0.32713340534701596
0.328416149068323
0.3294625978935998
0.33081285444234404
0.3317242776127464
0.3326357007831488
0.333648393194707
0.3347961112611396
0.33560626519038617
0.3371253038077235
0.3383067782878747
0.3392519578719957
0.34056845800702135
0.3416486632460167
0.34276262489873077
0.34380907372400754
0.344889278963003
0.3458682149608426
0.34694842019983796
0.34789359978395895
0.34890629219551716
0.34981771536591955
0.3508641641911963
0.35187685660275453
0.35309208749662435
0.35423980556305695
0.35508371590602217
0.3563664596273292
0.357244126384013
0.3584931136916014
0.3595395625168782
0.36072103699702945
0.361699972994869
0.3626789089927086
0.363590332163111
0.3646705374021064
0.36564947339994597
0.3669659735349716
0.3681812044288415
0.36953146097758577
0.37067917904401837
0.37182689711045097
0.373109640831758
0.37422360248447206
0.37564137186065355
0.3765527950310559
0.37746421820145826
0.37820685930326764
0.37942209019713746
0.38053605184985145
0.38144747502025383
0.3827977315689981
0.3837429111531191
0.3846880907372401
0.38559951390764247
0.3868822576289495
0.38816500135025656
0.389413988657845
0.3905617067242776
0.39174318120442886
0.39312719416689174
0.39434242506076156
0.39542263029975694
0.39640156629759654
0.39751552795031053
0.3988995409127734
0.399878476910613
0.4012624898730759
0.40214015662975966
0.40376046448825276
0.405110721036997
0.4062584391034296
0.40730488792870645
0.40825006751282744
0.40943154199297865
0.4105792600594113
0.4117607345395625
0.41294220901971374
0.41395490143127195
0.415237645152579
0.4162503375641372
0.4173305428031326
0.4185120172832838
0.419524709694842
0.42067242776127467
0.42128004320820955
0.422529030515798
0.42364299216851203
0.4244869025114772
0.42583715906022146
0.4266135565757494
0.42796381312449366
0.42894274912233327
0.4296853902241426
0.4303942749122333
0.43123818525519847
0.4323183904941939
0.4334323521469079
0.4344788009721847
0.43549149338374293
0.43643667296786387
0.43761814744801514
0.4385970834458547
0.43981231433972456
0.4410950580610316
0.44241155819605726
0.44345800702133403
0.4443019173642992
0.44568593032676207
0.44710369970294356
0.44828517418309477
0.449297866594653
0.4503443154199298
0.4514582770726438
0.4526735079665136
0.45378746961922767
0.45534026465028354
0.456420469889279
0.4576694571968674
0.4586821496084256
0.45986362408857684
0.4611126113961653
0.4622603294625979
0.46293545773697004
0.4640156629759654
0.46526465028355385
0.46627734269511206
0.4674588171752633
0.46870780448285176
0.4703956251687821
0.47137456116662163
0.47238725357817984
0.47285984337024034
0.47387253578179855
0.4749189846070753
0.4761679719146638
0.4772144207399406
0.47809208749662435
0.47910477990818257
0.48015122873345933
0.4810626519038617
0.48214285714285715
0.4830205238995409
0.48430326762084797
0.48568728058331084
0.48666621658115045
0.48778017823386444
0.4888603834728598
0.4896705374021064
0.4905144477450716
0.49159465298406696
0.49253983256818795
0.49351876856602755
0.49470024304617877
0.49584796111261137
0.49750202538482313
0.49817715365919524
0.4992573588981907
0.5004050769646233
0.5015865514447745
0.5027680259249258
0.5038819875776398
0.5049284364029165
0.5060423980556306
0.507122603294626
0.5079327572238725
0.5090467188765866
0.5101944369430191
0.511240885768296
0.5123886038347286
0.5131650013502566
0.5139076424520659
0.5151228733459358
0.5158317580340265
0.5166756683769916
0.5175533351336754
0.5186672967863895
0.5196124763705104
0.5206589251957872
0.521874156089657
0.5230893869835269
0.5236632460167432
0.5249122333243317
0.5255873615987038
0.5266338104239806
0.5276465028355387
0.5283553875236295
0.5293680799351876
0.5300432082095599
0.5308196057250878
0.5317985417229274
0.5328449905482041
0.5338576829597623
0.5351066702673508
0.5362206319200649
0.5374358628139346
0.5388536321901162
0.5399000810153929
0.5406764785309208
0.5418241965973535
0.5430394274912234
0.5439508506616257
0.544963543073184
0.5459424790710234
0.5465163381042398
0.5477990818255468
0.5490143127194167
0.549756953821226
0.5504658385093167
0.5514110180934377
0.5523899540912773
0.5534364029165542
0.5544153389143938
0.5555968133945449
0.556710775047259
0.5575546853902241
0.5589386983526871
0.5601201728328382
0.5610653524169592
0.5622468268971105
0.563056980826357
0.5642046988927897
0.5653861733729408
0.5661963273021874
0.5673778017823387
0.5683904941938969
0.5694031866054551
0.5702133405347016
0.5709897380502296
0.5718336483931947
0.5729813664596274
0.5742303537672158
0.5754793410748043
0.576357007831488
0.5772009181744532
0.5782136105860114
0.5794963543073184
0.5806103159600324
0.581589251957872
0.582703213610586
0.5836146367809883
0.5848298676748582
0.585707534431542
0.5863489062921955
0.5871928166351607
0.58793545773697
0.5887456116662165
0.589994598973805
0.5912435862813935
0.5919524709694842
0.5929314069673238
0.5940453686200378
0.5948217661355658
0.5958344585471239
0.5969146637861193
0.5975560356467728
0.5983661895760194
0.5990413178503916
0.5997839589522009
0.600459087226573
0.6013367539832568
0.6023156899810964
0.6034634080475291
0.6045098568728058
0.6054212800432082
0.606636510937078
0.6079867674858223
0.6087631650013503
0.6101134215500945
0.6110248447204969
0.6118349986497434
0.6126789089927086
0.6138266270591413
0.6149743451255738
0.6159532811234134
0.6166621658115042
0.6172697812584391
0.6179449095328112
0.618822576289495
0.6197339994598974
0.6210167431812045
0.6220294355927626
0.6230421280043208
0.6241898460707535
0.6254725897920604
0.6264852822036187
0.627227923305428
0.6282406157169862
0.6291520388873886
0.6298946799891979
0.6307723467458817
0.6319538212260329
0.6327302187415609
0.6338779368079935
0.6348231163921145
0.63590332163111
0.6368147448015122
0.6380637321091007
0.6391776937618148
0.6400216041047799
0.6408317580340265
0.641641911963273
0.6425533351336754
0.6437348096138267
0.6445787199567918
0.6457264380232244
0.6465703483661895
0.6476843100189036
0.648764515257899
0.6496759384283014
0.6506211180124224
0.6517013232514177
0.6528490413178504
0.65382797731569
0.654941938968404
0.656055900621118
0.6572711315149878
0.6580475290305158
0.659229003510667
0.6603092087496625
0.6613219011612206
0.6623683499864974
0.6631447475020253
0.6642249527410208
0.6650688630839859
0.6660815554955442
0.6670942479071024
0.6680056710775047
0.6688495814204699
0.6697272481771537
0.6705036456926816
0.6713137996219282
0.6722589792060492
0.673305428031326
0.674250607615447
0.6748919794761005
0.6756683769916284
0.6765460437483122
0.6774574669187146
0.6782676208479611
0.6793815825006752
0.6803605184985148
0.6816095058061031
0.68265595463138
0.6835336213880637
0.6843775317310289
0.6855927626248988
0.6868755063462058
0.6876519038617337
0.6887658655144477
0.6899135835808804
0.6907912503375642
0.6917026735079665
0.6925803402646503
0.6937618147448015
0.6944031866054551
0.6952808533621389
0.6961922765325412
0.6969686740480692
0.6977788279773157
0.6988590332163112
0.6998379692141506
0.7005130974885229
0.701357007831488
0.702470969484202
0.7036862003780718
0.704530110721037
0.7052389954091277
0.7061504185795301
0.7075681879557116
0.7087496624358628
0.7096273291925466
0.7104374831217931
0.7115514447745072
0.7121928166351607
0.7132730218741561
0.7143194706994329
0.7150621118012422
0.7160072913853632
0.7165473940048609
0.7172900351066702
0.718167701863354
0.7186740480691332
0.7195179584120983
0.7203956251687821
0.721003240615717
0.7218133945449635
0.7225560356467728
0.7235349716446124
0.724345125573859
0.7250877666756683
0.7259316770186336
0.7265392924655685
0.727349446394815
0.7283283823926546
0.729071023494464
0.7299486902511477
0.7309613826627059
0.7319740750742642
0.7323453956251688
0.7334256008641642
0.7345733189305969
0.7353834728598434
0.7360586011342155
0.7366324601674318
0.737307588441804
0.7379489603024575
0.7389954091277343
0.7396030245746692
0.740480691331353
0.7412570888468809
0.7420672427761275
0.7427761274642182
0.7437550634620578
0.7444301917364299
0.7451728328382393
0.7458479611126114
0.746995679179044
0.7478395895220091
0.7486834998649744
0.7493248717256279
0.7503713205509047
0.7510802052389954
0.7516203078584931
0.7526667566837699
0.753341884958142
0.7545908722657305
0.755063462057791
0.7559073724007561
0.756683769916284
0.757628949500405
0.7584728598433702
0.759350526600054
0.7602619497704564
0.76090332163111
0.7617134755603565
0.7624561166621658
0.7635363219011613
0.7641439373480962
0.7647177963813124
0.765696732379152
0.7669794761004591
0.7677558736159871
0.7686672967863895
0.769308668647043
0.7701188225762895
0.7708952200918174
0.7716378611936268
0.7725155279503105
0.773595733189306
0.7744396435322711
0.775486092357548
0.7763975155279503
0.7774102079395085
0.7784904131785039
0.7790980286254389
0.779773156899811
0.7804482851741831
0.7809883877936808
0.7816297596543343
0.7824399135835809
0.7834526059951391
0.7841277342695112
0.7848028625438833
0.7857817985417229
0.7865581960572509
0.7877059141236835
0.7885498244666487
0.7892587091547394
0.7902038887388604
0.7909465298406697
0.7918917094247907
0.7928368890089117
0.7936470429381582
0.7943221712125303
0.7948960302457467
0.7956724277612747
0.7962800432082096
0.7973264920334864
0.7980691331352957
0.798474210099919
0.7990480691331353
0.7995544153389144
0.8003645692681609
0.8010059411288145
0.8018160950580611
0.8025587361598704
0.8034026465028355
0.8044153389143938
0.8052254928436403
0.805934377531731
0.8068458007021334
0.8072846340804752
0.8078584931136916
0.8085673778017823
0.8091412368349986
0.8097488522819336
0.810660275452336
0.8113354037267081
0.8119767755873616
0.8127194166891709
0.8136308398595733
0.8145085066162571
0.8151836348906292
0.8159600324061572
0.8166351606805293
0.8176816095058062
0.8184242506076155
0.819065622468269
0.8198082635700783
0.8206521739130435
0.8214285714285714
0.8223737510126924
0.8230488792870645
0.8238252768025925
0.8246016743181205
0.8256481231433972
0.826525789900081
0.827302187415609
0.8283148798271671
0.8289562516878207
0.8296651363759114
0.8302389954091277
0.8310491493383743
0.8315554955441534
0.8322981366459627
0.8330745341614907
0.8337834188495814
0.8344585471239535
0.8353699702943559
0.8360113421550095
0.8364501755333513
0.8371253038077234
0.8384080475290305
0.8389819065622468
0.8396232784229003
0.8402308938698353
0.8410410477990818
0.8417499324871726
0.842391304347826
0.842998919794761
0.8438765865514448
0.8445517148258169
0.8454631379962193
0.8460707534431542
0.8469146637861193
0.8475560356467728
0.8481298946799892
0.8486362408857683
0.8492776127464218
0.8501890359168242
0.8508304077774778
0.8515055360518499
0.8522481771536592
0.853125843910343
0.8538009721847151
0.8544761004590872
0.8552524979746152
0.8560288954901432
0.8567040237645153
0.857581690521199
0.8580542803132595
0.8589319470699432
0.8595058061031596
0.8599108830677828
0.8606197677558736
0.8613286524439644
0.862307588441804
0.8630839859573319
0.8636916014042668
0.8646030245746692
0.8653456656764785
0.8662233324331623
0.8668984607075344
0.8676073453956251
0.8680799351876857
0.8687550634620578
0.8692951660815555
0.8702065892519578
0.8709829867674859
0.8717593842830138
0.8722319740750742
0.8729071023494464
0.8736497434512558
0.8745274102079396
0.8753375641371861
0.8760126924115582
0.8768228463408048
0.8773291925465838
0.8778692951660816
0.8785781798541723
0.8794220901971375
0.8799959492303537
0.8806035646772887
0.8813124493653794
0.8818525519848771
0.882460167431812
0.8832028085336214
0.8838104239805563
0.8845868214960843
0.8851269241155819
0.8856332703213611
0.886409667836889
0.8871523089386983
0.8877261679719146
0.8883337834188496
0.8888401296246287
0.8893802322441264
0.8902241425870916
0.8911018093437754
0.8918444504455847
0.8928908992708615
0.8934985147177964
0.8940723737510127
0.8949162840939778
0.8956251687820685
0.8960640021604105
0.8968066432622198
0.8973129894679989
0.8977855792600594
0.8985282203618687
0.8993046178773967
0.9001147718066432
0.9006211180124224
0.9009249257358898
0.9016675668376991
0.9023426951120713
0.902882797731569
0.90382797731569
0.9043005671077504
0.9049081825546854
0.9054482851741831
0.906663516068053
0.9074736699972995
0.9082163110991088
0.9088914393734809
0.9096003240615717
0.9102416959222253
0.910950580610316
0.9115244396435322
0.912233324331623
0.9125033756413718
0.9131109910883067
0.9138198757763976
0.9142249527410208
0.9150013502565487
0.9156764785309208
0.9161490683229814
0.9168241965973535
0.9176681069403186
0.9182757223872535
0.9187483121793141
0.9191871455576559
0.9197947610045909
0.9203686200378072
0.9214825816905212
0.9219551714825817
0.922529030515798
0.9229341074804213
0.9235079665136376
0.9238792870645423
0.9243856332703214
0.9249932487172563
0.9254995949230354
0.9262759924385633
0.9268836078854983
0.9274912233324332
0.9281663516068053
0.92853767215771
0.9291115311909263
0.9297529030515798
0.9302592492573589
0.9306980826357008
0.931710775047259
0.9324871725627869
0.9331960572508776
0.9333985957331893
0.9338711855252498
0.9344788009721847
0.9353902241425871
0.9360991088306778
0.9369092627599244
0.9375843910342965
0.9381244936537942
0.9389684039967594
0.9398460707534432
0.9404874426140967
0.9410613016473129
0.9416689170942479
0.94234404536862
0.9427828787469619
0.9434242506076155
0.9439981096408318
0.944571968674048
0.9449770456386714
0.945517148258169
0.9460572508776668
0.9464285714285714
0.947069943289225
0.9479476100459088
0.9482514177693762
0.9487577639751553
0.9494328922495274
0.9499392384553065
0.9506143667296786
0.9510194436943019
0.9514582770726439
0.9518633540372671
0.9522009181744532
0.9527747772076695
0.9532473669997299
0.9537874696192277
0.9542938158250067
0.9547664056170673
0.9553402646502835
0.9557453416149069
0.9562179314069673
0.9565217391304348
0.9570618417499325
0.9575006751282744
0.9578044828517418
0.9583783418849582
0.9587834188495814
0.9591209829867675
0.9596610856062652
0.9600661625708885
0.9607750472589792
0.9613826627059141
0.9618890089116933
0.9622265730488793
0.9627329192546584
0.9633067782878747
0.963880637321091
0.9641844450445585
0.9647583040777747
0.9651633810423981
0.9656359708344585
0.9662435862813935
0.9669524709694842
0.9675938428301377
0.9682689711045098
0.9690791250337564
0.9695179584120983
0.9700243046178774
0.970665676478531
0.97117202268431
0.9720159330272752
0.9724210099918985
0.973062381852552
0.9735687280583311
0.9740413178503916
0.974345125573859
0.9747164461247637
0.9753240615716986
0.9758641641911964
0.9763029975695382
0.9767080745341615
0.977349446394815
0.9779233054280313
0.9783283823926546
0.9787334593572778
0.9792060491493384
0.9795098568728058
0.9799149338374291
0.9802524979746152
0.9805900621118012
0.9809276262489873
0.9812314339724547
0.9816702673507967
0.9823116392114501
0.9828854982446665
0.9833243316230084
0.98352687010532
0.9838306778287874
0.984303267620848
0.9845058061031596
0.9852146907912503
0.9854509856872806
0.9858223062381852
0.9862273832028086
0.9866662165811504
0.986868755063462
0.9871388063732109
0.9874088576829597
0.98764515257899
0.987813934647583
0.9882865244396435
0.9887928706454227
0.98909667836889
0.9894342425060761
0.9897718066432623
0.9903119092627599
0.990649473399946
0.9910207939508506
0.9913246016743181
0.9916621658115042
0.9921685120172833
0.9925735889819065
0.9930461787739671
0.9934174993248718
0.9937550634620578
0.993991358358088
0.9943964353227113
0.9947339994598974
0.9949027815284904
0.9954428841479881
0.9959154739400486
0.996219281663516
0.9964218201458277
0.996658115041858
0.9967931406967324
0.9971307048339184
0.9975357817985417
0.9977045638671348
0.9978395895220091
0.998109640831758
0.9982784229003511
0.9985147177963813
0.9987510126924115
0.9989873075884418
0.9990885768295976
0.9991898460707535
0.9992573588981907
0.9996286794490953
0.9997637051039697
0.9999324871725628
0.9999662435862814
1.0
