0.001080205238995409
0.002092897650553605
0.002970564407237375
0.004253308128544423
0.005502295436132865
0.006312449365379422
0.007325141776937618
0.008506616257088847
0.00935052660005401
0.010700783148798272
0.01275992438563327
0.01373886038347286
0.014819065622468269
0.016304347826086956
0.017317040237645152
0.018363489062921956
0.019342425060761545
0.020861463678098838
0.022751822846340804
0.02406832298136646
0.025891169322171212
0.027646502835538753
0.029064272211720227
0.030448285174183094
0.03162975965433432
0.03264245206589252
0.03395895220091817
0.035613016473129894
0.03706454226302998
0.03868485012152309
0.04017013232514178
0.04155414528760464
0.04256683769916284
0.04354577369700243
0.04479476100459087
0.04573994058871186
0.046718876586551446
0.04793410748042128
0.04925060761544694
0.05022954361328653
0.05124223602484472
0.05276127464218201
0.05411153119092628
0.05563056980826357
0.057014582770726435
0.058128544423440454
0.05947880097218471
0.06103159600324062
0.06231433972454766
0.06376586551444774
0.06514987847691062
0.06683769916284094
0.06852551984877127
0.0697745071563597
0.07061841749932488
0.07223872535781799
0.07423035376721578
0.07615446934917634
0.07730218741560897
0.07844990548204159
0.07969889278963004
0.08074534161490683
0.08199432892249528
0.08337834188495814
0.08486362408857683
0.0862476370510397
0.08803672697812584
0.08942073994058872
0.09066972724817715
0.09168241965973535
0.09276262489873076
0.09414663786119362
0.09573318930596814
0.0965770996489333
0.0975897920604915
0.09894004860923576
0.10066162570888469
0.10180934377531731
0.10292330542803133
0.10437483121793141
0.10569133135295707
0.10734539562516879
0.10859438293275722
0.10977585741290845
0.1110248447204969
0.11207129354577369
0.11332028085336214
0.114704293815825
0.11608830677828788
0.11716851201728329
0.1183162300837159
0.11963273021874156
0.12071293545773697
0.12196192276532541
0.12280583310829057
0.12422360248447205
0.12567512827437213
0.127059141236835
0.12827437213070483
0.12955711585201188
0.1308061031596003
0.1322576289495004
0.13381042398055631
0.1353969754253308
0.13705103969754254
0.13830002700513097
0.1394477450715636
0.14066297596543342
0.14191196327302188
0.14322846340804754
0.14440993788819875
0.14589522009181743
0.14704293815825006
0.14808938698352686
0.14950715635970835
0.15058736159870376
0.15197137456116663
0.15305157980016204
0.1539292465568458
0.15527950310559005
0.15693356737780179
0.15828382392654605
0.15943154199297865
0.1610856062651904
0.16236834998649743
0.1637523629489603
0.1649000810153929
0.16618282473669999
0.1673642992168512
0.16874831217931408
0.1699635430731839
0.17131379962192816
0.17219146637861193
0.17330542803132595
0.17452065892519578
0.17583715906022143
0.17681609505806103
0.17799756953821225
0.17958412098298676
0.18093437753173103
0.18198082635700782
0.18309478800972184
0.18471509586821497
0.185997839589522
0.18741560896570347
0.18883337834188496
0.1900823656494734
0.19129759654334325
0.19237780178233865
0.19396435322711314
0.195179584120983
0.19619227653254118
0.1978125843910343
0.19899405887118551
0.1999054820415879
0.20081690521199028
0.20220091817445315
0.20338239265460437
0.20446259789359977
0.20540777747772077
0.2065554955441534
0.20783823926546044
0.2091547394004861
0.2107750472589792
0.21219281663516068
0.21350931677018634
0.214825816905212
0.21627734269511206
0.21739130434782608
0.21857277882797732
0.21988927896300298
0.2211382662705914
0.2225560356467729
0.22437888198757763
0.22532406157169863
0.22653929246556845
0.22758574129084527
0.22876721577099648
0.23008371590602214
0.23133270321361057
0.23285174183094787
0.23413448555225494
0.2355184985147178
0.23646367809883878
0.2376113961652714
0.23882662705914123
0.24010937078044828
0.24115581960572507
0.2423035376721577
0.243822576289495
0.24510532001080204
0.24625303807723467
0.24756953821226033
0.24868349986497434
0.2500337564137186
0.2509789359978396
0.25202538482311637
0.25297056440723736
0.25415203888738863
0.255232244126384
0.25631244936537945
0.25746016743181205
0.2587766675668377
0.26005941128814475
0.2614434242506076
0.26265865514447745
0.2639076424520659
0.2649878476910613
0.26647312989467997
0.2681609505806103
0.2695787199567918
0.2707939508506616
0.27190791250337565
0.27288684850121525
0.27379827167161763
0.2757561436672968
0.2770388873886038
0.27828787469619226
0.2798406697272482
0.28081960572508774
0.2820348366189576
0.28294625978936
0.28443154199297865
0.28537672157709965
0.28679449095328113
0.2877059141236835
0.2886173372940859
0.29003510667026733
0.29101404266810693
0.29206049149338376
0.2933769916284094
0.29465973534971646
0.2953686200378072
0.29631379962192816
0.29742776127464216
0.29867674858223064
0.299756953821226
0.30100594112881446
0.30198487712665406
0.3028287874696192
0.303706454226303
0.304651633810424
0.30600189035916825
0.30718336483931946
0.30816230083715906
0.3092087496624359
0.3105927626248987
0.311943019173643
0.31312449365379424
0.31447475020253846
0.3159937888198758
0.3172765325411828
0.31828922495274103
0.31943694301917364
0.3207871995679179
0.3216648663246017
0.3228125843910343
0.32412908452605993
0.32568187955711586
0.3268633540372671
0.3280448285174183
0.32936132865244394
0.3306778287874696
0.3321293545773697
0.33290575209289763
0.3340534701593303
0.33489738050229545
0.33597758574129083
0.3367539832568188
0.33796921415068865
0.33908317580340264
0.34016338104239807
0.3413448555225493
0.34266135565757494
0.34360653524169593
0.34478800972184714
0.3461045098568728
0.3468471509586821
0.3482649203348636
0.34954766405617066
0.3507628949500405
0.35164056170672425
0.3526870105320011
0.3539022414258709
0.3549149338374291
0.3560964083175803
0.35737915203888737
0.358358088036727
0.359472049689441
0.36038347285984335
0.3612948960302457
0.3624088576829598
0.36348906292195515
0.3646030245746692
0.3657507426411018
0.366932217121253
0.3681474480151229
0.36916014042668105
0.36993653794220904
0.3709829867674858
0.3724345125573859
0.3734472049689441
0.3745611666216581
0.37564137186065355
0.3766540642722117
0.37746421820145826
0.37891574399135836
0.38006346205779096
0.3812111801242236
0.3820550904671888
0.38323656494734
0.3842492573588982
0.38512692411558197
0.38607210369970296
0.3870847961112611
0.3882325141776938
0.38927896300297055
0.390359168241966
0.3916081555495544
0.39265460437483124
0.39386983526870106
0.39474750202538483
0.39572643802322444
0.396705374021064
0.3977180664326222
0.39896705374021063
0.3998447204968944
0.400823656494734
0.40207264380232244
0.40311909262759926
0.40406427221172025
0.4053470159330273
0.4064947339994599
0.40784499054820417
0.40845260599513905
0.40929651633810427
0.41044423440453687
0.41159195247096947
0.4126046448825277
0.4137523629489603
0.4147988117742371
0.4158115041857953
0.4168579530110721
0.4179044018363489
0.4190521199027815
0.42030110721036995
0.42171887658655144
0.4225965433432352
0.42367674858223064
0.4249932487172563
0.4261072103699703
0.42701863354037267
0.4280313259519309
0.42901026194977043
0.4301579800162031
0.43117067242776125
0.4322171212530381
0.4333648393194707
0.4348163651093708
0.4360653524169592
0.4370442884147988
0.4381920064812314
0.4390696732379152
0.4401836348906292
0.4411288144747502
0.4426140966783689
0.44345800702133403
0.444065622468269
0.4451458277072644
0.44656359708344584
0.44757628949500405
0.44875776397515527
0.45017553335133675
0.45159330272751824
0.45277477720766945
0.45422630299756955
0.4557115852011882
0.4571293545773697
0.45837834188495813
0.45915473940048607
0.4602011882257629
0.4613489062921955
0.46263165001350254
0.4630704833918444
0.4646907912503376
0.46573724007561434
0.46654739400486095
0.4674250607615447
0.4682689711045099
0.4692479071023494
0.47073318930596814
0.4716446124763705
0.4730286254388334
0.4742438563327032
0.4752227923305428
0.47650553605184987
0.47758574129084524
0.4788009721847151
0.47998244666486634
0.48096138266270594
0.4818390494193897
0.48322306238185253
0.4844382932757224
0.48541722927356196
0.48619362678908995
0.4869700243046179
0.4882190116122063
0.4892992168512017
0.49037942209019714
0.4916621658115042
0.4926411018093438
0.4937888198757764
0.4948015122873346
0.4959492303537672
0.496995679179044
0.4978733459357278
0.4989535511747232
0.5000675128274372
0.5010802052389954
0.5017890899270862
0.5027680259249258
0.503780718336484
0.5049284364029165
0.5059073724007561
0.5069200648123143
0.5078652443964353
0.509012962462868
0.5100594112881447
0.5110383472859843
0.5119497704563867
0.5127936807993518
0.5137726167971914
0.5146840399675938
0.5155954631379962
0.5167431812044289
0.5180259249257358
0.5189711045098568
0.520422630299757
0.5213002970564408
0.5224480151228733
0.5236294896030246
0.5248109640831758
0.5257223872535782
0.5269038617337294
0.5278490413178504
0.5288617337294086
0.5295706184174993
0.5306845800702134
0.531832298136646
0.5329800162030786
0.5339927086146368
0.5349716446124764
0.5360518498514718
0.5372670807453416
0.5382460167431812
0.539292465568458
0.5405752092897651
0.5417566837699163
0.5427356197677559
0.5434782608695652
0.5445922225222792
0.5456386713475561
0.5465163381042398
0.547529030515798
0.5485079665136376
0.549250607615447
0.5498582230623819
0.5511409667836888
0.5522211720226843
0.5533688900891169
0.5546178773967054
0.5550567107750473
0.5556980826357008
0.5567445314609776
0.55765595463138
0.5585336213880637
0.5595463137996219
0.5605927626248988
0.5612678908992709
0.5620442884147988
0.5632257628949501
0.5642722117202268
0.5650823656494735
0.5663313529570618
0.5672765325411828
0.5681541992978666
0.569234404536862
0.5703146097758575
0.5713273021874156
0.5722724817715366
0.5732514177693762
0.5742641101809344
0.5749392384553065
0.5761544693491764
0.5774372130704833
0.5784836618957602
0.5791250337564137
0.5800027005130974
0.5812179314069673
0.5823318930596814
0.583310829057521
0.5841209829867675
0.5855049959492303
0.586990278152849
0.5878679449095328
0.5889481501485282
0.5900283553875236
0.590939778557926
0.5919862273832028
0.5929651633810424
0.5941466378611936
0.5949567917904401
0.5958682149608425
0.5965433432352147
0.5975560356467728
0.598399945989738
0.5996151768836079
0.6007628949500405
0.6018431001890359
0.603294625978936
0.6045436132865244
0.6054212800432082
0.6064339724547664
0.607581690521199
0.6083243316230084
0.6091007291385363
0.6100121523089387
0.6109573318930597
0.6117337294085876
0.61264515257899
0.6137253578179854
0.6146367809883878
0.6155144477450716
0.6160883067782879
0.6171347556035647
0.6178098838779368
0.6185187685660275
0.6194639481501485
0.6204766405617067
0.6214218201458277
0.6224682689711045
0.6232784229003511
0.6242573588981907
0.6249324871725628
0.6258101539292465
0.626890359168242
0.6278017823386444
0.6286456926816095
0.6298946799891979
0.6307723467458817
0.6315149878476911
0.6324264110180935
0.63323656494734
0.6341142317040238
0.6349243856332704
0.63590332163111
0.6365784499054821
0.6376248987307589
0.6385363219011613
0.639413988657845
0.6402578990008102
0.6414393734809614
0.6424520658925196
0.6437010532001081
0.6448825276802592
0.6460302457466919
0.6472117202268431
0.6480556305698083
0.6488995409127735
0.6497434512557386
0.6505536051849852
0.6513975155279503
0.6522414258709155
0.6532203618687551
0.653996759384283
0.6553132595193086
0.6563597083445855
0.6575411828247367
0.6587564137186065
0.6598028625438833
0.6607480421280043
0.6618282473669997
0.6625708884688091
0.6635498244666487
0.6644950040507697
0.6652714015662976
0.6659127734269511
0.6666216581150418
0.6673980556305698
0.6682082095598164
0.6692884147988117
0.6702673507966513
0.6711450175533351
0.6717863894139886
0.6726302997569539
0.6735079665136376
0.6742168512017284
0.6753645692681609
0.6763435052660005
0.6771536591952471
0.6774912233324332
0.6785039157439914
0.6794490953281124
0.6801579800162031
0.680934377531731
0.6818120442884148
0.6827909802862544
0.6837024034566568
0.6844450445584661
0.6853902241425871
0.6862003780718336
0.686943019173643
0.6877869295166081
0.6885970834458547
0.6896097758574129
0.6906899810964083
0.6916689170942479
0.6926478530920875
0.6934917634350527
0.6941668917094248
0.695179584120983
0.6962260329462598
0.697069943289225
0.6979476100459088
0.6986902511477181
0.6994328922495274
0.7002768025924926
0.7007831487982716
0.7017283283823926
0.7026059951390764
0.7032811234134485
0.7042938158250067
0.7052052389954091
0.7059478800972184
0.7070955981636511
0.708310829057521
0.7091547394004861
0.7099311369160141
0.7105725087766676
0.7113151498784769
0.7121928166351607
0.7128341884958143
0.7136780988387794
0.7146570348366189
0.7155684580070213
0.7162773426951121
0.7172562786929516
0.7177963813124494
0.7185390224142587
0.7193829327572239
0.7199230353767215
0.7206994328922496
0.7213408047529031
0.7223534971644613
0.7230961382662706
0.7236362408857683
0.7242100999189847
0.7250202538482312
0.7256278692951661
0.7266405617067243
0.7276870105320011
0.728294625978936
0.7291047799081826
0.7300499594923036
0.7306575749392384
0.7312651903861733
0.7318052930056711
0.732412908452606
0.7332568187955711
0.7338981906562246
0.7347421009991898
0.7353834728598434
0.7363961652714016
0.7371388063732109
0.7380164731298947
0.7388941398865785
0.7398055630569809
0.7406157169862274
0.741425870915474
0.742539832568188
0.7434512557385903
0.7443626789089927
0.7448015122873346
0.7456116662165811
0.7465906022144208
0.7478733459357277
0.7486159870375372
0.7491223332433162
0.7496961922765325
0.7505738590332163
0.7511477180664327
0.752059141236835
0.7527005130974885
0.7536794490953281
0.7542195517148258
0.7549284364029165
0.7557385903321631
0.7566162570888468
0.7573251417769377
0.758067782878747
0.7586753983256819
0.7598231163921145
0.7606332703213611
0.761409667836889
0.7624561166621658
0.7635025654874427
0.7643464758304078
0.7650891169322172
0.7660005401026195
0.7667769376181475
0.7677221172022685
0.7683297326492033
0.7693424250607616
0.7703213610586012
0.7709964893329733
0.771705374021064
0.7724480151228733
0.7732581690521199
0.7743383742911153
0.7751822846340805
0.7759586821496084
0.7769713745611666
0.7777477720766945
0.7784566567647853
0.7791317850391575
0.7799756953821226
0.7805157980016203
0.781055900621118
0.7815622468268971
0.782169862273832
0.7830475290305158
0.7839251957871995
0.7847353497164461
0.785511747231974
0.7864231704023764
0.787233324331623
0.7880434782608695
0.7888873886038348
0.7895625168782069
0.7903051579800162
0.7911490683229814
0.7918241965973535
0.7928031325951931
0.793579530110721
0.7943221712125303
0.7952335943829327
0.7958074534161491
0.7966176073453957
0.7972927356197678
0.7980691331352957
0.798811774237105
0.7994193896840399
0.8000607615446935
0.8009721847150959
0.8014110180934377
0.8023899540912773
0.8032338644342425
0.8039765055360518
0.8046516338104239
0.8052592492573589
0.8061706724277613
0.8067445314609776
0.8076221982176613
0.8081285444234405
0.8090062111801242
0.8096813394544964
0.8103564677288685
0.8110315960032406
0.8116729678638941
0.8124493653794221
0.813056980826357
0.8135970834458547
0.8141709424790711
0.8148798271671618
0.8155211990278153
0.8162975965433432
0.81734404536862
0.818120442884148
0.8194706994328923
0.8206184174993248
0.8212260329462598
0.8218336483931947
0.8223399945989738
0.8231501485282203
0.8238927896300297
0.824804212800432
0.8254793410748043
0.826525789900081
0.8272009181744532
0.8281460977585742
0.8287537132055091
0.829530110721037
0.8301377261679719
0.8307115852011883
0.8314542263029976
0.8322306238185255
0.8326357007831487
0.8332770726438024
0.8337159060221442
0.8345260599513907
0.8354037267080745
0.836213880637321
0.8367877396705374
0.8373953551174723
0.8380367269781258
0.8388131244936538
0.8396570348366189
0.8406359708344585
0.8415811504185795
0.842391304347826
0.8430326762084797
0.8437078044828518
0.8445517148258169
0.8452605995139076
0.8460369970294356
0.8468133945449635
0.8474547664056171
0.8481298946799892
0.8492100999189847
0.8499864974345126
0.850897920604915
0.8516405617067243
0.8525857412908453
0.8531596003240616
0.8539697542533081
0.8546786389413988
0.855522549284364
0.8564002160410478
0.8574466648663246
0.8580880367269781
0.8588306778287874
0.8594045368620038
0.8603159600324062
0.8610586011342155
0.8615649473399946
0.8621050499594923
0.8630164731298947
0.8635228193356738
0.8641979476100459
0.8648730758844181
0.8657844990548205
0.8664596273291926
0.867371050499595
0.8681812044288415
0.8691601404266811
0.8698015122873346
0.8703753713205509
0.8711517688360788
0.8719281663516069
0.8726370510396976
0.8731433972454766
0.8739535511747232
0.8746961922765325
0.8755401026194977
0.8761477180664327
0.876890359168242
0.8775654874426141
0.8780380772346746
0.8787132055090467
0.8794558466108561
0.8798946799891979
0.8805360518498515
0.8812786929516608
0.8820888468809074
0.8827977315689981
0.8833378341884958
0.8837091547394005
0.8842492573588981
0.8850256548744262
0.8857682959762355
0.8865109370780448
0.8871523089386983
0.8875573859033217
0.8882325141776938
0.8887388603834728
0.8893464758304078
0.8900891169322172
0.8908317580340265
0.8916081555495544
0.8923170402376451
0.8931271941668917
0.8938360788549824
0.8946799891979476
0.8950850661625709
0.8956926816095058
0.8963002970564408
0.896705374021064
0.8970091817445315
0.8976843100189036
0.8982919254658385
0.8989332973264921
0.8994396435322711
0.9001147718066432
0.9009249257358898
0.9014312719416689
0.9018701053200108
0.9025789900081015
0.9031190926275993
0.9039630029705644
0.9045031055900621
0.9050094517958412
0.9055157980016203
0.9061571698622738
0.9066972724817716
0.9074399135835809
0.908115041857953
0.9084863624088577
0.9090939778557926
0.9096678368890089
0.9102754523359439
0.9113556575749392
0.911895760194437
0.912402106400216
0.9128071833648393
0.913347285984337
0.9138873886038348
0.9145287604644883
0.9150351066702673
0.9156764785309208
0.916351606805293
0.9171955171482582
0.918073183904942
0.9186132865244396
0.919018363489063
0.919524709694842
0.9201660815554955
0.9208749662435863
0.9213813124493654
0.9218539022414258
0.9224277612746422
0.9229678638941399
0.923642992168512
0.9242168512017284
0.9249257358898191
0.925702133405347
0.9259721847150959
0.9265460437483122
0.9270861463678098
0.927930056710775
0.9283013772616797
0.9289089927086146
0.9295166081555496
0.9299216851201728
0.930428031325952
0.9307318390494194
0.9316095058061031
0.9320820955981637
0.9324196597353497
0.9327909802862544
0.9333985957331893
0.9340062111801242
0.9345125573859033
0.935221442073994
0.9354914933837429
0.9360653524169592
0.9365716986227384
0.936943019173643
0.9374493653794221
0.9379557115852012
0.9384958142046989
0.939002160410478
0.9397110450985687
0.9402511477180664
0.9406899810964083
0.941230083715906
0.9416689170942479
0.9422090197137456
0.9427491223332433
0.9433904941938969
0.9439305968133945
0.9446057250877666
0.945517148258169
0.9462260329462598
0.9467998919794761
0.9475087766675668
0.9480826357007831
0.9485552254928437
0.9490953281123413
0.9498379692141506
0.9507156359708344
0.9514245206589252
0.9518633540372671
0.9524372130704833
0.9529435592762625
0.9533486362408857
0.9537537132055091
0.9541925465838509
0.9548001620307859
0.9553740210640022
0.9560153929246556
0.9564542263029976
0.9570955981636511
0.9576357007831487
0.9580745341614907
0.958648393194707
0.959256008641642
0.9596610856062652
0.9603699702943559
0.960876316500135
0.9614501755333513
0.9619565217391305
0.9623615987037537
0.962766675668377
0.963543073183905
0.9640156629759654
0.9644544963543074
0.9647920604914934
0.9652984066972725
0.9658385093167702
0.9664461247637051
0.9671550094517959
0.9677626248987308
0.9682014582770726
0.9687415608965704
0.9694166891709425
0.970058061031596
0.9704293815825007
0.971003240615717
0.9715433432352147
0.9719821766135566
0.9723872535781799
0.9729273561976776
0.973399945989738
0.9738725357817986
0.9743113691601404
0.9751552795031055
0.9757291385363219
0.9762692411558196
0.9769781258439103
0.9773832028085336
0.9778220361868755
0.9784971644612477
0.9791047799081826
0.9795098568728058
0.9798811774237105
0.9802187415608966
0.9810288954901432
0.981467728868485
0.9821091007291385
0.9823453956251688
0.9829867674858223
0.9832568187955711
0.9837294085876317
0.9841007291385363
0.9846745881717527
0.9848771266540642
0.9852146907912503
0.985586011342155
0.9860248447204969
0.9862611396165272
0.9867337294085876
0.9869700243046179
0.9872738320280854
0.9875438833378342
0.9878476910613017
0.9881514987847692
0.9885228193356738
0.9888266270591413
0.9891641911963273
0.9893667296786389
0.9895692681609506
0.9898055630569809
0.9901768836078855
0.9905482041587902
0.9907844990548205
0.9909195247096948
0.9911558196057251
0.9913583580880367
0.9916959222252227
0.9920334863624088
0.9923372940858763
0.9926073453956251
0.9928436402916554
0.9932824736699973
0.9935862813934647
0.9937888198757764
0.9940588711855253
0.9943964353227113
0.9946664866324602
0.994936537942209
0.9951390764245207
0.9954428841479881
0.9957804482851742
0.9963205509046719
0.9965906022144208
0.9969619227653254
0.9971982176613556
0.9975020253848231
0.9978395895220091
0.998109640831758
0.9983796921415069
0.9985822306238186
0.9987172562786929
0.9990885768295976
0.9993248717256279
0.999493653794221
0.9995949230353767
0.9996624358628139
0.9997637051039697
0.9999324871725628
1.0
1.0
