0.0010464488252768026
0.0016878206859303267
0.0027005130974885228
0.003780718336483932
0.004658385093167702
0.0054685390224142585
0.006514987847691061
0.007493923845530651
0.008101539292465569
0.009249257358898191
0.010295706184174993
0.011342155009451797
0.012321091007291386
0.013131244936537943
0.01421145017553335
0.015426681069403187
0.016709424790710234
0.01772211720226843
0.018768566027545234
0.02008506616257089
0.02133405347015933
0.022853092087496623
0.024000810153929245
0.02524979746151769
0.026633810423980556
0.027916554145287605
0.029503105590062112
0.0309883877936808
0.03213610586011342
0.03341884958142047
0.03480286254388334
0.036018093437753175
0.0371995679179044
0.03831352957061842
0.03952876046448825
0.04104779908182555
0.04219551714825817
0.04364704293815825
0.04503105590062112
0.04661760734539563
0.04796786389413989
0.04911558196057251
0.05026330002700513
0.05151228733459357
0.052660005401026194
0.053436402916554146
0.05461787739670537
0.055900621118012424
0.05694706994328923
0.05829732649203349
0.05985012152308939
0.061267890899270865
0.0625168782068593
0.0635633270321361
0.06487982716716176
0.06606130164731298
0.06724277612746422
0.06828922495274102
0.06940318660545504
0.07061841749932488
0.07203618687550635
0.07298136645962733
0.07406157169862274
0.07544558466108561
0.07662705914123684
0.07797731568998109
0.07932757223872536
0.08040777747772077
0.08135295706184174
0.08270321361058601
0.0841884958142047
0.08547123953551175
0.0867539832568188
0.08793545773697002
0.08881312449365379
0.08979206049149338
0.09087226573048879
0.09185120172832838
0.09269511207129355
0.09370780448285174
0.09522684310018903
0.09647583040777748
0.09785984337024034
0.09931136916014043
0.10076289495004051
0.10197812584391035
0.10322711315149878
0.10450985687280584
0.10572508776667566
0.10714285714285714
0.10788549824466649
0.10883067782878747
0.11058601134215501
0.11193626789089928
0.11294896030245746
0.11406292195517148
0.11510937078044829
0.11645962732919254
0.11767485822306238
0.11902511477180665
0.12044288414798812
0.1213880637321091
0.12260329462597894
0.12378476910613016
0.12516878206859303
0.12621523089386982
0.12739670537402106
0.1285444234404537
0.12948960302457466
0.1306710775047259
0.13205509046718877
0.13347285984337023
0.13462057790980286
0.1358358088036727
0.13708479611126115
0.13819875776397517
0.13934647583040777
0.14076424520658926
0.1420469889278963
0.1429921685120173
0.14437618147448014
0.14599648933297327
0.1472792330542803
0.14856197677558736
0.14954091277342696
0.15089116932217123
0.15203888738860383
0.1532878746961923
0.15457061841749933
0.1555495544153389
0.15713610586011342
0.15828382392654605
0.15939778557926007
0.16047799081825548
0.16155819605725089
0.1627059141236835
0.16392114501755334
0.16510261949770455
0.16648663246016743
0.16803942749122333
0.16928841479881176
0.17050364569268162
0.17144882527680258
0.17290035106670268
0.1741155819605725
0.1750945179584121
0.17624223602484473
0.1776600054010262
0.17887523629489602
0.18005671077504726
0.1813394544963543
0.1824196597353497
0.18353362138806373
0.18451255738590333
0.18559276262489874
0.18721307048339184
0.18815825006751283
0.18886713475560357
0.19045368620037806
0.1915338914393735
0.19312044288414798
0.1942681609505806
0.19494328922495274
0.1963610586011342
0.19754253308128544
0.19875776397515527
0.20024304617877398
0.2014245206589252
0.20277477720766945
0.2035174183094788
0.20473264920334863
0.20584661085606265
0.20699432892249528
0.20827707264380232
0.20942479071023495
0.21043748312179314
0.21202403456656765
0.21344180394274911
0.21472454766405616
0.21604104779908181
0.21739130434782608
0.21891034296516337
0.22026059951390764
0.22130704833918444
0.22242100999189846
0.22343370240345667
0.22431136916014044
0.22613421550094517
0.2272481771536592
0.2283283823926546
0.22944234404536862
0.23069133135295705
0.23167026735079665
0.2329192546583851
0.23410072913853633
0.23528220361868754
0.23609235754793412
0.2371050499594923
0.23835403726708074
0.23943424250607614
0.24054820415879016
0.2416959222252228
0.2427423710504996
0.24358628139346475
0.24453146097758574
0.24588171752633
0.2469281663516068
0.24821091007291385
0.2495274102079395
0.25081015392924655
0.2519241155819606
0.25317310288954903
0.2542195517148258
0.2552660005401026
0.25631244936537945
0.2576289495004051
0.25887793680799354
0.2599918984607075
0.2611058601134216
0.2622873345935728
0.26367134755603566
0.2643802322441264
0.2654941938968404
0.2665068863083986
0.2675533351336754
0.2686335403726708
0.2700513097488523
0.27089522009181743
0.27211045098568726
0.27335943829327575
0.2742371050499595
0.2753510667026735
0.27663381042398055
0.2775114771806643
0.2784904131785039
0.2796381312449365
0.28092087496624357
0.282169862273832
0.2830812854442344
0.28443154199297865
0.28537672157709965
0.2867607345395625
0.28800972184715096
0.28912368349986495
0.28993383742911155
0.2908790170132325
0.2919592222522279
0.2928368890089117
0.2937483121793141
0.29526735079665134
0.2966176073453956
0.2977990818255469
0.2990480691331353
0.3001957871995679
0.301816095058061
0.3029975695382123
0.3047529030515798
0.305934377531731
0.30691331352957063
0.307993518768566
0.30931001890359167
0.31076154469349176
0.31190926275992437
0.31322576289495
0.3140696732379152
0.31498109640831756
0.31596003240615717
0.3170739940588712
0.31791790440183637
0.31876181474480153
0.32001080205238996
0.32115852011882257
0.32206994328922495
0.323352687010532
0.3245679179044018
0.3259856872805833
0.3269983796921415
0.3279773156899811
0.3289900081015393
0.3302727518228463
0.3312179314069673
0.3323994058871185
0.3331758034026465
0.3342222522279233
0.33533621388063733
0.3364164191196327
0.33766540642722115
0.338880637321091
0.3399608425600864
0.3409060221442074
0.3418174453146098
0.34289765055360516
0.34367404806913315
0.3449230353767216
0.34627329192546585
0.3470834458547124
0.34836618957601945
0.34937888198757766
0.35052660005401026
0.35167431812044286
0.3526870105320011
0.35356467728868485
0.35474615176883606
0.35596138266270594
0.35714285714285715
0.35825681879557114
0.3598433702403457
0.36122738320280856
0.36227383202808533
0.3633877936807994
0.3647380502295436
0.36605455036456924
0.36699972994869023
0.3679111531190926
0.36912638401296244
0.37037537132055093
0.37172562786929514
0.3728058331082906
0.3737847691061302
0.37486497434512556
0.3756751282743721
0.37675533351336754
0.3780380772346746
0.3792533081285444
0.3809073724007561
0.3822576289495004
0.38337159060221443
0.3847556035646773
0.38600459087226574
0.38698352687010534
0.3880299756953821
0.38927896300297055
0.390527950310559
0.391304347826087
0.39214825816905213
0.3930934377531731
0.3941736429921685
0.3951188225762895
0.3961315149878477
0.3972454766405617
0.3979543613286524
0.3988995409127734
0.3998447204968944
0.40119497704563867
0.4023764515257899
0.4034904131785039
0.4044355927626249
0.4055495544153389
0.4065284904131785
0.40784499054820417
0.4090264650283554
0.40993788819875776
0.410950580610316
0.41206454226302996
0.4132122603294626
0.4140561706724278
0.41540642722117205
0.41662165811504187
0.41773561976775586
0.4188495814204699
0.4199635430731839
0.4210099918984607
0.42225897920604916
0.42317040237645154
0.42441938968403997
0.42529705644072374
0.42674858223062384
0.427592492573589
0.4287739670537402
0.4299554415338914
0.4307993518768566
0.4318120442884148
0.4329597623548474
0.4339724547664056
0.4349851471779638
0.43616662165811504
0.436943019173643
0.43782068593032675
0.4389008911693222
0.4400486092357548
0.44116257088846883
0.44210775047258977
0.44301917364299215
0.4438968403996759
0.44490953281123413
0.4458547123953551
0.44710369970294356
0.44801512287334594
0.4489265460437483
0.4500067512827437
0.4508169052119903
0.4516945719686741
0.4529435592762625
0.45375371320550906
0.4549689440993789
0.45577909802862543
0.4567242776127464
0.4576357007831488
0.4587834188495814
0.4603024574669187
0.4616864704293816
0.46249662435862815
0.46391439373480964
0.4649608425600864
0.46610856062651906
0.4669187145557656
0.4680326762084796
0.4690116122063192
0.4699905482041588
0.4711382662705914
0.4723197407507426
0.47339994598973806
0.4744463948150148
0.47549284364029165
0.4768093437753173
0.47765325411828247
0.4789697542533081
0.48018498514717795
0.4812651903861734
0.48275047258979203
0.48372940858763164
0.48494463948150146
0.4859573318930597
0.48730758844180394
0.48845530650823654
0.4896367809883878
0.4907169862273832
0.49186470429381585
0.492708614636781
0.4938900891169322
0.49453146097758577
0.4955103969754253
0.49655684580070214
0.497940858763165
0.49891979476100456
0.5000675128274372
0.5009789359978396
0.5015865514447745
0.5025654874426141
0.5038144747502026
0.5051984877126654
0.5065487442614097
0.5075614366729678
0.508574129084526
0.509958142046989
0.5110721036997029
0.5119497704563867
0.5130299756953821
0.5140089116932217
0.5150553605184985
0.5157980016203079
0.5169457196867405
0.5176208479611126
0.5185997839589522
0.5195112071293546
0.5204563867134756
0.5219416689170943
0.522819335673778
0.5237982716716176
0.5246084256008642
0.525486092357548
0.5262624898730759
0.5274102079395085
0.5283553875236295
0.5294693491763435
0.530718336483932
0.5318660545503646
0.5329800162030786
0.5336551444774507
0.5348366189576019
0.5360518498514718
0.5373008371590602
0.538178503915744
0.5389886578449905
0.5398325681879557
0.5407102349446394
0.5420604914933838
0.5431406967323792
0.5441196327302188
0.54530110721037
0.5462800432082096
0.546921415068863
0.547697812584391
0.5488455306508236
0.5494193896840399
0.5503645692681609
0.5512084796111261
0.5524912233324332
0.5534026465028355
0.554482851741831
0.5552930056710775
0.5562381852551985
0.5574196597353497
0.5579597623548475
0.5589386983526871
0.5599176343505265
0.5609303267620848
0.5623143397245477
0.5633607885498245
0.5644409937888198
0.5657574939238456
0.5670402376451525
0.5678841479881177
0.5690318660545504
0.57001080205239
0.5710234944639482
0.5719349176343506
0.5730488792870645
0.5739940588711855
0.5749392384553065
0.5760869565217391
0.5771671617607346
0.5782811234134485
0.5788549824466649
0.5798676748582231
0.5810491493383743
0.5823318930596814
0.5834120982986768
0.5844247907102349
0.5853362138806373
0.5867539832568188
0.5880029705644072
0.5889481501485282
0.5899270861463678
0.5909735349716446
0.5922562786929516
0.593167701863354
0.5939778557926005
0.5948892789630029
0.5961045098568728
0.5970496894409938
0.5981974075074264
0.5989738050229544
0.6000202538482312
0.6004928436402917
0.601404266810694
0.6024844720496895
0.6034634080475291
0.6043410748042128
0.6051174723197408
0.6059951390764245
0.6067715365919525
0.6078179854172293
0.6086281393464759
0.6096745881717527
0.6105522549284365
0.6114636780988387
0.6123413448555225
0.6130164731298947
0.6138941398865785
0.6148055630569809
0.615987037537132
0.61676343505266
0.6178436402916554
0.6188563327032136
0.6201053200108021
0.6210842560086416
0.621995679179044
0.6229071023494464
0.6239535511747232
0.6251012692411558
0.6260126924115582
0.6265865514447745
0.6275992438563327
0.6285106670267351
0.6295908722657305
0.6302660005401026
0.6312449365379422
0.632291385363219
0.633067782878747
0.6339454496354308
0.635295706184175
0.636240885768296
0.6372535781798542
0.6379962192816635
0.6391439373480962
0.6400216041047799
0.6409330272751823
0.6417094247907102
0.642587091547394
0.6435660275452336
0.6446462327842291
0.6455238995409128
0.6466716176073454
0.647650553605185
0.6488320280853362
0.650047258979206
0.6509249257358898
0.6518701053200108
0.6527815284904132
0.6537942209019714
0.654941938968404
0.6559883877936808
0.6569335673778017
0.6580137726167972
0.6587226573048879
0.6599041317850391
0.6608493113691601
0.661895760194437
0.6627734269511207
0.6635835808803673
0.6645287604644883
0.6656764785309208
0.6665203888738861
0.6673980556305698
0.6684782608695652
0.6693221712125303
0.6701998379692141
0.6709424790710234
0.6720564407237375
0.6732716716176074
0.6740480691331353
0.6748244666486632
0.6755671077504726
0.6763435052660005
0.6772549284364029
0.67853767215771
0.6796516338104239
0.6803942749122334
0.6813056980826357
0.6822846340804752
0.6832973264920335
0.6841749932487172
0.6852889549014313
0.6858628139346475
0.6867067242776127
0.6874493653794221
0.6881920064812315
0.689002160410478
0.6896772886848501
0.6905211990278153
0.6912975965433432
0.6919052119902781
0.6926140966783689
0.6933229813664596
0.6941668917094248
0.6949432892249527
0.695955981636511
0.6967323791520389
0.6975087766675668
0.6984201998379692
0.6991290845260599
0.6998717256278693
0.7006818795571158
0.701525789900081
0.7026735079665136
0.703584931136916
0.7041925465838509
0.7051039697542533
0.7058803672697812
0.7069605725087766
0.7077369700243046
0.7087834188495814
0.7096273291925466
0.7105387523629489
0.7115176883607885
0.7123615987037537
0.7133742911153119
0.7141169322171212
0.7153996759384283
0.7164461247637051
0.7172562786929516
0.717830137726168
0.718336483931947
0.7192141506886308
0.7201255738590332
0.7211382662705914
0.7220496894409938
0.7230961382662706
0.7237375101269241
0.7248177153659195
0.7255266000540103
0.7265055360518499
0.7273156899810964
0.728294625978936
0.7291047799081826
0.7298136645962733
0.7305563056980826
0.731467728868485
0.7321428571428571
0.7331893059681339
0.7341344855522549
0.7351809343775317
0.7362611396165272
0.7370712935457737
0.7377464218201458
0.7384553065082365
0.7393329732649203
0.7403119092627599
0.7413583580880367
0.7421347556035647
0.7429786659465298
0.7439576019443694
0.744767755873616
0.7455441533891439
0.7462530380772346
0.7471982176613556
0.748109640831758
0.7488185255198487
0.7499662435862814
0.7506413718606535
0.7518566027545234
0.7529368079935188
0.7539832568187955
0.7547934107480422
0.7557385903321631
0.7565825006751282
0.7572238725357818
0.7580340264650284
0.7588104239805563
0.7598231163921145
0.7608020523899541
0.7616122063192007
0.7624561166621658
0.7632325141776938
0.7640426681069403
0.7646840399675938
0.7653591682419659
0.7662030785849311
0.7672157709964893
0.7678233864434243
0.768869835268701
0.7696462327842291
0.7703888738860384
0.7711315149878477
0.7720766945719687
0.7727518228463408
0.7736294896030246
0.7746421820145828
0.7754523359438293
0.7764312719416689
0.7773089386983527
0.7781190926275993
0.7788617337294086
0.7798744261409668
0.7806170672427761
0.7813934647583041
0.7821361058601134
0.7830137726167972
0.7837226573048879
0.7844990548204159
0.7855792600594113
0.7865244396435322
0.7871320550904672
0.7881447475020253
0.789123683499865
0.7898325681879557
0.790406427221172
0.7914191196327303
0.7923980556305698
0.7931744531460978
0.7939508506616257
0.794524709694842
0.79530110721037
0.7961450175533351
0.7967526330002701
0.7977315689981096
0.7985079665136376
0.7993518768566028
0.7999932487172563
0.8008034026465028
0.8015460437483122
0.8023561976775587
0.803098838779368
0.8036726978125844
0.8046853902241425
0.8051579800162031
0.8060356467728869
0.8068120442884148
0.8075884418039427
0.8081960572508776
0.8091412368349986
0.8100189035916824
0.8108965703483662
0.8114029165541453
0.8120105320010802
0.8127194166891709
0.8136308398595733
0.8141709424790711
0.8151161220631921
0.8156562246826897
0.8162975965433432
0.8170402376451525
0.8179854172292735
0.8186943019173643
0.8194369430191737
0.820179584120983
0.8207871995679179
0.8214960842560086
0.8222724817715366
0.8232514177693762
0.8240278152849041
0.8250067512827437
0.8258844180394275
0.8265933027275182
0.8274372130704833
0.8279098028625439
0.8286186875506346
0.8293613286524439
0.8302389954091277
0.8309141236834998
0.8316230083715906
0.8322643802322441
0.8330407777477721
0.8335808803672697
0.8344247907102349
0.8352349446394814
0.8361463678098838
0.8368552524979747
0.8376316500135026
0.8381717526330003
0.838880637321091
0.8394207399405887
0.8401296246286795
0.8408722657304888
0.8416149068322981
0.8422900351066702
0.843167701863354
0.843775317310289
0.8444842019983797
0.8453618687550635
0.8456994328922496
0.8467796381312449
0.8473872535781799
0.8479948690251148
0.8489062921955172
0.8493788819875776
0.8501552795031055
0.8509316770186336
0.8517755873615988
0.8523156899810964
0.8535646772886849
0.8544423440453687
0.855184985147178
0.8558601134215501
0.8568052930056711
0.8576154469349176
0.8583243316230084
0.8591007291385363
0.8598433702403456
0.8604847421009992
0.8612948960302458
0.8619700243046179
0.8627801782338644
0.8636240885768296
0.8644004860923575
0.864704293815825
0.8657507426411019
0.8665608965703484
0.8673035376721577
0.8680124223602484
0.8686537942209019
0.8692276532541183
0.8700378071833649
0.8707804482851742
0.8715568458007021
0.8720969484201998
0.8725357817985417
0.8730758844180394
0.8737510126924115
0.8744598973805023
0.8751012692411558
0.8761477180664327
0.8767890899270862
0.8774304617877396
0.8781393464758304
0.8788144747502026
0.8792533081285444
0.8798609235754793
0.8807385903321631
0.8814137186065353
0.8821563597083446
0.8826964623278423
0.8832703213610587
0.8839792060491494
0.8846205779098029
0.8853632190116122
0.8859708344585471
0.8863421550094518
0.8872198217661356
0.8880637321091007
0.8885363219011613
0.8891439373480962
0.8900891169322172
0.8907980016203079
0.8913381042398055
0.8920469889278962
0.8925533351336754
0.8934985147177964
0.8939711045098568
0.8947812584391034
0.8953551174723198
0.8960302457466919
0.8966716176073454
0.8975155279503105
0.8984607075344315
0.8988657844990549
0.8996421820145828
0.9002497974615177
0.9010261949770456
0.9018701053200108
0.9026802592492573
0.9032878746961923
0.903996759384283
0.9047056440723737
0.9052457466918714
0.9056508236564947
0.9065622468268971
0.907169862273832
0.907608695652174
0.9082163110991088
0.9088576829597623
0.9096003240615717
0.9104779908182554
0.911119362678909
0.9116257088846881
0.9125033756413718
0.913178503915744
0.9136848501215231
0.9143599783958952
0.9148325681879557
0.9155752092897651
0.9160140426681069
0.916689170942479
0.9172292735619768
0.9176681069403186
0.9185120172832838
0.9191196327302188
0.9198285174183095
0.9203686200378072
0.9209087226573048
0.9213475560356468
0.9218876586551444
0.9224952741020794
0.9231028895490143
0.9236092357547934
0.9241830947880098
0.9247907102349446
0.9252970564407237
0.9257696462327842
0.9265122873345936
0.9270861463678098
0.9275249797461518
0.928098838779368
0.9288414798811774
0.9295166081555496
0.9302254928436403
0.9307318390494194
0.931879557115852
0.9323183904941938
0.9330947880097219
0.9333985957331893
0.9340399675938428
0.9347488522819336
0.9352551984877127
0.9358290575209289
0.9365379422090198
0.9369092627599244
0.9375168782068592
0.9380232244126384
0.938394544963543
0.9388671347556036
0.9396772886848501
0.9403524169592222
0.9409600324061572
0.9417701863354038
0.9426478530920875
0.943289224952741
0.9438630839859573
0.9446732379152039
0.945179584120983
0.9457871995679179
0.9463948150148528
0.9470024304617878
0.9473399945989738
0.9480488792870645
0.9488252768025925
0.9493316230083716
0.9498717256278693
0.9505130974885229
0.9515595463137996
0.9523359438293276
0.9529098028625439
0.9536524439643532
0.9540237645152579
0.9545638671347556
0.9551039697542533
0.955644072373751
0.9561166621658115
0.956758034026465
0.9571631109910883
0.957534431541993
0.9581758034026465
0.9588846880907372
0.9593910342965163
0.9599986497434513
0.9606062651903862
0.9610113421550095
0.9615176883607885
0.9622265730488793
0.9626316500135026
0.9633742911153119
0.9637793680799351
0.9642857142857143
0.964825816905212
0.9653659195247097
0.9661085606265191
0.9664461247637051
0.9672562786929516
0.9679314069673238
0.9684715095868215
0.9689778557926005
0.9693829327572239
0.9699230353767215
0.9704293815825007
0.9713408047529031
0.9716446124763705
0.9721847150958682
0.9726910613016473
0.973062381852552
0.9735012152308938
0.9739062921955172
0.9744126384012962
0.9748514717796382
0.9753578179854172
0.975897920604915
0.976235484742101
0.9766405617067243
0.977180664326222
0.9776194977045639
0.9779570618417499
0.9783621388063732
0.9788009721847151
0.9791047799081826
0.9795436132865244
0.9799824466648663
0.9803200108020524
0.9805900621118012
0.9810288954901432
0.9815352416959222
0.9819403186605455
0.982412908452606
0.9828517418309479
0.983358088036727
0.9838981906562246
0.9842695112071294
0.9846070753443155
0.9848771266540642
0.9854509856872806
0.9856535241695922
0.9859235754793411
0.986362408857683
0.9867337294085876
0.9871050499594923
0.9875101269241155
0.9877126654064272
0.9878814474750203
0.9881852551984878
0.9886578449905482
0.9890291655414529
0.9895017553335134
0.9899068322981367
0.9901768836078855
0.9903794220901971
0.990649473399946
0.9907844990548205
0.9913921145017554
0.99176343505266
0.9922022684310019
0.9924723197407508
0.9928436402916554
0.9932824736699973
0.9935187685660275
0.9937888198757764
0.9942276532541183
0.9945314609775857
0.994767755873616
0.9951390764245207
0.9953416149068323
0.9959154739400486
0.9963205509046719
0.9967256278692952
0.996995679179044
0.9972657304887929
0.9975357817985417
0.9978395895220091
0.9981433972454766
0.9984472049689441
0.9987510126924115
0.9989535511747232
0.9991560896570348
0.9992573588981907
0.999493653794221
0.9996624358628139
0.9997637051039697
0.9998649743451256
1.0
1.0
1.0
