0.0008776667566837699
0.001519038617337294
0.0021941668917094246
0.003105590062111801
0.003949500405076965
0.005029705644072373
0.00594112881447475
0.006548744261409668
0.007527680259249258
0.00857412908452606
0.00935052660005401
0.010464488252768026
0.011814744801512287
0.013029975695382123
0.01431271941668917
0.015426681069403187
0.016506886308398597
0.017587091547394004
0.018194706994328923
0.019072373751012693
0.0201525789900081
0.020928976505536052
0.021806643262219823
0.022954361328652445
0.023899540912773427
0.024709694842019982
0.025789900081015393
0.026768836078854982
0.028017823386443423
0.029199297866594653
0.030245746691871456
0.031190926275992438
0.0325411828247367
0.033655144477450716
0.034769106130164734
0.03568052930056711
0.0366932217121253
0.03746961922765325
0.03881987577639751
0.040102619497704564
0.041250337564137186
0.042330542803132594
0.0438833378341885
0.04503105590062112
0.04614501755333513
0.04725897920604915
0.04800162030785849
0.049048069133135294
0.05039832568187956
0.05141101809343775
0.05225492843640292
0.05336889008911693
0.054516608155549554
0.05549554415338914
0.05671077504725898
0.057892249527410206
0.05931001890359168
0.06035646772886848
0.06140291655414529
0.06241560896570349
0.06339454496354308
0.06440723737510128
0.06528490413178505
0.06636510937078045
0.06737780178233864
0.06825546853902241
0.06960572508776668
0.0707871995679179
0.07186740480691331
0.07308263570078315
0.07426411018093437
0.07510802052389955
0.07625573859033216
0.07736970024304618
0.07858493113691602
0.07946259789359979
0.0805765595463138
0.08172427761274642
0.08277072643802322
0.08388468809073724
0.08513367539832568
0.08648393194706994
0.087766675668377
0.08928571428571429
0.0903996759384283
0.09120982986767485
0.09215500945179585
0.09340399675938428
0.09445044558466109
0.09573318930596814
0.09674588171752634
0.09839994598973804
0.09991898460707535
0.10106670267350797
0.10187685660275453
0.10268701053200108
0.10417229273561977
0.10521874156089657
0.10629894679989198
0.10710910072913854
0.10812179314069673
0.10923575479341074
0.11031596003240615
0.11149743451255739
0.11294896030245746
0.11379287064542264
0.11510937078044829
0.11632460167431811
0.11750607615446935
0.11851876856602754
0.11929516608155549
0.12024034566567648
0.12125303807723467
0.12229948690251148
0.12364974345125573
0.12533756413718605
0.12672157709964893
0.12790305157980017
0.12911828247367
0.13063732109100729
0.13178503915743991
0.13289900081015393
0.1343167701863354
0.13526194977045639
0.1364771806643262
0.13765865514447745
0.13880637321091008
0.13981906562246826
0.14120307858493114
0.14295841209829868
0.14434242506076153
0.14555765595463138
0.1467728868485012
0.14792060491493383
0.14940588711855252
0.15058736159870376
0.15173507966513639
0.15305157980016204
0.15419929786659464
0.15548204158790171
0.1565284904131785
0.15777747772076695
0.15889143937348096
0.1601404266810694
0.16152443964353227
0.16257088846880907
0.1636848501215231
0.16503510667026736
0.16614906832298137
0.1673642992168512
0.16851201728328383
0.16962597893599785
0.17077369700243047
0.1719889278963003
0.17320415879017012
0.1740818255468539
0.17512827437213072
0.17620847961112612
0.17742371050499595
0.17897650553605185
0.18049554415338914
0.18147448015122875
0.1823859033216311
0.18360113421550095
0.18468133945449636
0.18620037807183365
0.1874831217931407
0.18866459627329193
0.18987982716716176
0.19092627599243855
0.19204023764515257
0.19308668647042937
0.19382932757223872
0.195179584120983
0.19659735349716445
0.19761004590872266
0.19875776397515527
0.19966918714555765
0.2009181744531461
0.20247096948420198
0.2035174183094788
0.20459762354847422
0.20574534161490685
0.20699432892249528
0.20787199567917905
0.20922225222792332
0.21016743181204428
0.21087631650013502
0.21212530380772346
0.21367809883877936
0.21458952200918174
0.21570348366189576
0.216884958142047
0.21806643262219821
0.21914663786119362
0.22022684310018903
0.22123953551174724
0.2226573048879287
0.224176343505266
0.22552660005401026
0.22653929246556845
0.22745071563597083
0.22869970294355926
0.22964488252768026
0.23059006211180125
0.23173778017823388
0.23288549824466648
0.2339994598973805
0.23548474210099918
0.23690251147718067
0.2380839859573319
0.23929921685120173
0.240649473399946
0.24213475560356468
0.24351876856602755
0.24449770456386713
0.24544288414798812
0.2469281663516068
0.24807588441803943
0.24925735889819065
0.2505401026194977
0.2515527950310559
0.2531055900621118
0.2540507696462328
0.2556373210910073
0.25675128274372133
0.25800027005130977
0.2592155009451796
0.26049824466648663
0.26164596273291924
0.262523629489603
0.26360383472859844
0.2646502835538752
0.2660005401026195
0.2674520658925196
0.2682622198217661
0.2694099378881988
0.27059141236835
0.2718066432622198
0.27285309208749664
0.27406832298136646
0.2752835538752363
0.2763300027005131
0.2774439643532271
0.2784229003510667
0.27973940048609236
0.28119092627599246
0.2819673237915204
0.2829800162030786
0.28372265730488794
0.2848028625438833
0.285950580610316
0.28696327302187413
0.2881109910883068
0.2895287604644883
0.2907102349446395
0.29175668376991626
0.2928706454226303
0.29418714555765596
0.2953686200378072
0.29651633810423983
0.2976302997569538
0.2990818255468539
0.30026330002700513
0.30103969754253307
0.30238995409127734
0.3033013772616797
0.30451660815554954
0.30546178773967053
0.30664326221982174
0.3080272751822846
0.3090062111801242
0.3103227113151499
0.3114704293815825
0.31261814744801514
0.31383337834188496
0.31498109640831756
0.3165676478530921
0.31758034026465026
0.3188630839859573
0.32038212260329463
0.3216986227383203
0.32311639211450177
0.3242641101809344
0.3253105590062112
0.3262557385903322
0.32730218741560896
0.3280785849311369
0.3292938158250068
0.33037402106400215
0.331589251957872
0.3326694571968674
0.3337496624358628
0.33493113691601406
0.3361463678098839
0.3371928166351607
0.33817175263300026
0.3393869835268701
0.3404671887658655
0.3416149068322981
0.3425938428301377
0.3435052660005401
0.3449230353767216
0.34640831758034024
0.3476910613016473
0.34883877936807994
0.35005401026194977
0.3511679719146638
0.3523156899810964
0.35356467728868485
0.35461112611396167
0.3558263570078315
0.3569403186605455
0.35832433162300836
0.3598096138266271
0.3604847421009992
0.3614636780988388
0.3621388063732109
0.3631177423710505
0.3645692681609506
0.3655819605725088
0.36686470429381585
0.36824871725627867
0.36919389684039966
0.3705103969754253
0.3713543073183905
0.37253578179854174
0.3735147177963813
0.3749324871725628
0.3760464488252768
0.37722792330542804
0.3785444234404537
0.3795571158520119
0.38083985957331895
0.38192006481231433
0.3832028085336214
0.384181744531461
0.3853294625978936
0.3866122063192006
0.3880299756953821
0.38907642452065894
0.3899203348636241
0.3909330272751823
0.39194571968674047
0.3930934377531731
0.3941061301647313
0.3950513097488523
0.39596273291925466
0.39714420739940587
0.3986970024304618
0.3998447204968944
0.4005536051849852
0.4017350796651364
0.4033891439373481
0.40446934917634353
0.4054820415879017
0.4064947339994599
0.4077099648933297
0.4088576829597624
0.4095665676478531
0.4107480421280043
0.4119295166081556
0.4131109910883068
0.41446124763705106
0.41564272211720227
0.41675668376991626
0.41797191466378614
0.419524709694842
0.42063867134755606
0.42171887658655144
0.42269781258439104
0.42381177423710503
0.4246894409937888
0.4259046718876587
0.42674858223062384
0.4280988387793681
0.42907777477720765
0.43002295436132865
0.4314069673237915
0.4324871725627869
0.43353362138806373
0.4346475830407778
0.43576154469349176
0.4370442884147988
0.4380232244126384
0.43930596813394546
0.44031866054550367
0.44136510937078044
0.4422090197137456
0.44335673778017826
0.4446057250877667
0.44609100729138534
0.4471712125303808
0.44828517418309477
0.4494328922495274
0.450411828247367
0.45182959762354846
0.45270726438023223
0.45368620037807184
0.455475290305158
0.45655549554415337
0.45733189305968136
0.4588509316770186
0.45996489332973267
0.4609438293275722
0.46195652173913043
0.46300297056440726
0.463880637321091
0.4647920604914934
0.4654671887658655
0.46654739400486095
0.4678638941398866
0.46907912503375643
0.4699567917904402
0.4706319200648123
0.47174588171752635
0.47312989467998917
0.47454766405617066
0.4753578179854172
0.4763367539832568
0.47741695922225225
0.4787672157709965
0.47974615176883606
0.4805563056980826
0.4815689981096408
0.482412908452606
0.48352687010532003
0.48467458817175263
0.4857885498244667
0.48680124223602483
0.4879489603024575
0.4890966783688901
0.48987307588441803
0.4907844990548204
0.4917296786389414
0.4931136916014043
0.49449770456386716
0.4954428841479881
0.49675938428301375
0.4980421280043208
0.499054820415879
0.5001012692411558
0.5010464488252768
0.5025654874426141
0.5036456926816095
0.5045571158520119
0.5057048339184445
0.5068863083985957
0.5078990008101539
0.5089454496354308
0.5100256548744262
0.511240885768296
0.5123886038347286
0.5131987577639752
0.5142789630029706
0.5152578990008102
0.5158992708614637
0.5170132325141777
0.5177558736159871
0.5187348096138267
0.519815014852822
0.5206251687820685
0.5216041047799082
0.5226167971914664
0.5238320280853362
0.5248109640831758
0.525992438563327
0.5270726438023224
0.5278490413178504
0.5291655414528761
0.5302457466918714
0.5315284904131785
0.5329125033756413
0.5336889008911693
0.5348366189576019
0.5355792600594113
0.5368620037807184
0.5376721577099649
0.5386510937078045
0.5401701323251418
0.5411490683229814
0.5422292735619768
0.5431744531460978
0.5438495814204699
0.5450648123143397
0.5463813124493654
0.5474615176883608
0.5483729408587632
0.5494531460977585
0.5504995949230354
0.5515798001620308
0.552761274642182
0.5537739670537402
0.5550229543613286
0.5556643262219821
0.5560694031866055
0.5569470699432892
0.5579597623548475
0.5589724547664057
0.5601539292465568
0.5613016473129895
0.5624493653794221
0.5632257628949501
0.5643734809613826
0.5656224682689711
0.5665676478530921
0.5677491223332433
0.5687618147448015
0.5699095328112341
0.5710234944639482
0.5720024304617878
0.5727788279773157
0.5739265460437483
0.5749392384553065
0.5760532001080205
0.577133405347016
0.5783486362408857
0.5792600594112881
0.5803065082365649
0.581420469889279
0.5823994058871186
0.5835471239535511
0.584762354847421
0.5854037267080745
0.5865514447745072
0.5874628679449095
0.5887456116662165
0.5899270861463678
0.5905684580070213
0.5917499324871726
0.5927288684850122
0.5934039967593843
0.5942141506886308
0.5951930866864704
0.5963745611666217
0.5972859843370241
0.598399945989738
0.5995814204698893
0.6007966513637591
0.6017418309478801
0.6026870105320011
0.6037334593572778
0.6048474210099919
0.6057588441803943
0.6066702673507967
0.607581690521199
0.6089319470699432
0.6096070753443155
0.6106872805833108
0.6119025114771807
0.6128476910613017
0.6136578449905482
0.6148055630569809
0.6158182554685391
0.6169659735349716
0.6177761274642182
0.6185525249797461
0.6192951660815555
0.6204091277342695
0.6215568458007021
0.6222994869025115
0.6232784229003511
0.6244598973805023
0.6254050769646233
0.6264852822036187
0.6272954361328652
0.6285106670267351
0.6294896030245747
0.6303335133675398
0.6312786929516608
0.6320550904671888
0.6331015392924656
0.6340804752903052
0.6350256548744262
0.636240885768296
0.6373210910072914
0.6385363219011613
0.639751552795031
0.6408655144477451
0.6419457196867405
0.6428571428571429
0.6441398865784499
0.6450850661625709
0.6463002970564408
0.6471104509856873
0.6477855792600594
0.648595733189306
0.6495071563597083
0.6503848231163921
0.6516675668376991
0.6525452335943829
0.6535579260059411
0.6547056440723737
0.6554820415879017
0.6560896570348366
0.6574061571698623
0.6583513367539833
0.6592627599243857
0.6603767215770997
0.6613894139886578
0.662233324331623
0.6633810423980556
0.6642587091547394
0.6653389143937348
0.6660815554955442
0.6674318120442884
0.6683432352146907
0.6690521199027816
0.6700648123143397
0.6710099918984607
0.6720901971374561
0.6729341074804213
0.673811774237105
0.6744531460977585
0.6756683769916284
0.6763435052660005
0.6773224412638401
0.6781663516068053
0.6791452876046449
0.6800904671887659
0.6812381852551985
0.6820820955981637
0.68265595463138
0.6832973264920335
0.6845463137996219
0.6853227113151499
0.6863691601404267
0.6873480961382663
0.6883607885498245
0.6892384553065083
0.6901836348906292
0.6910613016473129
0.6919727248177153
0.6928503915743991
0.6936605455036456
0.6947745071563597
0.6956521739130435
0.6962260329462598
0.697238725357818
0.698352687010532
0.6990615716986227
0.6998379692141506
0.7005806103159601
0.7014582770726439
0.7020996489332973
0.7031798541722928
0.7040575209289766
0.7050702133405347
0.7059141236834998
0.7067917904401836
0.7076019443694302
0.7087159060221442
0.7096610856062652
0.710707534431542
0.7115176883607885
0.7122940858763165
0.713104239805563
0.7139819065622468
0.7147583040777747
0.7153996759384283
0.7164123683499865
0.7175263300027005
0.7182689711045098
0.7191466378611936
0.7199905482041588
0.721003240615717
0.7217121253038077
0.7227923305428031
0.7234674588171752
0.724513907642452
0.7253915743991358
0.7263367539832568
0.7272481771536592
0.728125843910343
0.7288684850121523
0.7297123953551174
0.7304550364569268
0.7312989467998919
0.7322103699702943
0.7329192546583851
0.7335606265190386
0.7345733189305969
0.7355184985147178
0.7365649473399946
0.7371725627869296
0.7380502295436133
0.7391641911963273
0.7400756143667296
0.7410545503645692
0.7420334863624088
0.7430124223602484
0.7434512557385903
0.7441938968403997
0.7452065892519578
0.7461855252497974
0.7468944099378882
0.7477045638671348
0.7482784229003511
0.7493586281393465
0.7504388333783418
0.7511814744801513
0.752227923305428
0.753004320820956
0.7536456926816095
0.7546921415068863
0.7555698082635701
0.7564137186065353
0.7571563597083446
0.7578652443964353
0.7587429111531191
0.7599243856332704
0.7605657574939239
0.7614771806643262
0.7622198217661356
0.763131244936538
0.7640089116932217
0.7648865784499055
0.765527950310559
0.7663718606535241
0.7671145017553335
0.7680934377531731
0.7688023224412638
0.7696799891979476
0.7706926816095058
0.7716041047799082
0.7725492843640291
0.773595733189306
0.774540912773427
0.7751822846340805
0.7762287334593573
0.7770388873886038
0.7780853362138807
0.77882797731569
0.7793680799351876
0.7803470159330272
0.781224682689711
0.7821023494463948
0.7828787469619227
0.7836551444774507
0.7841952470969484
0.7849716446124764
0.7858493113691601
0.786895760194437
0.7879084526059952
0.7887523629489603
0.7895625168782069
0.7903726708074534
0.7912503375641372
0.7920604914933838
0.7926343505266
0.7933769916284094
0.7942209019713745
0.7947272481771537
0.7956724277612747
0.7964488252768026
0.7974277612746422
0.7981366459627329
0.7990143127194167
0.7999594923035377
0.800533351336754
0.8014110180934377
0.8022211720226843
0.8027275182284634
0.8033013772616797
0.8041790440183635
0.8050567107750473
0.8057318390494194
0.8064407237375101
0.8070145827707265
0.8079935187685661
0.8090399675938428
0.8098163651093708
0.8108290575209289
0.8117742371050499
0.8124156089657035
0.8134958142046989
0.8140696732379152
0.8151161220631921
0.8159262759924386
0.816837699162841
0.8175465838509317
0.8183904941938969
0.8191331352957062
0.8199770456386714
0.8205509046718876
0.821293545773697
0.8217998919794761
0.8223399945989738
0.8231839049419389
0.8236564947339995
0.8245004050769646
0.8252092897650554
0.8260194436943019
0.8267620847961112
0.8274372130704833
0.8280110721036997
0.8286524439643532
0.8293613286524439
0.8302389954091277
0.8311504185795301
0.8321293545773697
0.8325681879557116
0.8333783418849582
0.8341884958142047
0.8348298676748582
0.8354712395355117
0.8363826627059141
0.837159060221442
0.8381379962192816
0.8386105860113422
0.8392182014582771
0.8398933297326492
0.8406359708344585
0.8415136375911423
0.8423237915203888
0.8432014582770726
0.8440116122063192
0.8448555225492843
0.8455981636510937
0.8464083175803403
0.8473534971644613
0.8480961382662706
0.8487375101269241
0.8493113691601404
0.8502565487442614
0.8507291385363219
0.8514380232244126
0.8521131514987847
0.8527882797731569
0.8535984337024034
0.8541385363219012
0.8548474210099919
0.8556575749392384
0.8562651903861733
0.8571091007291385
0.8577504725897921
0.8582905752092898
0.8591682419659735
0.8597421009991898
0.8604847421009992
0.86119362678909
0.8618012422360248
0.8626113961652714
0.8635228193356738
0.8643667296786389
0.865041857953011
0.8656832298136646
0.8661558196057251
0.8668647042938158
0.8676073453956251
0.8681136916014043
0.868822576289495
0.8695989738050229
0.8703416149068323
0.8711855252497974
0.871995679179044
0.8724682689711045
0.8732784229003511
0.8737172562786929
0.8745274102079396
0.8750675128274372
0.8757088846880907
0.8765865514447745
0.8774979746151769
0.8786794490953281
0.8793883337834189
0.8801984877126654
0.881008641641912
0.8817512827437213
0.8825614366729678
0.8831015392924656
0.8835403726708074
0.884519308668647
0.8853632190116122
0.8860721036997029
0.8869160140426681
0.8876586551444775
0.8883675398325682
0.8891439373480962
0.8898528220361869
0.8907304887928706
0.89147312989468
0.8922832838239265
0.8928908992708615
0.893532271131515
0.8943424250607616
0.8951188225762895
0.8956251687820685
0.896367809883878
0.8970766945719687
0.8977180664326222
0.8984269511207129
0.8991695922225222
0.8998784769106131
0.9004185795301107
0.9010599513907642
0.9017013232514177
0.9021739130434783
0.9027815284904132
0.9036929516608155
0.9042668106940319
0.9046381312449365
0.9052457466918714
0.9059546313799622
0.9065284904131785
0.9074061571698623
0.9080812854442344
0.9087564137186065
0.9093977855792601
0.9100729138536322
0.9107817985417229
0.9115581960572509
0.9121658115041857
0.9127059141236835
0.913347285984337
0.9140224142587091
0.9146637861193627
0.9155414528760465
0.9162165811504186
0.916689170942479
0.9174993248717256
0.9181744531460978
0.9187145557655955
0.9194909532811234
0.9202335943829327
0.9209424790710234
0.9216176073453957
0.9220564407237375
0.9228328382392654
0.9237442614096678
0.9244531460977585
0.9247907102349446
0.9256346205779098
0.9262422360248447
0.9267485822306238
0.9271199027815284
0.9277950310559007
0.9283688900891169
0.9291452876046449
0.9296853902241425
0.9303267620847961
0.9310356467728869
0.9317445314609776
0.9322846340804752
0.9328922495274102
0.9336686470429382
0.9341412368349986
0.9347488522819336
0.935221442073994
0.9356265190386174
0.9363016473129895
0.9368417499324871
0.9374156089657035
0.938056980826357
0.9385633270321361
0.9393734809613826
0.9399135835808804
0.9404536862003781
0.9409262759924386
0.9413651093707804
0.9419052119902781
0.9426140966783689
0.9433904941938969
0.9439981096408318
0.9445382122603294
0.9450445584661086
0.9455509046718876
0.9461585201188226
0.9465635970834458
0.9473062381852552
0.9479138536321902
0.9486227383202809
0.9491628409397785
0.9498379692141506
0.950411828247367
0.9511544693491764
0.9515595463137996
0.9522009181744532
0.9527072643802322
0.9532811234134485
0.9537537132055091
0.9542600594112881
0.9550027005130974
0.9555765595463138
0.9561504185795301
0.9567917904401836
0.9573656494734
0.9577707264380232
0.9582433162300837
0.958648393194707
0.9592897650553606
0.959762354847421
0.9603699702943559
0.9608425600864164
0.9615852011882258
0.9620915473940048
0.9626991628409398
0.9632392654604375
0.963711855252498
0.9642857142857143
0.9647245476640561
0.9653659195247097
0.9660748042128005
0.9665136375911423
0.9669524709694842
0.9673237915203888
0.967830137726168
0.9683702403456657
0.968944099378882
0.9695179584120983
0.9701930866864704
0.9706994328922496
0.9714420739940589
0.972117202268431
0.9725222792330542
0.9731636510937078
0.9735349716446124
0.9739738050229544
0.9744801512287334
0.9750877666756683
0.9754928436402917
0.9759654334323521
0.9762692411558196
0.9765730488792871
0.9768768566027545
0.9774507156359709
0.9777882797731569
0.9783621388063732
0.9787672157709965
0.9795098568728058
0.980016203078585
0.980522549284364
0.9809613826627059
0.9815014852822036
0.9819403186605455
0.9824804212800432
0.9830205238995409
0.9835943829327572
0.9840332163110991
0.9844382932757224
0.9847758574129084
0.985586011342155
0.9859910883067783
0.9865987037537132
0.9870037807183365
0.9873751012692411
0.9877801782338644
0.9883202808533621
0.988759114231704
0.9891641911963273
0.9896367809883878
0.9901093707804483
0.9905819605725088
0.9909195247096948
0.9912908452605995
0.9917296786389413
0.9920334863624088
0.9921685120172833
0.9924385633270322
0.9929449095328112
0.9933837429111532
0.9936537942209019
0.9938563327032136
0.9941601404266811
0.9946664866324602
0.9949702943559277
0.995274102079395
0.9956454226302998
0.9959829867674859
0.9963880637321091
0.9966918714555766
0.9968944099378882
0.9970294355927626
0.9971307048339184
0.9974345125573859
0.9978395895220091
0.9981771536591952
0.9985822306238186
0.9987847691061301
0.9989873075884418
0.9991223332433162
0.9992236024844721
0.9993923845530651
0.9995949230353767
0.9996624358628139
0.9997974615176883
0.9998987307588442
0.9999324871725628
1.0
1.0
1.0
1.0
