0.0007763975155279503
0.0017553335133675399
0.002903051579800162
0.003848231163921145
0.00496219281663516
0.006076154469349176
0.007190116122063192
0.008101539292465569
0.009181744531460978
0.010430731839049419
0.011038347285984337
0.011848501215230895
0.01296246286794491
0.014008911693221712
0.014987847691061302
0.016000540102619497
0.01735079665136376
0.018566027545233593
0.01957871995679179
0.020692681609505804
0.022076694571968675
0.023156899810964082
0.024540912773426952
0.025823656494734
0.027241425870915475
0.02913178503915744
0.030617067242776127
0.031798541722927356
0.032878746961922764
0.03422900351066702
0.035916824196597356
0.037773426951120716
0.039224952741020794
0.04057520928976505
0.04192546583850932
0.043106940318660546
0.0444234404536862
0.04560491493383743
0.04725897920604915
0.048541722927356194
0.05002700513097488
0.051174723197407505
0.05245746691871456
0.0542465568458007
0.05532676208479611
0.05650823656494734
0.05779098028625439
0.058904941938968405
0.06022144207399406
0.061537942209019716
0.06261814744801512
0.0635633270321361
0.06447475020253848
0.06538617337294086
0.06643262219821766
0.0676478530920875
0.06893059681339454
0.07011207129354577
0.07139481501485283
0.07240750742641101
0.07362273832028085
0.07470294355927626
0.07568187955711585
0.07659330272751823
0.07720091817445314
0.07828112341344856
0.07946259789359979
0.08088036726978126
0.08236564947339994
0.08371590602214421
0.08496489332973264
0.08634890629219552
0.08746286794490954
0.08898190656224683
0.09012962462867945
0.09131109910883067
0.09239130434782608
0.09364029165541453
0.09468674048069133
0.0960707534431542
0.09738725357817986
0.09846745881717527
0.0997164461247637
0.1007291385363219
0.10224817715365919
0.1038009721847151
0.105353767215771
0.1069065622468269
0.1084256008641642
0.11014717796381313
0.11176748582230624
0.1131514987847691
0.11436672967863894
0.11575074264110181
0.11676343505266
0.11791115311909263
0.11929516608155549
0.12051039697542533
0.12152308938698353
0.12253578179854173
0.12364974345125573
0.1250337564137186
0.12635025654874427
0.12800432082095597
0.12921955171482583
0.13050229543613287
0.13188630839859572
0.13303402646502835
0.13411423170402376
0.1354307318390494
0.1373210910072914
0.1385025654874426
0.139413988657845
0.14059546313799623
0.14177693761814744
0.1429921685120173
0.14400486092357548
0.14495004050769647
0.14630029705644074
0.1477518228463408
0.14903456656764785
0.1502160410477991
0.15119497704563867
0.15261274642182016
0.15382797731568998
0.1549081825546854
0.15612341344855524
0.15737240075614367
0.1584863624088577
0.1596678368890089
0.16091682419659736
0.16209829867674858
0.16300972184715096
0.1641911963273022
0.16517013232514177
0.16621658115041857
0.16793815825006753
0.169355927626249
0.17134755603564678
0.17300162030785848
0.17452065892519578
0.1755671077504726
0.17695112071293545
0.1781325951930867
0.179820415879017
0.1812381852551985
0.18268971104509857
0.183938698352687
0.1854577369700243
0.18667296786389415
0.188056980826357
0.1890359168241966
0.19031866054550364
0.19193896840399677
0.19349176343505267
0.19450445584661086
0.19598973805022954
0.19723872535781797
0.19852146907912505
0.19963543073183904
0.20115446934917636
0.20257223872535782
0.20388873886038347
0.2050702133405347
0.20631920064812315
0.20790575209289766
0.20891844450445585
0.21003240615716987
0.21145017553335133
0.2123615987037537
0.2138468809073724
0.21472454766405616
0.21614231704023765
0.21772886848501216
0.21914663786119362
0.22032811234134486
0.22188090737240077
0.22329867674858223
0.22451390764245208
0.22596543343235215
0.22758574129084527
0.22907102349446395
0.2303200108020524
0.23167026735079665
0.23305428031325953
0.23416824196597352
0.23541722927356198
0.23636240885768295
0.2376789089927086
0.238759114231704
0.23977180664326223
0.24105455036456927
0.24203348636240885
0.24304617877396706
0.24453146097758574
0.24591547394004862
0.2467931406967324
0.24756953821226033
0.24898730758844181
0.2499662435862814
0.25128274372130704
0.25246421820145826
0.2535106670267351
0.2547934107480421
0.2559073724007561
0.2570550904671888
0.25813529570618415
0.2593167701863354
0.2603969754253308
0.2618822576289495
0.26319875776397517
0.26424520658925194
0.265359168241966
0.26647312989467997
0.2679921685120173
0.2690723737510127
0.27045638671347555
0.2716041047799082
0.27238050229543614
0.2732919254658385
0.2744396435322711
0.27551984877126656
0.27714015662975966
0.2783553875236295
0.2795031055900621
0.2807520928976506
0.2814947339994599
0.28277747772076695
0.28399270861463677
0.2850391574399136
0.2861868755063462
0.28746961922765324
0.2885835808803673
0.28956251687820683
0.29064272211720227
0.29158790170132326
0.2928031325951931
0.29418714555765596
0.29506481231433973
0.296415068863084
0.29725897920604916
0.29823791520388876
0.2991830947880097
0.3000270051309749
0.30144477450715634
0.302761274642182
0.30387523629489605
0.3047529030515798
0.30603564677288686
0.3072846340804753
0.3084998649743451
0.3096475830407778
0.3108628139346476
0.31221307048339186
0.31312449365379424
0.314170942479071
0.31541992978665945
0.31683769916284094
0.31805293005671076
0.3192006481231434
0.3203146097758574
0.32115852011882257
0.32213745611666217
0.3228800972184715
0.32399405887118554
0.32510802052389953
0.32655954631379963
0.32774102079395084
0.32895625168782067
0.33030650823656493
0.3318930596813395
0.3332770726438023
0.3342560086416419
0.33533621388063733
0.33658520118822577
0.33800297056440726
0.3389819065622468
0.3402308938698353
0.3411423170402376
0.34198622738320283
0.3428638941398866
0.3439778557926006
0.3453618687550635
0.34647583040777746
0.348062381852552
0.34927761274642183
0.35052660005401026
0.3517418309478801
0.3533958952200918
0.3549149338374291
0.3558263570078315
0.3570078314879827
0.3584931136916014
0.3594382932757224
0.3604847421009992
0.3615649473399946
0.3626789089927086
0.36382662705914126
0.3648055630569808
0.36595328112341347
0.36703348636240885
0.36845125573859033
0.3693289224952741
0.37061166621658115
0.37159060221442075
0.373109640831758
0.3742911153119093
0.3755401026194977
0.37672157709964893
0.3775654874426141
0.37891574399135836
0.3799621928166352
0.3811436672967864
0.3823588981906562
0.38337159060221443
0.38414798811774237
0.3851944369430192
0.38664596273291924
0.3879962192816635
0.3890426681069403
0.3899203348636241
0.3911355657574939
0.3921145017553335
0.3932284634080475
0.3941736429921685
0.39532136105860116
0.3967391304347826
0.3977518228463408
0.3988995409127734
0.40045233594382934
0.4013637591142317
0.4028490413178504
0.4039292465568458
0.40524574669187147
0.40629219551714824
0.4072036186875506
0.40794625978936
0.40872265730488794
0.4094990548204159
0.4107480421280043
0.41155819605725086
0.41257088846880907
0.4138536321901161
0.4147988117742371
0.4157439913583581
0.4166554145287605
0.41797191466378614
0.41918714555765596
0.42016608155549556
0.4214488252768026
0.42229273561976777
0.42340669727248176
0.4244869025114772
0.4256346205779098
0.42701863354037267
0.4276262489873076
0.4287402106400216
0.4297866594652984
0.4308331082905752
0.4317782878746962
0.43265595463137996
0.43366864704293817
0.4351539292465568
0.4363691601404267
0.43714555765595464
0.43812449365379424
0.439170942479071
0.44038617337294084
0.4417026735079665
0.4426816095058061
0.44393059681339453
0.4452470969484202
0.4462260329462598
0.44754253308128544
0.448352687010532
0.44946664866324604
0.45068187955711586
0.45206589251957874
0.453416149068323
0.4548001620307858
0.4557453416149068
0.4564879827167162
0.45729813664596275
0.45888468809073724
0.459762354847421
0.46080880367269783
0.4617539832568188
0.4623615987037537
0.46361058601134214
0.4647583040777748
0.46580475290305157
0.4669187145557656
0.4680326762084796
0.468944099378882
0.46978800972184714
0.4706994328922495
0.4716108560626519
0.4726235484742101
0.47343370240345667
0.47451390764245205
0.4756616257088847
0.47691061301647314
0.47792330542803135
0.4792060491493384
0.48045503645692683
0.4813327032136106
0.48237915203888737
0.4834256008641642
0.484472049689441
0.48541722927356196
0.4864974345125574
0.487476370510397
0.48899540912773426
0.4896705374021064
0.490818255468539
0.49156089657034835
0.4926411018093438
0.49395760194436944
0.49517283283823926
0.4963880637321091
0.4973669997299487
0.49827842290035107
0.49939238455306506
0.500506346205779
0.5019241155819606
0.5027680259249258
0.5038144747502026
0.5046583850931677
0.5054010261949771
0.5066500135025654
0.5073588981906563
0.5085403726708074
0.5096543343235215
0.5106670267350797
0.5115446934917635
0.5125911423170403
0.5134012962462868
0.5149203348636241
0.5159330272751823
0.5168106940318661
0.5174520658925196
0.5184985147177964
0.5194436943019174
0.5207264380232244
0.5218403996759384
0.5230218741560897
0.5238657844990549
0.5248447204968945
0.5257561436672968
0.5272076694571969
0.5282878746961923
0.5296381312449365
0.530718336483932
0.5314609775857413
0.5325074264110181
0.5334526059951391
0.5346340804752903
0.5354442344045368
0.5366594652984067
0.5375033756413718
0.5384485552254928
0.5396300297056441
0.5403051579800162
0.5412165811504186
0.5425668376991628
0.543579530110721
0.5444909532811234
0.5456049149338374
0.5467863894139886
0.5476640561706724
0.5485417229273561
0.549588171752633
0.5503983256818795
0.5514110180934377
0.5520861463678098
0.5531325951930867
0.5541115311909263
0.5549554415338914
0.5556980826357008
0.5565419929786659
0.5573183904941938
0.5582973264920335
0.5593775317310289
0.5603902241425871
0.5615041857953011
0.5623143397245477
0.5631920064812315
0.5643734809613826
0.5654874426140967
0.5666014042668107
0.5675128274372131
0.5684580070213341
0.5692006481231434
0.5699770456386714
0.571124763705104
0.5721036997029436
0.5727450715635971
0.5737915203888739
0.5746354307318391
0.5756818795571158
0.5767958412098299
0.5776735079665136
0.5788212260329463
0.5798001620307859
0.5806103159600324
0.581758034026465
0.5824669187145558
0.5836146367809883
0.584593572778828
0.5856737780178234
0.5864839319470699
0.5873953551174723
0.5881379962192816
0.5891169322171212
0.5901633810423981
0.5912435862813935
0.592222522279233
0.5932014582770726
0.5942479071023494
0.5951593302727518
0.5960369970294356
0.5966783688900891
0.5974885228193356
0.5981974075074264
0.599345125573859
0.60029030515798
0.6013029975695382
0.6025857412908453
0.6035984337024034
0.6043073183904942
0.6053537672157709
0.606467728868485
0.607581690521199
0.6086956521739131
0.6097083445854712
0.610754793410748
0.6118012422360248
0.6129152038887389
0.6140629219551715
0.615041857953011
0.6158857682959762
0.6168984607075344
0.6178098838779368
0.6186875506346206
0.6195652173913043
0.6205779098028625
0.621995679179044
0.6231771536591952
0.624054820415879
0.6253038077234675
0.6261814744801513
0.6271941668917094
0.6282406157169862
0.6291520388873886
0.630232244126384
0.6309748852281933
0.6320550904671888
0.6331015392924656
0.6342492573588981
0.6351944369430191
0.6358358088036727
0.6369160140426681
0.6377599243856332
0.6388738860383473
0.6396502835538752
0.6404604374831218
0.64147312989468
0.6424520658925196
0.643532271131515
0.6447475020253848
0.6457264380232244
0.6467391304347826
0.6474142587091547
0.6482919254658385
0.6490683229813664
0.6499459897380502
0.6507899000810153
0.6516675668376991
0.6524777207669458
0.6533216311099109
0.654334323521469
0.6554820415879017
0.6564947339994599
0.6576762084796112
0.6586213880637322
0.6596003240615717
0.6604104779908182
0.6614231704023764
0.6624358628139346
0.6635498244666487
0.6645962732919255
0.6654739400486093
0.6663178503915744
0.6673305428031326
0.6684445044558466
0.6697610045908723
0.6704361328652444
0.6713475560356468
0.6721239535511747
0.6728328382392654
0.6738455306508236
0.6748919794761005
0.6758371590602215
0.6767485822306238
0.6778287874696193
0.6787739670537402
0.6797191466378611
0.6805968133945449
0.6816095058061031
0.6823183904941938
0.6829597623548475
0.6842425060761544
0.6854914933837429
0.6864029165541453
0.6871793140696733
0.6880907372400756
0.6887996219281664
0.6895760194436943
0.6903524169592222
0.6914663786119363
0.6924790710234945
0.6935255198487713
0.6944369430191737
0.6952808533621389
0.6962597893599783
0.697238725357818
0.6978125843910343
0.6983864434242506
0.6988927896300297
0.6997704563867134
0.7008844180394275
0.7018633540372671
0.7025722387253578
0.7033148798271671
0.7042263029975695
0.7050027005130974
0.7056103159600324
0.706589251957872
0.7072643802322441
0.7077369700243046
0.7086821496084256
0.7094247907102349
0.7103699702943559
0.7110788549824467
0.7118890089116933
0.7126654064272212
0.7133405347015933
0.7141844450445585
0.7151296246286795
0.715939778557926
0.7168512017283284
0.7175938428301377
0.7184039967593843
0.7193154199297866
0.7197880097218472
0.7207669457196867
0.7216446124763705
0.7223872535781799
0.7230286254388334
0.7240413178503916
0.7251552795031055
0.7259316770186336
0.7267418309478801
0.7277207669457196
0.7285984337024034
0.7293748312179315
0.7302524979746152
0.7310964083175804
0.731636510937078
0.7324466648663246
0.7328854982446665
0.7337631650013503
0.7347083445854712
0.7354847421009992
0.7360923575479341
0.7370375371320551
0.7380164731298947
0.7387928706454227
0.7396367809883878
0.7405482041587902
0.7416284093977856
0.7422360248447205
0.7431136916014043
0.744328922495274
0.7454766405617067
0.7463205509046719
0.7473332433162301
0.7480758844180394
0.7489873075884418
0.7501350256548744
0.751113961652714
0.7519916284093978
0.7528692951660816
0.7536456926816095
0.754725897920605
0.7553335133675398
0.7561099108830678
0.7568525519848771
0.757460167431812
0.7586753983256819
0.7594855522549284
0.7602281933567377
0.76090332163111
0.7616122063192007
0.7620510396975425
0.7627599243856332
0.7635700783148798
0.7643802322441264
0.7654941938968404
0.7665068863083986
0.7673845530650824
0.7683297326492033
0.7692411558196057
0.7697475020253848
0.7706251687820685
0.7716716176073454
0.7727180664326222
0.7740008101539293
0.7749459897380502
0.7755198487712666
0.7763975155279503
0.7770051309748852
0.7777815284904132
0.7786591952470969
0.7794693491763435
0.7800094517958412
0.7809883877936808
0.7816972724817716
0.7824061571698623
0.7828787469619227
0.7837226573048879
0.7843302727518229
0.7852079395085066
0.7860518498514718
0.7868282473669997
0.7874358628139346
0.7885160680529301
0.7894612476370511
0.7899675938428301
0.7908790170132325
0.7918579530110721
0.7927693761814745
0.7937820685930327
0.7944909532811234
0.7950648123143397
0.7955374021064002
0.7961112611396165
0.7967863894139886
0.7977653254118282
0.7986092357547934
0.7993181204428842
0.7999594923035377
0.8008709154739401
0.8014447745071563
0.8020523899540912
0.8028287874696193
0.8032676208479611
0.8041790440183635
0.80498919794761
0.8057318390494194
0.8065082365649473
0.8071158520118823
0.8077909802862544
0.8086686470429382
0.8095800702133406
0.8101201728328382
0.8108965703483662
0.8116729678638941
0.8122130704833919
0.8128206859303267
0.8133607885498245
0.8140696732379152
0.8150823656494735
0.8159262759924386
0.8165676478530921
0.8173102889549014
0.818120442884148
0.8190993788819876
0.8197745071563597
0.8205509046718876
0.8215298406697272
0.8220024304617878
0.8227788279773157
0.8234201998379692
0.8241965973534972
0.8248379692141506
0.8253780718336484
0.8263907642452066
0.8272684310018904
0.8281798541722928
0.8290575209289766
0.8298001620307859
0.8304077774777208
0.8311166621658115
0.8317917904401836
0.8324669187145558
0.8330407777477721
0.8337159060221442
0.8343910342965163
0.8351336753983257
0.8359100729138537
0.8366189576019444
0.8373278422900351
0.8379017013232514
0.8385093167701864
0.8391169322171212
0.8397245476640561
0.8403659195247097
0.8408385093167702
0.8415811504185795
0.8421212530380773
0.8427626248987308
0.843336483931947
0.8440116122063192
0.84472049689441
0.8454631379962193
0.8458682149608425
0.8465433432352147
0.8471847150958682
0.848062381852552
0.8485012152308938
0.8492776127464218
0.8496489332973265
0.8504928436402917
0.8512692411558196
0.852349446394815
0.8530920874966244
0.8538684850121523
0.854577369700243
0.8551512287334594
0.8562989467998919
0.8569403186605455
0.8576492033486363
0.8583918444504456
0.8587969214150689
0.859472049689441
0.8600796651363759
0.8607885498244666
0.861362408857683
0.862307588441804
0.8631177423710505
0.8639278963002971
0.8644004860923575
0.8649743451255738
0.8658520118822576
0.866594652984067
0.8672360248447205
0.8678098838779368
0.8686200378071833
0.8697002430461788
0.8704766405617067
0.8710842560086416
0.871826897110451
0.8726370510396976
0.8731771536591952
0.8736834998649744
0.874493653794221
0.8751012692411558
0.8756076154469349
0.8763165001350256
0.8773291925465838
0.8782068593032676
0.8790507696462327
0.8796583850931677
0.8804010261949771
0.8811099108830678
0.882122603294626
0.8825951930866864
0.883067782878747
0.8836078854982446
0.8842492573588981
0.8849243856332704
0.8856670267350797
0.8863083985957332
0.8871185525249797
0.8878611936267891
0.888300027005131
0.8890089116932217
0.889582770726438
0.8902241425870916
0.8908317580340265
0.8914393734809614
0.8921820145827707
0.8927558736159871
0.8934985147177964
0.894308668647043
0.8950850661625709
0.895760194436943
0.8965365919524709
0.8970766945719687
0.8981231433972455
0.898595733189306
0.8990683229813664
0.8996084256008642
0.9002160410477991
0.900654874426141
0.9012624898730759
0.9017688360788549
0.9024439643532272
0.9032541182824737
0.9040980286254389
0.9045706184174993
0.9052119902781528
0.9056508236564947
0.9062584391034296
0.9069335673778017
0.9078449905482041
0.9086213880637322
0.9094315419929787
0.9103429651633811
0.9108830677828788
0.9113894139886578
0.9121320550904672
0.9126721577099649
0.9133810423980556
0.9140561706724277
0.9146975425330813
0.9154739400486093
0.9161490683229814
0.9165879017013232
0.9174993248717256
0.9178368890089117
0.9183769916284094
0.9189170942479071
0.9196597353497165
0.9202335943829327
0.9209087226573048
0.9217188765865515
0.9224277612746422
0.9230016203078585
0.9236767485822306
0.9241155819605725
0.9246219281663516
0.925533351336754
0.9261747231974075
0.9267485822306238
0.9273224412638401
0.928098838779368
0.9289427491223332
0.9293478260869565
0.9298879287064542
0.930428031325952
0.9311031596003241
0.931710775047259
0.9322171212530381
0.9329935187685661
0.9333985957331893
0.9339049419389684
0.9345800702133406
0.9349851471779638
0.9354239805563057
0.935660275452336
0.9363354037267081
0.9368755063462058
0.9374831217931408
0.9382257628949501
0.9387321091007291
0.9392384553065083
0.939778557926006
0.9401161220631921
0.940723737510127
0.9411625708884688
0.9415001350256549
0.9419389684039967
0.94234404536862
0.9429516608155549
0.943626789089927
0.9443019173642992
0.9448082635700783
0.9453821226032946
0.9457196867404807
0.9462597893599783
0.9467661355657575
0.9473737510126924
0.9479476100459088
0.948352687010532
0.9488927896300297
0.9496691871455577
0.9502092897650554
0.9503780718336484
0.9509181744531461
0.9517620847961112
0.9524034566567647
0.9530110721036997
0.9535174183094788
0.9541250337564137
0.9545638671347556
0.955036456926816
0.955644072373751
0.9562179314069673
0.9569943289224953
0.9576357007831487
0.9582433162300837
0.9588171752633
0.9594923035376721
0.9599648933297327
0.9605387523629489
0.961213880637321
0.9617877396705374
0.9621928166351607
0.96293545773697
0.9634080475290305
0.963880637321091
0.9643194706994329
0.9649270861463678
0.9654671887658656
0.965939778557926
0.9666486632460167
0.9671212530380773
0.9676275992438563
0.9680664326221983
0.9686740480691332
0.9692479071023494
0.9697542533081286
0.9702605995139076
0.9708682149608425
0.9714420739940589
0.9718471509586821
0.9721509586821496
0.9724210099918985
0.972893599783959
0.9734337024034566
0.9739062921955172
0.9743788819875776
0.9750540102619498
0.975459087226573
0.9759654334323521
0.9764380232244126
0.9772144207399406
0.9777207669457196
0.9781933567377802
0.9786659465298406
0.979071023494464
0.9799824466648663
0.9804887928706454
0.9807588441803943
0.9810626519038618
0.9815689981096408
0.9820078314879828
0.9823791520388874
0.9825479341074804
0.9832568187955711
0.9836956521739131
0.9841007291385363
0.984472049689441
0.9850121523089387
0.9853834728598434
0.9857210369970294
0.9860586011342155
0.9864974345125573
0.9868012422360248
0.9871388063732109
0.9874088576829597
0.9877126654064272
0.9883877936807993
0.9888941398865785
0.9894342425060761
0.9896705374021064
0.9899068322981367
0.9903119092627599
0.990649473399946
0.9911558196057251
0.9915608965703484
0.9919659735349716
0.9922360248447205
0.992539832568188
0.9930124223602484
0.9933837429111532
0.9936875506346206
0.9938900891169322
0.9941938968403997
0.9944639481501485
0.9948690251147718
0.9950040507696463
0.9952403456656764
0.9956454226302998
0.9960504995949231
0.9963205509046719
0.9964893329732649
0.9967256278692952
0.9970631920064812
0.9971982176613556
0.9974682689711045
0.9977383202808534
0.9978395895220091
0.9980083715906022
0.9984809613826627
0.9989535511747232
0.9991560896570348
0.9993586281393465
0.9995949230353767
0.9997299486902511
0.999831217931407
0.9999324871725628
0.9999662435862814
0.9999662435862814
1.0
1.0
