0.0009789359978395896
0.002160410477990818
0.002970564407237375
0.004017013232514178
0.004894679989197947
0.0055360518498514715
0.006278692951660816
0.007190116122063192
0.008202808533621387
0.009384283013772617
0.010464488252768026
0.011814744801512287
0.01286119362678909
0.013873886038347286
0.015055360518498515
0.01596678368890089
0.017182014582770726
0.018127194166891708
0.01927491223332433
0.020051309748852282
0.021300297056440723
0.02281933567377802
0.02437213070483392
0.02572238725357818
0.026971374561166623
0.028186605455036456
0.02960437483121793
0.03088711855252498
0.032406157169862275
0.03368890089116932
0.03520793950850662
0.036625708884688093
0.03790845260599514
0.03915743991358358
0.040743991358358086
0.04226302997569538
0.0438833378341885
0.04523359438293276
0.046685120172832835
0.04800162030785849
0.04972319740750743
0.05097218471509587
0.052153659195247094
0.05330137726167972
0.05465163381042398
0.05600189035916824
0.05711585201188226
0.05806103159600324
0.05897245476640562
0.06001890359168242
0.061504185795301106
0.06234809613826627
0.06336078854982446
0.06477855792600594
0.0661625708884688
0.06751282743721307
0.0687280583310829
0.06980826357007831
0.07129354577369701
0.07254253308128544
0.07352146907912503
0.07446664866324601
0.07615446934917634
0.07720091817445314
0.07838239265460438
0.07966513637591142
0.08101539292465569
0.08189305968133946
0.08310829057520928
0.08439103429651634
0.08564002160410478
0.08705779098028625
0.08820550904671888
0.08992708614636781
0.0913786119362679
0.09242506076154469
0.09374156089657035
0.0945854712395355
0.09563192006481232
0.09684715095868215
0.09816365109370781
0.09897380502295436
0.1002227923305428
0.1012017283283824
0.10251822846340805
0.1038684850121523
0.10498244666486632
0.10650148528220361
0.10808803672697813
0.10913448555225493
0.1105522549284364
0.1121050499594923
0.11325276802592493
0.1141641911963273
0.11531190926275993
0.11676343505266
0.11797866594652984
0.11970024304617878
0.12111801242236025
0.12213070483391844
0.12321091007291385
0.12435862813934648
0.12567512827437213
0.12678908992708615
0.12813934647583042
0.1291520388873886
0.13036726978125843
0.1316162570888469
0.13262894950040507
0.13354037267080746
0.1348231163921145
0.13607210369970293
0.13701728328382393
0.13823251417769375
0.13907642452065894
0.1399203348636241
0.14103429651633811
0.1420469889278963
0.14322846340804754
0.14440993788819875
0.14582770726438024
0.14700918174453145
0.14792060491493383
0.14886578449905483
0.14991223332433162
0.150823656494734
0.1519038617337294
0.15305157980016204
0.15416554145287606
0.15548204158790171
0.15676478530920876
0.15828382392654605
0.15946529840669726
0.16027545233594384
0.16149068322981366
0.16257088846880907
0.16378611936267892
0.16506886308398597
0.16614906832298137
0.16770186335403728
0.16864704293815824
0.16965973534971646
0.17067242776127464
0.17165136375911424
0.17266405617067243
0.17347421009991898
0.1744869025114772
0.17536456926816096
0.17641101809343776
0.17735619767755872
0.17830137726167972
0.17958412098298676
0.18063056980826356
0.18167701863354038
0.18282473669997298
0.1843100189035917
0.18559276262489874
0.18660545503645692
0.18771941668917094
0.18886713475560357
0.19001485282203617
0.19082500675128275
0.19204023764515257
0.19312044288414798
0.19399810964083175
0.19534836618957602
0.19649608425600865
0.19750877666756683
0.19872400756143668
0.19963543073183904
0.20061436672967864
0.20176208479611127
0.20307858493113692
0.2040912773426951
0.20540777747772077
0.20628544423440454
0.2071631109910883
0.20847961112611396
0.20949230353767215
0.21033621388063733
0.21151768836078855
0.2126991628409398
0.21398190656224683
0.2149270861463678
0.21583850931677018
0.21691871455576558
0.21813394544963544
0.2194842019983797
0.2204968944099379
0.22164461247637052
0.22258979206049148
0.2236699972994869
0.22444639481501485
0.2252227923305428
0.2263367539832568
0.22768701053200108
0.2288009721847151
0.2298474210099919
0.23146772886848502
0.23251417769376181
0.23366189576019444
0.23474210099918985
0.23548474210099918
0.2366324601674318
0.2376789089927086
0.2391304347826087
0.24034566567647853
0.24132460167431813
0.24243856332703215
0.24378881987577639
0.24459897380502296
0.24578044828517417
0.24709694842019983
0.24821091007291385
0.24929111531190926
0.2505063462057791
0.25178908992708615
0.253004320820956
0.25415203888738863
0.2556373210910073
0.2567175263300027
0.2580340264650284
0.25958682149608425
0.2609370780448285
0.2620847961112611
0.26316500135025656
0.26424520658925194
0.2651903861733729
0.2663381042398056
0.2675533351336754
0.2691061301647313
0.2701863354037267
0.2715703483661896
0.27285309208749664
0.2743383742911153
0.27545233594382934
0.2764650283553875
0.27811909262759926
0.27916554145287603
0.2798406697272482
0.28135970834458546
0.2826424520658925
0.28382392654604377
0.28497164461247637
0.28608560626519036
0.28730083715906024
0.2883810423980556
0.28946124763705106
0.2908790170132325
0.2923980556305698
0.2938158250067513
0.2948960302457467
0.2961787739670537
0.29729273561976777
0.2987780178233864
0.2999594923035377
0.30127599243856334
0.3026262489873076
0.30357142857142855
0.3049216851201728
0.3058668647042938
0.3072171212530381
0.30853362138806373
0.30978260869565216
0.3110653524169592
0.31214555765595464
0.3131920064812314
0.3142046988927896
0.3153524169592222
0.3165001350256549
0.31781663516068054
0.3190993788819876
0.3200783148798272
0.32112476370510395
0.32186740480691334
0.3229476100459087
0.3237915203888739
0.3249054820415879
0.32628949500405074
0.3274372130704834
0.3286524439643532
0.32983391844450444
0.33108290575209287
0.33226438023224414
0.33341209829867674
0.33439103429651634
0.3356400216041048
0.3366189576019444
0.3378004320820956
0.33908317580340264
0.3398595733189306
0.3406697272481772
0.3420199837969214
0.34316770186335405
0.34418039427491226
0.34522684310018903
0.34627329192546585
0.34718471509586823
0.3480961382662706
0.3491088306778288
0.3501890359168242
0.35120172832838237
0.35238320280853364
0.3536659465298407
0.35471239535511745
0.35613016473129894
0.3574804212800432
0.35883067782878747
0.3598771266540643
0.36136240885768295
0.36237510126924116
0.363590332163111
0.3645692681609506
0.3657169862273832
0.36689846070753446
0.3679111531190926
0.36892384553065083
0.3702065892519579
0.37179314069673236
0.37270456386713474
0.37368349986497434
0.3745274102079395
0.37587766675668377
0.37675533351336754
0.3783081285444234
0.37942209019713746
0.38036726978125845
0.38148123143397245
0.3827302187415609
0.38357412908452604
0.38462057790980286
0.3857007831487983
0.3867809883877937
0.3880299756953821
0.3889076424520659
0.3901228733459357
0.3910680529300567
0.39238455306508235
0.3934647583040778
0.39454496354307317
0.39572643802322444
0.39707669457196865
0.39802187415608964
0.3992371050499595
0.4003173102889549
0.40139751552795033
0.402882797731569
0.40379422090197137
0.4048744261409668
0.4059883877936808
0.40706859303267623
0.4080812854442344
0.40919524709694843
0.4102416959222252
0.4109843370240346
0.4121658115041858
0.41304347826086957
0.4138536321901161
0.4148325681879557
0.4159127734269511
0.4169254658385093
0.41817445314609775
0.41911963273021874
0.42006481231433973
0.4214825816905212
0.42266405617067243
0.42384553065082364
0.42485822306238186
0.42600594112881446
0.4270861463678099
0.42836889008911694
0.42934782608695654
0.4303267620847961
0.43144072373751013
0.4324871725627869
0.4334323521469079
0.43458007021334055
0.4355590062111801
0.4368079935187686
0.43765190386173375
0.4389008911693222
0.43974480151228734
0.44119632730218744
0.442006481231434
0.44285039157439915
0.444403186605455
0.445348366189576
0.44639481501485284
0.447407507426411
0.44865649473399943
0.4493316230083716
0.4504793410748042
0.4516945719686741
0.4528760464488253
0.4541250337564137
0.4554415338914394
0.4562516878206859
0.4570955981636511
0.4581758034026465
0.4592560086416419
0.46036997029435595
0.4614164191196327
0.46266540642722115
0.4637456116662166
0.46509586821496085
0.4664798811774237
0.4675938428301377
0.46840399675938427
0.46958547123953553
0.47083445854712397
0.47194842019983796
0.4729611126113962
0.47387253578179855
0.47498649743451254
0.476066702673508
0.47707939508506614
0.4781596003240616
0.47923980556305695
0.48048879287064544
0.481298946799892
0.48234539562516876
0.48322306238185253
0.4843707804482852
0.48585606265190384
0.4870712935457737
0.4879489603024575
0.48892789630029704
0.4897380502295436
0.49061571698622736
0.4919659735349716
0.4929449095328112
0.4940926275992439
0.49510532001080204
0.4962192816635161
0.49709694842019986
0.498109640831758
0.49922360248447206
0.5004050769646233
0.5014852822036187
0.502396705374021
0.5036794490953281
0.5045233594382933
0.5057723467458817
0.5066162570888468
0.5077639751552795
0.5088441803942749
0.5102281933567377
0.5116797191466379
0.5128274372130704
0.5139751552795031
0.5149203348636241
0.515696732379152
0.5167769376181475
0.5176208479611126
0.5189711045098568
0.519983796921415
0.5209627329192547
0.5223805022954361
0.5231906562246826
0.524540912773427
0.5257899000810153
0.5267688360788549
0.5277815284904132
0.5289630029705644
0.5301107210369971
0.5313597083445855
0.5324399135835809
0.5336889008911693
0.5348028625438833
0.5359843370240346
0.5371995679179044
0.5383810423980556
0.5391911963273022
0.540406427221172
0.5413853632190117
0.5425330812854442
0.5440858763165002
0.5450310559006211
0.5462125303807723
0.5472927356197678
0.5484066972724818
0.5491830947880098
0.5502633000270051
0.5511409667836888
0.5521536591952471
0.5529975695382122
0.5540102619497704
0.5550229543613286
0.5558668647042938
0.5567445314609776
0.5576897110450986
0.5584323521469079
0.5596138266270592
0.5605927626248988
0.5618417499324871
0.5627531731028895
0.5638671347556036
0.5652173913043478
0.5663651093707804
0.5671415068863084
0.568289224952741
0.5690318660545504
0.5700445584661086
0.5712260329462598
0.5720024304617878
0.5728463408047529
0.5739603024574669
0.5749729948690251
0.5755806103159601
0.5764920334863624
0.5770996489332973
0.5781460977585742
0.5791587901701323
0.5803740210640022
0.5811166621658115
0.5816567647853093
0.5825681879557116
0.5837496624358628
0.5846610856062652
0.5861126113961652
0.5871928166351607
0.5880704833918444
0.5888468809073724
0.5897245476640561
0.5907372400756143
0.5915473940048609
0.5926951120712936
0.5935727788279773
0.5947542533081286
0.5954968944099379
0.5964420739940589
0.5973197407507427
0.5980961382662706
0.5989062921955172
0.5998177153659195
0.601235484742101
0.6021469079125034
0.6030920874966244
0.6039022414258709
0.6047461517688361
0.6055900621118012
0.6066702673507967
0.6076492033486363
0.6087294085876317
0.6098771266540642
0.6107210369970294
0.611699972994869
0.6128476910613017
0.6137253578179854
0.6145692681609506
0.615649473399946
0.6166959222252227
0.617539832568188
0.6188900891169322
0.619936537942209
0.6210167431812045
0.6217593842830138
0.6224345125573859
0.6235822306238186
0.6243248717256279
0.6253038077234675
0.6264515257899
0.6276667566837699
0.6283756413718606
0.629287064542263
0.6300972184715096
0.631008641641912
0.6319538212260329
0.6328314879827167
0.6337429111531191
0.6347556035646773
0.6354982446664866
0.6367134755603565
0.637692411558196
0.638637591142317
0.6395152578990008
0.6405954631379962
0.641641911963273
0.6425195787199568
0.6433297326492033
0.6445787199567918
0.6454901431271942
0.6466041047799082
0.6476843100189036
0.6484269511207129
0.6493046178773967
0.6504185795301107
0.6514987847691062
0.6523089386983527
0.6531866054550365
0.6542330542803133
0.6550432082095599
0.6559208749662436
0.6565284904131785
0.6573048879287064
0.6585538752362949
0.6594990548204159
0.6604779908182554
0.6613894139886578
0.66206454226303
0.6630434782608695
0.6639211450175533
0.664798811774237
0.6654739400486093
0.6663178503915744
0.6672292735619768
0.668241965973535
0.6689508506616257
0.669963543073184
0.6707061841749933
0.6716513637591143
0.672529030515798
0.673305428031326
0.6742843640291656
0.6749932487172563
0.6759721847150959
0.6769511207129355
0.6779975695382122
0.6789427491223332
0.6797529030515798
0.6807318390494194
0.6816432622198217
0.6827572238725358
0.6835673778017823
0.6846138266270592
0.6855252497974615
0.6863691601404267
0.6872805833108291
0.6879557115852012
0.6889008911693222
0.6898798271671618
0.6906562246826897
0.6914663786119363
0.6922090197137456
0.6927491223332433
0.6937280583310829
0.694571968674048
0.6957196867404807
0.6965973534971645
0.6972724817715366
0.6983189305968134
0.6991965973534972
0.6999054820415879
0.7007156359708344
0.7016608155549554
0.702470969484202
0.7035511747231974
0.7044288414798812
0.7052727518228463
0.7060491493383743
0.7066230083715906
0.7076694571968674
0.7087159060221442
0.7098636240885768
0.710876316500135
0.7119227653254119
0.7129017013232514
0.7136443424250608
0.7145557655954632
0.7155347015933027
0.7161760734539563
0.717391304347826
0.7185727788279773
0.7196529840669728
0.7203618687550635
0.7211382662705914
0.722117202268431
0.723062381852552
0.7242776127464218
0.7251890359168242
0.7259316770186336
0.7268093437753174
0.7275857412908453
0.7281596003240616
0.7288684850121523
0.7297123953551174
0.7305900621118012
0.7315352416959222
0.7325141776937618
0.7333918444504456
0.7343370240345666
0.7353834728598434
0.7363961652714016
0.7372063192006482
0.7380164731298947
0.73909667836889
0.7399068322981367
0.7405819605725088
0.7413921145017554
0.7423372940858763
0.7431474480151229
0.7438563327032136
0.7450715635970835
0.7455441533891439
0.7461517688360788
0.7468944099378882
0.7478395895220091
0.7487172562786929
0.7497299486902511
0.7505738590332163
0.7512827437213071
0.7519241155819606
0.7529030515798002
0.7537469619227654
0.7545571158520119
0.7553335133675398
0.7559073724007561
0.756683769916284
0.7575951930866864
0.7588441803942749
0.7596543343235215
0.7604982446664866
0.7615109370780448
0.7623210910072914
0.7629287064542263
0.7641776937618148
0.7649540912773427
0.7655617067242776
0.7666081555495544
0.7673507966513637
0.7682284634080475
0.769308668647043
0.7699162840939778
0.7705576559546313
0.771367809883878
0.7720766945719687
0.772650553605185
0.7732919254658385
0.7743383742911153
0.7753848231163921
0.7760599513907642
0.7769038617337294
0.7775114771806644
0.7781528490413179
0.7787604644882528
0.7796718876586551
0.7800094517958412
0.7806845800702134
0.7815622468268971
0.7822373751012692
0.7827437213070484
0.7835538752362949
0.7841614906832298
0.7849041317850391
0.785511747231974
0.7864906832298136
0.787233324331623
0.7881447475020253
0.7889211450175533
0.7897650553605186
0.790406427221172
0.7911828247367
0.7920942479071024
0.7926681069403186
0.793410748042128
0.7941196327302188
0.7945584661085606
0.7956049149338374
0.7961450175533351
0.7971577099648933
0.7979003510667027
0.7985079665136376
0.7993181204428842
0.8000607615446935
0.800702133405347
0.8015798001620308
0.802423710504996
0.8032676208479611
0.8040777747772077
0.8049216851201728
0.8055968133945449
0.8064407237375101
0.8070483391844451
0.8079935187685661
0.8088374291115312
0.8097488522819336
0.8105252497974615
0.8112341344855523
0.8121793140696733
0.8128206859303267
0.8134620577909802
0.8142384553065083
0.814947339994599
0.81589251957872
0.8170064812314339
0.8177828787469619
0.8185255198487713
0.8191668917094248
0.8199770456386714
0.8208209559816365
0.8217661355657575
0.8225425330812854
0.8232851741830948
0.8241628409397785
0.8249392384553065
0.8256481231433972
0.826525789900081
0.827470969484202
0.8282811234134485
0.8290912773426952
0.8298676748582231
0.830981636510937
0.8320280853362139
0.832871995679179
0.8338509316770186
0.8342897650553606
0.8349648933297327
0.8357750472589792
0.8366864704293816
0.8374966243586282
0.8383067782878747
0.8390156629759654
0.8395895220091818
0.8402308938698353
0.8410072913853632
0.8415811504185795
0.8425263300027005
0.8431339454496354
0.8439778557926005
0.8447542533081286
0.8453281123413449
0.8459357277882797
0.8469146637861193
0.8476235484742101
0.8481636510937078
0.8491088306778288
0.8498177153659195
0.8504928436402917
0.8512017283283824
0.852180664326222
0.8526870105320011
0.853632190116122
0.8544085876316501
0.8550499594923036
0.8558938698352687
0.856636510937078
0.8571428571428571
0.8580542803132595
0.8589319470699432
0.8595395625168782
0.8602822036186876
0.8613286524439644
0.8620037807183365
0.8629152038887389
0.8634553065082365
0.8641304347826086
0.8649743451255738
0.8655482041587902
0.8662233324331623
0.8667296786389413
0.8676748582230623
0.8682149608425601
0.8690588711855253
0.8699702943559277
0.870712935457737
0.8713205509046719
0.8719619227653254
0.8727383202808534
0.8734472049689441
0.8739535511747232
0.8747974615176883
0.8756751282743721
0.8764515257899
0.8771266540642723
0.8777005130974885
0.8784093977855792
0.8796921415068863
0.8806373210910073
0.8813799621928167
0.8822238725357818
0.883067782878747
0.8838104239805563
0.8842830137726168
0.8850931677018633
0.8856670267350797
0.8862071293545773
0.8868147448015122
0.8876248987307589
0.8883337834188496
0.8891101809343775
0.8896165271401566
0.890190386173373
0.8907304887928706
0.8912030785849311
0.8922157709964893
0.8934647583040778
0.8942073994058871
0.8948487712665406
0.895760194436943
0.8961990278152849
0.896705374021064
0.897650553605185
0.8981231433972455
0.8989670537402107
0.8994396435322711
0.9000135025654874
0.9005536051849852
0.9012624898730759
0.9020051309748852
0.9027815284904132
0.9035579260059411
0.9040980286254389
0.9048744261409668
0.9055157980016203
0.9065622468268971
0.9070348366189576
0.9078787469619227
0.9086213880637322
0.9091952470969484
0.9097015933027275
0.9102416959222253
0.9107817985417229
0.911288144747502
0.912233324331623
0.9129422090197138
0.9137186065352417
0.9143937348096138
0.9153726708074534
0.9160815554955442
0.9166554145287604
0.9173980556305698
0.9182082095598164
0.9183769916284094
0.919018363489063
0.9195922225222792
0.9201998379692141
0.9208749662435863
0.9214825816905212
0.9221239535511747
0.9224615176883608
0.9229678638941399
0.9236092357547934
0.9246556845800702
0.9252295436132866
0.9258034026465028
0.9262422360248447
0.9271536591952471
0.9278625438833379
0.9286051849851472
0.9294490953281124
0.9300229543613286
0.9309006211180124
0.931373210910073
0.9320145827707265
0.9327234674588172
0.9330947880097219
0.933769916284094
0.9341749932487172
0.9349851471779638
0.9355590062111802
0.9360315960032406
0.9364029165541453
0.936943019173643
0.9373143397245477
0.9380907372400756
0.9385295706184175
0.9389008911693222
0.939339724547664
0.9398460707534432
0.9404874426140967
0.9412638401296246
0.9419389684039967
0.9428841479881177
0.9430866864704294
0.9434917634350527
0.9441668917094248
0.9447069943289225
0.9452470969484202
0.9457196867404807
0.9463273021874156
0.9468674048069133
0.947238725357818
0.9479813664596274
0.9483864434242506
0.9489940588711855
0.9497366999729949
0.9504793410748043
0.9510532001080205
0.9515595463137996
0.9522684310018904
0.9529435592762625
0.9535174183094788
0.9539224952741021
0.9543950850661626
0.9549689440993789
0.9552052389954091
0.9555428031325952
0.9558803672697812
0.9563529570618418
0.9568593032676208
0.9574669187145558
0.9580407777477721
0.9586146367809883
0.9591209829867675
0.9596610856062652
0.9603362138806373
0.9608425600864164
0.9613489062921955
0.9617202268431002
0.9622265730488793
0.9628004320820956
0.9632730218741561
0.9637456116662165
0.9642857142857143
0.9646232784229003
0.9654671887658656
0.9658722657304888
0.9665136375911423
0.9670199837969214
0.9674588171752633
0.9678976505536052
0.9683027275182284
0.9688090737240076
0.9693154199297866
0.9699567917904401
0.9703618687550635
0.970665676478531
0.97117202268431
0.9715433432352147
0.9719821766135566
0.9725222792330542
0.9728260869565217
0.9732649203348637
0.9737375101269241
0.9741088306778288
0.9744801512287334
0.9748177153659195
0.9752227923305428
0.9756953821226033
0.9761342155009451
0.9766743181204429
0.9771131514987847
0.9774844720496895
0.9780920874966244
0.978632190116122
0.9792735619767756
0.9797461517688361
0.9804212800432082
0.9808601134215501
0.9813664596273292
0.9819403186605455
0.9823791520388874
0.9827842290035107
0.9832568187955711
0.9836618957601945
0.9841344855522549
0.9847758574129084
0.985248447204969
0.9857210369970294
0.9859573318930597
0.9862948960302458
0.9867337294085876
0.9870037807183365
0.98764515257899
0.9879152038887389
0.9881852551984878
0.988590332163111
0.9890291655414529
0.9894679989197948
0.9898055630569809
0.9901093707804483
0.9903794220901971
0.9908857682959762
0.9914933837429112
0.991932217121253
0.9923035376721577
0.9925735889819065
0.9929449095328112
0.9931812044288415
0.9935187685660275
0.993822576289495
0.9940926275992439
0.9944977045638671
0.9950040507696463
0.9954091277342695
0.9958142046988928
0.9961855252497974
0.9964218201458277
0.9967593842830138
0.997164461247637
0.9975695382122604
0.9978395895220091
0.9982109100729138
0.9983121793140697
0.9986497434512558
0.998886038347286
0.9991223332433162
0.9993248717256279
0.9993586281393465
0.9996286794490953
0.9997299486902511
0.9997299486902511
0.999831217931407
0.9999662435862814
0.9999662435862814
1.0
1.0
