0.0006413718606535242
0.0015865514447745072
0.0025317310288954903
0.0034769106130164732
0.004354577369700243
0.005434782608695652
0.006548744261409668
0.007392654604374831
0.008439103429651634
0.009316770186335404
0.010633270321361058
0.011916014042668108
0.012996219281663515
0.01384012962462868
0.014684039967593843
0.0154941938968404
0.01674318120442884
0.017890899270861464
0.01900486092357548
0.01988252768025925
0.020861463678098838
0.021840399675938427
0.022751822846340804
0.023595733189305967
0.024507156359708345
0.02541857953011072
0.026397515527950312
0.027612746421820145
0.0289292465568458
0.029941938968403997
0.030752092897650553
0.032001080205238994
0.033148798271671616
0.034026465028355386
0.03497164461247637
0.036490683229813664
0.03757088846880907
0.038651093707804486
0.0397650553605185
0.040743991358358086
0.04199297866594653
0.043106940318660546
0.04411963273021874
0.04523359438293276
0.046448825276802594
0.04739400486092358
0.04871050499594923
0.04972319740750743
0.050904671887658653
0.05195112071293546
0.05326762084796111
0.054786659465298405
0.05650823656494734
0.05809478800972185
0.059276262489873076
0.06055900621118013
0.061639211450175535
0.06265190386173373
0.06342830137726169
0.06444099378881987
0.0655887118552525
0.06697272481771537
0.06825546853902241
0.06960572508776668
0.07065217391304347
0.0717998919794761
0.07291385363219012
0.07412908452605996
0.07531055900621118
0.07632325141776937
0.077470969484202
0.07882122603294626
0.0800702133405347
0.0811504185795301
0.08226438023224412
0.08381717526330003
0.08520118822576289
0.08631514987847691
0.08790170132325142
0.0888468809073724
0.09023089386983527
0.09147988117742371
0.09232379152038887
0.09337024034566567
0.09455171482581691
0.09590197137456116
0.09721847150958682
0.09846745881717527
0.10002025384823117
0.10130299756953821
0.10234944639481501
0.10400351066702673
0.10521874156089657
0.1069065622468269
0.1084256008641642
0.10960707534431542
0.11038347285984337
0.1115649473399946
0.11278017823386444
0.1136578449905482
0.11453551174723198
0.11602079395085066
0.11699972994869025
0.1183162300837159
0.11949770456386713
0.12081420469889279
0.12182689711045099
0.12283958952200918
0.12429111531190926
0.12543883337834189
0.12682284634080476
0.12827437213070483
0.12945584661085607
0.13046853902241426
0.13158250067512828
0.13262894950040507
0.13381042398055631
0.1347893599783959
0.1357682959762355
0.13701728328382393
0.13816500135025656
0.13917769376181474
0.14046043748312179
0.14218201458277072
0.14343100189035918
0.14495004050769647
0.14613151498784768
0.14748177153659195
0.14852822036186875
0.14954091277342696
0.15058736159870376
0.151768836078855
0.15254523359438293
0.1538954901431272
0.1549081825546854
0.15608965703483663
0.15720361868755064
0.15794625978935997
0.15879017013232513
0.15990413178503915
0.16101809343775317
0.1621658115041858
0.16338104239805562
0.16449500405076964
0.16587901701323252
0.16709424790710234
0.16803942749122333
0.16911963273021874
0.16979476100459087
0.17084120982986767
0.17168512017283283
0.17273156899810965
0.173642992168512
0.1747231974075074
0.17560086416419118
0.17678233864434242
0.17833513367539833
0.17961787739670537
0.18046178773967053
0.1818120442884148
0.18299351876856604
0.1843100189035917
0.18525519848771266
0.18616662165811504
0.18755063462057792
0.18893464758304077
0.19018363489062923
0.1911963273021874
0.19227653254118282
0.19335673778017823
0.19453821226032947
0.1956521739130435
0.1967661355657575
0.198352687010532
0.19950040507696462
0.2005130974885228
0.20176208479611127
0.20274102079395084
0.20375371320550906
0.20483391844450446
0.2060491493383743
0.2070280853362139
0.2080745341614907
0.20922225222792332
0.21016743181204428
0.2111801242236025
0.21215906022144207
0.21350931677018634
0.2148595733189306
0.2158722657304888
0.21691871455576558
0.21786389413988658
0.21918039427491223
0.2205306508236565
0.2214758304077775
0.2225560356467729
0.22394004860923575
0.22495274102079396
0.22596543343235215
0.22751822846340805
0.22856467728868485
0.22957736970024303
0.23102889549014313
0.23207534431541993
0.23305428031325953
0.23420199837969213
0.23565352416959223
0.23680124223602483
0.2381177423710505
0.23936672967863895
0.24054820415879016
0.24166216581150418
0.24291115311909262
0.24422765325411827
0.24557790980286254
0.2468944099378882
0.24831217931406968
0.24915608965703484
0.2504050769646233
0.2515865514447745
0.25273426951120714
0.2540845260599514
0.2551984877126654
0.2563799621928166
0.2575951930866865
0.2587766675668377
0.2601944369430192
0.26147718066432624
0.2627936807993519
0.2639413988657845
0.26529165541452876
0.26623683499864975
0.267587091547394
0.2687348096138266
0.2696799891979476
0.2706251687820686
0.27194166891709426
0.2733931947069943
0.2748109640831758
0.2760599513907642
0.27717391304347827
0.2779165541452876
0.27899675938428303
0.2800769646232784
0.2810896570348366
0.2825411828247367
0.28375641371860655
0.2852754523359438
0.2862543883337834
0.28746961922765324
0.2880772346745882
0.2892587091547394
0.290237645152579
0.2913178503915744
0.29249932487172564
0.2935457736970024
0.294524709694842
0.29557115852011884
0.2966513637591142
0.29776532541182826
0.2989467998919795
0.2999257358898191
0.3011747231974075
0.3026262489873076
0.30363894139886577
0.3047866594652984
0.3063394544963543
0.30758844180394274
0.3084998649743451
0.30974885228193355
0.3110315960032406
0.3120442884147988
0.31332703213610585
0.3142046988927896
0.3150823656494734
0.3161288144747502
0.3170402376451526
0.31801917364299215
0.3191331352957062
0.32051714825816907
0.3214960842560086
0.32301512287334594
0.324297866594653
0.3259181744531461
0.3269983796921415
0.3281123413448555
0.3294625978935998
0.3302727518228463
0.3316905211990278
0.3326019443694302
0.3338171752633
0.33506616257088845
0.33597758574129083
0.3371590602214421
0.3383067782878747
0.3392182014582771
0.34012962462867946
0.3414123683499865
0.34266135565757494
0.34360653524169593
0.3449230353767216
0.34644207399405885
0.34742100999189846
0.34843370240345667
0.34948015122873344
0.35049284364029165
0.3518093437753173
0.35302457466918713
0.3541722927356198
0.3553200108020524
0.3562651903861734
0.35731163921145015
0.35815554955441536
0.35883067782878747
0.3601471779638131
0.36166621658115045
0.36234134485552255
0.36345530650823654
0.36440048609235753
0.3653119092627599
0.36642587091547396
0.367708614636781
0.36851876856602755
0.36953146097758577
0.3704766405617067
0.3714893329732649
0.3726370510396975
0.3737847691061302
0.37483121793140695
0.3761814744801512
0.3771941668917094
0.37827437213070486
0.37942209019713746
0.3806035646772887
0.3816500135025655
0.38252768025924927
0.38364164191196326
0.3847556035646773
0.3859370780448285
0.38721982176613556
0.388468809073724
0.389413988657845
0.3904941938968404
0.3916081555495544
0.392755873615987
0.3941061301647313
0.39545638671347555
0.3965028355387524
0.3976843100189036
0.39879827167161763
0.3998447204968944
0.40092492573588984
0.40210640021604105
0.40305157980016204
0.40399675938428303
0.4054820415879017
0.4064609775857413
0.4076424520658925
0.4086551444774507
0.40919524709694843
0.41044423440453687
0.41152443964353225
0.41250337564137185
0.41415743991358356
0.4147650553605185
0.4157439913583581
0.41709424790710237
0.41814069673237914
0.41922090197137457
0.4201998379692142
0.421583850931677
0.4227990818255469
0.4240818255468539
0.4252295436132865
0.42627599243856334
0.42749122333243317
0.42853767215771
0.42958412098298676
0.4309006211180124
0.43198082635700785
0.4334323521469079
0.4344450445584661
0.4353902241425871
0.4363354037267081
0.43711180124223603
0.43829327572238724
0.43903591682419657
0.4401836348906292
0.44119632730218744
0.4424453146097759
0.44355927626248987
0.4448082635700783
0.44598973805022957
0.447238725357818
0.4481501485282204
0.44912908452605993
0.4500067512827437
0.45128949500405074
0.45230218741560896
0.4535511747231974
0.4547664056170672
0.45588036726978126
0.4569268160950581
0.45797326492033485
0.45895220091817446
0.46013367539832567
0.46131514987847694
0.4623953551174723
0.46340804752903053
0.4643194706994329
0.46533216311099107
0.4663448555225493
0.4673575479341075
0.46820145827707266
0.4695179584120983
0.4701930866864704
0.47147583040777746
0.4722522279233054
0.4731974075074264
0.47431136916014044
0.4751552795031056
0.47643802322441264
0.47738320280853364
0.47853092087496624
0.4794423440453686
0.4803875236294896
0.4817377801782339
0.4830205238995409
0.4840669727248177
0.4851471779638131
0.4860923575479341
0.48754388333783416
0.4886578449905482
0.4895692681609506
0.4907844990548204
0.49183094788009724
0.4929111531190926
0.49392384553065083
0.4950040507696462
0.4964893329732649
0.4974682689711045
0.4984809613826627
0.4994936537942209
0.5004050769646233
0.5013165001350256
0.5020928976505536
0.5031393464758304
0.5043545773697002
0.5057385903321631
0.5065487442614097
0.5078652443964353
0.5089116932217121
0.5099243856332704
0.51090332163111
0.5122873345935728
0.5130637321091007
0.5140426681069403
0.5153591682419659
0.5163381042398055
0.5172157709964893
0.5181609505806103
0.5191736429921685
0.5204563867134756
0.521367809883878
0.5222792330542804
0.5237982716716176
0.5250135025654874
0.525823656494734
0.5270051309748852
0.5284566567647853
0.5294018363489063
0.5307520928976506
0.5320348366189576
0.5331487982716716
0.5343302727518229
0.5355455036456926
0.5364906832298136
0.53706454226303
0.5379759654334324
0.5391911963273022
0.5404739400486093
0.5416554145287604
0.5426681069403186
0.5439170942479071
0.5448960302457467
0.5458749662435863
0.5467863894139886
0.5479341074804213
0.5488792870645423
0.5498244666486632
0.5507696462327842
0.5517823386443425
0.553098838779368
0.5547191466378611
0.555428031325952
0.5565757493923845
0.5578922495274102
0.559276262489873
0.5602551984877127
0.5614704293815825
0.5625843910342965
0.5637996219281664
0.5648123143397246
0.5656562246826897
0.5670064812314339
0.5680191736429921
0.5689643532271131
0.5694706994328923
0.5704496354307318
0.5715635970834458
0.5728125843910343
0.5739603024574669
0.5748717256278693
0.5756481231433972
0.5766608155549554
0.5775722387253578
0.5784499054820416
0.5792938158250067
0.580475290305158
0.5813867134755604
0.5822981366459627
0.5833783418849582
0.5844247907102349
0.5852349446394814
0.5860788549824467
0.5870240345665676
0.588104239805563
0.5889819065622468
0.5897583040777747
0.5908722657304888
0.5918174453146098
0.5925938428301377
0.5938090737240076
0.5946192276532541
0.5957669457196867
0.5968133945449635
0.5977585741290845
0.5987375101269241
0.5995814204698893
0.60029030515798
0.6013705103969754
0.602180664326222
0.6030245746691871
0.6041385363219012
0.6052862543883338
0.6065014852822036
0.607581690521199
0.6083243316230084
0.609472049689441
0.6104847421009992
0.6112611396165272
0.6122738320280854
0.6133877936807993
0.6144004860923575
0.6153794220901971
0.6163246016743181
0.6172022684310019
0.6181136916014043
0.6187550634620578
0.619767755873616
0.6208142046988928
0.6216243586281394
0.6225357817985417
0.6234809613826627
0.6241560896570348
0.6250675128274372
0.6258776667566838
0.6270253848231164
0.6279030515798002
0.6289157439913584
0.6298271671617607
0.6309073724007561
0.6318187955711585
0.6324939238455306
0.6334728598433702
0.634350526600054
0.6351944369430191
0.6359708344585471
0.6368822576289495
0.6377936807993518
0.6387051039697542
0.6398865784499055
0.6411693221712126
0.6419457196867405
0.6428571428571429
0.643869835268701
0.6450175533351337
0.6460977585741291
0.6473467458817175
0.6484269511207129
0.6495071563597083
0.6501147718066432
0.6514650283553876
0.6525452335943829
0.6536591952470969
0.654334323521469
0.6551107210369971
0.6561909262759924
0.6569335673778017
0.6581825546853902
0.6591614906832298
0.6600729138536322
0.6610518498514718
0.6617944909532811
0.6626384012962463
0.6637186065352417
0.6646300297056441
0.6653051579800162
0.6663178503915744
0.6670942479071024
0.6682757223872535
0.6689508506616257
0.6696934917634351
0.6707061841749933
0.6716851201728329
0.6724277612746422
0.673474210099919
0.6746556845800702
0.6757358898190656
0.6767823386443425
0.6776262489873076
0.6785714285714286
0.6795166081555496
0.6806305698082635
0.681879557115852
0.6829935187685661
0.6838036726978126
0.6849176343505265
0.6859303267620848
0.6866392114501755
0.6875506346205779
0.6887996219281664
0.6896097758574129
0.6905549554415339
0.6916689170942479
0.69234404536862
0.6929854172292735
0.6938968403996759
0.6949770456386714
0.6957196867404807
0.6966648663246017
0.697407507426411
0.6984201998379692
0.6991628409397785
0.6999729948690251
0.7008169052119902
0.7015595463137996
0.7023359438293276
0.7028422900351067
0.7033486362408857
0.7042600594112881
0.7051714825816905
0.7060491493383743
0.7071968674048069
0.7080407777477721
0.7090872265730489
0.7098973805022954
0.7106062651903862
0.7115852011882258
0.7124628679449095
0.7131379962192816
0.7140156629759654
0.7152308938698353
0.7160072913853632
0.7170199837969214
0.7179651633810424
0.7187078044828518
0.7192479071023494
0.7203956251687821
0.7215095868214961
0.7225560356467728
0.7234337024034566
0.724345125573859
0.7253915743991358
0.726235484742101
0.7270793950850661
0.7276870105320011
0.7284971644612477
0.7296448825276802
0.730691331352957
0.7316027545233594
0.7326829597623549
0.733358088036727
0.7342695112071294
0.7350796651363759
0.7358898190656225
0.7366324601674318
0.7373413448555225
0.7383540372670807
0.7391641911963273
0.7401768836078855
0.7412570888468809
0.741932217121253
0.7429786659465298
0.7437888198757764
0.7447339994598974
0.7456116662165811
0.7462530380772346
0.746826897110451
0.747940858763165
0.7489873075884418
0.749831217931407
0.7508101539292465
0.7516878206859303
0.7524304617877396
0.7534093977855792
0.754287064542263
0.7553335133675398
0.7561436672967864
0.7568187955711585
0.7574939238455306
0.7587429111531191
0.7595530650823656
0.7603969754253308
0.7612071293545773
0.7622873345935728
0.7631987577639752
0.7641439373480962
0.7647853092087497
0.7656292195517148
0.76647312989468
0.7673845530650824
0.7678908992708615
0.7688023224412638
0.7695787199567918
0.7707939508506616
0.7717728868485012
0.7725830407777478
0.7732581690521199
0.7738995409127735
0.7747434512557386
0.7757561436672968
0.7762962462867945
0.7772414258709155
0.7779840669727248
0.7791317850391575
0.7803807723467459
0.7810896570348366
0.7818998109640832
0.7824736699972995
0.7831487982716716
0.7839927086146368
0.784566567647853
0.785511747231974
0.7865244396435322
0.7870982986767486
0.7877059141236835
0.7882460167431812
0.7890561706724277
0.789798811774237
0.7906089657034837
0.7913178503915744
0.7923980556305698
0.793241965973535
0.7939846070753444
0.794963543073184
0.7957399405887119
0.7962800432082096
0.7972252227923305
0.7982379152038888
0.7989130434782609
0.7996219281663516
0.8004658385093167
0.8012759924385633
0.8022211720226843
0.8028963002970564
0.8036726978125844
0.8042128004320821
0.8051242236024845
0.8062381852551985
0.8069470699432892
0.80765595463138
0.8084323521469079
0.8088711855252498
0.8095800702133406
0.8102551984877127
0.8107953011072103
0.811605455036457
0.8119767755873616
0.812888198757764
0.8137996219281664
0.8146097758574129
0.8154874426140967
0.8163313529570618
0.8169052119902781
0.8177828787469619
0.8183567377801783
0.8190318660545504
0.82001080205239
0.8209222252227923
0.8213610586011342
0.8222049689440993
0.8231501485282203
0.8239940588711855
0.8247029435592763
0.8254455846610856
0.8262894950040508
0.827302187415609
0.8280448285174183
0.8289224952741021
0.8296313799621928
0.8301714825816905
0.8308803672697812
0.8318593032676208
0.832534431541993
0.8332433162300837
0.8337159060221442
0.834762354847421
0.8355387523629489
0.8363826627059141
0.8372265730488793
0.83793545773697
0.8388468809073724
0.8401296246286795
0.8408722657304888
0.8415136375911423
0.842391304347826
0.843167701863354
0.8441466378611936
0.8449230353767215
0.8455644072373751
0.8463745611666217
0.8469146637861193
0.8477585741290845
0.8486699972994869
0.8494801512287334
0.8502227923305428
0.8509654334323521
0.8515730488792871
0.8524507156359709
0.8531596003240616
0.8540372670807453
0.855016203078585
0.8557250877666757
0.8564339724547664
0.8572103699702943
0.8579530110721038
0.8586281393464759
0.8591344855522549
0.8598771266540642
0.8606872805833108
0.8613961652714016
0.8620037807183365
0.8625438833378342
0.8630502295436133
0.863759114231704
0.8646030245746692
0.8650081015392924
0.8657169862273832
0.8664596273291926
0.8670672427761275
0.8678436402916554
0.868822576289495
0.8696664866324602
0.8703078584931137
0.8711180124223602
0.8719619227653254
0.8725020253848231
0.8730758844180394
0.874054820415879
0.8745274102079396
0.8755738590332163
0.8762152308938699
0.8768566027545234
0.8777342695112071
0.8783081285444234
0.8789495004050769
0.879725897920605
0.8804685390224143
0.8811436672967864
0.8820213340534702
0.8827302187415609
0.8834728598433702
0.8839792060491494
0.8846880907372401
0.8853969754253308
0.8860045908722657
0.8865446934917635
0.8872873345935728
0.8878949500405077
0.8887388603834728
0.889413988657845
0.8899540912773427
0.8904941938968404
0.8912030785849311
0.8922832838239265
0.8930934377531731
0.893532271131515
0.8939373480961382
0.8946462327842291
0.8952876046448826
0.8960302457466919
0.896705374021064
0.8971779638131245
0.8979881177423711
0.8986294896030246
0.8993046178773967
0.8999797461517688
0.9005536051849852
0.9014987847691062
0.9024439643532272
0.9032541182824737
0.9037942209019714
0.9044355927626249
0.9049081825546854
0.90527950310559
0.9058533621388064
0.9065960032406157
0.9072036186875506
0.9080137726167972
0.9086213880637322
0.909229003510667
0.9100729138536322
0.9109168241965974
0.9117944909532811
0.9125371320550905
0.9131109910883067
0.913786119362679
0.9143262219821766
0.9150013502565487
0.9155414528760465
0.9162503375641372
0.9167229273561976
0.9174318120442884
0.9182082095598164
0.9186807993518769
0.919018363489063
0.9194909532811234
0.9198622738320281
0.9204361328652444
0.9211450175533351
0.9219551714825817
0.922697812584391
0.923474210099919
0.9241830947880098
0.9247231974075074
0.9252295436132866
0.9259046718876587
0.9265798001620308
0.9271536591952471
0.9278625438833379
0.9282338644342425
0.9287739670537402
0.9293815825006752
0.9300229543613286
0.930765595463138
0.9314744801512287
0.9320483391844451
0.9325209289765055
0.9329935187685661
0.9336348906292196
0.9342087496624358
0.9348501215230894
0.9354577369700243
0.9362678908992709
0.9367742371050499
0.9372468268971105
0.9379894679989198
0.9384958142046989
0.9389346475830408
0.9395760194436943
0.9402173913043478
0.9408250067512828
0.941398865784499
0.9419052119902781
0.9425465838509317
0.9430866864704294
0.9440318660545504
0.9443019173642992
0.9448757763975155
0.9453483661895761
0.9458884688090737
0.9463610586011342
0.9465973534971645
0.9471712125303807
0.9475087766675668
0.9482851741830948
0.9488927896300297
0.9494328922495274
0.9498717256278693
0.9503105590062112
0.9509856872805833
0.9516608155549554
0.9523359438293276
0.9528422900351067
0.9535511747231974
0.9542600594112881
0.9548676748582231
0.9557453416149069
0.9563529570618418
0.9573318930596814
0.957871995679179
0.9583783418849582
0.9591209829867675
0.959762354847421
0.9603024574669187
0.9608425600864164
0.9614501755333513
0.9619565217391305
0.9624628679449095
0.9629692141506886
0.963543073183905
0.9641169322171212
0.9647245476640561
0.9650283553875236
0.9655009451795841
0.9662098298676749
0.9666486632460167
0.9671550094517959
0.9677626248987308
0.9684377531731029
0.9687415608965704
0.9691803942749122
0.9698555225492843
0.9707669457196867
0.9712395355117472
0.9718133945449635
0.9724210099918985
0.9729611126113962
0.9736024844720497
0.974007561436673
0.9745814204698893
0.9750540102619498
0.9755603564677289
0.9759991898460707
0.9765392924655685
0.9771469079125034
0.9777882797731569
0.9784296516338105
0.9789359978395895
0.9793410748042128
0.9798136645962733
0.9802187415608966
0.9804887928706454
0.9808938698352687
0.9813327032136105
0.9818390494193897
0.9822441263840129
0.9826492033486363
0.9829530110721038
0.9834593572778828
0.983864434242506
0.9841344855522549
0.9846070753443155
0.9850121523089387
0.985586011342155
0.9860586011342155
0.9865649473399946
0.9870037807183365
0.9873413448555225
0.9875438833378342
0.9879489603024575
0.9882865244396435
0.9884553065082365
0.9888266270591413
0.9891979476100459
0.9896030245746692
0.9898730758844181
0.9903794220901971
0.9906157169862274
0.9909195247096948
0.9911895760194437
0.991594652984067
0.9919997299486902
0.9924723197407508
0.9929111531190926
0.9933499864974346
0.9938563327032136
0.9942951660815555
0.9945989738050229
0.9948352687010532
0.9950378071833649
0.995274102079395
0.9956791790440184
0.99588171752633
0.9962867944909533
0.9966243586281394
0.9967931406967324
0.997164461247637
0.9975695382122604
0.9978395895220091
0.9980758844180394
0.9982446664866325
0.9986159870375372
0.999054820415879
0.9993248717256279
0.9995949230353767
0.9997637051039697
0.999831217931407
0.9998987307588442
1.0
1.0
1.0
