0.0009789359978395896
0.0017553335133675399
0.00263300027005131
0.0034093977855792603
0.004320820955981636
0.005299756953821226
0.006076154469349176
0.0067175263300027
0.0077302187415608965
0.008776667566837698
0.009688090737240076
0.010768295976235485
0.011713475560356467
0.012894950040507697
0.013975155279503106
0.014785309208749662
0.015764245206589252
0.016979476100459086
0.01802592492573589
0.018869835268701052
0.01984877126654064
0.020692681609505804
0.021604104779908182
0.022785579260059412
0.023764515257899
0.02467593842830138
0.02541857953011072
0.02649878476910613
0.02747772076694572
0.028186605455036456
0.029435592762624897
0.03000945179584121
0.03088711855252498
0.03173102889549014
0.032878746961922764
0.0340939778557926
0.03507291385363219
0.035984337024034564
0.03679449095328113
0.03757088846880907
0.038752362948960305
0.03990008101539293
0.04091277342695112
0.04165541452876047
0.04256683769916284
0.04330947880097218
0.044220901971374564
0.04513232514177694
0.0459762354847421
0.04776532541182825
0.04874426140966784
0.04965568458007021
0.05066837699162841
0.05147853092087497
0.05222117202268431
0.05347015933027275
0.054280313259519306
0.055157980016203076
0.05637321091007291
0.057048339184445046
0.057993518768566024
0.05873615987037537
0.05998514717796381
0.06133540372670807
0.06231433972454766
0.06319200648123144
0.06406967323791521
0.06494733999459898
0.06602754523359439
0.06707399405887118
0.0676478530920875
0.06886308398595734
0.0702470969484202
0.07095598163651094
0.07156359708344585
0.0723399945989738
0.07379152038887389
0.07466918714555766
0.075411828247367
0.07625573859033216
0.07720091817445314
0.0785511747231974
0.0800364569268161
0.0805765595463138
0.08152173913043478
0.08277072643802322
0.08398595733189305
0.08530245746691871
0.08638266270591412
0.08709154739400486
0.08793545773697002
0.08850931677018634
0.08982581690521199
0.09056845800702133
0.09127734269511208
0.09188495814204699
0.0929651633810424
0.09445044558466109
0.09563192006481232
0.09674588171752634
0.0976573048879287
0.09897380502295436
0.10029030515798001
0.10099918984607076
0.10211315149878476
0.10305833108290575
0.10349716446124764
0.10467863894139887
0.10562381852551984
0.10670402376451525
0.10734539562516879
0.10791925465838509
0.10930326762084797
0.1105522549284364
0.11163246016743181
0.11291520388873887
0.11396165271401566
0.1151768836078855
0.1161895760194437
0.11720226843100189
0.11858628139346476
0.11943019173642992
0.12007156359708344
0.12108425600864164
0.12233324331623008
0.12314339724547664
0.12371725627869296
0.12462867944909532
0.12614771806643263
0.1270928976505536
0.1275654874426141
0.12874696192276533
0.12928706454226302
0.13006346205779099
0.13131244936537942
0.13286524439643532
0.13408047529030515
0.1353969754253308
0.13617337294085877
0.1368147448015123
0.13782743721307048
0.13867134755603563
0.13985282203618687
0.14086551444774506
0.14140561706724278
0.14211450175533352
0.1430596813394545
0.14424115581960573
0.14488252768025925
0.1456926816095058
0.14734674588171753
0.14842695112071294
0.15001350256548746
0.1513975155279503
0.15203888738860383
0.15349041317850393
0.15467188765865514
0.15534701593302727
0.155887118552525
0.15683229813664595
0.15784499054820417
0.15855387523629488
0.1590939778557926
0.16051174723197406
0.16132190116122064
0.1621320550904672
0.16294220901971374
0.16402241425870914
0.1653389143937348
0.1662840939778558
0.16770186335403728
0.1684445044558466
0.16955846610856062
0.17053740210640023
0.17168512017283283
0.17225897920604916
0.17310288954901432
0.1740480691331353
0.17482446664866325
0.17580340264650285
0.17647853092087495
0.17745746691871456
0.17850391574399135
0.1793140696732379
0.18066432622198217
0.18191331352957063
0.18326357007831487
0.18417499324871725
0.1854914933837429
0.1864029165541453
0.1876181474480151
0.18873210910072913
0.18937348096138265
0.18991358358088037
0.1911963273021874
0.19180394274912232
0.19274912233324332
0.19355927626248987
0.19463948150148527
0.1957871995679179
0.19649608425600865
0.19761004590872266
0.19848771266540643
0.19977045638671348
0.20108695652173914
0.20213340534701593
0.20361868755063461
0.2051377261679719
0.20628544423440454
0.20753443154199297
0.20804077774777208
0.20874966243586282
0.2092897650553605
0.2102687010532001
0.2112476370510397
0.2123278422900351
0.21296921415068862
0.21404941938968405
0.21502835538752363
0.21610856062651904
0.21718876586551444
0.21806643262219821
0.21921415068863084
0.2206319200648123
0.22174588171752632
0.22336618957601945
0.22441263840129624
0.22502025384823116
0.2256953821226033
0.2263367539832568
0.22718066432622197
0.22812584391034296
0.2292735619767756
0.23008371590602214
0.2309613826627059
0.23217661355657576
0.23329057520928975
0.23443829327572238
0.23548474210099918
0.23680124223602483
0.23791520388873885
0.23936672967863895
0.24118957601944369
0.24237105049959493
0.24297866594652984
0.24348501215230894
0.24426140966783688
0.24520658925195787
0.24588171752633
0.2463205509046719
0.24702943559276264
0.24777207669457196
0.24837969214150687
0.24956116662165811
0.2509789359978396
0.2519578719956792
0.25297056440723736
0.2542533081285444
0.25550229543613284
0.2570550904671888
0.2582028085336214
0.25894544963543076
0.2596880907372401
0.26053200108020524
0.26157844990548207
0.26269241155819606
0.2634350526600054
0.2642114501755333
0.2653929246556846
0.26647312989467997
0.2670807453416149
0.2680596813394545
0.26903861733729406
0.26995004050769644
0.2712665406427221
0.2727518228463408
0.27450715635970835
0.27599243856332706
0.2767013232514178
0.2772414258709155
0.2783891439373481
0.2791317850391574
0.2798069133135296
0.28068458007021335
0.28139346475830407
0.28237240075614367
0.2835876316500135
0.28483661895760193
0.2856805293005671
0.28655819605725086
0.28800972184715096
0.2886510937078045
0.2902038887388604
0.2911828247367
0.29263435052660003
0.29391709424790713
0.2947947610045909
0.29580745341614906
0.2969551714825817
0.29790035106670265
0.29864299216851203
0.30026330002700513
0.3015798001620308
0.30238995409127734
0.30347015933027277
0.30411153119092627
0.3051579800162031
0.3056643262219822
0.30667701863354035
0.3072846340804753
0.3084661085606265
0.31001890359168244
0.31120037807183365
0.3120442884147988
0.3131582500675128
0.31427221172022685
0.3153524169592222
0.316230083715906
0.31737780178233865
0.318120442884148
0.31926816095058064
0.32038212260329463
0.32136105860113423
0.3223399945989738
0.3234201998379692
0.32412908452605993
0.325411828247367
0.3262219821766136
0.3273697002430462
0.3285174183094788
0.32990143127194166
0.3306778287874696
0.33179179044018364
0.33297326492033485
0.3340197137456117
0.33482986767485823
0.3362138806373211
0.33749662435862815
0.3382730218741561
0.3395220091817445
0.3399608425600864
0.340939778557926
0.34171617607345395
0.3424925735889819
0.3435052660005401
0.34461922765325415
0.3458682149608426
0.3470834458547124
0.3482649203348636
0.34927761274642183
0.3503915743991358
0.3513367539832568
0.35214690791250336
0.3531596003240616
0.3539697542533081
0.3551174723197407
0.35613016473129894
0.3570415879017013
0.35805428031325953
0.35876316500135025
0.3595058061031596
0.3603497164461248
0.3619362678908993
0.36348906292195515
0.36494058871185525
0.36595328112341347
0.3666959222252228
0.3678098838779368
0.36868755063462055
0.36959897380502293
0.37040912773426954
0.37152308938698353
0.37277207669457196
0.3735484742100999
0.3747637051039698
0.3754050769646233
0.3765190386173373
0.37786929516608153
0.3789832568187956
0.3799621928166352
0.38144747502025383
0.38310153929246554
0.3847556035646773
0.38624088576829596
0.3878274372130705
0.3889751552795031
0.38975155279503104
0.3905617067242776
0.391641911963273
0.39312719416689174
0.3939373480961383
0.39484877126654067
0.3958277072643802
0.39711045098568726
0.3982581690521199
0.3994058871185525
0.40092492573588984
0.4017013232514178
0.4029503105590062
0.40419929786659464
0.40565082365649474
0.40679854172292734
0.4075074264110181
0.409060221442074
0.40990413178503915
0.41091682419659736
0.4114906832298137
0.412233324331623
0.413347285984337
0.4147650553605185
0.4158115041857953
0.41706049149338376
0.41864704293815824
0.42016608155549556
0.4209762354847421
0.4220564407237375
0.42327167161760737
0.4244531460977586
0.4251282743721307
0.42603969754253307
0.4271199027815285
0.42793005671077505
0.4289765055360519
0.43005671077504726
0.4313732109100729
0.43265595463137996
0.4334998649743451
0.4343775317310289
0.4358965703483662
0.4369767755873616
0.43836078854982446
0.4395760194436943
0.44041992978665945
0.44092627599243855
0.44143262219821766
0.4422765325411828
0.4436267890899271
0.4443694301917364
0.4458547123953551
0.4472049689440994
0.44848771266540643
0.4499054820415879
0.45108695652173914
0.4520321361058601
0.4529435592762625
0.45442884147988116
0.45517148258169055
0.4561841749932487
0.45696057250877664
0.45800702133405347
0.45844585471239535
0.4597285984337024
0.4612138806373211
0.46222657304887926
0.4630704833918444
0.464049419389684
0.46482581690521196
0.46607480421280045
0.466884958142047
0.4674588171752633
0.4683027275182285
0.4692479071023494
0.4701593302727518
0.4705981636510937
0.47144207399405885
0.47265730488792873
0.47400756143667294
0.47542533081285443
0.4770456386713476
0.47761949770456386
0.4784971644612476
0.47974615176883606
0.4808263570078315
0.48160275452335943
0.4824466648663246
0.48376316500135025
0.4845733189305968
0.4853497164461248
0.4864974345125574
0.48778017823386444
0.48940048609235753
0.4907507426411018
0.4917971914663786
0.4933499864974345
0.49419389684039966
0.494767755873616
0.4959154739400486
0.49706319200648125
0.49777207669457196
0.4988185255198488
0.49989873075884417
0.5012152308938699
0.5019578719956792
0.5026330002700513
0.5034093977855792
0.504287064542263
0.5054347826086957
0.5065149878476911
0.5075614366729678
0.5083378341884958
0.5096880907372401
0.5107345395625169
0.5122198217661356
0.5130299756953821
0.5141101809343775
0.5150553605184985
0.5163381042398055
0.5172157709964893
0.5184310018903592
0.5194099378881988
0.5205914123683499
0.521705374021064
0.5226167971914664
0.5233594382932757
0.5244058871185525
0.525654874426141
0.5266675668376991
0.5273089386983527
0.5283891439373481
0.5295368620037807
0.5305157980016203
0.5315960032406157
0.5326424520658926
0.5337226573048879
0.5345328112341344
0.5352754523359439
0.5359843370240346
0.53706454226303
0.5374358628139346
0.5384147988117742
0.5397650553605186
0.5415203888738861
0.5425330812854442
0.543073183904942
0.5435457736970024
0.544524709694842
0.5457061841749933
0.5465500945179584
0.5480016203078585
0.5492843640291656
0.5498244666486632
0.551478530920875
0.5524574669187146
0.5533351336753983
0.5542465568458007
0.5551917364299217
0.5564069673237915
0.5574871725627869
0.5582298136645962
0.55910748042128
0.5602889549014313
0.5614704293815825
0.562888198757764
0.5637658655144477
0.5646435322711315
0.5651836348906292
0.5658587631650014
0.5670402376451525
0.5678166351606805
0.5686943019173643
0.5700445584661086
0.5711922765325412
0.5720024304617878
0.5728800972184716
0.5740278152849041
0.5745679179044019
0.5754455846610856
0.5768295976235485
0.5781798541722928
0.5788887388603835
0.5794963543073184
0.5806778287874697
0.5818593032676208
0.582703213610586
0.5841209829867675
0.5856737780178234
0.5862476370510397
0.5876991628409398
0.5884755603564678
0.5893194706994329
0.5903996759384283
0.5916149068322981
0.5925600864164191
0.5933702403456657
0.5940116122063192
0.5953956251687821
0.5963745611666217
0.5970496894409938
0.5982649203348637
0.5996151768836079
0.6003578179854172
0.6015730488792871
0.6022819335673778
0.6034971644612477
0.6046448825276802
0.6059276262489873
0.6068390494193897
0.6075141776937618
0.6088981906562246
0.6099446394815015
0.6110923575479341
0.6116324601674318
0.6131177423710505
0.6142317040237645
0.6154131785039157
0.6161895760194437
0.6172697812584391
0.6183499864974346
0.6194301917364299
0.6202403456656764
0.6210504995949231
0.6216918714555766
0.6228733459357277
0.6243586281393465
0.6253038077234675
0.6264515257899
0.6274979746151769
0.6282068593032676
0.6290507696462327
0.630232244126384
0.6315149878476911
0.6323588981906563
0.6331690521199028
0.6338104239805563
0.6341817445314609
0.6349918984607076
0.6360383472859843
0.6367809883877937
0.6377261679719146
0.6387388603834728
0.6394815014852822
0.6404604374831218
0.6415743991358358
0.6423845530650824
0.6431271941668917
0.6440386173372941
0.6453551174723198
0.6461990278152849
0.6471104509856873
0.6478868485012153
0.6488657844990549
0.650047258979206
0.6514650283553876
0.6520726438023224
0.6526802592492573
0.6537604644882528
0.6549756953821226
0.656224682689711
0.6572373751012692
0.6582163110991088
0.6589589522009182
0.6596340804752903
0.6607817985417229
0.6617269781258439
0.662840939778558
0.6637523629489603
0.6644612476370511
0.6651701323251418
0.6664191196327303
0.667296786389414
0.6687820685930327
0.6694234404536862
0.6701998379692141
0.6708412098298677
0.6715500945179584
0.6725965433432353
0.6735417229273561
0.6739805563056981
0.6746556845800702
0.6754995949230354
0.676478530920875
0.6769848771266541
0.6783351336753983
0.6792465568458007
0.6802592492573589
0.6811706724277613
0.6820145827707265
0.6830272751822847
0.6839049419389684
0.6847488522819336
0.6856265190386174
0.6867404806913313
0.6877531731028895
0.688833378341885
0.6902173913043478
0.690723737510127
0.6916689170942479
0.6926478530920875
0.6937280583310829
0.6947745071563597
0.6958209559816365
0.6966648663246017
0.697238725357818
0.6984877126654064
0.699466648663246
0.7007831487982716
0.701525789900081
0.7024034566567647
0.703416149068323
0.7044288414798812
0.7057790980286255
0.7070955981636511
0.7081758034026465
0.7093235214690792
0.7106737780178234
0.7117202268431002
0.7128004320820956
0.713543073183905
0.7147920604914934
0.7155009451795841
0.7161760734539563
0.7171887658655145
0.7182689711045098
0.7191466378611936
0.7202605995139076
0.7215770996489334
0.7223534971644613
0.723062381852552
0.7240750742641102
0.7249189846070754
0.7255266000540103
0.7262692411558196
0.7271469079125034
0.7279908182554685
0.7291385363219012
0.7302187415608966
0.7312314339724547
0.7317040237645153
0.7326829597623549
0.7333243316230084
0.7342357547934107
0.7349108830677828
0.7359910883067783
0.7373413448555225
0.7380502295436133
0.7390291655414529
0.740480691331353
0.7417971914663786
0.7422022684310019
0.7432149608425601
0.7439238455306508
0.7451728328382393
0.7461180124223602
0.7469619227653254
0.7483796921415069
0.749493653794221
0.7503375641371861
0.7512489873075885
0.7522616797191466
0.7528017823386444
0.7536456926816095
0.7543208209559816
0.7552997569538212
0.7562786929516608
0.7575276802592492
0.7583040777747773
0.7589454496354308
0.7601606805293005
0.761240885768296
0.7620510396975425
0.7631987577639752
0.7642114501755334
0.7650891169322172
0.7663381042398055
0.7674858223062382
0.7678908992708615
0.7687685660275453
0.769815014852822
0.7707264380232244
0.7716716176073454
0.7724480151228733
0.7734944639481501
0.7743383742911153
0.7753848231163921
0.775992438563327
0.776937618147448
0.7775789900081015
0.77882797731569
0.7795368620037807
0.7805495544153389
0.7815622468268971
0.7825074264110181
0.7835201188225763
0.7846003240615717
0.7850729138536322
0.7863894139886578
0.787233324331623
0.7884485552254928
0.7893599783958952
0.7900351066702673
0.7910477990818255
0.7924318120442884
0.7931744531460978
0.7938833378341885
0.7949297866594653
0.7955374021064002
0.7964488252768026
0.7972927356197678
0.7983729408587632
0.7993518768566028
0.8003645692681609
0.800702133405347
0.8008034026465028
0.8016135565757494
0.8025249797461518
0.8034364029165542
0.804482851741831
0.805428031325952
0.8067445314609776
0.8079935187685661
0.8087361598703754
0.8095800702133406
0.8105252497974615
0.8113016473129895
0.8120442884147988
0.8121455576559546
0.8132932757223873
0.8143734809613826
0.8153524169592222
0.8163651093707804
0.8172427761274642
0.8179854172292735
0.8189981096408318
0.8197745071563597
0.8203821226032946
0.8212260329462598
0.8221712125303807
0.8231839049419389
0.8239265460437483
0.8245004050769646
0.8254455846610856
0.8260532001080205
0.8272346745881718
0.8281798541722928
0.8290575209289766
0.8296651363759114
0.8302727518228463
0.8311841749932487
0.8318593032676208
0.832703213610586
0.8330407777477721
0.8338171752633
0.8349648933297327
0.8359438293275723
0.8365514447745072
0.8373953551174723
0.838104239805563
0.8392857142857143
0.8399270861463678
0.8403996759384283
0.840939778557926
0.8416486632460167
0.8427963813124494
0.8434377531731029
0.8443154199297866
0.845226843100189
0.8463408047529031
0.8473197407507427
0.848062381852552
0.8487037537132055
0.8493788819875776
0.8499864974345126
0.8507628949500405
0.8517418309478801
0.8526532541182825
0.8535984337024034
0.8543073183904942
0.8556238185255198
0.8559951390764245
0.8567377801782339
0.8578179854172293
0.8587631650013503
0.8594045368620038
0.8599108830677828
0.860754793410748
0.8613286524439644
0.8621725627869296
0.8632190116122063
0.8639616527140157
0.8648055630569809
0.8657169862273832
0.8665608965703484
0.8672022684310019
0.8681474480151229
0.8689238455306508
0.869936537942209
0.8709492303537673
0.8720294355927626
0.8726708074534162
0.8733796921415069
0.8741560896570348
0.8751012692411558
0.8756751282743721
0.8760802052389954
0.8769916284093978
0.8779705644072374
0.8788819875776398
0.8795571158520119
0.8803672697812585
0.8810423980556306
0.8822576289495004
0.8827639751552795
0.8837766675668377
0.8844855522549284
0.8850256548744262
0.8860721036997029
0.8866122063192007
0.8874223602484472
0.88880637321091
0.8896165271401566
0.8901228733459358
0.8910342965163381
0.8919119632730219
0.8929584120982986
0.8937685660275453
0.8942411558196057
0.8951863354037267
0.8958614636780988
0.8965365919524709
0.8971104509856873
0.8978868485012153
0.8988657844990549
0.8992371050499595
0.8999459897380502
0.9006886308398596
0.9013300027005131
0.902106400216041
0.9027477720766945
0.9035241695922225
0.9040642722117203
0.904941938968404
0.9060896570348366
0.9070685930326762
0.9076762084796112
0.908283823926546
0.909060221442074
0.909566567647853
0.910005401026195
0.9106467728868485
0.9114231704023764
0.9123345935727788
0.9126384012962463
0.9132122603294626
0.9141574399135836
0.9148325681879557
0.9155076964623279
0.9163178503915744
0.9171955171482582
0.9179719146637861
0.9186470429381582
0.9193221712125303
0.9199297866594653
0.9209424790710234
0.921921415068863
0.9224615176883608
0.9228328382392654
0.9235417229273561
0.9244193896840399
0.9250270051309749
0.9257696462327842
0.9263772616797191
0.9267823386443425
0.9273224412638401
0.9283013772616797
0.929044018363489
0.929820415879017
0.9300567107750473
0.9306305698082635
0.9311706724277613
0.9319133135295706
0.9327572238725358
0.9334998649743451
0.9346138266270592
0.935221442073994
0.9357953011072103
0.9363016473129895
0.9369092627599244
0.9375843910342965
0.9384620577909802
0.939339724547664
0.9399810964083176
0.94089251957872
0.9412975965433432
0.9418039427491224
0.94234404536862
0.9428841479881177
0.9433567377801783
0.9440993788819876
0.9448420199837969
0.9455509046718876
0.946124763705104
0.9465635970834458
0.9472049689440993
0.9478125843910343
0.948521469079125
0.9491628409397785
0.9499392384553065
0.9506143667296786
0.951188225762895
0.9515933027275182
0.9523697002430461
0.9531123413448556
0.9538549824466649
0.95469889278963
0.9553402646502835
0.9557453416149069
0.9564879827167162
0.9570280853362139
0.9576694571968674
0.9583783418849582
0.9590534701593303
0.959762354847421
0.9603362138806373
0.9612476370510397
0.9619227653254119
0.9624966243586282
0.9630029705644072
0.9635768295976236
0.9642182014582771
0.9648595733189306
0.9653659195247097
0.965770996489333
0.9662098298676749
0.966884958142047
0.9671887658655145
0.9676951120712936
0.9682352146907912
0.9689103429651634
0.9696529840669728
0.9703618687550635
0.9708682149608425
0.9714420739940589
0.9722859843370241
0.9731974075074264
0.9738387793680799
0.9742100999189847
0.9748514717796382
0.9752565487442614
0.9759316770186336
0.9766405617067243
0.9772481771536592
0.9778895490143127
0.9784971644612477
0.9791385363219012
0.9800499594923036
0.980522549284364
0.9810964083175804
0.9817377801782339
0.9822778827977315
0.9827167161760735
0.9831893059681339
0.9837969214150689
0.9841682419659735
0.9843707804482852
0.9845733189305969
0.9851471779638131
0.9856535241695922
0.9860586011342155
0.9864974345125573
0.9871050499594923
0.987813934647583
0.9881852551984878
0.988590332163111
0.98909667836889
0.9895017553335134
0.9901768836078855
0.9907844990548205
0.9913921145017554
0.9917971914663786
0.9922697812584391
0.992877396705374
0.9932824736699973
0.9937888198757764
0.9942614096678369
0.9946664866324602
0.9951053200108021
0.9956791790440184
0.9960842560086416
0.9965568458007021
0.9968944099378882
0.9974007561436673
0.9979071023494464
0.9979746151768836
0.9983121793140697
0.9985822306238186
0.9988185255198487
0.998886038347286
0.9989873075884418
0.999054820415879
0.9990885768295976
0.9990885768295976
