Total times: 1141483
Item	Time empty	Estimated value	Time
83930047	0	0.8981261182876483	1054
71418484	0	0.8743346661815179	1054
83294786	0	0.8582255669523321	1054
73357729	0	0.8566709878889088	1054
69841660	0	0.8420316371699366	1054
75997659	0	0.8345805044169917	1054
63590356	0	0.8298839287572608	1054
90714907	0	0.8166827724192464	1054
71840449	0	0.8159500058792387	1054
71379069	0	0.8016251571937546	1054
17801250	0	0.7920489636721297	1054
71876015	0	0.7762460213783591	1054
16762601	0	0.7721935605973235	1054
89160781	0	0.7635681891278167	1054
80962504	0	0.7588952960638387	1054
77586629	0	0.7024382809005749	1054
14841167	0	0.6950704296475124	1054
9159424	0	0.694550744109424	1054
12119896	0	0.6653167741719389	1054
78780122	0	0.6619671660716316	1054
60797755	63748	0.648206963476324	1054
82900774	0	0.614238605510488	1054
14931763	0	0.5938917446704903	1054
74863964	0	0.5913773186406736	1054
72718191	104976	0.5838874358235298	1054
9883417	98069	0.55514333992781	1054
7925568	0	0.5456829168620155	1054
81608188	88720	0.5433542575806345	1054
68825735	53132	0.5310734410706507	1054
75764632	0	0.5211265416158104	1054
3513394	74603	0.5191228241001646	1054
67552090	66985	0.5131122952534606	1054
70870518	0	0.5097478349186519	1054
7444285	0	0.5062252588247166	1054
33291631	0	0.5049955055626927	1054
65126194	0	0.49922507342909533	1054
4297595	68048	0.48416916364411927	1054
75710556	33736	0.48254942244785104	1054
11016852	55136	0.47996940608657956	1054
62500634	98513	0.47862182813434534	1054
58484831	182377	0.471897972571117	1054
16435287	32676	0.47085740788879327	1054
73331759	73574	0.462682907974992	1054
72070691	91904	0.45595077542082685	1054
46725701	161868	0.45047490616511426	1054
86255145	129502	0.44386990683032757	1054
14047278	29416	0.43887710043787487	1054
70555369	96388	0.4359470001635394	1054
83671708	56313	0.4316302421506071	1054
80966354	59494	0.42987546785179226	1054
1125208	65925	0.4296031856728144	1054
4250024	171514	0.42901042515877696	1054
75943787	116731	0.42652671274738274	1054
41773241	38000	0.42385581421334595	1054
2609199	188925	0.42232169155881627	1054
70077941	244455	0.41986277258773563	1054
17270322	94024	0.41186546795754064	1054
66107883	47774	0.4085928487805215	1054
65850520	353698	0.40530104606490974	1054
78153059	81883	0.39684258098745845	1054
71764550	162917	0.39439169133179985	1054
80947484	41270	0.39347270211932034	1054
66237014	206220	0.39208026547732344	1054
74591612	235961	0.38672945699120426	1054
73854012	220051	0.38359765775715116	1054
17964785	118971	0.38247937772172275	1054
91236046	248725	0.38191373188331657	1054
16169324	174111	0.3816483735373527	1054
88304149	303238	0.3752728541111732	1054
69992142	478051	0.37312669213292693	1054
67653031	131689	0.3713718782935834	1054
72033090	64850	0.3694217038146442	1054
66293468	124172	0.3684369287715073	1054
60850009	0	0.36709948046675966	1054
70743428	130601	0.3653797645782567	1054
65443904	31626	0.3640336333523746	1054
43865151	75695	0.36350598061806527	1054
4096104	0	0.3615294728019588	1054
82027610	76765	0.3576871061713672	1054
76218879	165785	0.3393528062002688	1054
67758791	57352	0.33718066380647693	1054
62188697	142546	0.336211213859341	1054
72482166	84448	0.33527038665119363	1054
74770835	306925	0.3349605404559109	1054
73378305	166147	0.3310103297982543	1054
79938348	156454	0.32993396547873116	1054
4405502	176852	0.3299278673390918	1054
72787889	113572	0.3271521185636692	1054
14218071	155377	0.32605705701840854	1054
91503926	137195	0.32099368349394214	1054
62019639	433912	0.319557020748007	1054
76729905	128437	0.3194810893943132	1054
2159153	412774	0.31773496682127605	1054
91108501	288093	0.3130319189555229	1054
78907413	319183	0.3120328543427386	1054
82550184	0	0.3112208443725389	1054
66241687	227429	0.3106894714612538	1054
13679251	55242	0.3104891461889793	1054
89056103	216836	0.3074500261237499	1054
69180862	391318	0.30393368857160075	1054
81508148	598831	0.3021482813135137	1054
6240693	169454	0.2996169978465637	1054
67619943	224783	0.2965634397676031	1054
31102171	666064	0.295866735572953	1054
11847569	263747	0.2941845463509602	1054
536440	255082	0.2935629815668244	1054
88365603	205159	0.2918433348191882	1054
68734298	135908	0.2911119682211094	1054
76310214	0	0.2842863690436646	1054
82925846	194520	0.2842655385180965	1054
66302827	153285	0.28368063617693484	1054
76372266	0	0.2826942973227624	1054
93970958	523177	0.28212080629602265	1054
13123158	127391	0.2809701144909419	1054
20912871	405086	0.2806274116747526	1054
2557026	349953	0.28015567916641143	1054
8642307	122045	0.2790425164958552	1054
49553651	195587	0.27868506027175993	1054
65018773	151175	0.2781008276897698	1054
93868746	502426	0.27788281417898514	1054
84768993	331845	0.27670168638322035	1054
75066331	714738	0.275678879294273	1054
16053451	696389	0.2713459753503009	1054
77960617	546844	0.2712067020537904	1054
85017611	494605	0.2707075835581035	1054
1702066	329494	0.2704353745940796	1054
29056981	258250	0.2674894239349601	1054
25671361	370162	0.26667055869468514	1054
21926321	308550	0.26583677275667794	1054
99677218	492786	0.2656445896448763	1054
95955228	198767	0.2628452184872059	1054
16498595	267987	0.26267575687354816	1054
6526074	228524	0.2619155401344677	1054
77522417	709498	0.2607435953388725	1054
80933110	310652	0.2598336291602515	1054
91940648	371843	0.2596580621093894	1054
4517211	359512	0.2594595214986563	1054
3001334	150011	0.2588258343134695	1054
85205712	341427	0.2587350465714226	1054
81434692	191051	0.25638713890801346	1054
13421009	304307	0.25612239281136084	1054
6991004	143565	0.25542870241839966	1054
5466246	181334	0.2545778422732997	1054
17217573	328419	0.25222361315296155	1054
15036397	109321	0.25215160578754203	1054
17460500	360565	0.2514925536090621	1054
70366909	123098	0.24925281574603358	1054
77682184	803092	0.24922043646524814	1054
17489120	79030	0.2474659787156155	1054
6495689	241542	0.24608971349500894	1054
83204020	114607	0.24527662862826358	1054
69562013	482231	0.2451878798418366	1054
17410069	431649	0.24504393401005628	1054
91412514	184521	0.24498514941634866	1054
64422296	307495	0.24423681794209592	1054
14954817	506663	0.24268917320735467	1054
1869815	474265	0.2426128324065628	1054
72581182	324188	0.24062212898475535	1054
45265831	217848	0.23884866715998604	1054
11643845	290358	0.23801849283398507	1054
4189327	771382	0.23684439970616222	1054
861187	643530	0.23568837249299487	1054
73399731	240216	0.23171658212894347	1054
46510391	200866	0.2311885895726753	1054
2405183	613829	0.2311839420998326	1054
7747321	120977	0.23035480396541255	1054
13280907	748734	0.23004120657522378	1054
90052073	277136	0.22847266567897354	1054
15792789	411719	0.22776665997364862	1054
73184322	0	0.227399456327178	1054
72269660	661228	0.22685431619446358	1054
7541920	138301	0.2264623803293226	1054
68788868	731948	0.22618936315011332	1054
89790609	314918	0.2257580698511146	1054
64962419	0	0.22307391660179493	1054
65483312	443008	0.22241535549353778	1054
66295263	462874	0.2217580814533123	1054
78236344	296643	0.22130049165294796	1054
5222185	476997	0.22123705846184033	1054
73363564	327368	0.2187602481574332	1054
2287585	375720	0.21809437141626942	1054
76423928	294748	0.21775107241723024	1054
1118030	101744	0.2172777859570481	1054
84986265	861342	0.21664769832837005	1054
7235600	186666	0.21650826387110597	1054
50929511	272209	0.21602112761892486	1054
69425079	0	0.2147712769387859	1054
46219471	0	0.21448781658477667	1054
68780748	58439	0.21350871816774986	1054
69794865	347827	0.21270813922520151	1054
3151015	285971	0.21244444875205745	1054
9214703	340371	0.21190849470644882	1054
69497946	225836	0.21153218177395575	1054
8855569	321556	0.21095089329155386	1054
4819939	532651	0.21055552716463002	1054
75092622	678003	0.20925744604248953	1054
12369894	260395	0.20787639834905514	1054
65668966	271169	0.20771561382575746	1054
4313595	203042	0.2063952692747265	1054
86744433	237022	0.2051411860350706	1054
86262325	299009	0.2049347295882124	1054
23724351	423867	0.20466683450490933	1054
2970306	296880	0.20204334723951722	1054
68221676	498199	0.20173511734925798	1054
74173803	282542	0.20167984792130053	1054
12220450	189980	0.20160433008953857	1054
84707419	317051	0.20146998652088985	1054
8478319	0	0.20145572782637983	1054
13148373	196645	0.20116503499119104	1054
74476228	410667	0.20012900347075765	1054
86483013	816222	0.19983188369863822	1054
70823508	603095	0.1992141611915995	1054
72527358	281277	0.1991286867294727	1054
73549639	0	0.19906214256772303	1054
89978661	117829	0.198691654026188	1054
5667620	293568	0.19868533969762361	1054
80593378	167957	0.19809627024492057	1054
14245093	355254	0.19572810061676177	1054
18752211	762751	0.19450714162425098	1054
69292911	691335	0.1942238526760748	1054
17587494	564969	0.19190371772762405	1054
8979556	0	0.19121390455677692	1054
14873288	85509	0.1911284522614852	1054
73205697	262674	0.19105099345903814	1054
79177655	379073	0.1906756935456252	1054
51245031	744517	0.1901277011968013	1054
64104781	42382	0.1898767526783535	1054
90146311	89777	0.18863236020582186	1054
66761683	291430	0.18819288965080969	1054
16878842	851641	0.187777586293843	1054
14491576	980118	0.1876025065409568	1054
90282069	931264	0.18718976977185914	1054
15597432	761706	0.1866174292003558	1054
75249221	365910	0.18634886232465267	1054
6132153	904610	0.18625306227323546	1054
72325972	571597	0.18546911505867428	1054
15123380	343599	0.18476380378911827	1054
88991703	471788	0.18429571702119363	1054
82138970	659375	0.18377049700238937	1054
75265469	542657	0.1833545883822323	1054
66947315	437136	0.18333660200517	1054
15100914	289318	0.182927032248897	1054
69618629	670922	0.18285389727881138	1054
16999015	416209	0.18256399406110613	1054
15825404	418346	0.18150836847254193	1054
71242791	350998	0.18080159338388968	1054
83063136	420157	0.18077032478303032	1054
70292437	770341	0.18071709448963766	1054
75735062	581210	0.18067324681741856	1054
11433264	232759	0.18038119371705885	1054
10127578	758490	0.18022183609920256	1054
9188742	778060	0.17939107051415717	1054
4729155	926613	0.17922670199219984	1054
77014514	278250	0.17831684383971222	1054
8247183	106045	0.17753546287651797	1054
81863242	791235	0.17728127289183654	1054
36741151	874085	0.176914186183357	1054
66676859	764896	0.17613821779199915	1054
20370431	345681	0.1755492756559044	1054
2995148	403228	0.17503057675698874	1054
72277601	653061	0.17448484589979302	1054
4701067	511040	0.1743033966734123	1054
4954825	756744	0.17381798212801491	1054
5953902	0	0.1736834195895284	1054
5563439	821406	0.1733461804996758	1054
68344627	1010375	0.17318876640779124	1054
5999869	648784	0.17302470314469273	1054
9971564	558361	0.1729758047098346	1054
66931072	838382	0.17244566809515857	1054
73814281	684815	0.17240300346094325	1054
7784560	193150	0.1722538818939827	1054
78361807	669880	0.1718697713867813	1054
17380488	140774	0.1715986850886718	1054
76068551	846295	0.171475532590088	1054
80877874	584685	0.17137932241516463	1054
89623327	501376	0.17132624733899435	1054
65431390	0	0.17113063728528125	1054
67199484	577514	0.17041056663445003	1054
63720689	356308	0.16988237676907755	1054
83141690	671995	0.1698159515177232	1054
70045109	650353	0.16874584549816932	1054
4675615	185603	0.16844600317844152	1054
17165097	446378	0.1683250886839539	1054
1672747	245501	0.1682811171623298	1054
36012181	313858	0.16773349795479525	1054
774905	746683	0.16768812772807334	1054
77674537	787509	0.16731475328699885	1054
99757138	492912	0.1665522693101806	1054
56047801	515561	0.16603432381094188	1054
65155203	512569	0.1657992159177897	1054
65391788	668826	0.16557030396652736	1054
61107680	741278	0.1628696406765973	1054
15080702	284716	0.16209766889989213	1054
10737055	238082	0.1619444147803032	1054
8750746	595360	0.16189070886205562	1054
15864476	527418	0.1616261022304629	1054
8431767	868436	0.16154365974327614	1054
74984635	139363	0.16123886874491847	1054
13070544	812327	0.16063883297092219	1054
8422045	160794	0.16035254389173545	1054
71752391	159718	0.16021619490845232	1054
78436103	468221	0.1600336523931437	1054
70312948	819862	0.15967477403366387	1054
70679517	696712	0.15932381086862465	1054
74066212	788565	0.15928351869307533	1054
11602496	338258	0.15925673263500664	1054
43430201	175810	0.15924771748882888	1054
69990343	553248	0.1590004853116581	1054
9100736	484394	0.15828092329610094	1054
85324704	451117	0.15777340535039036	1054
2323940	824755	0.15762449963697245	1054
33456271	425472	0.15749838168726255	1054
57719221	809768	0.15712936566478503	1054
16744376	555088	0.15709987450951346	1054
72875132	609464	0.15702920514404162	1054
61210275	925202	0.15666823128855112	1054
88385813	521067	0.15614849932394936	1054
2926402	251927	0.15598299187372475	1054
74831447	545989	0.1553730615463167	1054
4841406	835220	0.15424265716539476	1054
5673785	214711	0.1541626245733689	1054
68559485	208330	0.1538396250166386	1054
3275927	399713	0.1535408406137442	1054
65838489	0	0.1532973860662595	1054
81246014	475654	0.15193822664295112	1054
87904287	880353	0.15170156476183064	1054
91217118	231724	0.15136882808996485	1054
5726259	0	0.15118299815174333	1054
16033869	908372	0.15091283697721716	1054
15661190	682311	0.15062926742682192	1054
12343704	856001	0.1504593115849664	1054
78543531	525342	0.15031160164523838	1054
63610804	256143	0.1498753756464438	1054
83504220	755093	0.149492121827775	1054
71578197	1049454	0.14923163787484675	1054
12491045	438213	0.1486017803117111	1054
71100142	0	0.14859152081250004	1054
45730161	928852	0.14818125059566306	1054
62343841	0	0.1481201624666405	1054
75401504	687476	0.147562577871985	1054
4940699	152224	0.14735331925032755	1054
71179576	779241	0.14696720591180693	1054
62048229	259352	0.1468788952791937	1054
7682490	46740	0.14684374511778037	1054
3411439	605202	0.14613788549834275	1054
70463099	776079	0.1458597877174237	1054
14012408	470354	0.145591864342095	1054
12650242	274368	0.14545415428038877	1054
5832569	630835	0.14513116795363973	1054
78077516	366954	0.14507975688099067	1054
67204737	561583	0.1447949208633592	1054
18054075	401101	0.1443305972474765	1054
77023726	691369	0.14419356007781517	1054
70962170	535982	0.14416695095656704	1054
8198424	919900	0.14408388015229295	1054
89071893	311752	0.14392126687593612	1054
52503871	887010	0.14381809632373047	1054
77052505	863677	0.14351193308433197	1054
70292834	82315	0.1433657009051374	1054
83785402	559394	0.1431240818120487	1054
87813009	692775	0.14301959471798373	1054
12734529	509911	0.14278986177383127	1054
14201087	516810	0.14271042739712658	1054
65989449	406531	0.14257239450546752	1054
22299021	577982	0.14253076354109345	1054
10188258	0	0.14234520470773862	1054
4967715	711286	0.14210272288233158	1054
65802069	102857	0.14193214839208831	1054
87623241	126317	0.1416453793559812	1054
4343780	108239	0.14115043296030388	1054
55629131	395176	0.14069243406336224	1054
42415611	239151	0.14047653395508986	1054
67839834	703122	0.1401622815265527	1054
2030307	999160	0.13989393034936662	1054
70625832	932484	0.13925093769114444	1054
80619478	600416	0.1390917966114856	1054
13259634	500319	0.13886681746209592	1054
15148124	455659	0.13870993069827212	1054
9943235	580119	0.13868211589731436	1054
59858331	459676	0.1385488657714171	1054
65007713	832145	0.1381533588936854	1054
18008990	69107	0.1381378148853525	1054
67346349	749797	0.1381339541652524	1054
64706999	0	0.1380798829161462	1054
11051209	837331	0.13794178815542965	1054
78315219	742402	0.13790408894283937	1054
16133496	608825	0.1378612434254025	1054
69035594	956591	0.13740654659874124	1054
1209016	524293	0.13708864805866167	1054
53471471	519976	0.13695453698134294	1054
74879737	61539	0.13685315557885128	1054
91011063	867405	0.13659293349732055	1054
4678105	414833	0.13652271824240558	1054
11130036	538171	0.1365055331996767	1054
23372091	624837	0.13634297334824677	1054
6250190	387028	0.13615705975140696	1054
16960561	876512	0.1359675645651833	1054
76503289	704185	0.13581351883168127	1054
1528629	628517	0.13541880779163518	1054
13176911	428680	0.13536856683265544	1054
87226779	765943	0.13521172238275414	1054
15676309	949720	0.13489438973105203	1054
66181073	722199	0.13464637269516316	1054
89414147	621089	0.13440325512360643	1054
64813415	174749	0.13436774472947663	1054
8883995	847824	0.13432240264088643	1054
9702723	134561	0.134194506681408	1054
64516028	469304	0.13416604689538086	1054
91145851	125244	0.13402849057554148	1054
71358064	596900	0.13392793809322082	1054
11331629	681165	0.13365943404735817	1054
13471586	954341	0.13363905222481448	1054
64230569	489733	0.13357785626131521	1054
16015457	426539	0.13355431450870714	1054
63676154	0	0.13343225148771706	1054
68627303	292492	0.13337866259979742	1054
12150665	115679	0.13320293891080942	1054
94636848	781688	0.13310178427225006	1054
81888572	909416	0.1330136383268783	1054
84039329	965460	0.1329384850612091	1054
13749961	763808	0.13292998274333365	1054
63423553	998077	0.1323970336827655	1054
65301357	792998	0.13182625637928652	1054
4403979	342527	0.1316293313225991	1054
16287865	312803	0.1316240208134696	1054
33357171	822465	0.13154023404064996	1054
16397274	642453	0.1311441604054174	1054
74326190	0	0.1309415044652233	1054
74710553	562639	0.1309341945780027	1054
66985565	885991	0.13069916647211505	1054
77329649	287025	0.13006899400143976	1054
89216421	461825	0.13000309012647437	1054
71430746	0	0.12940971539350538	1054
60987641	40187	0.12936267176051616	1054
78468571	752970	0.12933235077191158	1054
7880174	483352	0.12909812521485653	1054
72549866	363529	0.12812099280714462	1054
57598911	72407	0.1280151729543733	1054
79318731	1036871	0.12772419003951008	1054
3338125	252987	0.1276061993692843	1054
13685758	884861	0.1275604545501803	1054
63117347	0	0.1274091872176787	1054
79535742	750853	0.12716534260335977	1054
80455166	392383	0.12681730159605228	1054
61898421	275434	0.126220129283391	1054
67751351	1000213	0.12593226737597538	1054
526229	474582	0.1258338482663901	1054
78278329	95313	0.12557088765297483	1054
18018384	583321	0.12526436568510005	1054
82445156	446861	0.12496687035304027	1054
86452109	582979	0.12455938259976494	1054
78446434	373343	0.12393420154627467	1054
63992344	875134	0.12390344819226551	1054
53349101	157585	0.12385831262482185	1054
71605337	864922	0.12346849946361181	1054
78580184	168393	0.1232637339296085	1054
73203277	708412	0.12312752173776574	1054
72759996	339306	0.12296578370649044	1054
9476033	0	0.12254550936878819	1054
17084042	0	0.12253814438605638	1054
23172981	269021	0.12116661373232196	1054
81306288	985421	0.12110388431634167	1054
8818789	325705	0.12106525375204516	1054
72462639	579020	0.12074218668992458	1054
66685987	646703	0.12020418379844552	1054
78758277	333991	0.12014735324339769	1054
17963617	620029	0.12012243410111736	1054
8192953	71331	0.11932775136556659	1054
14827425	656804	0.11925633869058966	1054
9566254	626255	0.11920303442451843	1054
62392492	786454	0.11919776694157636	1054
75286204	1035803	0.11916328497272606	1054
85089986	997051	0.11912576407827541	1054
87954089	210446	0.11878486041831808	1054
68091989	187723	0.11874951456128041	1054
45790471	648334	0.11852378138689193	1054
75549879	488680	0.11848738080946199	1054
1400070	457544	0.11848612684267289	1054
62329923	569458	0.11844574877912857	1054
69237717	611367	0.11841342894650252	1054
62264016	446460	0.11841291405162999	1054
98400694	439267	0.11830772461089435	1054
68254523	215773	0.11823605027069854	1054
73201591	380126	0.11821157303521748	1054
65292429	686267	0.11802462149928482	1054
56552931	595614	0.1174173552574396	1054
54767811	0	0.11728389318788997	1054
2586286	466103	0.11710274709240319	1054
3369711	940457	0.11708536170286128	1054
78867449	490779	0.1170579567062957	1054
77787512	172598	0.11702285331641651	1054
61452968	297956	0.11685303800287486	1054
22549011	622401	0.11664493611933935	1054
11102580	0	0.1166013395470606	1054
74411753	934707	0.1164447271487709	1054
14510923	447908	0.1163925886556699	1054
73044122	180165	0.11636563088643552	1054
81234030	1021683	0.11615915343891502	1054
66541060	800864	0.11607532709675307	1054
71350313	915790	0.11567427239098323	1054
79775986	1032599	0.11543991834277234	1054
85051554	0	0.11540292992274347	1054
61776943	725515	0.11534779069814417	1054
67582502	674237	0.11513508721769618	1054
67744137	637536	0.11513316193863851	1054
78650008	211512	0.11491036441983817	1054
91917646	827943	0.11481945232258775	1054
74250587	440324	0.11481620394462191	1054
78216243	533856	0.1143860022011647	1054
74457421	768151	0.11406270593177811	1054
77664234	557298	0.11336355750998796	1054
2560749	212592	0.1132652402402604	1054
89184603	830506	0.11307579115743169	1054
36839571	436042	0.1129281916686083	1054
67429227	570517	0.11280847314210346	1054
87045823	894338	0.11273307048420897	1054
64330503	62595	0.11269745994380669	1054
78405037	279363	0.11255633501522175	1054
76551964	1002238	0.11247764842247751	1054
69614247	448976	0.11247398619929355	1054
94073932	0	0.11245578618858286	1054
73009950	530782	0.11220577109090493	1054
90543131	221124	0.11142077229526669	1054
66211014	591375	0.11105898988792794	1054
772894	572809	0.11096901570532991	1054
9757537	966598	0.11086484188411892	1054
74677465	921651	0.11075056750830405	1054
76570826	1040738	0.11074928642125759	1054
71655629	860286	0.11071575205133576	1054
67589109	695151	0.1106545277087722	1054
4257083	1003418	0.11054502039110037	1054
65845323	688205	0.11033723362033482	1054
6862149	1038861	0.11009958461925451	1054
78695208	1015703	0.10995244713857762	1054
17528473	481234	0.1097897530762844	1054
68670357	771492	0.10951618859868673	1054
10200421	606242	0.10937041913298406	1054
62228580	315972	0.1093556542422663	1054
67976638	539330	0.10930142204847429	1054
5375255	740224	0.10904306727797308	1054
90984519	883826	0.10887689726029882	1054
78533863	900935	0.10875393867944437	1054
73638064	818309	0.10863482448627348	1054
74738131	638221	0.10850891998810115	1054
5344097	782388	0.10840240662520366	1054
6914695	676441	0.10821366896307923	1054
61256514	794207	0.10806712911351504	1054
86307237	760595	0.10789006386394848	1054
70411902	544063	0.10716296309640728	1054
3666919	496933	0.10683686759125617	1054
79345729	633785	0.10662461528911825	1054
65850390	984229	0.10600883004212111	1054
71603224	795350	0.10595943177496502	1054
8966603	783835	0.10574285279498523	1054
75125497	0	0.10570081100835667	1054
38095111	515754	0.10554736660837473	1054
16329637	70167	0.1055162342927842	1054
71614478	891270	0.10495558135061699	1054
15232718	815116	0.1038043009537239	1054
16347072	834155	0.10369850367421353	1054
4630502	804485	0.10364982324805766	1054
47057261	678435	0.10351829956648768	1054
9114730	955404	0.10323979445890623	1054
14861779	893282	0.10321763163727035	1054
77279367	899896	0.10301563937518295	1054
3164755	301117	0.10262545795913247	1054
16256608	825810	0.1024384329883635	1054
70586395	911548	0.10242386476866248	1054
10258708	424382	0.1023141838836888	1054
75212845	318083	0.10217797455964166	1054
12848552	797754	0.10208325595265726	1054
67687597	840130	0.10206558003979435	1054
69501553	730727	0.10179371779194411	1054
16995428	568401	0.10169584812244835	1054
55954551	667271	0.10158373955583594	1054
70563713	910500	0.10150560791524438	1054
63920967	407484	0.10109495643320578	1054
11565079	859201	0.10108546596913164	1054
69920682	938071	0.10077386238076402	1054
34321711	796402	0.10062136048178917	1054
13509734	144663	0.10054911392465085	1054
9176639	751906	0.10041628069025836	1054
77705868	817581	0.10034315549388687	1054
77699618	0	0.09974161619659928	1054
56939851	902002	0.09967918781058664	1054
1926589	779217	0.0994284854937186	1054
78160898	0	0.09912037758937745	1054
64200398	743447	0.09910958056531048	1054
36449671	986505	0.09894821945489618	1054
14440304	745570	0.09868836168713344	1054
6260076	132741	0.09846916201232447	1054
17605922	1011423	0.0984533791845435	1054
42232481	588953	0.0982469008945166	1054
78745107	90852	0.09812358611212624	1054
78461516	586425	0.09807790164256402	1054
8348762	888072	0.09805764682986384	1054
78852759	0	0.09805645105265008	1054
5564767	927344	0.09796029742130766	1054
9103959	618373	0.09795128224625657	1054
11725882	809888	0.09794341807462824	1054
11517123	537043	0.09774706845471225	1054
4119245	951023	0.09736517703209303	1054
10206502	858167	0.09730787519038471	1054
1364404	634985	0.0972350509412884	1054
63336157	870691	0.09714721211902047	1054
15409904	158652	0.09712506289722453	1054
74911301	896718	0.0970561840287046	1054
14538246	946383	0.09703499058743807	1054
1955175	895641	0.09698022835036388	1054
11689986	323139	0.09679332613917094	1054
98104668	1068546	0.09676173783037206	1050
96254942	982963	0.09659107879147645	1054
74512312	802011	0.09595376205033869	1054
77649073	714764	0.09587995027979604	1054
12985555	1043998	0.09587272913393388	1054
11979974	77991	0.09565706370654396	1054
8206833	164032	0.09550924120142715	1054
75575521	1013583	0.09531940438453577	1054
87360055	209381	0.09487574909303145	1054
16082575	662590	0.0947072026323322	1054
14556837	604146	0.09401249779890841	1054
66703496	35865	0.09399431284953343	1054
89106253	882613	0.0939908221350601	1054
1805436	943222	0.0938759390493739	1054
6422598	720173	0.09330126487052487	1054
3302777	945071	0.09327940970721418	1054
77158575	178030	0.09300585510229618	1054
5698694	964400	0.09298878081941035	1054
71579567	551154	0.09289769401166886	1054
55007601	640363	0.09287086643924611	1054
69733434	537119	0.09286265002341668	1054
12633684	806698	0.09270948950933279	1054
66786687	358441	0.09237401802390123	1054
70083584	352074	0.09232831977962434	1054
77603443	767013	0.09185023822552275	1054
67540709	823697	0.09180271805740572	1054
78074950	455920	0.09159885500647241	1054
66213996	813416	0.0915309780622533	1054
73388496	504523	0.091389770985342	1054
70608592	1063540	0.09123559040081854	1052
3464299	852817	0.09122736986658145	1054
72541825	805565	0.09120570705836663	1054
60838240	854959	0.09117220047303255	1054
62742762	784918	0.09108195573401945	1054
69124664	574805	0.09069283563119164	1054
5600091	0	0.09049975169117107	1020
92373474	201968	0.09046763164585885	1054
64580001	990295	0.09046732229736897	1054
57787651	870818	0.0904454072771064	1054
74215323	1117579	0.09035422218880096	968
585200	0	0.0902171744778511	1054
23190261	409609	0.08999871827914427	1054
13779595	443691	0.08995826375466237	1054
86319349	789793	0.08945189406499073	1054
89454833	836272	0.08935383228871363	1054
12547602	957523	0.08930007776080127	1054
88519867	645655	0.0891534035417853	1054
10319874	929916	0.08869621674012772	1054
21926661	533962	0.08857804198299471	1054
76375991	556139	0.0883800053125999	1054
75605075	226394	0.08836004002889367	1054
2247288	1088669	0.08831293209951567	1044
37563911	962121	0.08806417215102139	1054
78426407	0	0.08801039806950224	1054
8570739	254028	0.08790191099201237	1054
74625078	30546	0.08745929074436334	1054
74035232	320249	0.08741742258610571	1054
8046663	513628	0.0871802204711573	1054
70977719	1007648	0.08698536427318007	1054
94436884	841653	0.0868824881064289	1054
65954048	623455	0.08666246135897648	1054
75851194	754020	0.08662988467912747	1054
71142799	593524	0.08610532269636581	1054
94914090	652003	0.0858343718773924	1054
1674626	1062486	0.08581513732490612	1052
8647650	843115	0.0857126571922525	1054
62707024	923048	0.08556951622241735	1054
10752377	705245	0.08542827851354991	1054
15447602	364847	0.08527015256159294	1054
18161074	480156	0.08522092324827701	1054
69121790	249778	0.08515080451219809	1054
16748714	192100	0.08513098813495583	1054
13550230	958804	0.08505438581452798	1054
3850238	110361	0.08491022110639104	1054
64550046	981181	0.08480423543331454	1054
70135318	849644	0.08480058207362672	1054
84582213	100685	0.08464206752333808	1054
71560165	450055	0.08438959872546292	1054
78041957	747666	0.08411708865292333	1054
37368811	1018126	0.08389019826600876	1054
62315343	156517	0.08378266690804093	1054
10343177	733550	0.08370615230881165	1054
77273513	45671	0.0836883487711728	1054
84063179	344660	0.0833769169953712	1054
73675971	953269	0.08331531119310291	1054
14201825	147892	0.08328032881551913	1054
14663882	330791	0.08253061283583397	1054
71152082	0	0.08240539984438155	1004
43957041	918602	0.08211743205892894	1054
62945228	0	0.0818894942904265	1054
63730180	575829	0.08185521909584352	1054
70315379	487065	0.08177519857169949	1054
32238981	540865	0.08176583561907315	1054
53489001	780292	0.08155075053562395	1054
7946793	49929	0.08119445085957011	1054
60886698	246578	0.08094303552569418	1054
78171374	822636	0.08091490276857602	1054
2693105	266923	0.08078214099670303	1054
70151283	400026	0.0807686243167409	1054
65503200	1006584	0.08053533799688291	1054
34575991	912600	0.08028330070132439	1054
86847717	890196	0.08018388619074716	1054
70761560	145732	0.08004101984418263	1054
54445651	1075570	0.07954059058355004	1050
10524260	0	0.07939594819592088	1054
71539796	841460	0.07889049662960361	1054
6154428	197706	0.07863451072933131	1054
8599257	563118	0.07831359796226195	1054
92234118	864948	0.07794479597926578	1054
9420701	933597	0.07754472288725847	1054
64322720	711613	0.07741325991775455	1054
10353921	1050628	0.07726076753516051	1052
79032380	427612	0.07706088445522881	1054
2261410	421365	0.07703299006220066	1054
71148057	906260	0.07688978672520873	1054
61449519	299390	0.07669731728165428	1054
9391101	936853	0.07644669380711591	1054
61805276	433944	0.07626011162035208	1054
70294292	499240	0.07618094397573834	1054
13385260	92959	0.07604148652855863	1054
72071167	265864	0.07597825493125472	1054
10287363	633927	0.07570562483223565	1054
7561859	52073	0.07563359386596091	1054
92129718	332923	0.07555604370556708	1054
2840362	272550	0.07520754722539094	1054
15136498	1020642	0.07519490327176327	1054
67810265	218948	0.07501020383643565	1054
90546071	1016767	0.0748113833196018	1054
64766302	0	0.07442145311718593	1054
8629910	547189	0.07438059306099146	1054
4556695	657889	0.07410107117736961	1054
9331740	737055	0.07409291308409323	1054
61339484	381567	0.07384386861159203	1054
6081186	939247	0.0737265019605191	1054
73246025	234902	0.07367782117801783	1054
3921282	698841	0.073522584655005	1054
74330740	204095	0.07342149094529651	1054
6344074	485494	0.0730664365530202	1054
59454851	724412	0.07302404556709931	1054
77705560	305371	0.07295723747786216	1054
89911461	952067	0.07285937260523838	1054
81791220	626607	0.0727675780734788	1054
72996973	721174	0.07255583435874173	1054
71938672	505280	0.0721467591168425	1054
86547763	542966	0.07177111963422915	1054
20590281	1012488	0.07174962777374723	1054
891436	1049572	0.07171488593341807	1054
72783014	872990	0.0717076911682087	1054
96246640	889159	0.07169126457577961	1054
75677523	0	0.07153598263155034	1054
12561291	991377	0.0712386510211304	1054
16162722	602012	0.07113696402739324	1054
10041539	1077993	0.07104638669821846	1049
92125584	994571	0.07084153692676823	1054
76401318	907293	0.07039267634006607	1054
26341801	992826	0.06989878502877608	1054
11435612	388111	0.06970982253479313	1054
74709640	337186	0.06940275590116692	1054
73853929	153349	0.06937125961142242	1054
6521475	935753	0.06930115172442257	1054
36995311	727264	0.06926654917945212	1054
79962226	1065795	0.06918307616472767	1051
23540241	831120	0.06904155091725685	1054
74042578	230654	0.06887998473816287	1054
80492204	798806	0.06875657680660727	1054
39955981	281490	0.06870826646720052	1054
90727095	573726	0.06866008466404003	1054
15493514	509923	0.06852959584385622	1054
73214241	199813	0.0685078296771809	1054
8524489	1046345	0.06836507666389575	1054
12280130	689256	0.06810454751236483	1054
75463284	51005	0.06808751577238971	1054
86837991	213654	0.06805617490592775	1054
61258057	988608	0.06764134533159147	1054
83735798	650427	0.06732057365292624	1054
83888799	641421	0.06721674868968353	1054
78158755	348883	0.06705720385591243	1054
72135139	1030767	0.06700762720170421	1054
61076942	592433	0.0669443018653518	1054
50405761	422277	0.0667477109374603	1054
65117707	465005	0.06672359857310603	1054
61582313	738113	0.06653331422921616	1054
72935484	1085669	0.06634809554422355	1044
68068261	963327	0.06633397999297433	1054
72756274	1045313	0.06631261906681314	1054
64384132	975457	0.06614193533522325	1054
16622424	1042174	0.06597503920331052	1054
63766620	435015	0.06570718361845802	1054
71615450	1014607	0.06516343376580858	1054
85884367	664709	0.0651626640942842	1054
63264439	463951	0.06507361126646193	1054
5826100	1095500	0.06493506681501691	1039
82492738	877405	0.06483252401090285	1054
9088995	845228	0.06463196803883871	1054
60741126	1091156	0.06428687150993785	1041
13085516	587884	0.06424635228732861	1054
1711270	0	0.06407571571029058	1054
86451941	247656	0.06372744044866019	1054
12123622	1028994	0.06362156608321533	1054
62297140	495029	0.06337442448170282	1054
80788398	616994	0.06243504692043928	1054
55366941	653588	0.06236494384850899	1054
77810916	1037063	0.062323564346773976	1054
70405744	826868	0.062228941709519994	1054
68965877	1009189	0.06217268070226404	1054
2957577	0	0.06209156302293384	1054
16103952	48877	0.06173489519228692	1054
39874111	1004339	0.06155501256430803	1054
67093926	361632	0.061540718900309974	1054
7524272	848590	0.061426858995926335	1054
75479128	905968	0.06081405889460145	1054
8458109	374648	0.06081284461556776	1054
75666691	80135	0.06056902414392755	1054
4432859	1082327	0.06055420111441384	1047
55678111	976669	0.06031768544830809	1054
46822571	1022818	0.05988723560267167	1054
2704335	612638	0.05983257424254126	1054
63776202	0	0.05969584033319811	1054
7854296	1089015	0.05956388854613839	1042
84538015	870876	0.059486498521055337	1054
37260501	566282	0.05940685108852752	1054
89658637	395554	0.0593126386674529	1054
69946823	1086932	0.059302855120209844	1042
26388241	0	0.05910850141355556	1054
72461447	146090	0.05903364715466082	1054
17099088	788692	0.05891907556175331	1054
66893259	1025345	0.0589184330138457	1054
4156841	699923	0.05873201184951697	1054
72032570	0	0.05859871005135978	1052
78802486	565220	0.05839460184774433	1054
80893728	0	0.05825909719673008	1054
7761148	460753	0.05825866287346143	1054
89850847	1061420	0.05809689685040519	1052
7584125	44516	0.05807419381270955	1054
60776064	390237	0.05803834552568066	1054
15735462	405367	0.05803228170400319	1054
81899946	967775	0.05785631978170523	1054
82938704	1044226	0.0574031396574044	1054
41112091	1105951	0.05736099845750381	1022
68071549	728444	0.05708672405660046	1054
63816989	773598	0.05705271993971888	1054
76572516	103924	0.05691936314085966	1054
64699288	757415	0.056748305600992185	1054
71647994	717722	0.056556587294288835	1054
56050751	452183	0.056532905480387134	1054
73994908	653837	0.05646127139455523	1054
6739525	800953	0.056358393913617355	1054
90988663	1058459	0.05609950671441601	1052
28495341	0	0.05597877607788583	1054
74041643	973841	0.05596603720294907	1054
83355578	1083696	0.05594123649285654	1046
75419623	0	0.055939863139436365	1054
82548950	871012	0.055910788935254	1054
4524232	0	0.055352755575692095	1054
67181610	1052704	0.05523815937101914	1052
84208593	0	0.05506681613367311	1054
2481288	947470	0.05490716692705761	1054
66268564	396626	0.05478518252569928	1054
78530149	368320	0.05476675978607591	1054
68267799	382831	0.05475385777083125	1054
11856914	736117	0.05438709569927448	1054
23527011	272341	0.05431306619520478	1054
74571723	924106	0.05423932241892745	1054
75131988	969466	0.054135138514394464	1054
8307491	0	0.053943393508486974	1054
9779570	43456	0.053623622164893206	1054
13526995	987561	0.053122002788949504	1054
11335416	293709	0.05310873804953348	1054
16201983	521334	0.0530298230260633	1054
3407958	935784	0.05299254821360432	1054
62176636	985448	0.05291450599788612	1054
64258200	972057	0.052910984755226584	1054
8028053	275788	0.052881796222852974	1054
5479603	1076855	0.05279768848302801	1049
79297993	243389	0.05272454377824811	1054
69043121	324458	0.05260272919781913	1054
5384567	718599	0.05248664036408721	1054
14603033	952191	0.05232089809746401	1054
73882686	353987	0.052193773110369775	1054
14147479	112487	0.0519701220313973	1054
92169736	875233	0.05187409516350888	1054
82264336	898836	0.05186601344028448	1054
8212530	1073835	0.05142361077651777	1051
52491881	1090091	0.05137630749225009	1044
75372277	707374	0.051346040729965965	1054
89827469	1051666	0.051167504578061164	1052
78595139	894444	0.05102394137001035	1054
14320658	402174	0.050965092395493794	1054
1103326	368849	0.050471132479294085	1054
81956284	994951	0.05037440690498378	1054
6898773	723294	0.05006756359273326	1054
14693816	957635	0.049857710170735994	1054
70151784	661520	0.04984728044237346	1054
14150982	1032838	0.04967456485450303	1054
69818709	441399	0.04959749816845697	1054
11173693	551404	0.0494553088826918	1054
74162962	0	0.04929608917035157	1054
75623204	1019273	0.0490881409781423	1054
61220152	408030	0.04897295927042992	1054
64169643	1029650	0.048889942262134396	1054
86514651	829007	0.04835901955661019	1054
13382403	734917	0.04831098889188582	1054
7107386	614743	0.04825721814296583	1054
8426856	397689	0.048256051357051896	1054
83628768	1004418	0.048172979626472344	1054
75517415	949811	0.04813750383116646	1054
87722879	995994	0.04771638262488056	1054
9597446	416999	0.04754803682499358	1054
64126400	1080507	0.04747553267710277	1048
2410091	1008131	0.04746099857541255	1054
1286176	452527	0.04727212372373967	1054
89233599	815166	0.04725176533763965	1054
68220174	567057	0.04716343029972061	1054
73933929	1064575	0.04699849327667671	1052
11790246	272619	0.046767362082817156	1054
9627370	1060087	0.04662103254354883	1053
56930031	135977	0.04651565768751694	1054
11640186	851763	0.046468153091788325	1054
61080156	207272	0.04614847602975347	1054
84085449	811068	0.045710536373972994	1054
78671626	919998	0.045588958357031924	1054
64049872	413304	0.04533081128004078	1054
77244359	1026547	0.04532165723790755	1054
14229391	487212	0.04494497341686036	1054
74396670	773699	0.04470152100965065	1054
5147891	1137044	0.04415409153789951	556
68058194	712662	0.04439825252175914	1054
63331372	1072628	0.04414942581634499	1050
71586056	1129482	0.043821134611686	791
72609857	636050	0.04380957159471994	1054
63514338	597753	0.04367249308011078	1054
1243656	586796	0.04348855910362179	1054
72410285	1057410	0.043476743811569414	1052
71708675	691456	0.043463782562898116	1054
52147611	1126621	0.04308278238474099	859
66320486	1099407	0.04304446314667502	1034
75159440	949845	0.04301556859119358	1054
21838201	935817	0.04260293426780553	1054
4157260	1024905	0.04236535395572135	1054
68288613	329737	0.04198906074293157	1054
91091131	517109	0.041931794785758036	1054
81024170	1066854	0.04150632771760442	1051
91539098	0	0.04133963895090689	1054
81038580	903099	0.04123517285992727	1054
5316158	0	0.04118891617562711	1054
60878713	977931	0.04117613871000877	1054
99107038	381774	0.04102387912069214	1054
4927984	302174	0.04099603159016091	1054
61964403	726149	0.04081845918454861	1054
62530583	590146	0.04064731927792545	1054
10466925	385995	0.04060977676283414	1054
74951498	1095692	0.04025535420706747	1038
62652749	376836	0.04018074800355063	1054
73390801	841844	0.04013463008964942	1054
28073371	673116	0.04012914803800558	1054
61949274	511460	0.03997579923991025	1054
63983298	549026	0.03975576988969245	1054
9472834	1099536	0.03971930857121208	1031
88026203	1071334	0.03909434688051264	1051
73561246	0	0.03886145537209813	980
6405162	162958	0.03871777341604298	1054
92169672	1114003	0.03861695591490252	992
5074544	972300	0.038457752723265945	1054
16302319	1140198	0.037703774126794695	410
71972153	1057090	0.03836069776301408	1052
66543219	377274	0.03823126721299999	1054
65081458	1132625	0.0379447625047354	705
60992209	734925	0.03759446963120667	1054
10659848	1091305	0.03747885642096469	1045
15430061	1093789	0.037444270293209604	1039
84592297	0	0.03736046617717242	1011
46183361	697565	0.037358762309241705	1054
69815375	223222	0.03723997596297315	1054
63883063	1070338	0.03713344149015396	1050
66382929	470679	0.03690980580309372	1054
12488724	930915	0.03655557457018214	1054
97774228	1060325	0.036389446761391706	1054
20595241	1119966	0.036216387803921245	952
75696425	636136	0.035966551888096054	1054
73691383	807499	0.035614922002491285	1054
7695006	600957	0.03540687823917778	1054
68325218	972067	0.034982634142474676	1054
5775938	566616	0.03495403998428974	1054
68710493	1016650	0.03451694841303763	1054
53801451	774846	0.03442209488757024	1054
1481358	300062	0.03442165006087058	1054
71349507	357365	0.03424026944743089	1054
67467804	1079455	0.03411937406728806	1050
89813133	179097	0.03320172714928033	1054
7888115	229596	0.03304720316268796	1054
78349466	0	0.0329953330106866	1054
3473230	1054913	0.03281072946505457	1054
76993066	1133147	0.032556211862188024	711
4566336	134838	0.03266834764376115	1054
1589044	1029533	0.0324536329694108	1054
74583904	1083935	0.032354185181958345	1047
66755681	849524	0.03223568067522175	1054
78368276	662882	0.03223222369447671	1054
29177071	1096050	0.03196978938686035	1040
1730398	553510	0.031678719015123175	1054
64460833	1122482	0.03150774947847052	925
13014284	233846	0.03154654170663371	1054
2555176	1141482	0.019390581717451522	361
87123785	1112279	0.031124562529369917	1004
91415418	528539	0.031015022183011883	1054
61377345	1108867	0.0308386104036412	1022
18167172	1101618	0.03057753752329593	1026
65290774	356313	0.03032800305867793	1054
77355543	538243	0.030278741155980574	1054
11277493	972256	0.030110384168245165	1054
18172952	456498	0.030004453264601296	1054
60835820	1129628	0.029832201013977672	824
24403451	970973	0.029581628125817078	1054
2057449	1118449	0.029227600625570373	971
65991636	1138423	0.028678738186872194	499
76455055	388757	0.029023982891449265	1054
73626918	965496	0.029004143357101553	1054
11521425	676593	0.02897200462521486	1054
71051592	0	0.02881855635227901	1051
74805689	170511	0.028734069196768523	1054
88593241	1078717	0.028701483015281776	1049
61139071	635054	0.028653670769216003	1054
14757686	1100029	0.02857295430271745	1034
67755007	1108078	0.028100671602245435	1023
12697219	697192	0.02765878699599029	1054
16869671	1122442	0.02742112831189925	925
3648429	559461	0.027480824425047304	1054
6271760	796568	0.027009921708242388	1054
73687753	1119252	0.026554827783611488	1008
17950794	183430	0.02637241632715742	1054
84922427	841859	0.026040218079661157	1054
1863914	1064684	0.02536589847947573	1054
1936363	1069281	0.02531783631885392	1052
90256929	1023780	0.025289284700703896	1054
90055837	1129632	0.025174008256011442	873
2484112	441572	0.0248007120588443	1054
69634806	0	0.024704132912997476	1041
6829354	0	0.024677341808621182	1024
82973838	1118602	0.024578134903844216	989
65607413	1133289	0.024367267066366147	745
71173042	1126603	0.02432515766131047	880
25580011	511269	0.024147461344238563	1054
5632174	1117882	0.023346475065471523	966
73914717	949736	0.023166445143639608	1054
87926321	509976	0.022600714840346266	1054
56640741	607119	0.022021326211636622	1054
67427521	1102683	0.021482233764727438	1047
61159458	1065406	0.021279679659337945	1054
81539762	1138445	0.020752177690403176	556
70769431	1102806	0.021042254059682505	1034
70744165	1105583	0.020688482835525678	1050
8419426	1065407	0.020627700260572795	1054
39917131	0	0.02061425613016096	1054
85369522	1093237	0.01997200819600463	1054
12126020	590890	0.01845571411086694	1054
11421822	1124357	0.017951132333299664	1007
12668977	1127706	0.017445231636117796	890
936457	1132554	0.017300680819310767	1014
12220488	793106	0.01707400369572565	1054
67785320	1140300	0.01604440366505715	607
37934501	1138215	0.01595533018339872	653
65645769	1141242	0.015350782312594222	394
75296739	1140692	0.01503863274084431	450
90075069	0	0.015066236213230446	596
69551279	866178	0.014850489415458898	1054
9240886	1139410	0.014512387256218206	718
90117913	701007	0.013750729883520944	1054
76118727	618963	0.013486404306013123	1054
16950738	640369	0.012788665791384261	1054
30692001	1138092	0.012455347110935894	885
85540098	1121884	0.012501966592709	1047
76455835	1137813	0.012294166731867577	1014
29946871	1137049	0.009491202945973597	916
79063887	1140747	0.003217832730781897	565
