0	0
1	0.0011814744801512287
2	0.002092897650553605
3	0.0028692951660815556
4	0.003713205509046719
5	0.004590872265730489
6	0.005434782608695652
7	0.006346205779098029
8	0.007595193086686471
9	0.0082703213610586
10	0.009283013772616797
11	0.009890629219551715
12	0.010464488252768026
13	0.011443424250607615
14	0.012726167971914663
15	0.013570078314879826
16	0.014717796381312449
17	0.015662975965433434
18	0.01674318120442884
19	0.017688360788549823
20	0.018667296786389415
21	0.019612476370510397
22	0.02096273291925466
23	0.021806643262219823
24	0.02281933567377802
25	0.023933297326492034
26	0.024574669187145556
27	0.025452335943829327
28	0.026330002700513097
29	0.027005130974885227
30	0.028119092627599245
31	0.028794220901971375
32	0.029773156899810964
33	0.03051579800162031
34	0.03156224682689711
35	0.03257493923845531
36	0.033385093167701864
37	0.0340939778557926
38	0.035140426681069405
39	0.03618687550634621
40	0.03703078584931137
41	0.03804347826086957
42	0.038988657844990546
43	0.04006886308398596
44	0.04104779908182555
45	0.04212800432082096
46	0.04307318390494194
47	0.04425465838509317
48	0.04513232514177694
49	0.046212530380772346
50	0.0470226843100189
51	0.048069133135295705
52	0.048676748582230624
53	0.04985822306238185
54	0.0506346205779098
55	0.05161355657574939
56	0.05272751822846341
57	0.05350391574399136
58	0.054280313259519306
59	0.055394274912233324
60	0.056136916014042665
61	0.05725087766675668
62	0.0583648393194707
63	0.05924250607615447
64	0.06018768566027545
65	0.06103159600324062
66	0.061875506346205776
67	0.06244936537942209
68	0.06339454496354308
69	0.06430596813394544
70	0.06518363489062921
71	0.06599378881987578
72	0.06693896840399675
73	0.06768160950580611
74	0.06852551984877127
75	0.06930191736429922
76	0.07044963543073184
77	0.07156359708344585
78	0.07267755873615987
79	0.07362273832028085
80	0.07466918714555766
81	0.07544558466108561
82	0.07635700783148798
83	0.07682959762354848
84	0.07770726438023225
85	0.07871995679179045
86	0.0795638671347556
87	0.08030650823656495
88	0.08138671347556035
89	0.08223062381852551
90	0.08324331623008371
91	0.08395220091817446
92	0.08462732919254658
93	0.08560626519038618
94	0.0867877396705374
95	0.0878341884958142
96	0.08857682959762354
97	0.0893194706994329
98	0.09012962462867945
99	0.09120982986767485
100	0.09218876586551444
101	0.09353902241425871
102	0.09424790710234944
103	0.09502430461787739
104	0.09600324061571698
105	0.09637456116662166
106	0.097117202268431
107	0.09826492033486363
108	0.09910883067782879
109	0.10005401026194977
110	0.10066162570888469
111	0.10150553605184985
112	0.10248447204968944
113	0.10349716446124764
114	0.10450985687280584
115	0.10562381852551984
116	0.10673778017823386
117	0.1074804212800432
118	0.10862813934647583
119	0.10940453686200378
120	0.11038347285984337
121	0.11146367809883878
122	0.11220631920064812
123	0.11291520388873887
124	0.11396165271401566
125	0.11473805022954361
126	0.11591952470969484
127	0.11666216581150418
128	0.11780988387793681
129	0.1187888198757764
130	0.12000405076964624
131	0.12118552524979746
132	0.12216446124763705
133	0.12280583310829057
134	0.12391979476100459
135	0.12469619227653254
136	0.1254725897920605
137	0.1265190386173373
138	0.12773426951120712
139	0.1286456926816095
140	0.12975965433432352
141	0.13110991088306778
142	0.13215635970834458
143	0.13289900081015393
144	0.13370915473940048
145	0.13462057790980286
146	0.13563327032136105
147	0.13640966783688901
148	0.13759114231704023
149	0.13830002700513097
150	0.13921145017553335
151	0.14008911693221712
152	0.14066297596543342
153	0.14137186065352417
154	0.14214825816905213
155	0.14268836078854982
156	0.1434647583040778
157	0.14451120712935459
158	0.14538887388603836
159	0.1461652714015663
160	0.1471442073994059
161	0.14825816905211991
162	0.14947339994598974
163	0.15014852822036187
164	0.15099243856332703
165	0.15220766945719685
166	0.15332163110991087
167	0.15406427221172023
168	0.15473940048609236
169	0.15575209289765055
170	0.15676478530920876
171	0.15794625978935997
172	0.15889143937348096
173	0.15963408047529032
174	0.1606467728868485
175	0.16138941398865783
176	0.1622670807453416
177	0.16338104239805562
178	0.16469754253308128
179	0.16557520928976505
180	0.1664191196327302
181	0.16743181204428842
182	0.16814069673237916
183	0.1693896840399676
184	0.17073994058871186
185	0.17182014582770727
186	0.17283283823926546
187	0.1739805563056981
188	0.17475695382122602
189	0.17543208209559816
190	0.17630974885228193
191	0.17728868485012153
192	0.1781325951930867
193	0.17890899270861463
194	0.17998919794761004
195	0.18063056980826356
196	0.18147448015122875
197	0.18255468539022415
198	0.18353362138806373
199	0.18414123683499864
200	0.184883877936808
201	0.18589657034836618
202	0.18687550634620578
203	0.18792195517148258
204	0.18869835268701055
205	0.18977855792600595
206	0.1910275452335944
207	0.19197272481771538
208	0.1931879557115852
209	0.194234404536862
210	0.1947407507426411
211	0.19541587901701324
212	0.1963948150148528
213	0.1972049689440994
214	0.1983864434242506
215	0.19912908452605996
216	0.200411828247367
217	0.2014920334863624
218	0.20247096948420198
219	0.20341614906832298
220	0.20483391844450446
221	0.20598163651093707
222	0.20685930326762084
223	0.20783823926546044
224	0.20881717526330001
225	0.20979611126113962
226	0.210707534431542
227	0.2117539832568188
228	0.2126991628409398
229	0.21398190656224683
230	0.2149608425600864
231	0.21604104779908181
232	0.21691871455576558
233	0.2179651633810424
234	0.2189778557926006
235	0.22015933027275184
236	0.22123953551174724
237	0.22201593302727518
238	0.2231298946799892
239	0.22383877936807994
240	0.2247164461247637
241	0.22583040777747773
242	0.22664056170672428
243	0.22758574129084527
244	0.22846340804752904
245	0.22944234404536862
246	0.2303200108020524
247	0.23133270321361057
248	0.23251417769376181
249	0.2335606265190386
250	0.23430326762084797
251	0.23524844720496896
252	0.23582230623818526
253	0.23673372940858764
254	0.23778017823386444
255	0.2392317040237645
256	0.24034566567647853
257	0.24156089657034838
258	0.24250607615446934
259	0.24368755063462058
260	0.24470024304617877
261	0.24581420469889279
262	0.24699567917904403
263	0.24817715365919524
264	0.2490210640021604
265	0.25010126924115583
266	0.2512152308938698
267	0.25199162840939776
268	0.2530718336483932
269	0.254287064542263
270	0.25502970564407235
271	0.25597488522819334
272	0.2568863083985957
273	0.2577302187415609
274	0.25864164191196326
275	0.2596543343235215
276	0.2603969754253308
277	0.2613759114231704
278	0.2620510396975425
279	0.2627599243856333
280	0.263468809073724
281	0.26427896300297055
282	0.26525789900081015
283	0.26620307858493114
284	0.2671145017553335
285	0.2681947069943289
286	0.2690723737510127
287	0.26991628409397783
288	0.2710977585741291
289	0.27197542533081287
290	0.27308938698352686
291	0.2741695922225223
292	0.27501350256548746
293	0.27612746421820145
294	0.2770051309748852
295	0.2776802592492574
296	0.27852416959222254
297	0.27926681069403186
298	0.2800769646232784
299	0.28085336213880635
300	0.28183229813664595
301	0.2826086956521739
302	0.2836889008911693
303	0.2847691061301647
304	0.2856467728868485
305	0.28638941398865786
306	0.28743586281393463
307	0.2882460167431812
308	0.2890899270861464
309	0.28986632460167433
310	0.29057520928976505
311	0.2914191196327302
312	0.29219551714825814
313	0.2933094788009722
314	0.294524709694842
315	0.2954361328652444
316	0.29628004320820955
317	0.2970901971374561
318	0.2977990818255469
319	0.29837294085876315
320	0.2995206589251958
321	0.3004320820955982
322	0.30130974885228196
323	0.3023561976775587
324	0.30363894139886577
325	0.30455036456926815
326	0.3056980826357008
327	0.30698082635700785
328	0.3079260059411288
329	0.3092087496624359
330	0.3103902241425871
331	0.3113691601404267
332	0.3124831217931407
333	0.3136308398595733
334	0.31447475020253846
335	0.31575749392384556
336	0.3167701863354037
337	0.3177491223332433
338	0.31903186605455036
339	0.32038212260329463
340	0.3210234944639481
341	0.3220024304617877
342	0.3229476100459087
343	0.32375776397515527
344	0.3247704563867135
345	0.32588441803942747
346	0.32676208479611124
347	0.3278422900351067
348	0.3290237645152579
349	0.3299689440993789
350	0.3310491493383743
351	0.331589251957872
352	0.3326357007831488
353	0.3336821496084256
354	0.33439103429651634
355	0.33536997029435595
356	0.33601134215500944
357	0.33702403456656765
358	0.3378679449095328
359	0.338880637321091
360	0.34002835538752363
361	0.3409060221442074
362	0.34198622738320283
363	0.34289765055360516
364	0.3435052660005401
365	0.3444842019983797
366	0.3454293815825007
367	0.34637456116662163
368	0.34718471509586823
369	0.3480961382662706
370	0.349176343505266
371	0.3503578179854172
372	0.35120172832838237
373	0.3522481771536592
374	0.3532608695652174
375	0.3541722927356198
376	0.35501620307858495
377	0.3559951390764245
378	0.35707534431541993
379	0.35768295976235487
380	0.3586281393464758
381	0.359472049689441
382	0.360586011342155
383	0.361531190926276
384	0.36264515257899
385	0.36342155009451793
386	0.36440048609235753
387	0.36537942209019714
388	0.36639211450175535
389	0.3671347556035647
390	0.36804617877396706
391	0.3687550634620578
392	0.36970024304617877
393	0.3707804482851742
394	0.3718944099378882
395	0.37267080745341613
396	0.3735147177963813
397	0.3745274102079395
398	0.37533756413718605
399	0.37635025654874427
400	0.3769578719956792
401	0.37773426951120714
402	0.3786119362678909
403	0.37938833378341885
404	0.38029975695382123
405	0.38148123143397245
406	0.3823926546043748
407	0.38367539832568187
408	0.3847556035646773
409	0.3858695652173913
410	0.38654469349176346
411	0.3874898730758844
412	0.388468809073724
413	0.38927896300297055
414	0.390359168241966
415	0.39140561706724275
416	0.39214825816905213
417	0.39312719416689174
418	0.3941061301647313
419	0.39495004050769644
420	0.3958614636780988
421	0.39690791250337565
422	0.39798811774237103
423	0.398933297326492
424	0.40001350256548746
425	0.4008574129084526
426	0.4020051309748852
427	0.402714015662976
428	0.40376046448825276
429	0.40470564407237375
430	0.40538077234674585
431	0.40619092627599246
432	0.4071361058601134
433	0.40828382392654605
434	0.409060221442074
435	0.40990413178503915
436	0.41108560626519036
437	0.41203078584931135
438	0.4127059141236835
439	0.4137523629489603
440	0.4147988117742371
441	0.4157777477720767
442	0.4167229273561977
443	0.4178368890089117
444	0.4189846070753443
445	0.4198960302457467
446	0.42104374831217933
447	0.42178638941398866
448	0.4227990818255469
449	0.4240143127194167
450	0.4251620307858493
451	0.4261409667836889
452	0.42722117202268434
453	0.4282338644342425
454	0.4289765055360519
455	0.43002295436132865
456	0.4311031596003241
457	0.43245341614906835
458	0.43356737780178234
459	0.43451255738590333
460	0.4354577369700243
461	0.4363691601404267
462	0.4374156089657035
463	0.43822576289495
464	0.4392046988927896
465	0.4405887118552525
466	0.441230083715906
467	0.44231028895490143
468	0.44301917364299215
469	0.44396435322711314
470	0.44501080205238996
471	0.4463273021874156
472	0.4472724817715366
473	0.44828517418309477
474	0.4494328922495274
475	0.4500742641101809
476	0.4510194436943019
477	0.4520321361058601
478	0.4533823926546044
479	0.45426005941128816
480	0.4552389954091277
481	0.456420469889279
482	0.4570955981636511
483	0.4580407777477721
484	0.45915473940048607
485	0.46006616257088845
486	0.46053875236294894
487	0.4613489062921955
488	0.4621928166351607
489	0.4633742911153119
490	0.4648595733189306
491	0.46556845800702135
492	0.4669187145557656
493	0.4680326762084796
494	0.4692479071023494
495	0.4704968944099379
496	0.47140831758034024
497	0.4722522279233054
498	0.47292735619767756
499	0.47387253578179855
500	0.47495274102079393
501	0.47545908722657304
502	0.4763029975695382
503	0.4772819335673778
504	0.4782608695652174
505	0.47900351066702673
506	0.47971239535511745
507	0.4809951390764245
508	0.48234539562516876
509	0.48315554955441536
510	0.4841682419659735
511	0.4850459087226573
512	0.48588981906562245
513	0.48727383202808533
514	0.48835403726708076
515	0.4893329732649203
516	0.4902781528490413
517	0.4914933837429111
518	0.4923710504995949
519	0.49307993518768567
520	0.49392384553065083
521	0.494767755873616
522	0.49564542263029976
523	0.49659060221442075
524	0.49773832028085335
525	0.49817715365919524
526	0.4992573588981907
527	0.49989873075884417
528	0.5009114231704024
529	0.5014852822036187
530	0.5024304617877396
531	0.5033081285444234
532	0.5043545773697002
533	0.5051984877126654
534	0.506177423710505
535	0.5072576289495004
536	0.5083715906022144
537	0.509350526600054
538	0.5104307318390494
539	0.5112746421820146
540	0.5123210910072914
541	0.5133337834188496
542	0.5141101809343775
543	0.5149878476910613
544	0.5158655144477451
545	0.5169119632730219
546	0.5180259249257358
547	0.5193761814744802
548	0.5204563867134756
549	0.5215703483661895
550	0.5223805022954361
551	0.5236632460167432
552	0.5247772076694572
553	0.5258574129084526
554	0.5265662975965434
555	0.5277477720766945
556	0.5287942209019714
557	0.5296381312449365
558	0.5305495544153389
559	0.5313934647583041
560	0.5322711315149878
561	0.5333513367539833
562	0.5341952470969484
563	0.535174183094788
564	0.5362543883337835
565	0.5370982986767486
566	0.5377396705374021
567	0.538786119362679
568	0.5396300297056441
569	0.5408115041857953
570	0.5419929786659465
571	0.5427356197677559
572	0.5438158250067513
573	0.5447272481771537
574	0.5458074534161491
575	0.5468539022414258
576	0.5479341074804213
577	0.5489467998919795
578	0.5497231974075074
579	0.5506008641641912
580	0.5515460437483122
581	0.5525249797461518
582	0.5535714285714286
583	0.5546178773967054
584	0.5555293005671077
585	0.5569470699432892
586	0.5578584931136916
587	0.5587361598703754
588	0.5597488522819336
589	0.5606265190386174
590	0.5615041857953011
591	0.5625843910342965
592	0.5635970834458547
593	0.564778557926006
594	0.5657574939238456
595	0.5666689170942479
596	0.5678841479881177
597	0.5688968403996759
598	0.5697069943289225
599	0.571293545773697
600	0.5724750202538482
601	0.5733864434242506
602	0.5743316230083716
603	0.5749392384553065
604	0.5758506616257089
605	0.5766270591412368
606	0.5774034566567647
607	0.5783823926546043
608	0.5792263029975695
609	0.5801714825816905
610	0.5809478800972184
611	0.581926816095058
612	0.5830407777477721
613	0.584256008641642
614	0.5850999189846071
615	0.586213880637321
616	0.5870915473940048
617	0.588104239805563
618	0.5891169322171212
619	0.5903659195247097
620	0.5910410477990818
621	0.592222522279233
622	0.5931001890359168
623	0.5938428301377262
624	0.5945854712395355
625	0.5954968944099379
626	0.5965770996489334
627	0.5972859843370241
628	0.5985687280583311
629	0.599513907642452
630	0.6005266000540103
631	0.6015055360518499
632	0.6024844720496895
633	0.6035309208749663
634	0.6045436132865244
635	0.6055900621118012
636	0.606467728868485
637	0.6074466648663246
638	0.6083243316230084
639	0.6094045368620038
640	0.6102146907912503
641	0.6109573318930597
642	0.611868755063462
643	0.612813934647583
644	0.6139278963002971
645	0.615041857953011
646	0.6158857682959762
647	0.6169997299486902
648	0.6183837429111532
649	0.6191938968403997
650	0.620274102079395
651	0.6215906022144208
652	0.622603294625979
653	0.6237510126924115
654	0.6247299486902511
655	0.6257763975155279
656	0.6267553335133675
657	0.6276330002700513
658	0.6288144747502026
659	0.6298271671617607
660	0.6308398595733189
661	0.6317850391574399
662	0.6328990008101539
663	0.6338104239805563
664	0.6348568728058331
665	0.6358358088036727
666	0.6369497704563867
667	0.638300027005131
668	0.6393802322441264
669	0.6401228733459358
670	0.6410005401026195
671	0.6420132325141777
672	0.6431609505806103
673	0.6442073994058871
674	0.6452876046448826
675	0.6464015662975966
676	0.6475155279503105
677	0.6488995409127735
678	0.64970969484202
679	0.6511274642182014
680	0.6520051309748852
681	0.6529503105590062
682	0.6534904131785039
683	0.6545706184174993
684	0.6557858493113692
685	0.6569673237915203
686	0.6583175803402647
687	0.6594652984066973
688	0.6601066702673508
689	0.6612543883337835
690	0.6619295166081556
691	0.6625708884688091
692	0.6635160680529301
693	0.6643262219821766
694	0.6651363759114232
695	0.6662503375641372
696	0.667128004320821
697	0.6681069403186606
698	0.6694234404536862
699	0.6704023764515258
700	0.6714825816905212
701	0.6725965433432353
702	0.6738792870645423
703	0.6744193896840399
704	0.6756683769916284
705	0.6767485822306238
706	0.6778625438833379
707	0.678875236294896
708	0.6801579800162031
709	0.6810356467728869
710	0.6823521469079125
711	0.6835673778017823
712	0.6844788009721847
713	0.6854577369700243
714	0.686605455036457
715	0.6876856602754523
716	0.6884283013772616
717	0.6891371860653525
718	0.6900486092357548
719	0.6911625708884688
720	0.6918714555765595
721	0.6928166351606805
722	0.6935255198487713
723	0.6949432892249527
724	0.695955981636511
725	0.6971036997029436
726	0.6979476100459088
727	0.6988927896300297
728	0.7001080205238995
729	0.7012557385903322
730	0.7022009181744532
731	0.7030110721036997
732	0.7040237645152579
733	0.7052727518228463
734	0.7061504185795301
735	0.7073656494734
736	0.708310829057521
737	0.7091209829867675
738	0.7099986497434513
739	0.7109775857412909
740	0.711990278152849
741	0.71293545773697
742	0.713711855252498
743	0.7148933297326492
744	0.7158385093167702
745	0.716884958142047
746	0.717830137726168
747	0.7188765865514448
748	0.7199230353767215
749	0.7211045098568728
750	0.7218133945449635
751	0.7225897920604915
752	0.7233661895760194
753	0.7244463948150148
754	0.7252227923305428
755	0.7264717796381313
756	0.7276194977045639
757	0.728632190116122
758	0.7297461517688361
759	0.7308938698352687
760	0.7318390494193897
761	0.7327504725897921
762	0.7338981906562246
763	0.7346745881717527
764	0.7354847421009992
765	0.7364974345125573
766	0.7377464218201458
767	0.73909667836889
768	0.7398730758844181
769	0.7407507426411019
770	0.7416621658115042
771	0.7424385633270322
772	0.7433499864974346
773	0.7443964353227113
774	0.7450715635970835
775	0.7464555765595463
776	0.7472994869025115
777	0.7484809613826627
778	0.7495611666216582
779	0.7507088846880907
780	0.7516878206859303
781	0.7525654874426141
782	0.7536456926816095
783	0.754725897920605
784	0.7557048339184445
785	0.7569200648123143
786	0.7578314879827167
787	0.7587766675668377
788	0.7600594112881447
789	0.7609370780448285
790	0.7617472319740751
791	0.7625911423170403
792	0.7635025654874427
793	0.7646840399675938
794	0.7655617067242776
795	0.766135565757494
796	0.7671145017553335
797	0.7682284634080475
798	0.7689711045098568
799	0.7699500405076964
800	0.7708277072643802
801	0.7716041047799082
802	0.7725492843640291
803	0.773595733189306
804	0.7746759384283014
805	0.7758574129084526
806	0.7764987847691062
807	0.7774102079395085
808	0.7784904131785039
809	0.7797394004860924
810	0.7807520928976506
811	0.781663516068053
812	0.7824399135835809
813	0.7835201188225763
814	0.7843640291655415
815	0.7854442344045368
816	0.7865919524709695
817	0.7876384012962463
818	0.7884147988117742
819	0.7897312989467999
820	0.7907102349446394
821	0.7914528760464489
822	0.7923305428031326
823	0.793073183904942
824	0.7939508506616257
825	0.7949972994869026
826	0.7959424790710234
827	0.7970901971374561
828	0.7985417229273561
829	0.7992168512017284
830	0.8004320820955981
831	0.8016810694031866
832	0.8028963002970564
833	0.8039089927086146
834	0.80498919794761
835	0.8056643262219821
836	0.806373210910073
837	0.8074196597353497
838	0.8080947880097219
839	0.8088711855252498
840	0.8098501215230894
841	0.8107277882797732
842	0.8117742371050499
843	0.8127194166891709
844	0.8137321091007291
845	0.8146772886848501
846	0.8158250067512828
847	0.8166351606805293
848	0.8177153659195248
849	0.818626789089927
850	0.8194031866054551
851	0.8202133405347016
852	0.821293545773697
853	0.8222049689440993
854	0.8228800972184716
855	0.8238252768025925
856	0.824804212800432
857	0.8256481231433972
858	0.826525789900081
859	0.8270658925195787
860	0.8281460977585742
861	0.8291925465838509
862	0.8299014312719417
863	0.8306778287874697
864	0.8316230083715906
865	0.8326019443694302
866	0.8339184445044558
867	0.8348298676748582
868	0.8357750472589792
869	0.8365514447745072
870	0.8374966243586282
871	0.8383742911153119
872	0.8390831758034026
873	0.8398933297326492
874	0.8404671887658656
875	0.8413786119362678
876	0.8425600864164191
877	0.8437078044828518
878	0.8444504455846611
879	0.8453281123413449
880	0.8465095868214961
881	0.8472859843370241
882	0.8483661895760194
883	0.8492438563327032
884	0.8502565487442614
885	0.8510667026735079
886	0.8519443694301917
887	0.8527207669457196
888	0.853632190116122
889	0.8547799081825547
890	0.8558938698352687
891	0.8572441263840129
892	0.8578854982446665
893	0.8587631650013503
894	0.8595395625168782
895	0.8603497164461248
896	0.8609910883067783
897	0.8617674858223062
898	0.8624088576829597
899	0.8630839859573319
900	0.8639278963002971
901	0.8646367809883878
902	0.8655482041587902
903	0.8665608965703484
904	0.867539832568188
905	0.8684174993248718
906	0.8693626789089927
907	0.8702065892519578
908	0.8713543073183905
909	0.8723332433162301
910	0.8734809613826627
911	0.8744261409667837
912	0.8754725897920604
913	0.8764177693761814
914	0.8777342695112071
915	0.8785444234404537
916	0.8795908722657305
917	0.8803335133675398
918	0.881008641641912
919	0.8819200648123143
920	0.8828990008101539
921	0.8839454496354308
922	0.8849918984607076
923	0.8858358088036727
924	0.8867134755603565
925	0.8876586551444775
926	0.8884012962462868
927	0.8893802322441264
928	0.8903929246556845
929	0.8914393734809614
930	0.8921145017553335
931	0.8929584120982986
932	0.8936335403726708
933	0.8945112071293546
934	0.8952200918174453
935	0.8961652714015663
936	0.8968403996759384
937	0.897650553605185
938	0.8981231433972455
939	0.8988995409127735
940	0.8998447204968945
941	0.900654874426141
942	0.9016338104239806
943	0.9027477720766945
944	0.9037604644882528
945	0.9047394004860924
946	0.9056845800702134
947	0.9064947339994599
948	0.9074399135835809
949	0.9080475290305158
950	0.9086889008911693
951	0.9095328112341344
952	0.9106130164731299
953	0.9112543883337835
954	0.911895760194437
955	0.9128071833648393
956	0.9136848501215231
957	0.9144950040507697
958	0.9153726708074534
959	0.9162165811504186
960	0.9170267350796651
961	0.9178706454226303
962	0.9188495814204699
963	0.9196597353497165
964	0.9204023764515258
965	0.9210775047258979
966	0.9218539022414258
967	0.9227653254118282
968	0.9237780178233864
969	0.9246219281663516
970	0.9253645692681609
971	0.9261409667836888
972	0.9271199027815284
973	0.9278287874696193
974	0.9286726978125844
975	0.9293815825006752
976	0.9299554415338914
977	0.930765595463138
978	0.9316432622198217
979	0.9325209289765055
980	0.933162300837159
981	0.9339386983526871
982	0.9349851471779638
983	0.9359640831758034
984	0.9368079935187685
985	0.9376856602754523
986	0.9382257628949501
987	0.9389684039967594
988	0.9399810964083176
989	0.9405211990278153
990	0.9411963273021874
991	0.9419052119902781
992	0.9426140966783689
993	0.9432217121253038
994	0.9441331352957062
995	0.94501080205239
996	0.9458547123953551
997	0.9468674048069133
998	0.9476775587361599
999	0.9485552254928437
1000	0.9491628409397785
1001	0.9501080205238995
1002	0.9509181744531461
1003	0.9518295976235485
1004	0.9524034566567647
1005	0.9530448285174183
1006	0.9538549824466649
1007	0.9548001620307859
1008	0.9555428031325952
1009	0.9561504185795301
1010	0.9570280853362139
1011	0.957534431541993
1012	0.9584796111261139
1013	0.9590197137456117
1014	0.959762354847421
1015	0.9600999189846071
1016	0.9608088036726978
1017	0.9613826627059141
1018	0.961990278152849
1019	0.9628679449095328
1020	0.963711855252498
1021	0.9645557655954632
1022	0.9650283553875236
1023	0.9657372400756143
1024	0.9662435862813935
1025	0.9667836889008912
1026	0.9675600864164191
1027	0.9681001890359168
1028	0.9689103429651634
1029	0.9696192276532541
1030	0.9704293815825007
1031	0.9711382662705914
1032	0.9717796381312449
1033	0.9724885228193356
1034	0.9731298946799892
1035	0.9739738050229544
1036	0.9748177153659195
1037	0.9754928436402917
1038	0.9761342155009451
1039	0.9769781258439103
1040	0.9774844720496895
1041	0.9784971644612477
1042	0.9791047799081826
1043	0.9797123953551174
1044	0.9803200108020524
1045	0.9808938698352687
1046	0.9816027545233594
1047	0.9823791520388874
1048	0.9834256008641642
1049	0.983864434242506
1050	0.9846408317580341
1051	0.985248447204969
1052	0.9860586011342155
1053	0.986699972994869
1054	0.987307588441804
1055	0.9881852551984878
1056	0.988759114231704
1057	0.9892654604374831
1058	0.9898393194706995
1059	0.9903456656764785
1060	0.9912908452605995
1061	0.9917971914663786
1062	0.9923372940858763
1063	0.9927423710504996
1064	0.9932824736699973
1065	0.9938900891169322
1066	0.9944301917364299
1067	0.9951390764245207
1068	0.9954766405617067
1069	0.9958142046988928
1070	0.9963205509046719
1071	0.9965906022144208
1072	0.9970294355927626
1073	0.9974007561436673
1074	0.997772076694572
1075	0.9980083715906022
1076	0.9980758844180394
1077	0.9982784229003511
1078	0.9982784229003511
1079	0.9982784229003511
