0.0017795189363104236
0.003373696553862852
0.005733467069814319
0.007053872543318991
0.00776979881381556
0.008912131255572353
0.00998904911423809
0.010595951079582897
0.011993884947862155
0.012801876187153545
0.013040518277319068
0.013562623560879172
0.014704956002635966
0.01594419893786099
0.01685636895763073
0.01791632747993953
0.018652847230298097
0.019601358685118423
0.020360894677675698
0.022357250843121294
0.025305752606892273
0.02666976780245765
0.0280216691863395
0.02990052137845486
0.03142080474473776
0.03286840524091949
0.033753924874985464
0.03412824165600651
0.03541715121913401
0.038354750552389814
0.039150627979997674
0.040467399309997286
0.04079689498778928
0.041917422568515716
0.04318816141411792
0.045902866612396793
0.04730443462418111
0.048220238787455905
0.049432831336977165
0.049965839051052445
0.05108757801294724
0.051492179323177116
0.051616951583517465
0.05183136605031593
0.05247097530720626
0.05301003992712331
0.05400094972283599
0.05432559987595457
0.05482711167965267
0.057527280303911306
0.058668401364499745
0.059085116486413146
0.05977439237120596
0.06009177423731442
0.060960334535023454
0.06119291971934721
0.06183979726324766
0.0622710489591813
0.06343518626196845
0.06535159127030275
0.06617048494010931
0.06867077567158972
0.06963745784393534
0.07001298600612474
0.07081370895840601
0.07270467496220491
0.07326069891847889
0.0744878280420204
0.07527885994495484
0.07745450052331666
0.0779729716633717
0.0792412877466372
0.08037029499554212
0.08095054657518316
0.08121341628871574
0.0814665949529015
0.08187483040663643
0.08243569988758383
0.08333696747683839
0.08407469860836532
0.08482212078923906
0.08617402217312091
0.08691296468581618
0.08793173624840098
0.08968460479900764
0.09094928673876808
0.09124849788735125
0.09134177423731442
0.0915246927937357
0.09190022095592511
0.09201166802341358
0.09290566732565803
0.09333449625925495
0.09455556847695469
0.09505102337481103
0.09563127495445206
0.09593169748420359
0.09645016862425863
0.09682448540527969
0.09734053378299802
0.09970999534829632
0.10036414117920689
0.1007239213862077
0.10088018955692522
0.10129811606000698
0.10150162809629026
0.10173542466178238
0.10262578982052177
0.1032011958754894
0.10335867542737527
0.1034095534364461
0.10352221188510292
0.10447556886459666
0.10559851920765981
0.10569785246346475
0.10578870605109121
0.10594739698414544
0.10603825057177191
0.10663425010660155
0.10751976974066751
0.10789650928402528
0.10811092375082373
0.10825265534752103
0.10940104469511959
0.11002975152149475
0.11019449936039075
0.11065119006085979
0.11159606737217506
0.1118831647090747
0.11194252238632399
0.11213149784858704
0.11252519672830175
0.11267661937434585
0.11280623715935961
0.11422113036399581
0.11451065046323215
0.11616418575803387
0.11647672209946892
0.11741433112377408
0.11755969686397644
0.11757907896267007
0.11903637050819862
0.11907998023025933
0.11935496375547544
0.11953545954956003
0.11970626429429779
0.11995580881497848
0.12047549133620189
0.12067779199131681
0.12192672597588868
0.1222319940303136
0.1225227255107183
0.12444639880606272
0.12484130906694577
0.12485221149746094
0.12488128464550141
0.12491035779354188
0.12493216265457224
0.12498182928247471
0.12526408109470094
0.12562628406403845
0.12577770671008257
0.1259933325580494
0.1262864868007908
0.12664021010194984
0.1267056246850409
0.126754079931775
0.12679647827266735
0.12680495794084584
0.12686794976160018
0.127207136488739
0.12797151800596968
0.1280248187773772
0.12812657479551887
0.12837006241035778
0.1284730298096678
0.12848635500251968
0.1286171841687018
0.12865715974725744
0.1287044036128232
0.12878920029460791
0.12885461487769895
0.12900240338023802
0.12908962282435943
0.12911990735356824
0.12916593983796565
0.12937429739892237
0.12958628910338413
0.12963958987479166
0.12981524014420281
0.1299933131759507
0.1300163294181494
0.1300599391402101
0.1301471585843315
0.13043789006473622
0.1308037271775788
0.1308315889444509
0.13085702794898632
0.13089458076520524
0.1309987595456836
0.13121559677481878
0.13131493003062372
0.13134400317866418
0.13183582393301546
0.13227918944063263
0.13238215683994262
0.13256507539636392
0.13261353064309803
0.1348521630422142
0.13662077954800947
0.13733549443733767
0.1374869170833818
0.1375050878009071
0.13754748614179943
0.13763470558592084
0.13769406326317013
0.13770133155018024
0.13772919331705238
0.13784548590921425
0.1379726809318913
0.13803324999030894
0.13832882699538707
0.13841362367717178
0.1384208919641819
0.13843542853820212
0.13844633096871728
0.13846086754273754
0.13850568864596657
0.1385287048881653
0.13862198123812847
0.13863288366864365
0.13864257471799046
0.13872737139977517
0.13923494010931503
0.13948690739233244
0.13980913478311432
0.14019071985114548
0.14027672791409854
0.14044389851533123
0.14048023995038184
0.14053354072178936
0.1416976780245765
0.14247417335349072
0.14264861224173353
0.14280730317478776
0.14291390471760282
0.14297931930069388
0.14309076636818235
0.14330396945381246
0.1434335872388262
0.14366617242314997
0.1444014807923402
0.14501928518820018
0.1455619839516223
0.14600413807807108
0.1468012268868473
0.1469635519634066
0.14697082025041672
0.1472288444392759
0.14730758421521883
0.14757529945342482
0.14769038066441834
0.1479617300461294
0.1482597298135442
0.1483166647284568
0.14852017676474008
0.14876003023607395
0.14886784316005738
0.1488957049269295
0.1489187211691282
0.1493584525332403
0.1493766232507656
0.14941902159165796
0.14944688335853007
0.14950139551110594
0.1499193220141877
0.1500755901849052
0.15017734620304687
0.15034330542311122
0.15036026475946815
0.1504620207776098
0.15050199635616546
0.15055650850874133
0.15073579292165756
0.15091144319106872
0.15123730472535565
0.15138872737139977
0.15183451564135364
0.15206104391983563
0.15210101949839128
0.15212161297825327
0.15213857231461023
0.15229484048532776
0.15245958832422374
0.15255892158002868
0.15263644997480327
0.15280362057603597
0.1531888397875722
0.1532869616622088
0.15333178276543785
0.1533717583439935
0.1533790266310036
0.15350864441601736
0.15354498585106796
0.1537109450711323
0.15400288793270536
0.15406224560995466
0.1542415300228709
0.15426696902740628
0.15434692018451757
0.1549223262394852
0.15628270729154553
0.15663764197387292
0.15683509710431445
0.15686295887118656
0.15692716207310928
0.1569804628445168
0.15718276349963173
0.15761401519556537
0.15813369771678878
0.15847651858743264
0.15863520952048688
0.15907494088459898
0.15981509477846262
0.1600937124471838
0.16023786680621777
0.16030570415164555
0.1603868666899252
0.16042684226848083
0.16046924060937318
0.160520118618444
0.16052617552428577
0.1605310210489592
0.1611197522967787
0.16172059735628175
0.16198710121331938
0.16221362949180138
0.16232144241578478
0.16234324727681512
0.1626424584253983
0.16336323022056828
0.1635073845796023
0.16353403496530605
0.1636612299879831
0.16377752258014497
0.16386110788076133
0.16394590456254604
0.16701191029964724
0.16777386905454122
0.16796647866030934
0.1680112997635384
0.16813849478621545
0.16891620149629802
0.16956550180253518
0.16965393262782494
0.1697169244485793
0.16977991626933364
0.1698380625654146
0.16998706244912198
0.1703444198937861
0.17050432220800868
0.17052249292553398
0.17059033027096174
0.17075507810985774
0.17090165523122844
0.17092467147342713
0.17102763887273714
0.1712626468193976
0.1715255165329302
0.17166603674845912
0.17167815056014266
0.17180413420165136
0.17231170291119122
0.17248493041826568
0.1726254506337946
0.172812003333721
0.17362484009768578
0.17444373376749234
0.17448007520254294
0.17526626158080397
0.1769658293600031
0.17698763422103345
0.1770554715664612
0.17749641431174168
0.17797248711090438
0.1780415358375005
0.17824989339845718
0.17845340543474048
0.17851034034965307
0.17874413691514518
0.17906878706826376
0.1793243884947862
0.17947581114083033
0.17949761600186068
0.1795206322440594
0.1795824126836454
0.1797362580920262
0.17998943675621196
0.18052971275729737
0.18141765515370004
0.18285798736287165
0.18458662829011124
0.18475379889134397
0.1847913517075629
0.1849355060665969
0.18507844904446252
0.18511236771717643
0.18516203434507889
0.18532557080280654
0.18548910726053416
0.1860463425979765
0.1866023665542505
0.1866714152808466
0.18674046400744274
0.18701787029499553
0.1872686261968446
0.18733646354227235
0.18736432530914449
0.18790338992906153
0.1882789180912509
0.18883978757219833
0.1891002345233942
0.1891486897701283
0.18959205527774547
0.18973620963677948
0.19027890840020156
0.19083493235647556
0.19104086715509555
0.1910881110206613
0.19150240338023802
0.1925805326200721
0.19323225568864597
0.1935375237430709
0.19367804395859983
0.19427404349342947
0.19446059619335582
0.19459142535953794
0.19575435128115673
0.19609353800829554
0.19612745668100942
0.19619165988293213
0.19644968407179128
0.19670043997364034
0.19679613908594024
0.19686155366903127
0.1970408380819475
0.19811048765360315
0.1989729910454704
0.19908322673179052
0.1994284703647711
0.1996368279257278
0.2000438519982944
0.20034185176570918
0.20039272977478
0.20072101407140366
0.2008506318564174
0.2013109567003915
0.2027161588556809
0.20291603674845912
0.20314619917044618
0.2033848412606117
0.20341754855215724
0.20343329650734582
0.20347569484823816
0.20355806876768617
0.20363801992479746
0.2036731499786797
0.2037300848935923
0.20375310113579098
0.2037809629026631
0.20381003605070358
0.2038197271000504
0.20382578400589216
0.2038269953870605
0.20384153196108074
0.2039275400240338
0.20402081637399697
0.2041201496298019
0.2041770845447145
0.20440240144202815
0.20458774276078615
0.2047427995503353
0.20498023025933249
0.20508440903981084
0.20517647400860564
0.2052576365468853
0.20539331123774082
0.20549749001821918
0.2055459452649533
0.20571311586618599
0.20584879055704153
0.2059129937589642
0.20606926192968175
0.20616496104198162
0.20625460324843975
0.20648113152692174
0.20660469240609372
0.20684454587742762
0.20698748885529325
0.20703230995852231
0.2073666511609877
0.2076573826413924
0.20774096794200875
0.20822188626584487
0.2086167965267279
0.2087815443656239
0.20882151994417955
0.20891479629414272
0.20914132457262471
0.2101576733728728
0.2107779005310695
0.21126608714191572
0.21129879443346125
0.21134846106136373
0.2114853471333876
0.2116985502190177
0.21179303795014925
0.2119686882195604
0.212087403574059
0.21228364732333216
0.21236723262394852
0.21241568787068263
0.21277546807768344
0.21341023180990037
0.21358345931697484
0.21443748304066365
0.216028026514711
0.21612130286467418
0.2162085223087956
0.21625818893669807
0.21632239213862076
0.21634540838081948
0.21643505058727758
0.21658283908981665
0.21682148117998218
0.21708798503701981
0.21726363530643097
0.2174841066790712
0.2175180253517851
0.21784025274256696
0.21815763460867543
0.2182121467612513
0.21883116253827964
0.21956525952630151
0.2197433325580494
0.21986325929371633
0.21997591774237316
0.22004860061247433
0.22151316044501299
0.22317275264565647
0.22340897197348528
0.22352284180331047
0.2235785653370547
0.22377723184866458
0.2239129065395201
0.2239565162615808
0.22400133736480987
0.22405584951738575
0.22419636973291468
0.22440593867503975
0.2247257433034849
0.22506371864945537
0.22545620614800171
0.225618531224561
0.22564518161026476
0.2262024169477071
0.22645801837422957
0.2264931484281118
0.22714366011551732
0.22744044850176376
0.22749738341667636
0.22752161104004343
0.22765001744388882
0.22770331821529635
0.22779901732759622
0.2280958057138427
0.22868574834283056
0.2292938616893437
0.22942347947435748
0.22953250377950923
0.22968150366321666
0.2297396499592976
0.23006793425592123
0.23054037291157886
0.2307790150017444
0.23112183587238827
0.23125024227623367
0.23131565685932473
0.2315736810481839
0.23171662402604953
0.231807477613676
0.23193709539868976
0.23239136333682212
0.2324640462069233
0.23288681823467844
0.23521267007791605
0.23537741791681202
0.23609213280614025
0.23622538473465907
0.23656214869946118
0.23682622979416212
0.2370576035973175
0.23735802612706905
0.23758939993022443
0.2377577819126255
0.23832834244291973
0.23909878086599218
0.23985589409621275
0.24126473039500718
0.24157363259293715
0.24207393301546692
0.24213934759855799
0.2422156646121642
0.24232953444198937
0.2424119083614374
0.24257544481916501
0.24272807884637748
0.24367295615769274
0.24424351668798697
0.24486132108384695
0.24493521533511647
0.24567173508547505
0.24582800325619258
0.24585101949839128
0.24592733651199752
0.24593823894251268
0.24594792999185952
0.24633799472806917
0.24648336046827152
0.24650031980462844
0.24654392952668916
0.2465681571500562
0.24658269372407643
0.24662630344613715
0.24670625460324844
0.24673169360778385
0.24676318951816104
0.24677530332984454
0.24687463658564948
0.2469957747024848
0.24704059580571383
0.24708057138426948
0.24709026243361631
0.24714356320502384
0.24727681513354266
0.2473143679497616
0.24734344109780207
0.24744640849711208
0.24787644881187734
0.24867717176415863
0.24994548784742412
0.2511132592937163
0.25268442066907004
0.25563049967050433
0.256497848587045
0.25763533550412837
0.258210741559096
0.25925979765088963
0.25931430980346554
0.25956869984881964
0.25959050470984996
0.2596232120013955
0.25967893553513977
0.25986306547272936
0.2599454393921774
0.2606892274295461
0.26284548590921425
0.26303809551498236
0.2635371845563438
0.26366316819785246
0.2637152575880916
0.26377946079001435
0.2638085339380548
0.26395632244059386
0.2641404523781835
0.2641562003333721
0.26415983447687713
0.26419859867426443
0.26422646044113657
0.26422888320347326
0.2642579563515137
0.26447963910532235
0.2649205818506028
0.26493148428111796
0.2649593460479901
0.2649738826220103
0.2649872078148622
0.2650720044966469
0.26515316703492653
0.2651798174206303
0.26522827266736443
0.2652803620576036
0.26528157343877196
0.2652827848199403
0.26529732139396056
0.26569586579834864
0.2669133038725433
0.2673627262860023
0.2674414660619452
0.26746811644764895
0.2679478233903167
0.26807744117533044
0.2680919777493507
0.26809318913051905
0.2681174167538861
0.268257936969415
0.26869040004651706
0.26883092026204597
0.26902958677365585
0.26905502577819124
0.26906592820870645
0.2690792534015583
0.26912528588595575
0.2691543590339962
0.2692112939489088
0.26957955382408805
0.2696970577974183
0.2700156510446951
0.27035362639066557
0.2707146179788347
0.2707776097995891
0.2708296991898283
0.27084302438268015
0.2708648292437105
0.270873308911889
0.2709532600690003
0.2709932356475559
0.2710913575221925
0.27113739000658993
0.27123672326239484
0.2713602841415669
0.2713796662402605
0.2714196418188161
0.2715008043570958
0.2715698530836919
0.27159165794472223
0.27160377175640577
0.27163769042911967
0.27165828390898167
0.2718254545102144
0.27236451913013143
0.2726867465209133
0.2727679090591929
0.2728103074000853
0.2728248439741055
0.27296294142729777
0.2730368356785673
0.2730622746831027
0.2730646974454394
0.2730949819746482
0.2732754777687328
0.2737818350971043
0.27382181067565997
0.2741937046943443
0.2742651761832771
0.2743463387215568
0.2745207776097996
0.2745232003721363
0.27455469628251344
0.274628590533783
0.27603500407024073
0.27608588207931156
0.27683451564135364
0.277206409660038
0.27731301120285307
0.2773881168352909
0.2774147672209947
0.27808708376943053
0.2782421405589797
0.278260311276505
0.2786358394386944
0.2788914408652169
0.2802603015854557
0.2802760495406443
0.28030269992634804
0.2803148137380316
0.28032087064387334
0.28032813893088343
0.28038628522696435
0.28042504942435165
0.28049894367562117
0.2806273500794666
0.2806636915145172
0.28075212233980695
0.2808647807884638
0.2809520002325852
0.2809750164747839
0.2809968213358142
0.281002878241656
0.2810125692910028
0.28147531689731364
0.28186174749001824
0.28293866534868395
0.28365459161918055
0.2837478679691437
0.2839768190099624
0.28432448540527966
0.284857493119355
0.2854413788425011
0.2856158177307439
0.2864020041090049
0.2864153293018568
0.2864189634453619
0.28642502035120365
0.2864783211226112
0.286652760010854
0.2871397352405318
0.2876533608559135
0.2878762549908904
0.2881936368569989
0.28828327906345697
0.2885691650191883
0.2888308233515525
0.28886837616777145
0.28888896964763344
0.28894469318137767
0.28899920533395357
0.2890125305268054
0.2890331240066674
0.2890500833430244
0.2890936930650851
0.28918454665271154
0.2891918149397217
0.28921967670659376
0.2892317905182773
0.2892850912896848
0.28941107493119356
0.289584302438268
0.2897829689498779
0.2902033182152964
0.29022875721983177
0.29029538318409115
0.2904237895879366
0.29064426096057683
0.2910767240376788
0.2913214230336861
0.29136382137457845
0.2913904717602822
0.2914570977245416
0.29149465054076057
0.2915140326394542
0.29154310578749465
0.2916170000387642
0.29183626003023605
0.2920203899678257
0.2921124549366205
0.2924649668566112
0.2927823487227197
0.29278840562856145
0.2949446641082296
0.29542073690739235
0.2956436310423693
0.29573206186765905
0.2957453870605109
0.29575992363453113
0.2957611350156995
0.2963607686940342
0.29640316703492653
0.29641649222777844
0.2964455653758189
0.2964625247121758
0.29646979299918597
0.2964855409543745
0.29651582548358335
0.29653641896344535
0.29661152459588325
0.29677021552893745
0.29689135364577274
0.2969361747490018
0.29696645927821064
0.29698705275807263
0.29705852424700546
0.29707427220219407
0.29709486568205606
0.29713605264178006
0.29727778423847734
0.2973989223553126
0.29745464588905685
0.2974921987052758
0.2976012230104276
0.29815240144202815
0.2985921328061403
0.2988101814164438
0.2994449451486607
0.30047219637942396
0.3010330658603714
0.301299569717409
0.30144251269527467
0.3027423246889173
0.3034425030042253
0.3038252994534248
0.30550669651509865
0.30687797999767413
0.30766537775710356
0.30822261309454585
0.30839584060162034
0.3085848160638834
0.31028922936775594
0.3116786835678567
0.31219230918323837
0.3127313738031554
0.31391368182346785
0.31410629142923596
0.31452300655114934
0.31465746986083654
0.31507903050742336
0.3152268190099624
0.315719851145482
0.3159887777648564
0.31619834670698144
0.3166986471295112
0.3170438907624918
0.3171480695429701
0.31730433771368766
0.31735037019808504
0.31754055704151646
0.31762050819862775
0.3180045160289956
0.31816684110555493
0.3184939140210102
0.3186659301469163
0.3188197755552971
0.3190959704616816
0.31928010039927124
0.3194824010543862
0.31964957165561886
0.32002509981780825
0.3204745222312672
0.3208670097298135
0.32164108229639105
0.32210140714036517
0.32247935806489125
0.32251691088111023
0.32254961817265576
0.3225762685583595
0.32263199209210375
0.32265137419079737
0.32267317905182774
0.32269619529402643
0.3227555529712757
0.3229009187114781
0.3230898941737411
0.3231056421289297
0.3233273248827383
0.3242637225258751
0.32509594138853354
0.3252255591735473
0.3254363394968407
0.32547994921890144
0.325536884133814
0.32555142070783427
0.32557201418769627
0.3256071442415785
0.32569799782920494
0.32571859130906694
0.325722225452572
0.3258094448966934
0.32583246113889214
0.32583730666356553
0.3258809163856262
0.3259378513005388
0.32596329030507426
0.32610381052060317
0.3261740706283676
0.32617891615304107
0.3266053223243013
0.326875460324844
0.32694450905144007
0.32700386672868936
0.32725219986820175
0.3273200372136295
0.3273297282629763
0.32743390704345465
0.3275005330077141
0.32758532968949877
0.32766649222777844
0.3278748497887351
0.3279875082373919
0.3282624917626081
0.3284926541845951
0.3286113695390937
0.3289299627863705
0.3291952552622398
0.3293309299530953
0.32956109237508235
0.3297234174516417
0.3300153603132147
0.33014376671706014
0.33051081521107106
0.33075066868240494
0.33134909097957127
0.33158652168856845
0.3317294646664341
0.33201898476567043
0.33206744001240457
0.33249990308950655
0.33353321122611157
0.334118308330426
0.33441873086017754
0.33478093382951507
0.3353199984494321
0.3355949819746482
0.3358505834011707
0.3369589971702136
0.3386670446175912
0.33903893863627554
0.3390486296856224
0.3390534752102958
0.3394459627088421
0.34000077528394773
0.3402127669884095
0.3402612222351436
0.34034480753575996
0.34071306741093926
0.3411418963445362
0.34135994495483973
0.3414665464976548
0.34151621312555724
0.34157314804046984
0.3416022211885103
0.34165431057874945
0.34190385509943017
0.3419595786331744
0.3423653913245726
0.34319761018723105
0.3436506667441951
0.34368337403574056
0.34370517889677094
0.343873560879172
0.34407222739078186
0.344100089157654
0.34414248749854637
0.34426483699654997
0.34426847114005504
0.34427331666472843
0.3444526010776447
0.345212137070202
0.34581419351087334
0.3472412005271931
0.3482006144125286
0.3485943132922433
0.3487590611311393
0.34904736984920726
0.3497402798775051
0.3499498488196302
0.350309629026631
0.3504586289103384
0.35123391285808425
0.3526076191029965
0.35374026049540647
0.35413153661278446
0.35491651160987714
0.35581535643679496
0.3569358840175214
0.3575391518393612
0.3584537446214676
0.3603701496298019
0.36044162111873473
0.3606875314959104
0.3609080028685506
0.36115633600806296
0.36170509167732684
0.3619522134356708
0.36195705896034425
0.3620345873551188
0.3620878881265263
0.36213634337326045
0.3621666279024693
0.3621872213823313
0.3622029693375199
0.36223083110439197
0.36266208280032564
0.3627577819126255
0.36281592820870645
0.3632774644338489
0.3636735860759003
0.36385165910764816
0.3639921793231771
0.364232032794511
0.3644852114586967
0.3647044714501686
0.36470689421250535
0.3650921134240416
0.36690312827072913
0.36697338837849364
0.36697459975966196
0.36699034771485056
0.3670593964414467
0.36732226615497926
0.36746642051401324
0.3675294123347676
0.36755485133930305
0.36757786758150174
0.36759846106136373
0.3676020952048688
0.36770021707950534
0.3678056072411521
0.36782983486451915
0.36783710315152923
0.36783710315152923
0.36791220878396713
0.3679340136449975
0.36796066403070127
0.3681084525332403
0.36849488312594486
0.36859179361941313
0.3688025739427065
0.36907634608675427
0.36923624840097685
0.36945550839244873
0.37009269488700236
0.37058693840369034
0.37061843431406755
0.37067415784781177
0.370980637283405
0.37157179129356127
0.37190855525836336
0.37215931116021245
0.3723967418692096
0.3725614897081056
0.37271170097298134
0.3728800829553824
0.37493943094158233
0.37807085126177464
0.3797788987091522
0.3814021494747451
0.38282915649106486
0.38325919680583015
0.38371225336279413
0.38458565918517656
0.3850895937512114
0.38584186145675853
0.38642332441756794
0.38845481063689574
0.3899629801914951
0.3903833294569136
0.39205745823157734
0.3935486684498197
0.39403200953599254
0.3943057816800403
0.39463891150133734
0.39570856107299296
0.39748202310346165
0.3985662092491375
0.39913919254176844
0.4003384598984378
0.4010761910299647
0.4013535973175175
0.4019193123231383
0.4032021649804241
0.40428635112609995
0.40465945652595264
0.40542626080552
0.4066764061712602
0.4071633814009381
0.4074819746482149
0.40930752606892273
0.41007675311082686
0.4103323545373493
0.41105797185719267
0.41156796332906925
0.41238443423653914
0.4137254331899058
0.4145443268597124
0.41529417180292283
0.4163262685583595
0.4168774469899601
0.4179882835213397
0.41882292514633485
0.419389851533124
0.41957882699538707
0.42009124122960034
0.42067391557157807
0.4217544675737489
0.42352550684188084
0.42442192890646196
0.42490890413613985
0.425702358801411
0.4265382118075745
0.42695613831065626
0.42888586851184246
0.4304412819320076
0.4314152323913633
0.4318840369035159
0.4325454510214366
0.4332286700003876
0.43353393805481255
0.433909466217002
0.434692018451758
0.43571684692018453
0.4362861960693104
0.4374612358026127
0.43794336550761714
0.4382437880373687
0.43851756018141647
0.4392940555103307
0.4399360875295577
0.44054177811373413
0.4409112493700818
0.44160658216071635
0.44277798775051364
0.4432237760204675
0.4434551498236229
0.44501783153079816
0.4459324243129046
0.44669680583013527
0.44788880489979455
0.448346706981432
0.44890273093770594
0.44940666550374075
0.4498294375314959
0.45060229871690505
0.45106868046672094
0.4514829728262976
0.4522509884870334
0.4527319068108695
0.45416739349536767
0.45457684033027096
0.4547125150211265
0.4561649610419816
0.4565719851145482
0.45658409892623175
0.45660953793076714
0.45661438345544053
0.4566180175989456
0.45663013141062914
0.4569511474202427
0.45765980540372914
0.45804744737760206
0.4580559270457805
0.4580619839516223
0.45806804085746405
0.4580765205256425
0.4581928131178044
0.45838663410474084
0.45840480482226614
0.45846052835601037
0.45853321122611157
0.45861679652672793
0.4590722758460286
0.4596355680893127
0.45979183626003023
0.45980758421521883
0.4598511939372795
0.46001715315734387
0.4601455595611893
0.4602824456332132
0.4608166647284568
0.4613751114470675
0.4618875256812808
0.4622557855564601
0.46257316742256854
0.46288328100166687
0.463017744311354
0.4633302806527891
0.4634683781059813
0.46352894716439896
0.46366825599875955
0.4639093208512618
0.4640425727797806
0.4644762472380509
0.4656658235453735
0.46612251424584256
0.46616491258673487
0.4662533434120247
0.46635631081133466
0.46639992053339535
0.4664835058340117
0.4666421967670659
0.46685539985269603
0.46745018800635735
0.46842656122804976
0.46924303213551966
0.4699952998410668
0.4710492014575338
0.47232963135248285
0.47336657363259294
0.47439988176919795
0.47516426328642863
0.47557007597782686
0.4761382137457844
0.4765888475404117
0.47670029460790014
0.47673542466178237
0.47674148156762414
0.47705038376555414
0.4771763674070628
0.47870149629801917
0.4792999185951855
0.4794077315191689
0.47951191029964724
0.48015757646237933
0.480527047718727
0.4817226809318913
0.48334229755397917
0.4839298174206303
0.4840424758692871
0.48409577664069464
0.48419147575299454
0.48434532116137535
0.48444465441718026
0.48478262976315073
0.4848843857812924
0.4856233282939877
0.4866372543318991
0.4871508799472807
0.4872865546381362
0.48764027793929526
0.4877444567197736
0.487790489204171
0.4879419118502151
0.48801217195797963
0.4882011474202427
0.4882798871961856
0.48842283017405125
0.4884531147032601
0.4884761309454588
0.4887256754661395
0.48875474861417995
0.4889073826413924
0.48893039888359113
0.48896310617513666
0.489087878435477
0.4892926018529286
0.4893604391983564
0.4894694635035082
0.48951791875024225
0.489520341512579
0.48952882118075747
0.4895760650463232
0.4897989591813002
0.48982682094817226
0.4899576501143544
0.49040949529015004
0.49047127572973603
0.4905076171647866
0.49062633251928517
0.4907959258828546
0.49103577935418846
0.49136285226964377
0.4914137302787146
0.49149973834166766
0.49154455944489667
0.4915736325929372
0.491710518664961
0.4918474047369849
0.4920872582083188
0.49228592471992866
0.49238162383222855
0.49245672946466645
0.492551217195798
0.4926856805054851
0.4931775012598364
0.49361602124278015
0.4936559968213358
0.49369354963755474
0.49372625692910027
0.4937928828933597
0.49386677714462923
0.4942810695042059
0.49443249215025004
0.4948261910299647
0.4951399387525681
0.4952598654882351
0.49535071907586153
0.4954718571926968
0.49604241772299107
0.4962107997053921
0.49632466953521726
0.4965451409078575
0.4966093441097802
0.4966226693026321
0.49663841725782065
0.49665174245067256
0.49665416521300926
0.4966711245493662
0.49669535217273325
0.4968080106213901
0.4969933519401481
0.49825439973640345
0.49828831840911736
0.4983052777454743
0.4983815947590805
0.49840703376361595
0.4984409524363298
0.498476082490212
0.498496675970074
0.49850636701942086
0.4987316839167345
0.49918837461720356
0.4992222932899174
0.49932404930805907
0.49946578090475635
0.499732284761794
0.49973834166763575
0.4997456099546459
0.49977589448385473
0.49979043105787496
0.4998195042059154
0.5007510563243788
0.5012671047020971
0.501284064038454
0.5013046575183161
0.5013143485676629
0.5013422103345351
0.501359169670892
0.5015190719851146
0.5018643156180951
0.5018667383804318
0.5019091367213242
0.5021465674303214
0.5023597705159515
0.5030708512617746
0.5034815094778463
0.5035469240609374
0.5035832654959879
0.5035965906888398
0.5036074931193549
0.5036450459355739
0.5036862328952979
0.504438500600845
0.5046347443501182
0.5047304434624181
0.5047740531844788
0.5048382563864016
0.5048406791487382
0.5050853781447455
0.5051725975888669
0.5052113617862543
0.5052307438849478
0.5056389793386828
0.5058109954645889
0.5065341900220955
0.5065729542194829
0.5066117184168701
0.5070320676822886
0.5080072295228127
0.5080157091909911
0.5080241888591697
0.5080726441059038
0.5081235221149746
0.5081501725006784
0.5096474396247626
0.5096813582974764
0.5101695449083227
0.5107328371516068
0.5109799589099507
0.5114778365701438
0.5117843160057371
0.5120738361049735
0.5121489417374113
0.5122906733341086
0.5126165348683955
0.5126359169670892
0.5127267705547157
0.5134972089777882
0.5135820056595728
0.5136038105206032
0.5136655909601892
0.5137176803504283
0.5137673469783308
0.5140338508353685
0.5140859402256076
0.5141501434275303
0.5144057448540528
0.5153687928828934
0.5158206380586889
0.517389376671706
0.5175650269411172
0.5176086366631779
0.5177285633988449
0.5180980346551924
0.5183802864674187
0.5193796759313098
0.5214232759623212
0.521783056169322
0.5221137632282824
0.5221682753808582
0.5221864460983835
0.5222506493003063
0.5226104295073071
0.5232851688180796
0.5233917703608947
0.523557729580959
0.5236219327828817
0.5236619083614373
0.5236849246036361
0.5239138756444548
0.5243996394929643
0.5245268345156413
0.5254268907237276
0.5256134434236539
0.5256764352444082
0.5259441504826142
0.5262578982052176
0.5263560200798543
0.5264262801876187
0.5266116215063767
0.5268078652556499
0.5268720684575726
0.5268926619374346
0.5274995639027794
0.5281004089622824
0.5281561324960267
0.5281852056440671
0.5282057991239292
0.5282869616622088
0.5283172461914176
0.5284408070705896
0.5285861728107919
0.5286152459588325
0.529297253556615
0.5294535217273326
0.5295722370818312
0.5295976760863667
0.5296788386246463
0.5297127572973601
0.5297466759700741
0.5298290498895221
0.5298569116563941
0.5302324398185836
0.5314292844129163
0.5314837965654922
0.5324323080203125
0.5324589584060162
0.532551023374811
0.5329907547389231
0.5330900879947281
0.5333032910803582
0.5333517463270923
0.533391721905648
0.5335492014575338
0.5338544695119588
0.5341427782300268
0.5345207291545528
0.5349410784199713
0.5350803872543319
0.5354886227080669
0.5358484029150676
0.5358798988254448
0.5359416792650308
0.536117329534442
0.5362530042252975
0.5369010931503663
0.538118531224561
0.5383135635926658
0.5387678315307981
0.5389277338450207
0.5389325793696942
0.5391869694150483
0.5393190099623987
0.5396472942590224
0.5397551071830058
0.5411336589525914
0.5421282028918091
0.5422166337170989
0.5423365604527658
0.5424346823274024
0.542944673799279
0.5433674458270341
0.5434510311276505
0.54424569717409
0.5446490871031515
0.5448102007985425
0.5450609567003916
0.5451469647633446
0.5451493875256813
0.5451602899561965
0.5452123793464356
0.545254777687328
0.5461330290343839
0.5470924429197194
0.5471469550722953
0.5471929875566927
0.5473189711982014
0.5475127921851378
0.5478640927239602
0.5478871089661589
0.5479404097375664
0.5480034015583207
0.5480809299530953
0.5482081249757724
0.5482250843121294
0.5484516125906113
0.5485388320347327
0.5485812303756251
0.5486926774431136
0.5493746850408963
0.5499040586114664
0.5500046032484397
0.5500106601542815
0.5501584486568205
0.5514836996549987
0.551937967593131
0.5520130732255689
0.5520942357638485
0.5523607396208862
0.552538812652634
0.5526272434779238
0.5526938694421832
0.5526975035856883
0.5528840562856147
0.5529240318641703
0.5531384463309688
0.5534643078652557
0.5535939256502694
0.5542008276156142
0.5543219657324495
0.5543486161181532
0.5544830794278405
0.5547713881459084
0.5547992499127805
0.5548404368725045
0.5548549734465248
0.5549034286932589
0.5549482497964879
0.555013664379579
0.5551566073574447
0.5552099081288522
0.5552753227119432
0.5552947048106369
0.5553455828197077
0.5554364364073342
0.5554473388378494
0.5556811354033415
0.5559185661123387
0.5562383707407839
0.5567362484009769
0.5570451505989068
0.5571287358995232
0.5571759797650889
0.5572292805364965
0.5573879714695508
0.5574594429584836
0.557464288483157
0.5575224347792379
0.557814377640811
0.5578543532193666
0.5579924506725589
0.5579997189595689
0.5580045644842424
0.558006987246579
0.5580130441524208
0.5580493855874714
0.5581075318835523
0.5581705237043068
0.5582020196146839
0.5583522308795597
0.558398263363957
0.5584418730860178
0.5584527755165329
0.558521824243129
0.5585811819203783
0.5585993526379036
0.558645385122301
0.5586684013644998
0.5586962631313719
0.5587713687638097
0.5587810598131566
0.5589821490871032
0.559077848199403
0.5591868725045548
0.5598797825328526
0.5600808718067992
0.5600905628561461
0.5601135790983448
0.5601462863898903
0.5602577334573787
0.5606199364267163
0.561174749001822
0.5613746268946002
0.5613843179439469
0.5615757161685467
0.5617610574873048
0.5617913420165136
0.561796187541187
0.5620966100709385
0.562228650618289
0.5625290731480405
0.562664747838896
0.5627761949063844
0.5628185932472768
0.5628246501531186
0.5628852192115362
0.5629009671667248
0.5629215606465868
0.5629336744582704
0.5630402760010854
0.563056023956274
0.5630729832926309
0.5638737062449122
0.5641789742993372
0.5645230065511494
0.5649651606775982
0.5652328759158042
0.5659681842849944
0.5667107609411947
0.5670063379462729
0.5672086386013877
0.5676944024498973
0.5679948249796488
0.5690172306857386
0.5696011164088848
0.5696859130906694
0.5697174090010466
0.5697525390549288
0.5698300674497034
0.5698579292165755
0.5700735550645424
0.5701522948404854
0.5701728883203473
0.5702479939527852
0.5703739775942939
0.5704733108500989
0.5705411481955266
0.5706671318370353
0.570933635694073
0.5710559851920766
0.5711759119277435
0.5713200662867776
0.5713818467263635
0.5717537407450479
0.572337626468194
0.5726198782804202
0.573370934604799
0.5736992189014226
0.5739511861844401
0.5743545761135016
0.574593218203667
0.5752921851378067
0.5762770380276776
0.577479939527852
0.5781643698879715
0.5788160929565453
0.5793890762491762
0.5800262627437299
0.580733709346048
0.5821800984610613
0.5830316994224135
0.5833842113424041
0.5837355118812265
0.584488990967942
0.5847445923944645
0.585288502539055
0.5868972167306276
0.5872061189285576
0.587375712292127
0.587499273171299
0.5875731674225685
0.5876688665348684
0.5879305248672326
0.5880371264100477
0.5881085978989805
0.5881837035314184
0.5882285246346475
0.5882806140248866
0.5883157440787689
0.5883460286079777
0.5888366379811606
0.5890001744388882
0.5890498410667907
0.5891225239368919
0.5891818816141412
0.589229125479707
0.589253353103074
0.5892581986277474
0.5892618327712524
0.5894193123231384
0.5894762472380509
0.5895028976237547
0.5903496530604334
0.5904792708454472
0.5905083439934876
0.5914386847307826
0.5914931968833586
0.5915997984261736
0.5934398864209016
0.5945131701360623
0.5952896654649765
0.596056469744544
0.5962854207853626
0.5969819649571656
0.5980298096677908
0.5980831104391984
0.5981218746365856
0.5985846222428964
0.599053426755049
0.6001921250533008
0.6012835794859868
0.6018977497383416
0.6020734000077529
0.6024598306004574
0.6025385703764004
0.6027251230763268
0.6033841144319106
0.6041436504244679
0.6050061538163353
0.6057257142303368
0.6064271039268132
0.6065761038105206
0.6067856727526456
0.6069019653448076
0.6069916075512657
0.6070594448966934
0.6070945749505756
0.6071406074349731
0.6073332170407412
0.6075270380276776
0.6075767046555801
0.6076336395704927
0.6077123793464356
0.607840785750281
0.6079074117145404
0.6080188587820289
0.6081399968988642
0.6082986878319184
0.6083750048455246
0.6084258828545955
0.60880504516029
0.6090061344342366
0.6091066790712099
0.6091805733224793
0.6092399309997286
0.609302922820483
0.6094143698879715
0.6095730608210257
0.6102356863201147
0.6105700275225802
0.6105906210024421
0.6106633038725433
0.6112895879365817
0.6117353762065356
0.6119061809512734
0.6119703841531962
0.6120139938752568
0.6120430670232972
0.6127759526301508
0.6133804318331589
0.6135645617707486
0.6141217971081909
0.6143422684808311
0.6145070163197272
0.6147662518897546
0.6149843005000581
0.615207194635035
0.6153101620343451
0.6153380238012172
0.6154276660076753
0.6160781776950808
0.616274421444354
0.6169624859479784
0.6170497053920999
0.6179630867930379
0.6190824029925961
0.619428858006745
0.6197074756754661
0.619806808931271
0.6203810036050703
0.6204318816141412
0.6210642225840214
0.6213658564949412
0.621598441679265
0.6218649455363027
0.622010311276505
0.6221120672946466
0.6223240589991085
0.6229878958793659
0.6230969201845176
0.6236626351901384
0.6238867407062837
0.6239594235763849
0.6242126022405706
0.6254300403147652
0.6254554793193007
0.6256347637322169
0.6256686824049308
0.625744999418537
0.6259085358762647
0.6261084137690429
0.6266947222545257
0.6270205837888126
0.6273428111795946
0.6276444450905144
0.6277195507229523
0.6281483796565492
0.6292168178470364
0.6295923460092259
0.6299097278753344
0.6302670853199984
0.6303603616699617
0.6305578168004031
0.6307286215451409
0.6308703531418381
0.6311513935728961
0.6318115963096484
0.6322198317633834
0.63253115672365
0.6325432705353335
0.6325614412528588
0.6327419370469435
0.6329333352715432
0.6331392700701632
0.6335838469589488
0.6341059522425088
0.6344354479203008
0.6346716672481296
0.6350774799395279
0.635537804783502
0.6359012191340079
0.6365311373415513
0.6370568767686166
0.637329437531496
0.6376129007248905
0.6381895181610264
0.6389684362522774
0.6394590456254603
0.6396843625227739
0.6398127689266194
0.639893931464899
0.6403966546497655
0.640738264139241
0.6408024673411638
0.6408751502112648
0.6409744834670699
0.6410277842384774
0.6410423208124976
0.6410520118618444
0.6412131255572353
0.6417861088498663
0.6420659378997557
0.6421919215412645
0.6422343198821568
0.6423106368957631
0.642451157111292
0.6430786525564988
0.6433609043687251
0.6434457010505098
0.643522018064116
0.6437025138582005
0.643752180486103
0.6438503023607396
0.6451828216459278
0.6454578051711439
0.6456588944450905
0.6457606504632322
0.6458599837190371
0.6459060162034345
0.6459617397371787
0.6460816664728457
0.6462766988409505
0.6464414466798465
0.646539568554483
0.647047137264023
0.6470871128425786
0.6472554948249797
0.6472882021165252
0.6473269663139125
0.6473318118385859
0.6477049172384386
0.6487491278055588
0.6495207776097995
0.6495946718610691
0.6496104198162577
0.6496176881032678
0.6496261677714463
0.6496734116370121
0.6499423382563864
0.6501834031088887
0.6502718339341784
0.6503578419971314
0.6505722564639299
0.6507309473969841
0.6507588091638563
0.6508048416482537
0.6508714676125131
0.6509586870566345
0.6509635325813079
0.6509720122494864
0.6509720122494864
0.6509853374423382
0.6509926057293484
0.6509962398728534
0.6510144105903787
0.6513063534519518
0.6515740686901578
0.6516358491297438
0.6516382718920805
0.6518005969686398
0.6518817595069194
0.651955653758189
0.6520513528704888
0.6522863608171493
0.6523965965034694
0.6524280924138466
0.653133116253828
0.6533233030972594
0.6533451079582897
0.6536733922549134
0.6538926522463853
0.6539471643989612
0.6540816277086483
0.6543263267046556
0.6544159689111136
0.6544389851533124
0.654454733108501
0.6544620013955111
0.6546049443733768
0.654647342714269
0.6548181474590069
0.6551161472264216
0.6552651471101291
0.6553220820250417
0.6553693258906075
0.6555159030119782
0.6557121467612513
0.6567926987634221
0.656953812458813
0.6570434546652711
0.6572312187463658
0.6578441776175524
0.6579059580571385
0.6579725840213978
0.6586182501841299
0.6589271523820599
0.659057981548242
0.6591076481761445
0.6593814203201923
0.6594674283831453
0.6595292088227314
0.6595607047331085
0.6598066151102842
0.660540712098306
0.6616103616699617
0.6618768655269993
0.6632372465790596
0.6634565065705315
0.6634928480055821
0.6641627417916812
0.664247538473466
0.6643347579175873
0.6646194324921503
0.6646230666356553
0.6648520176764741
0.6657048300189945
0.6667211788192425
0.6669646664340815
0.6669816257704384
0.6670264468736675
0.6670664224522231
0.6670809590262433
0.6671160890801255
0.6673353490715975
0.6678053649649184
0.6682148117998217
0.668652120401597
0.668727226034035
0.6688326161956817
0.6689852502228941
0.6690833720975308
0.6693716808155987
0.6698332170407412
0.6708326065046323
0.6710034112493701
0.6714831181920379
0.6723904426871342
0.6724546458890569
0.6724837190370974
0.672585475055239
0.6728762065356437
0.6734564581152848
0.6735933441873087
0.6736890432996084
0.6740367096949258
0.6745600263596542
0.6748895220374462
0.6756611718416871
0.676176008838237
0.676303203860914
0.6763625615381633
0.676584244291972
0.676728398651006
0.6767526262743729
0.6767574717990464
0.6769549269294879
0.677003382176222
0.6773001705624685
0.6774273655851456
0.6777435360700856
0.6779143408148234
0.6779531050122107
0.6782353568244369
0.6791826568980889
0.6800936155366903
0.680566054192348
0.6821323700430283
0.6822510853975269
0.6824521746714735
0.6827780362057604
0.6832965073458154
0.6834430844671862
0.6835387835794859
0.6836889948443617
0.6838707020196146
0.6839712466565879
0.6844194576888786
0.6849439857347753
0.6850602783269373
0.6854249040586115
0.6858585785168818
0.68625712292127
0.6866483990386479
0.6867877078730085
0.6869573012365779
0.6872298619994573
0.6875520893902392
0.6877858859557313
0.6880426987634221
0.6882631701360623
0.6883697716788774
0.6884376090243052
0.6884921211768811
0.6885333081366051
0.6887889095631275
0.6890675272318487
0.6891280962902663
0.6892359092142497
0.6892976896538358
0.6894260960576811
0.6897022909640655
0.6903479571267976
0.6907174283831453
0.6912782978640927
0.6919179071209831
0.6930202639841843
0.6952528394774586
0.6961625867348916
0.6964751230763268
0.696699228592472
0.6967731228437415
0.6970832364228399
0.6973885044772647
0.6977797805946427
0.6979905609179362
0.6985041865333178
0.6997967302399504
0.7010165910764817
0.7013860623328294
0.7017603791138505
0.702085029266969
0.7023394193123231
0.7024835736713572
0.702826394542001
0.7032261503275574
0.7033121583905105
0.7035919874404001
0.7036925320773734
0.7037821742838315
0.703852434391596
0.7043224502849168
0.7046882873977595
0.7048384986626351
0.705301246268946
0.7061092375082374
0.70626913982246
0.706293367445827
0.7069511474202427
0.7073969356901966
0.707549569717409
0.7076864557894329
0.7080753091444741
0.7082279431716866
0.7088312109935264
0.7089426580610149
0.7090250319804628
0.7091485928596348
0.7092479261154397
0.7092818447881537
0.7094671861069116
0.709509584447804
0.7095653079815483
0.709739746869791
0.7098439256502694
0.7098620963677947
0.7099190312827073
0.7099989824398186
0.7102158196689538
0.7102788114897081
0.7103490715974726
0.710481112144823
0.7105356242973989
0.7105998274993216
0.7108639085940226
0.7115289568554483
0.7123417936194131
0.7125392487498546
0.7127306469744544
0.7128675330464783
0.7130201670736908
0.7130613540334148
0.7130892158002868
0.7132939392177385
0.7135919389851533
0.7136016300345002
0.7136234348955305
0.71390326394542
0.7142024750940031
0.7146228243594216
0.7154635228902586
0.7159117339225491
0.71606557933093
0.7161673353490716
0.7164798716905066
0.7166761154397798
0.7169377737721441
0.7170346842656122
0.7173980986161181
0.7175458871186572
0.7175592123115091
0.7175967651277281
0.7176258382757685
0.7176379520874521
0.7179141469938365
0.718008634724968
0.718012268868473
0.718091008644416
0.7187899755785556
0.7189874307089972
0.7190916094894755
0.7191315850680312
0.7191642923595767
0.7192599914718766
0.7195676822886382
0.7197300073651975
0.7198051129976354
0.7198596251502113
0.7199444218319959
0.7205428441291623
0.7214525913865953
0.7216015912703028
0.721743322867
0.7219541031902934
0.7221055258363376
0.7221491355583982
0.7221612493700817
0.7222060704733109
0.7222678509128968
0.7224083711284258
0.7225367775322712
0.7225622165368066
0.7225815986355002
0.7227378668062178
0.7229983137574136
0.7231872892196767
0.7233193297670272
0.7234210857851688
0.7234719637942396
0.7235022483234484
0.7236403457766407
0.723778443229833
0.7238511260999341
0.7242472477419855
0.7248941252858859
0.7258365798348645
0.7265767337287281
0.7268408148234291
0.7270988390122882
0.727451350932279
0.7276427491568787
0.7277081637399697
0.7277481393185254
0.7277554076055355
0.7277614645113772
0.7282399600728767
0.728501618405241
0.7289159107648177
0.7295518858782029
0.7297396499592976
0.7297566092956546
0.7297965848742102
0.7299237798968873
0.7299928286234834
0.7301091212156452
0.7302993080590766
0.7304046982207233
0.7305185680505485
0.7306966410822964
0.7307899174322595
0.7308092995309532
0.7308795596387176
0.731000697755553
0.7310649009574757
0.7312078439353413
0.7312865837112843
0.7312902178547893
0.7316172907702446
0.7317323719812381
0.7319746482149088
0.7321115342869325
0.7321406074349731
0.732243574834283
0.7350939547234174
0.7358825638640152
0.7359600922587898
0.7360933441873087
0.7362544578826995
0.736266571694383
0.7362883765554135
0.7363053358917704
0.7368916443772532
0.7375251967283017
0.7377480908632786
0.7379322208008683
0.7380230743884948
0.738054570298872
0.7380933344962592
0.7381684401286971
0.7382217409001046
0.7382568709539868
0.7382665620033337
0.7382907896267008
0.73834287901694
0.7384821878513005
0.7385500251967283
0.7388831550180254
0.7401853897740047
0.7407402023491103
0.7412865352560375
0.7415639415435903
0.7416547951312168
0.7416838682792573
0.7417335349071598
0.7417953153467457
0.7419358355622747
0.7421005834011707
0.7423392254913362
0.7423973717874172
0.7425366806217777
0.7429206884521456
0.7437831918440129
0.7440072973601581
0.7440472729387138
0.7441175330464783
0.7444651994417956
0.7445596871729271
0.7446687114780789
0.7447268577741598
0.7447535081598635
0.7458316373996976
0.7469751812226227
0.7470514982362291
0.747075725859596
0.7471011648641315
0.7472586444160174
0.7473422297166337
0.7473713028646742
0.7473822052951894
0.7474088556808931
0.7474730588828158
0.747937017870295
0.7490660251192
0.7497298619994573
0.7499527561344342
0.7500969104934683
0.7503185932472768
0.7503985444043881
0.7504300403147652
0.7505959995348296
0.7509436659301469
0.7509896984145443
0.7510333081366051
0.7510938771950226
0.75113264139241
0.7512004787378377
0.7513082916618211
0.7513288851416832
0.7516438442454549
0.7524651606775982
0.7524821200139551
0.7525632825522347
0.75268442066907
0.7529606155754545
0.7534112493700817
0.7536813873706245
0.754170785362639
0.7542131837035314
0.7542471023762453
0.7543403787262085
0.7544905899910842
0.7546565492111486
0.7551059716246075
0.7557782881730434
0.7560193530255456
0.7560363123619025
0.7560496375547544
0.7561853122456099
0.7564530274838159
0.756555994883126
0.7565729542194829
0.7565959704616816
0.7566577509012676
0.757647449315812
0.7580847579175873
0.7584736112726286
0.7590490173275962
0.7592343586463542
0.7595432608442843
0.7596862038221499
0.7605135771601349
0.761080503546924
0.7617067876109626
0.761896974454394
0.7619720800868318
0.7620217467147342
0.7630405182773191
0.7642700701631973
0.7648369965499864
0.7652088905686708
0.7652827848199403
0.7653094352056441
0.7658339632515409
0.766998100554328
0.7674232953444199
0.7675395879365817
0.7680386769779431
0.7686625382796449
0.7690029363879521
0.7695686513935729
0.7697430902818158
0.7698036593402333
0.7711252761949063
0.7725353238748691
0.7729290227545839
0.7732221769973253
0.773434168701787
0.773561363724464
0.7738169651509865
0.774443249215025
0.7750901267589254
0.7754232565802225
0.7755528743652362
0.7756461507151995
0.7759356708144358
0.7762784916850797
0.7764674671473427
0.7766721905647943
0.7768660115517309
0.7769483854711788
0.7772197348528899
0.7776497751676551
0.7779465635539016
0.7780604333837268
0.7781246365856495
0.7785122785595224
0.7786370508198628
0.7786818719230918
0.7787145792146374
0.7787533434120246
0.7789713920223281
0.7797551556382525
0.7801924642400279
0.7803039113075164
0.7803862852269644
0.7806758053262007
0.780752122339807
0.7809011222235144
0.7809713823312788
0.7809738050936156
0.7809943985734775
0.7810295286273597
0.7811833740357406
0.7812027561344342
0.781411113695391
0.7828671938597511
0.7849507694693182
0.7851554928867698
0.7851748749854635
0.7852087936581773
0.7852196960886925
0.7852511919990697
0.785743012753421
0.7862590611311393
0.7863402236694189
0.7863862561538163
0.7864177520641935
0.7864335000193821
0.7864383455440556
0.7865049715083149
0.7868490037601271
0.7869301662984068
0.7869834670698144
0.7870840117067877
0.7870985482808078
0.7871482149087103
0.7871797108190874
0.7872560278326938
0.7875067837345427
0.7879210760941194
0.7880288890181029
0.7881524498972748
0.7885691650191883
0.7887896363918285
0.7892015059890685
0.7896812129317362
0.7903826026282126
0.7915188781641276
0.7915661220296933
0.791585504128387
0.7916400162809629
0.791828991743226
0.7921076094119471
0.7928707795480094
0.7939925185099043
0.7942856727526456
0.7943862173896189
0.7944916075512657
0.794636973291468
0.794661200914835
0.7947035992557274
0.794743574834283
0.7947641683141451
0.7948332170407412
0.79496646896926
0.7949979648796371
0.7950173469783308
0.7951772492925534
0.7954280051944025
0.7954582897236113
0.7956472651858744
0.7956920862891034
0.7957066228631237
0.7957126797689654
0.7963232158778153
0.7965448986316238
0.7966042563088731
0.7967350854750552
0.7967496220490755
0.7967593130984223
0.7967690041477691
0.7967871748652944
0.7968622804977323
0.7969918982827461
0.797012491762608
0.7971384754041168
0.7975176377098112
0.7979052796836842
0.7979343528317246
0.7979791739349537
0.7980373202310346
0.7982044908322673
0.7982456777919913
0.7982904988952204
0.7983086696127457
0.7983207834244292
0.7984298077295809
0.7985860759002985
0.7986103035236656
0.798615149048339
0.798639376671706
0.7988525797573361
0.8004467573748886
0.8031081618017599
0.8033165193627166
0.8035357793541885
0.8037380800093034
0.8039912586734892
0.804347404736985
0.8043667868356785
0.8044782339031671
0.8047532174283831
0.8049397701283095
0.8049518839399931
0.8051287455905726
0.8058301352870488
0.8059936717447765
0.8060542408031942
0.8063062080862116
0.806372834050471
0.8065400046517037
0.8065739233244176
0.8067398825444819
0.8068210450827615
0.8075260689227429
0.8076350932278947
0.8079221905647943
0.8079633775245183
0.8080251579641043
0.8080384831569563
0.8080505969686398
0.8081535643679497
0.8084467186106912
0.8086199461177657
0.808638116835291
0.808665978602163
0.8086817265573516
0.8086974745125403
0.8087180679924022
0.8087762142884831
0.8088876613559717
0.8090124336163119
0.8092462301818041
0.8094109780207001
0.8094667015544443
0.8094921405589798
0.8095490754738923
0.8096762704965693
0.8097974086134047
0.8104903186417025
0.8107737818350971
0.8108597898980502
0.811288618831647
0.8113043667868357
0.8116169031282707
0.8129058126913983
0.814607803232934
0.8155454122572392
0.8168646063495756
0.8171928906461992
0.8173721750591154
0.8177162073109276
0.8179076055355274
0.8179596949257666
0.8180868899484436
0.8183134182269256
0.8186247431871924
0.8187216536806605
0.818853694228011
0.8189711982013412
0.818980889250688
0.8190499379772842
0.8191201980850487
0.8191238322285537
0.8192752548745978
0.8194533279063457
0.8195841570725279
0.8196265554134201
0.8196834903283328
0.8198070512075047
0.820109896499593
0.8204297011280381
0.820604140016281
0.8214181881614141
0.8214787572198318
0.8218797243865565
0.8228839593751212
0.8237852269643757
0.82446602318099
0.8246889173159669
0.825248575415746
0.8254520874520294
0.8256337946272823
0.8256967864480366
0.8263242818932434
0.8273539558863434
0.8275380858239331
0.8275768500213203
0.8275938093576772
0.8276083459316975
0.8276362076985696
0.8281171260224057
0.828258857619103
0.8293260844284219
0.8294411656394154
0.8295550354692406
0.8299002791022212
0.8299778074969958
0.8304987013993875
0.8305180834980812
0.8306149939915494
0.8310692619296818
0.8311056033647324
0.831186765903012
0.8312049366205373
0.8312194731945575
0.8312582373919448
0.8313284974997093
0.8314387331860293
0.8323169845330852
0.833599837190371
0.8338602841415669
0.8342673082141334
0.8346840233360469
0.8349699092917782
0.8351782668527348
0.8354375024227624
0.835515030817537
0.8356822014187696
0.8357573070512075
0.8357633639570493
0.8360964937783463
0.8361619083614373
0.8361982497964879
0.8362382253750437
0.8364950381827344
0.837313931852541
0.8381158661859907
0.8383751017560181
0.8384175000969105
0.8384853374423382
0.8386052641780052
0.8386331259448773
0.8386815811916114
0.8387736461604063
0.8390401500174439
0.8393260359731751
0.8394701903322092
0.8398166453463581
0.8402709132844904
0.8406125227739659
0.8407336608908013
0.8409056770167074
0.8409614005504517
0.8409674574562934
0.8409674574562934
0.8410946524789704
0.8412775710353917
0.8415150017443889
0.8415743594216382
0.8417790828390899
0.8425095456836066
0.8429529111912237
0.843437463658565
0.8436276505019964
0.8442733166647285
0.8444162596425941
0.8447142594100089
0.8447469667015545
0.844759080513238
0.8447675601814164
0.8454095922006435
0.8455367872233206
0.8456252180486103
0.8456470229096407
0.8456845757258596
0.8457197057797419
0.8457572585959607
0.8460855428925844
0.8469577373337985
0.8471782087064388
0.8472399891460247
0.847302980966779
0.8473114606349575
0.8473163061596309
0.847752403380238
0.8481509477846261
0.8485422239020041
0.8487433131759506
0.8487990367096949
0.8489044268713416
0.8492302884056285
0.8496106620924914
0.8499001821917277
0.8502284664883514
0.851034034965306
0.8516009613520952
0.8517523839981394
0.8518916928324999
0.8519873919447998
0.8520927821064465
0.8522502616583324
0.85241379811606
0.8531151878125364
0.8541812032406869
0.8547154223359306
0.8549153002287088
0.8549431619955808
0.855115178121487
0.8556687793154243
0.8560443074776137
0.8563241365275032
0.8565179575144397
0.8566330387254332
0.8567323719812381
0.8569177132999961
0.8572145016862426
0.8576263712834826
0.8577596232120014
0.8581533220917161
0.8586633135635927
0.859052166918634
0.8598541012520836
0.8605034015583207
0.8606608811102067
0.8610424661782378
0.8618577257045393
0.8623519692212273
0.8627396111951002
0.8637135616544559
0.864314406713959
0.8643652847230298
0.8644912683645385
0.8646499592975927
0.8648873900065899
0.8658262104120634
0.866929778656433
0.8669927704771873
0.867036380199248
0.8671126972128542
0.8671332906927162
0.8672168759933325
0.8672580629530565
0.8672895588634337
0.8672980385316122
0.8673513393030198
0.8675233554289259
0.8675378920029461
0.8675863472496802
0.8677280788463775
0.867970355080048
0.8680091192774354
0.8680442493313176
0.8680854362910416
0.8682283792689073
0.8684561189285576
0.8685142652246385
0.8685300131798271
0.8685736229018878
0.868605118812265
0.8686135984804435
0.8686644764895143
0.8687795577005079
0.8688328584719154
0.8688752568128076
0.8691223785711517
0.869342849943792
0.8705748245920069
0.8707674341977749
0.8708243691126876
0.8711720355080048
0.8714651897507462
0.8715172791409854
0.8717849943791913
0.8720975307206265
0.8725530100399271
0.8726632457262472
0.8737825619258053
0.8738588789394116
0.8738722041322634
0.8741811063301934
0.8741956429042137
0.8742307729580959
0.8742877078730085
0.8745723824475714
0.875
0.8752180486103035
0.8752362193278288
0.8753282842966237
0.8760272512307633
0.8770993235647556
0.8779170058533938
0.8781568593247276
0.8786123386440283
0.8787892002946079
0.8788739969763926
0.8790314765282785
0.8791380780710936
0.8791598829321239
0.8793270535333566
0.8798455246734116
0.8799993700817924
0.8800260204674962
0.880234378028453
0.8804185079660426
0.8804621176881032
0.8806317110516727
0.8810241985502191
0.8813452145598325
0.8816868240493081
0.8818564174128775
0.8820090514400899
0.8823773113152692
0.8827104411365663
0.883128367639648
0.8832507171376517
0.8833149203395744
0.8833803349226654
0.8834808795596387
0.8835753672907702
0.8844354479203008
0.8846292689072373
0.8846946834903283
0.8849127321006318
0.884989049114238
0.8849938946389115
0.8850459840291507
0.8851041303252316
0.8853573089894173
0.8855668779315424
0.8855898941737411
0.88562017870295
0.8856540973756638
0.8857328371516068
0.8858067314028764
0.8858261135015699
0.8858527638872737
0.8859133329456914
0.8859181784703648
0.8859472516184053
0.8859763247664457
0.8860502190177152
0.8861035197891227
0.8861313815559949
0.8861665116098771
0.8862113327131061
0.8863143001124162
0.8865771698259488
0.8867576656200333
0.8871828604101252
0.8877667461332713
0.888016290653952
0.8882912741791681
0.888651054386169
0.8889563224405939
0.8899399639492964
0.890494776524402
0.8915026456564716
0.8927128154436562
0.8933645385122301
0.893686765903012
0.8940392778230026
0.8945189847656704
0.8950217079505369
0.8952215858433151
0.8957921463736094
0.8962766988409505
0.8966534383843082
0.8968630073264333
0.8973075842152188
0.897462641004768
0.897819998449432
0.8980828681629647
0.8984038841725782
0.8986328352133969
0.8989889812768926
0.8994093305423111
0.8995583304260185
0.8996140539597628
0.8996176881032678
0.8996758343993487
0.8996867368298639
0.8997049075473892
0.8997533627941233
0.9000453056556964
0.900102240570609
0.9001967283017405
0.9002039965887506
0.9002560859789898
0.9002572973601581
0.9002633542659999
0.9002694111718417
0.9003542078536264
0.9005080532620072
0.9008629879443346
0.9011815811916114
0.9014638330038377
0.9020937512113811
0.9023723688801023
0.9023929623599644
0.902436572082025
0.9024559541807187
0.9024801818040857
0.9027648563786487
0.9030386285226965
0.9031052544869559
0.9031718804512152
0.9032106446486026
0.9032215470791177
0.9032251812226227
0.9032469860836532
0.9035619451874249
0.9039956196456952
0.9040477090359345
0.9040792049463116
0.9041155463813622
0.9041179691436989
0.9041276601930457
0.9042584893592278
0.9043469201845176
0.9044838062565415
0.904657033763616
0.9049550335310308
0.9050059115401016
0.9051003992712331
0.9051149358452534
0.9051343179439469
0.9051391634686203
0.9051537000426406
0.9051973097647014
0.9052518219172772
0.905360846222429
0.9055994883125945
0.9057448540527968
0.9057654475326589
0.9057811954878474
0.9057957320618677
0.9060113579098344
0.9060707155870837
0.9062185040896228
0.9062475772376632
0.906253634143505
0.9065855525836337
0.9069610807458232
0.9070894871496685
0.9074553242625112
0.9080501124161724
0.9086885102918945
0.909799346823274
0.9107805655696399
0.9118356785672752
0.912298426173586
0.9125528162189401
0.9128641411792069
0.9129707427220219
0.9130288890181029
0.9131245881304028
0.913183945807652
0.9132433034849013
0.9132590514400899
0.9132675311082684
0.9133305229290227
0.9133317343101911
0.9133365798348645
0.9134407586153429
0.9134504496646897
0.9134976935302555
0.9137835794859868
0.9139507500872195
0.9147030177927666
0.914827790053107
0.9150422045199054
0.9150640093809358
0.9150821800984611
0.9151245784393535
0.9151669767802457
0.9152166434081482
0.9153486839554987
0.9156454723417452
0.9163250571771911
0.9166957398147071
0.91698041438927
0.9170482517346978
0.9170749021204015
0.9171245687483041
0.9171427394658294
0.9172759913943482
0.9174589099507695
0.9176018529286352
0.9176648447493895
0.9187672016125906
0.9194225588246695
0.9195860952823972
0.9197496317401248
0.9197799162693336
0.919822314610226
0.91986350156995
0.9199216478660309
0.9206303058495174
0.92151097995891
0.9216478660309338
0.9224703938442455
0.9232081249757724
0.9233389541419544
0.9238428887079893
0.9242765631662596
0.9244243516687987
0.9245612377408226
0.9246218067992402
0.9248107822615033
0.925097879598403
0.9252287087645851
0.9252674729619723
0.925290489204171
0.9253086599216963
0.9257859441020274
0.9260391227662131
0.9260681959142536
0.9263516591076482
0.9265248866147227
0.9265903011978137
0.9269864228398651
0.9270833333333334
0.9270893902391751
0.9272929022754584
0.9274285769663139
0.927473398069543
0.9275460809396442
0.9276308776214288
0.9284328119548785
0.9288168197852463
0.9290930146916309
0.9291438927007016
0.9291778113734155
0.9292480714811799
0.929354673023995
0.9293898030778772
0.9295145753382176
0.9299106969802691
0.9301420707834245
0.9301493390704345
0.9301590301197814
0.9302571519944179
0.930569688335853
0.9309549075473892
0.9313994844361747
0.9316151102841416
0.9324497519091367
0.9333485967360545
0.9333607105477381
0.9333776698840951
0.9334612551847113
0.9339421735085475
0.9343467748187774
0.9346120672946466
0.9350614897081055
0.9354091561034229
0.9361311392797612
0.9370202930573323
0.9371232604566423
0.9373170814435787
0.9373812846455014
0.9374236829863938
0.9374709268519595
0.937771349381711
0.9380729832926309
0.9381141702523549
0.9381444547815637
0.9381480889250688
0.9384315521184634
0.9385102918944064
0.9385623812846455
0.9386447552040935
0.93894154359034
0.9398282746055743
0.9401020467496221
0.9403746075125015
0.9404787862929798
0.9406193065085088
0.9409730298096678
0.9411850215141295
0.9416077935418847
0.9420475249059969
0.9421553378299802
0.9428639958134667
0.9431111175718107
0.9435157188820406
0.9439518161026476
0.9440899135558398
0.9442364906772105
0.944492092103733
0.9445466042563089
0.9446277667945885
0.9447791894406327
0.9448773113152692
0.9450008721944412
0.9450069291002829
0.9452552622397953
0.9459978388959956
0.9472370818312207
0.9478367155095554
0.9480499185951855
0.948082625886731
0.948106853510098
0.9481274469899601
0.9481759022366942
0.9486519750358569
0.9492528200953599
0.9497058766523239
0.9497761367600884
0.9499275594061325
0.9499639008411831
0.9499820715587084
0.9507900627979997
0.9510081114083033
0.951426037911385
0.9517022328177696
0.9518161026475946
0.9520801837422956
0.9523781835097105
0.9525635248284684
0.9529862968562236
0.9539372310733806
0.954120149629802
0.9542206942667752
0.9550238399813932
0.9554987013993875
0.955634376090243
0.9556779858123038
0.9557010020545025
0.9557070589603442
0.9557555142070784
0.9560123270147691
0.9563054812575106
0.9563430340737296
0.9563696844594333
0.9563999689886421
0.9564472128542079
0.9565295867736558
0.9565489688723495
0.9565513916346862
0.9565513916346862
0.956767017482653
0.9569039035546769
0.9569378222273908
0.9569717409001046
0.9569850660929565
0.9570662286312361
0.9571037814474551
0.9571316432143272
0.957161927743536
0.9572091716091018
0.9573569601116408
0.9579238864984301
0.9579347889289452
0.9580147400860565
0.9581867562119626
0.9581903903554677
0.9582315773151917
0.9583163739969764
0.9584629511183471
0.9585683412799938
0.9586373900065899
0.9586628290111253
0.958685845253324
0.9587694305539404
0.9588566499980617
0.9589668856843819
0.9590904465635539
0.959900860565182
0.9599093402333605
0.9599287223320541
0.9599529499554211
0.960024421444354
0.9603212098306004
0.9607718436252277
0.9609850467108578
0.9611897701283095
0.9615701438151724
0.9618390704345466
0.9618984281117959
0.9619165988293212
0.9619953386052642
0.9629062972438656
0.9637942396402682
0.9640668004031476
0.9640958735511881
0.9641927840446564
0.9642993855874714
0.9646131333100748
0.9646264585029267
0.9647015641353646
0.9650577101988603
0.9652915067643525
0.965780904756367
0.9657893844245455
0.9658923518238555
0.9664265709190991
0.9664362619684459
0.9664423188742877
0.9664944082645269
0.9665707252781331
0.9665925301391635
0.9666337170988875
0.9667088227313253
0.9667160910183354
0.9669801721130364
0.96699228592472
0.9670092452610769
0.9672115459161919
0.9677542446796139
0.9678099682133582
0.9678208706438733
0.9678838624646277
0.96792626080552
0.9680425533976819
0.9680776834515641
0.9681188704112881
0.9681382525099818
0.9681515777028337
0.9681588459898438
0.9681612687521804
0.968255756483312
0.9685828293987673
0.968630073264333
0.968671260224057
0.9687863414350506
0.9688093576772493
0.9689195933635694
0.9691897313641121
0.9693484222971663
0.9694041458309106
0.969494999418537
0.9695640481451332
0.9697421211768811
0.9700558688994845
0.9704435108733573
0.9711061363724464
0.9715313311625383
0.9720667616389502
0.9723126720161259
0.9724410784199713
0.9725719075861534
0.9726348994069077
0.9726724522231267
0.9726978912276621
0.9727838992906152
0.9728541593983796
0.9728723301159049
0.9728977691204403
0.973160638833973
0.9737748090863279
0.9746130848548281
0.9751509380935768
0.9755603849284801
0.9763368802573943
0.9772308795596387
0.9776984726906229
0.9780485618482769
0.9783671550955537
0.9785743012753421
0.9786845369616622
0.9787693336434469
0.9788299027018645
0.9790515854556732
0.9792393495367678
0.979332625886731
0.9793798697522967
0.9794210567120207
0.9797117881924254
0.9799237798968873
0.9799770806682948
0.9800340155832074
0.980094584641625
0.9801030643098034
0.9803489746869791
0.9805924623018181
0.9807148117998217
0.980802031243943
0.9809437628406403
0.98112062449122
0.9813592665813854
0.9818195914253596
0.9819589002597201
0.982017046555801
0.9823320056595728
0.9824131681978525
0.9829800945846416
0.9830346067372175
0.9830975985579719
0.9831775497150832
0.983224793580649
0.983499777105865
0.9835688258324612
0.9839782726673644
0.9844858413769043
0.9845682152963523
0.984714792417723
0.9847184265612281
0.985064881575377
0.9863065472729388
0.9868771078032329
0.9880279199131682
0.9883125944877311
0.989129065395201
0.9891557157809048
0.9891969027406288
0.9892586831802147
0.9893786099158817
0.9896027154320269
0.9896172520060472
0.9900036825987518
0.9904821781602512
0.9905778772725511
0.9906687308601776
0.9907365682056053
0.9907765437841609
0.9909061615691747
0.9911775109508858
0.9914355351397449
0.9914997383416676
0.9916172423149978
0.9916535837500484
0.9916717544675737
0.9916947707097724
0.9917032503779509
0.9917080959026243
0.991727478001318
0.9917504942435167
0.9917759332480521
0.9919067624142343
0.9921114858316858
0.9924300790789626
0.9927583633755863
0.9929109974027988
0.9930987614838934
0.993333769430554
0.9934294685428539
0.9937032406869015
0.9938994844361747
0.9947547195410319
0.9956523529867815
0.9957395724309028
0.9957795480094584
0.9957940845834787
0.9960896615885568
0.9962422956157693
0.9962568321897896
0.9964760921812614
0.996635994495484
0.9966711245493662
0.9966905066480598
0.996718368414932
0.9967728805675079
0.9968722138233128
0.996927937357057
0.9977201806411599
0.9978049773229445
0.9982277493506997
0.9985354401674613
0.9986178140869093
0.9986577896654649
0.9986711148583168
0.9987135131992092
0.9989557894328798
0.9989800170562468
0.9991447648951428
0.9992101794782339
0.9992768054424933
0.9993555452184363
0.9995178702949955
0.9998049676318952
1.000209568942125
1.0002192599914719
1.0003731053998528
1.000453056556964
1.0004893979920146
1.00062507268287
1.0007462107997054
1.0011314300112417
1.0012501453657403
1.0012852754196224
1.0013167713299995
1.0013846086754274
1.0015869093305423
1.0016244621467612
1.0016523239136335
1.0017359092142497
1.0018025351785091
1.0018207058960344
1.0018497790440748
1.0018800635732836
1.0018994456719774
1.0020448114121796
1.0021647381478467
1.0021804861030352
1.0022168275380858
1.0022701283094932
1.002351290847773
1.0023949005698336
1.0025584370275613
1.0026274857541575
1.0030647943559328
1.0033276640694655
1.0034451680427956
1.0034863550025197
1.0034948346706982
1.0041828991743227
1.0042725413807807
1.004599614296236
1.004723175175408
1.0050126952746443
1.0050369228980114
1.0050429798038532
1.0050514594720317
1.0051071830057758
1.0051653293018568
1.0052258983602744
1.0053191747102377
1.0054705973562816
1.0054911908361437
1.005512995697174
1.0055384347017096
1.0055590281815714
1.0055626623250766
1.005619597239989
1.0056438248633561
1.0056486703880296
1.006020564406714
1.0062422471605226
1.0062894910260882
1.0064142632864286
1.0064930030623715
1.00650875101756
1.0065220762104121
1.0065814338876613
1.006614141179207
1.0066529053765942
1.0066771329999613
1.0066856126681396
1.0067122630538434
1.006744970345389
1.0067982711167964
1.0069496937628406
1.0075226770554715
1.007778278481994
1.0078049288676978
1.0078582296391054
1.0079708880877623
1.0083294569135945
1.00865652982905
1.008817643524441
1.0088794239640269
1.008948472690623
1.0089787572198317
1.0090054076055355
1.0090744563321317
1.0090974725743302
1.0092210334535023
1.0094063747722604
1.009749195642904
1.0099793580648913
1.0101586424778075
1.0103548862270806
1.0104093983796565
1.0106153331782766
1.0106771136178625
1.010702552622398
1.0107231461022599
1.0108491297437687
1.010964210954762
1.0109835930534559
1.0109920727216344
1.0109969182463077
1.0110066092956544
1.0110175117261697
1.0110877718339342
1.0110914059774392
1.011114422219638
1.0111713571345504
1.011543251153235
1.012247063612048
1.0124796487963716
1.0125244698996008
1.0127304046982206
1.0129872175059116
