0.002238598295776781
0.003194978212855296
0.004237661290038502
0.004464867568681464
0.00534375077056393
0.005877421332027631
0.006992317257461701
0.008973767361906138
0.009535618547077494
0.010696307986036501
0.013038822331735258
0.01432456328839698
0.015717742872944137
0.018305076387103138
0.019028966158593504
0.019152256387314492
0.019999436387525847
0.021917480088628063
0.0223666087789688
0.023576614309416204
0.024349820172394964
0.0253819355156878
0.025857483540754466
0.026407005703053724
0.0278389336451989
0.030038783583377658
0.031641556556750494
0.03421303847007394
0.0365432237929006
0.037580623003138615
0.03877829951071392
0.0407438980143228
0.04174078757798107
0.04267250944931539
0.04450248870133118
0.045925610198567716
0.04778024749632771
0.05115663847430103
0.05194569593811535
0.05286156620861411
0.053284275564228926
0.05407509431702497
0.05545594487870003
0.0565708408041341
0.056921337311498045
0.05924095490043434
0.06164863693845704
0.06319504866441457
0.06404927382055284
0.06558159523465654
0.06657496222035134
0.06714209727246788
0.06763878076531529
0.06826756093179233
0.06904428937273455
0.06995311448730639
0.07119306193044317
0.0717901388952491
0.07283986712835921
0.07465751735750291
0.07622154197327773
0.0773241088758397
0.07871200459344166
0.08014569382456857
0.08096293191209054
0.08155472500995128
0.08192107311815079
0.08378627814980115
0.08563563158061596
0.0860601022252125
0.08733351415900212
0.08855584871232162
0.08936251906595323
0.08959324792255964
0.090440427922771
0.0909740984842347
0.09222813623922531
0.0932690580274268
0.09372347058471271
0.09448787000278283
0.09549532730033147
0.09639182339203123
0.0965890877579848
0.09746092580394036
0.09840321540916504
0.09949169199987319
0.10122656164687564
0.10279234755163219
0.10343521802996304
0.10414325620061786
0.10493759753137737
0.10578125495362527
0.10617930626349588
0.10700182821796303
0.10791769848846179
0.10870323337431266
0.10902378796898722
0.10910656855112846
0.10946763279238278
0.10997312273013883
0.11060366418559758
0.11124653466392845
0.11194048252272944
0.11232268223176449
0.11337417175385635
0.11451196443605288
0.11491353832388695
0.11520591229485387
0.1155053314217477
0.11567617645297534
0.11680340140128151
0.11769109104807263
0.1199420183667215
0.12184421046698816
0.12334658996840248
0.12446676976078173
0.12506384672558765
0.12616112976120444
0.12801048319201924
0.1302966362903027
0.13262858290211108
0.13472803936833133
0.13530045828739304
0.13587287720645477
0.13693669575141873
0.13783143055413674
0.1384249849409792
0.1392739262301723
0.13969311300782364
0.14020917067947006
0.14056318976479748
0.14101407974411995
0.1417555824054276
0.14396776136647843
0.145267592634994
0.14676116569149966
0.14714512668951646
0.14791833255249523
0.14859290623249718
0.1492516283116636
0.14993148585861077
0.15139863958039051
0.15324094785527842
0.15392080540222555
0.1546429338847342
0.15489303692013964
0.15595509417612186
0.15675471937382654
0.15734475118270555
0.15823948598542356
0.1596995945512764
0.16114385151629368
0.16219534103838554
0.16324506927149565
0.16427366203682503
0.16509442270231045
0.16620227347181762
0.1674598338047717
0.16817843970931687
0.16920703247464625
0.170265567152665
0.17106695363935143
0.17160062420081512
0.17275074590588377
0.1737141709788892
0.17450146715372178
0.17524120852604771
0.17558642116646647
0.17629974320406647
0.17682108474265806
0.17707294906704524
0.17792365164522003
0.1787831606683035
0.17914598619853955
0.17944188274746992
0.179843456635304
0.1810164750971351
0.1821401774674778
0.18363727310194694
0.18445627247845062
0.18583712304012567
0.1869432125206511
0.1879665214190353
0.18875029501590443
0.1899444489455163
0.19257053081727332
0.1936431558071459
0.1938421814620812
0.19410109094239528
0.19555943821926638
0.1975444109016743
0.1988865131057513
0.20028145397928018
0.2020762074516614
0.20288463909427476
0.20339717418795772
0.20385158674524365
0.20440463148550636
0.20508096645449006
0.20571326919893054
0.20679117805574831
0.2077704547295893
0.20880433136186385
0.2097924144806135
0.21114684570756262
0.21204862566620755
0.21282007024020458
0.21385746945044262
0.21491424283947966
0.21562756487707965
0.21760196982559715
0.21843682080293642
0.2198634648781364
0.22041122575145394
0.22136056051260555
0.22376471997266478
0.22470348699992604
0.22559822180264405
0.22636790508765936
0.22680294346614627
0.2271393496616564
0.22762898799857686
0.2282383939862549
0.2285237228012949
0.22896756762469045
0.22953294138782526
0.23079930816568797
0.23229464251117538
0.2337036736965581
0.23481680833301044
0.23597749777196944
0.2365587231359398
0.23795366400946869
0.23871630213855707
0.23932746941521682
0.2413036356527161
0.2417510030540751
0.24220189303339756
0.2428112990210756
0.2433590598943931
0.24385574338724053
0.2443383365682341
0.24578611611121484
0.2478679596876178
0.24891240405378273
0.24956408097702223
0.2503848416425076
0.2508392541997936
0.2521003371107111
0.25335261357672
0.2544516579013185
0.25527594114476737
0.2564366305837264
0.25752510717443455
0.25813803574007604
0.25866994501255797
0.2593973573620118
0.26015295033517327
0.26099484646843946
0.2618948651381027
0.26224183906750315
0.2626240387765382
0.2629991933296464
0.2635293413131466
0.2644857212302251
0.2651691013551357
0.26617831994166613
0.26710475794605526
0.26787444123107057
0.26864940838303103
0.26977839462031894
0.27041245865374114
0.2714287223961984
0.27222834759390313
0.2726528182384997
0.273318585473593
0.2741323009831515
0.2753828161601787
0.2763303896323485
0.27689576339548333
0.27747170489250855
0.27785038202358014
0.2784228009426419
0.2789106779905806
0.27925941320896286
0.2795535484689115
0.2800114836041609
0.2803989671801411
0.2811175730846863
0.28157903079789914
0.28214440456103396
0.2827485266817668
0.2831659521704364
0.28391273869868927
0.28454151886516627
0.28546091171362853
0.28627638851216874
0.2865176851026655
0.2873860005706576
0.28780870992627244
0.28893065100763343
0.2898130567874794
0.2909843139603287
0.2920868808628907
0.2928882673495771
0.293751298950624
0.29592472955407684
0.29693042556264376
0.29771772173747635
0.29822673425319585
0.2991109013220235
0.29950543005393065
0.3005745324658398
0.3013001835263119
0.3017457896386892
0.30211389903587044
0.3029698854809904
0.30431198768506745
0.3051662128412057
0.30563295442136373
0.3066368891409489
0.30729561122011534
0.30788388174001263
0.3084580619480561
0.30890190677145163
0.3093844999524452
0.31023872510858347
0.31051172490075135
0.31071955700059534
0.31105244061814197
0.3112761243188215
0.31197007217762246
0.3125354459407573
0.3133632517621696
0.31523374066076515
0.3163468752972175
0.31733671970494887
0.318853189518217
0.319851840370857
0.3204048851111197
0.32108826523603035
0.3218438582091918
0.32235991588083823
0.323067954051493
0.3237795148001113
0.3244505659021498
0.3252907007464343
0.32550029413525994
0.3259300486468017
0.3269498349672224
0.32757509255573597
0.3284874402482713
0.32974323929224364
0.33048826453151475
0.33109590923021104
0.33161020561287574
0.33217381808702884
0.33280788212045104
0.333359165571732
0.33436486158029893
0.33600286033330634
0.33680424681999277
0.3372921238679315
0.3379543685250614
0.33924539334866827
0.3397737800431868
0.3401260378395325
0.34078299862971717
0.3413818368835048
0.3422977071540036
0.34310085492967174
0.34384588016894285
0.34448170549134677
0.34481635039787517
0.3452637177992342
0.345647678797251
0.34634514923401544
0.3468682520615888
0.347560438631408
0.3482913735588253
0.3485502830391394
0.34916321160478087
0.3493534308148075
0.349862443330527
0.35096853281105245
0.3517540676969033
0.35275624112750675
0.35397681439184453
0.355569019631327
0.35632461260448844
0.35662755430934573
0.3570361733531067
0.35722463127415166
0.35734792150287265
0.3582356111496638
0.3595671456198504
0.3614270667845556
0.36266877551667415
0.363168981587485
0.3635652716083739
0.366099766453081
0.3674242557673408
0.3683225131480222
0.3687822095722534
0.36989358291972396
0.37097149177654176
0.37139948499910175
0.37170947185988595
0.372176213440044
0.3728366968081921
0.3731008901554514
0.373271735186679
0.37441481173582075
0.3748903597608874
0.3757023139814642
0.3761620104056953
0.3764191585970276
0.37737906109206965
0.37837242807776444
0.3794133498659659
0.38003508487651605
0.38044194263129527
0.38117816142565775
0.3818069415921348
0.3830609793471254
0.3840807656675461
0.3848240296178355
0.3856113257926681
0.3862506736930355
0.38681957003413375
0.3881440593483935
0.3890546457519471
0.3901272707418197
0.3911558635071491
0.3919273080811461
0.39265472043059996
0.39377137764501574
0.39541642155395007
0.3971794718246602
0.3972816265856004
0.3987364512845081
0.39997287614968136
0.4003973467942779
0.40133082995459396
0.4028649126576794
0.4037208991027994
0.40431973735658705
0.404670233863951
0.4048622143629594
0.40508237548567544
0.40543815585998455
0.4059912006002473
0.40733682538228777
0.40862608891691293
0.41007034588193025
0.41128211270135934
0.41277216317990156
0.41366337540465614
0.41437845873123785
0.4151798452179243
0.4159759478376655
0.4167156892099914
0.4169710761123421
0.417568153077148
0.4178992754057129
0.41808597203777614
0.4185615200628428
0.41987544164321217
0.42068563457480723
0.4212369180260882
0.42204182709073806
0.42237294941930303
0.422924232870584
0.42350369694557266
0.4238982256774798
0.4245234832659934
0.425634856613464
0.4266581655118482
0.42725348118767237
0.4274031907511193
0.4288245509593741
0.42950264721733955
0.4300944403152003
0.4309891751179183
0.432171000024658
0.4340608631020526
0.4360194164497346
0.4374619121257701
0.43850635649193503
0.4392425752862975
0.4400104972823311
0.4406991612741869
0.44114124480860073
0.44153225096254445
0.442099386014661
0.4423125019814501
0.44260487595241704
0.4433270044349257
0.44385362984046245
0.4442657714621869
0.44505659021498295
0.44535600934187675
0.4454740157036526
0.44571531229414935
0.44658891162908665
0.4468037888848575
0.44766329790794096
0.44825332971681997
0.4489279033968219
0.44978388984194195
0.45054652797103034
0.45175124963453256
0.45263893928132365
0.45365520302378093
0.45432097025887425
0.4550202019846204
0.45603998830504117
0.457091477827133
0.45874004431403076
0.4593635406135626
0.4602670818611893
0.4608958620276663
0.4615898098864673
0.46216927396145596
0.4626377768305957
0.4628667443982204
0.4634550149181177
0.46393056294318435
0.4643567948767626
0.46566014872324163
0.46689657358841496
0.46767330202935714
0.46798505017912306
0.46923732664513196
0.47020603558508256
0.4706851061881127
0.4710813962090016
0.47179824082456506
0.47196732456681095
0.47238122747751715
0.4726190014900505
0.473231930055692
0.4738748005340228
0.4746057354614401
0.4748963481434253
0.47524156078384405
0.47583687645966827
0.476344127686406
0.4766224113455191
0.4767597918860939
0.47726528182385
0.4782727391213986
0.47864084851857985
0.4788293064396248
0.47910054494281096
0.47958313812380454
0.48062053733404253
0.4812880658581176
0.48155754307232207
0.4817583300162391
0.4823518844030816
0.4827358454010983
0.4830616838627181
0.4839687476883082
0.4846503665242371
0.4851910822416277
0.4863869974602213
0.4870950356308761
0.4879985768785028
0.4889637632404899
0.48964890465438227
0.49051545883339265
0.49145246457167213
0.4920777221601857
0.49301472789846523
0.4937174822021748
0.49449597193209877
0.4948623200402983
0.49546820345001286
0.4957447258201442
0.4963699834086578
0.4967539444066746
0.4976064082738311
0.49834614964615703
0.49875652997889974
0.49929548440730864
0.4995632003325314
0.5002166385447526
0.5007309349274173
0.501484766611597
0.5016485664868978
0.5020994564662202
0.5023213788779181
0.5031262879425679
0.5036670036599585
0.5039910808325965
0.5045758287745303
0.5049386543047664
0.505297957257039
0.5065977885255546
0.507210717091196
0.507762000542477
0.5080931228710419
0.5084224839106252
0.5090495027881204
0.5094405089420642
0.5098473666968434
0.5101432632457737
0.5105078500649916
0.5107033531419635
0.5110837915620168
0.5116597330590419
0.5125579904397234
0.5132061447849995
0.5136781702321027
0.5138701507311111
0.5142030343486578
0.5154535495256849
0.5164768584240691
0.5172817674887189
0.5174860770105995
0.5179052637882507
0.5184177988819337
0.5189461855764522
0.5193618497761402
0.519603146366637
0.5200487524790143
0.5206669649116009
0.5211196161799051
0.5214243191737441
0.5218857768869569
0.5219791252029885
0.522391266824713
0.5230429437479525
0.523810865743986
0.5241173300268068
0.5246104909416908
0.5249063874906211
0.5254735225427377
0.5258592448297362
0.5262150252040453
0.5264527992165786
0.527164359965197
0.5279657464518833
0.5284641912337125
0.5289309328138705
0.5291792745602942
0.5297957257038991
0.5304033704025954
0.5308172733133016
0.531761324207508
0.5325380526484502
0.5333059746444838
0.5342183223370192
0.5348206831687702
0.5353825343539416
0.5364622044997411
0.5373181909448611
0.5383256482424097
0.5389685187207406
0.5390460154359367
0.5395338924838754
0.5408936075777697
0.5423625225885312
0.5430423801354783
0.5436271280774122
0.5442065921524009
0.5448089529841519
0.5452369462067119
0.545800558680865
0.5462267906144432
0.5465508677870813
0.54684500304703
0.5474508864567446
0.5480514859995139
0.5485675436711603
0.5491047368105875
0.5498515233388402
0.5504996776841163
0.5509488063744571
0.5516656509900205
0.5521570506159228
0.552706572778222
0.5533318303667356
0.5538214687036561
0.5543163909075217
0.5545083714065302
0.5547338163961913
0.5549909645875237
0.5555034996812067
0.5559314929037666
0.5564739699101391
0.5570763307418901
0.5577121560642941
0.557816072114216
0.5579763494115534
0.5580679364386032
0.5582176460020501
0.5583585491205885
0.5586755811372995
0.559554464339182
0.5597499674161538
0.560059954276938
0.5601075090794447
0.5601550638819514
0.5603100573123435
0.5611413857117192
0.5627406361071287
0.5630717584356936
0.5635807709514131
0.5636987773131888
0.564151428581493
0.5645582863362724
0.5650162214715218
0.5654318856712096
0.565928569164057
0.5661029367732482
0.5669800586861489
0.5672512971893351
0.5679610966489715
0.5683380124910614
0.5687325412229686
0.5690707087074605
0.569333140765738
0.5696889211400471
0.5700869724499178
0.5703423593522684
0.5704973527826604
0.5709693782297637
0.5718394549867375
0.572380170704128
0.5730212798934773
0.5733435957771336
0.573613072991338
0.5738385179809992
0.5739935114113913
0.574514852949983
0.575097839602935
0.5759238841353657
0.5759820066717627
0.5761704645928076
0.5763782966926515
0.5765966965263859
0.5772800766512964
0.5777380117865458
0.5780955534498368
0.5783509403521874
0.5784689467139631
0.5787542755290032
0.5792421525769419
0.5797247457579355
0.5799713262153775
0.5802848356541251
0.5806141966937083
0.580823790082534
0.5814191057583582
0.5824230404779434
0.5831839173180501
0.5840539940750239
0.584533064678054
0.5849170256760707
0.5852499092936174
0.5855352381086575
0.585972037776126
0.5865444566951878
0.5871327272150851
0.5896795510826643
0.5906359309997429
0.5913686272161418
0.5920273492953083
0.5926843100854929
0.5931263936199068
0.5943346378613724
0.5956098110841438
0.5962667718743285
0.5972372421032609
0.597774435242688
0.5979065319163176
0.5983944089642564
0.5986603636004973
0.5991323890476006
0.5995163500456174
0.5999866142037389
0.6001627431019118
0.6010416263037942
0.6012811616053092
0.601645748424527
0.6022199286325705
0.6025404832272451
0.6028381410651571
0.6030759150776904
0.6036307211069349
0.6040428627286594
0.6043739850572243
0.6046769267620815
0.6049516878432312
0.6054395648911699
0.6059503386958712
0.6063677641845409
0.6066161059309645
0.6070546668874149
0.6073681763261626
0.6079247436443888
0.6082822853076796
0.6084760270956697
0.6089216332080469
0.6091840652663245
0.6102936773248134
0.6109365478031442
0.6114843086764618
0.6119440051006929
0.6127172109636716
0.6134129201114543
0.6137299521281655
0.6138972745814296
0.6147620674714583
0.6152552283863423
0.6156814603199205
0.6161235438543343
0.6168333433139709
0.6171961688442069
0.6180521552893269
0.6185048065576312
0.618758432171
0.6190173416513141
0.6193431801129339
0.6196056121712114
0.6200195150819175
0.6202625729613961
0.6206729532941387
0.620963565976124
0.6212312819013467
0.6214144559554464
0.6217385331280845
0.6221612424836993
0.6224659454775383
0.6228851322551896
0.6231158611117961
0.623284944854042
0.6234064737937812
0.6236600994071502
0.6238362283053229
0.624017641070441
0.6242413247711205
0.6244121698023481
0.6249546468087205
0.6256327430666859
0.625891652547
0.6265873616947827
0.6269026324225121
0.6273975546263778
0.6277163479320707
0.6284367151255975
0.6289633405311343
0.6291782177869052
0.6297876237745832
0.6302807846894671
0.6307457649806434
0.631416816082682
0.6318906028187669
0.6325193829852439
0.6329737955425299
0.6335849628191896
0.6343053300127165
0.6351806906366355
0.6357108386201358
0.6364241606577358
0.636850392591314
0.6372959987036914
0.6380744884336153
0.6384690171655224
0.63892519101179
0.6392933004089713
0.639606809847719
0.6399256031534118
0.6401228675193654
0.6407763057315866
0.6410545893906997
0.641376905274356
0.6416692792453229
0.6419035306798928
0.6423385690583797
0.6428282073953002
0.6432174522602622
0.6437282260649634
0.6440276451918572
0.6442812708052261
0.6445208061067411
0.6449945928428261
0.6452129926765604
0.6454384376662217
0.6459016566684163
0.6463543079367204
0.6467946301821526
0.6474762490180814
0.6482582613259688
0.6489011318042996
0.6494665055674345
0.649806434340908
0.6500072212848251
0.6507645755469683
0.6511626268568389
0.6517438522208093
0.65205031650363
0.6523726323872863
0.6530701028240508
0.6535333218262454
0.6539613150488053
0.6543047664002424
0.6544403856518355
0.6547345209117841
0.6551043915979471
0.6561329843632764
0.6563760422427549
0.6571562932616606
0.6575261639478236
0.6580069958398355
0.6584596471081396
0.6587256017443807
0.6588576984180102
0.659014453137384
0.6593297238651135
0.6597577170876734
0.6599620266095539
0.6601962780441238
0.6607052905598433
0.6607951162979114
0.6608602839902354
0.6608919871919066
0.6609941419528468
0.6614485545101327
0.6620209734291944
0.6621548313918058
0.6622587474417277
0.6623978892712843
0.6626691277744705
0.6630213855708161
0.6635973270678414
0.6642472427020991
0.6645572295628833
0.6653480483156794
0.6667112859875371
0.6669314471102532
0.6678261819129712
0.6685130846158452
0.668807219875794
0.669124251892505
0.669467703243942
0.6696667288988774
0.6700700640756931
0.6706847539303163
0.6715178436186738
0.6717380047413899
0.6718982820387273
0.6721642366749682
0.6723227526833238
0.6725763782966927
0.672729610438103
0.6729198296481297
0.6731664101055717
0.6734517389206116
0.6736895129331449
0.6740417707294907
0.6743517575902749
0.6746564605841139
0.6759897563432823
0.6764124656988971
0.6765586526843805
0.6767876202520052
0.6772437940982728
0.6778637678198413
0.6781015418323746
0.6785013544312269
0.6788113412920112
0.679396089233945
0.6797659599201079
0.6807064882363509
0.6819200163447617
0.6828288414593336
0.6836319892350018
0.6841920791311914
0.6845337691936467
0.6847169432477465
0.684790917384979
0.6848525624993396
0.6850868139339094
0.685562361958976
0.6860713744746956
0.6862897743084299
0.6866772578844101
0.686749470732661
0.6870453672815914
0.6873412638305217
0.6876318765125069
0.6879770891529257
0.6887608627497948
0.6894178235399795
0.6899479715234798
0.6904252808375282
0.6909818481557543
0.6915982992993592
0.6917797120644773
0.6924120148089178
0.6931394271583716
0.6939284846221859
0.6946558969716398
0.6947316323978541
0.6952723481152446
0.6956563091132615
0.6959116960156121
0.6962569086560308
0.6966038825854313
0.6973172046230314
0.6982506877833473
0.6989869065777098
0.6993285966401651
0.6997460221288347
0.7001616863285227
0.7004734344782886
0.7008010342288901
0.7013875434598056
0.701864852773854
0.7023967620463359
0.7026186844580338
0.7030026454560505
0.7031911033770954
0.7036860255809612
0.7040999284916674
0.7042971928576209
0.7046934828785099
0.7050510245418007
0.7054913467872328
0.7061166043757463
0.7065128943966352
0.706923274729378
0.7071962745215459
0.7076013709873433
0.70807691901241
0.7084555961434816
0.708705699178887
0.7092288020064604
0.7095493566011349
0.7099650208008229
0.7102521109048446
0.7107435105307468
0.7110517361025492
0.711300077848973
0.7116329614665197
0.7119728902399932
0.712156064294093
0.7123409996371745
0.7129715410926333
0.7132269279949839
0.7135510051676218
0.7138627533173878
0.7144527851262668
0.7148420299912288
0.7152471264570263
0.715580010074573
0.7158723840455399
0.7163796352722777
0.7168005833389107
0.716987279970974
0.7171475572683113
0.7173395377673196
0.7176072536925423
0.7177851438796969
0.7178802534847103
0.7181127436302984
0.7186851625493601
0.7193597362293621
0.7195182522377177
0.7197489810943241
0.7199585744831497
0.7202368581422628
0.7205221869573029
0.7207282577681651
0.720909670533283
0.7212390315728663
0.722019282591772
0.7232733203467626
0.7235833072075468
0.7240711842554856
0.7244304872077582
0.7251279576445225
0.7257620216779448
0.7261459826759615
0.7263643825096959
0.7266585177696445
0.7274739945681847
0.7285677550258381
0.7292000577702786
0.7298781540282441
0.7305703405980633
0.7312748561907546
0.7317204623031319
0.7321836813053265
0.7327349647566075
0.7331964224698203
0.7335028867526411
0.7337617962329551
0.7340383186030864
0.7343535893308158
0.7344557440917561
0.7348414663787546
0.7351003758590687
0.735572401306172
0.7363244717013699
0.7369039357763586
0.737238580682887
0.7374833998513473
0.737770489955369
0.7380839993941166
0.7383904636769373
0.7387409601843012
0.738931179394328
0.7392693468788198
0.7400953914112504
0.7405110556109383
0.7410412035944386
0.7413212485425333
0.741492093573761
0.7416470870041532
0.7417738998108375
0.741803841723527
0.7418725319938143
0.7421103060063476
0.7437148402687023
0.7440829496658835
0.7441903882937689
0.7442890204767457
0.7444140719944484
0.7447451943230133
0.7448790522856247
0.7450270005600899
0.7452542068387329
0.7453352261318924
0.7455113550300652
0.745675154905366
0.7458037290010321
0.7463285931175871
0.7467019863817136
0.7470789022238035
0.747561495404797
0.7478168823071477
0.7482255013509086
0.7488155331597877
0.7494372681703377
0.7498089001454825
0.7501153644283032
0.7503866029314894
0.7506296608109679
0.7507811316633966
0.7512408280876276
0.7515279181916493
0.7516917180669501
0.7520756790649669
0.752327543389354
0.7527942849695121
0.7531342137429856
0.7536714068824129
0.7539813937431971
0.7541346258846074
0.7546577287121807
0.754999418774636
0.7555154764462825
0.7561812436813757
0.7562481726626814
0.756730765843675
0.7572838105839378
0.7576695328709363
0.7578720811038351
0.7581098551163684
0.758365242018719
0.7585977321643071
0.7592177058858756
0.7596985377778873
0.759791886093919
0.7599081311667131
0.7602339696283328
0.7605615693789343
0.7610917173624345
0.7615496524976839
0.7619494650965363
0.7621537746184167
0.7623633680072425
0.7626522194002459
0.7627790322069303
0.7628635740780533
0.7630379416872444
0.7634324704191515
0.7638939281323643
0.7640806247644276
0.7642074375711121
0.7643712374464128
0.7645632179454211
0.7650669465941955
0.7653522754092354
0.765595333288714
0.765660500981038
0.7657873137877224
0.7662153070102824
0.7662910424364967
0.7663861520415101
0.766535861604957
0.7666274486320068
0.766944480648718
0.7671981062620868
0.7674693447652731
0.7676331446405738
0.7683394215222469
0.7688995114184365
0.7698065752440266
0.7702257620216779
0.7704265489655949
0.7708527808991732
0.7711627677599574
0.7718760897975574
0.7721807927913965
0.7723481152446606
0.7727761084672207
0.7732322823134883
0.7735105659726014
0.7739139011494172
0.7742379783220552
0.7744616620227347
0.7750358422307781
0.7755571837693698
0.7758072868047752
0.7760309705054547
0.7763902734577273
0.7767742344557441
0.7768711053497391
0.7770789374495831
0.7776812982813343
0.7779983302980453
0.7781815043521451
0.7784333686765322
0.7788261361194576
0.7792506067640542
0.7796486580739248
0.7798917159534033
0.7800942641863021
0.7803390833547623
0.7806772508392542
0.7808815603611347
0.7810066118788374
0.781242624602389
0.7816107339995703
0.7818027144985786
0.7820721917127831
0.7823628043947682
0.7827097783241688
0.7829810168273549
0.7831448167026557
0.7834724164532572
0.7839937579918488
0.7843319254763406
0.7846401510481431
0.785055815247831
0.7854714794475188
0.7857849888862666
0.7861795176181737
0.7864683690111771
0.7866145559966606
0.7867096656016739
0.7867642655601075
0.7868611364541026
0.7869386331692986
0.7870231750404216
0.7871429426911791
0.7871834523377589
0.787273278075827
0.787370148969822
0.7874247489282556
0.7875621294688304
0.7879372840219386
0.7881275032319652
0.7882684063505035
0.7883723224004255
0.7888055994899307
0.7894731280140058
0.7900702049788116
0.7909526107586576
0.7913083911329668
0.791799790758869
0.7919988164138043
0.7921837517568857
0.7923369838982961
0.7926205514243544
0.7928054867674359
0.7932281961230507
0.7937372086387702
0.7942497437324532
0.7944875177449865
0.7946284208635248
0.7947217691795564
0.7949454528802359
0.7950581753750665
0.7951074914665549
0.7951744204478606
0.7952219752503672
0.7952889042316729
0.7954509428179919
0.7956728652296897
0.7958243360821183
0.7961343229429025
0.7965235678078645
0.7966186774128778
0.7967613418203978
0.7968828707601371
0.7973777929640028
0.7980488440660413
0.7984680308436927
0.798751598369751
0.7991707851474023
0.7998805846070388
0.8001976166237499
0.8006819710937252
0.8008140677673549
0.8012491061458418
0.801520344649028
0.8016524413226576
0.8018796476013005
0.8019624281834418
0.8021456022375415
0.8023833762500748
0.8027567695142013
0.8033802658137331
0.8037976913024028
0.8044951617391672
0.8050957612819366
0.8055043803256976
0.8056857930908156
0.8058830574567691
0.8060803218227227
0.8063022442344205
0.8065400182469539
0.80709658556518
0.8073044176650239
0.807427707893745
0.8075157723428313
0.8083435781642437
0.8088596358358902
0.8092101323432541
0.8094320547549518
0.809729712592864
0.8102281573746931
0.8107618279361568
0.8112285695163148
0.8114046984144877
0.8115033305974645
0.8117763303896324
0.8119788786225312
0.8122060849011741
0.8124209621569449
0.812641123279661
0.813003948809897
0.8132364389554851
0.8134072839867128
0.8135851741738674
0.813840561076218
0.8141998640284906
0.8144781476876037
0.8147035926772649
0.8149219925109993
0.8150188634049943
0.8153112373759612
0.8155754307232205
0.815968198166146
0.816524765484372
0.8168488426570101
0.8172433713889172
0.8174600099336699
0.8176326162538793
0.8177911322622348
0.8179989643620788
0.8183107125118446
0.8183970156719493
0.8189095507656323
0.8192970343416126
0.8197514468988985
0.8200667176266279
0.8203009690611978
0.8204313044458457
0.8208962847370219
0.82136302631718
0.8216976712237084
0.8219759548828215
0.8222612836978614
0.8225536576688284
0.8228971090202654
0.8231489733446525
0.823171870101415
0.8233814634902407
0.8234431086046012
0.8235452633655415
0.823684405195098
0.8239098501847593
0.8239996759228274
0.8241722822430367
0.824436475590296
0.8246337399562496
0.8248345269001666
0.8251550814948412
0.825461545777662
0.8257063649461222
0.8259036293120757
0.826063906609413
0.8262312290626772
0.8265042288548451
0.8266169513496757
0.8267067770877439
0.8270766477739069
0.8275240151752659
0.8278850794165202
0.8279379180859721
0.8280453567138575
0.8281105244061814
0.8282003501442495
0.8283676725975138
0.8284081822440935
0.8285438014956866
0.8286547627015355
0.8287463497285854
0.8288837302691602
0.8290915623690042
0.8292042848638348
0.8297485231591888
0.8298383488972569
0.8299862971717221
0.8300937357996075
0.830317419500287
0.8304882645315147
0.8306150773381992
0.8307788772135
0.8309356319328738
0.8311135221200283
0.8313759541783059
0.8318532634923542
0.8319078634507878
0.8321491600412846
0.8325119855715206
0.8327180563823828
0.8331707076506871
0.8334507525987819
0.8337307975468767
0.8339421522246842
0.8342010617049982
0.834643145239412
0.8349179063205616
0.8351486351771681
0.8354022607905369
0.8358003121004076
0.8359676345536717
0.836231827900931
0.8366703888573814
0.8370508272774347
0.8375598397931542
0.8377342074023454
0.8379966394606229
0.8382837295646446
0.83853383260005
0.8387117227872046
0.8389706322675187
0.8391608514775454
0.8392823804172845
0.8394514641595305
0.8396839543051187
0.8398794573820905
0.8400291669455374
0.8401260378395324
0.8402827925589063
0.8404113666545725
0.8405681213739463
0.8407918050746258
0.8409961145965064
0.8412127531412589
0.8413712691496145
0.8414892755113903
0.8415914302723305
0.8417746043264303
0.8420211847838722
0.8422184491498258
0.8423029910209487
0.8425777521020984
0.8429053518526999
0.8429916550128046
0.8431184678194891
0.8434478288590722
0.8439004801273764
0.8443143830380826
0.8447053891920263
0.8451034405018969
0.8454328015414802
0.8455455240363108
0.845802672227643
0.845887214098766
0.8459647108139621
0.8460140269054505
0.8461197042443542
0.8463257750552164
0.8466921231634159
0.8469105229971502
0.8470408583817981
0.8472187485689527
0.8472997678621123
0.8474195355128697
0.8475111225399197
0.8476414579245675
0.8476978191719828
0.8478422448684846
0.8481170059496341
0.8482649542240993
0.8485044895256144
0.8489043021244668
0.8493463856588805
0.8497127337670801
0.8502464043285438
0.8505916169689626
0.8510759714389379
0.8515638484868766
0.8520640545576875
0.8523881317303256
0.8525889186742426
0.8528742474892825
0.8531578150153408
0.8533691696931482
0.8536192727285536
0.8537777887369092
0.853857046741087
0.8540155627494426
0.8547429750988964
0.8551251748079315
0.8553083488620312
0.8555514067415098
0.8558631548912756
0.8563369416273605
0.8565113092365517
0.8567015284465783
0.8568582831659521
0.8570854894445952
0.8572686634986949
0.8574148504841783
0.8576262051619857
0.8577125083220905
0.8577829598813596
0.8580401080726919
0.8583853207131107
0.8585279851206307
0.8586001979688815
0.8586459914824065
0.8586988301518583
0.8587358172204747
0.8588925719398485
0.8590581331041309
0.8591479588421991
0.8591708555989616
0.859544248863088
0.859686913270608
0.8600567839567709
0.8603861449963541
0.8606380093207413
0.8608775446222563
0.8610519122314475
0.8614517248302999
0.8618374471172984
0.8620981178865941
0.8623218015872737
0.8626124142692588
0.8628748463275363
0.8631636977205398
0.8632130138120282
0.8634613555584519
0.8636850392591314
0.8639245745606464
0.8642645033341201
0.8643807484069141
0.864445916099238
0.8647418126481684
0.8650746962657151
0.86540581859428
0.8656365474508865
0.8657897795922969
0.8660046568480677
0.8663252114427422
0.8664573081163719
0.8666475273263986
0.8668254175135531
0.8670262044574701
0.8671811978878623
0.8673273848733457
0.8673767009648341
0.8676338491561665
0.8678346361000835
0.8679438360169507
0.8681146810481783
0.868849138553559
0.8690516867864578
0.8692084415058317
0.8693370156014978
0.8693863316929862
0.8694074671607669
0.8695008154767986
0.869692795975807
0.869847789406199
0.8700203957264084
0.870074995684842
0.8701701052898553
0.8702405568491245
0.8703479954770099
0.8706438920259403
0.8710243304459936
0.8712920463712163
0.8715773751862563
0.8717957750199906
0.8720194587206701
0.8722660391781121
0.87239637456276
0.8725566518600973
0.8727556775150326
0.8729458967250593
0.8730304385961822
0.8730938449995245
0.8732699738976973
0.8734971801763403
0.8738177347710148
0.8740061926920597
0.874212263502922
0.8743602117773872
0.8747142308627146
0.8749678564760834
0.8752796046258494
0.8753711916528992
0.875431075478278
0.8758308880771304
0.8761126943142069
0.8763839328173931
0.876591764917237
0.876715055145958
0.8767520422145744
0.8768665259983867
0.8770303258736873
0.8770902096990661
0.8771694677032439
0.8772786676201111
0.877416048160686
0.8775569512792242
0.8776661511960914
0.8777313188884153
0.8777612608011047
0.878122325042359
0.8781505056660667
0.8781769250007926
0.8782632281608973
0.8783389635871116
0.8786489504478958
0.8787828084105072
0.8790399566018395
0.8793939756871669
0.8795243110718148
0.8796405561446089
0.8797409496165673
0.8799276462486306
0.8802728588890494
0.880586368327797
0.8806726714879017
0.8807307940242988
0.8807695423818968
0.8811306066231511
0.8814159354381911
0.8818439286607511
0.8821680058333891
0.8822948186400735
0.8824550959374108
0.88281087631172
0.8828830891599708
0.8830081406776735
0.8831191018835224
0.8831772244199195
0.8834607919459777
0.8835594241289545
0.8836686240458217
0.8837690175177803
0.8838341852101042
0.8840015076633684
0.8841212753141259
0.8842551332767372
0.8843819460834217
0.8846373329857723
0.884820507039872
0.8849966359380449
0.885125210033711
0.8854475259173674
0.8857398998883342
0.885826203048439
0.8858719965619639
0.8859935255017032
0.8862312995142365
0.8864637896598246
0.886759686208755
0.8869939376433249
0.8872440406787303
0.8876209565208202
0.888394162383799
0.8887235234233821
0.8894526970618177
0.8896164969371184
0.8897098452531501
0.8897433097438029
0.8898894967292864
0.8900004579351353
0.8902206190578513
0.890572876854197
0.8906944057939362
0.8908951927378532
0.8910184829665743
0.891104786126679
0.8911664312410394
0.8913460827171757
0.891811063008352
0.892173888538588
0.8923729141935234
0.8925666559815135
0.8926670494534721
0.8927357397237594
0.8928202815948824
0.8929682298693475
0.8931267458777031
0.8931672555242829
0.8932799780191135
0.8934244037156153
0.8935071842977564
0.8935846810129525
0.8936199067925871
0.893665700306112
0.893757287333162
0.8939527904101338
0.8940919322396903
0.894255732114991
0.8944212932792736
0.8946678737367155
0.8947506543188567
0.8948704219696142
0.8950254154000064
0.8950941056702938
0.8951663185185446
0.8953618215955165
0.8955080085809999
0.8957105568138987
0.8957915761070582
0.8958866857120715
0.8960557694543174
0.8962054790177644
0.8964326852964073
0.8964837626768775
0.8966669367309772
0.8968324978952597
0.897232310494112
0.8977342778539046
0.8979984712011638
0.8980777292053417
0.8982520968145328
0.8984299870016873
0.8985761739871708
0.8986730448811658
0.8987311674175629
0.8988544576462839
0.8992419412222641
0.899476192656834
0.8997756117837278
0.8999799213056083
0.9000908825114572
0.9001771856715619
0.9006791530313545
0.9010807269191885
0.9015210491646206
0.9018398424703135
0.9018926811397653
0.9019930746117238
0.9021040358175727
0.9023717517427955
0.9025690161087491
0.9027134418052507
0.9028402546119352
0.9029283190610217
0.9031343898718839
0.9033175639259836
0.9033968219301614
0.9036028927410236
0.9038635635103194
0.9039956601839491
0.9041823568160122
0.9044324598514176
0.904592737148755
0.9046420532402434
0.904786478936745
0.9050101626374246
0.9053042978973732
0.9056794524504813
0.9059313167748685
0.9062976648830681
0.9064896453820764
0.9066446388124685
0.9069845675859421
0.9071149029705899
0.9072910318687628
0.9074107995195204
0.9074742059228625
0.9075111929914789
0.9077190250913229
0.908074805465632
0.9083002504552932
0.9084587664636488
0.9087705146134146
0.9089413596446423
0.9090998756529979
0.9092671981062621
0.9094380431374898
0.9095701398111193
0.9097357009754018
0.9098572299151411
0.9099259201854285
0.9101319909962907
0.9102130102894502
0.9102905070046463
0.9104137972333672
0.9105828809756132
0.910759009873786
0.9108946291253791
0.9109439452168675
0.9109633193956665
0.9109967838863193
0.9111588224726384
0.9111834805183826
0.9112363191878344
0.9113208610589574
0.911583293117235
0.9118245897077317
0.9120060024728497
0.9121574733252784
0.9122719571090907
0.9124005312047568
0.9125202988555144
0.9126294987723815
0.9128126728264814
0.9128426147391707
0.9129095437204764
0.91301522105938
0.9132054402694068
0.9134590658827757
0.9137443946978157
0.9139575106646047
0.9140579041365633
0.9142534072135352
0.9143766974422561
0.9145810069641367
0.9146743552801683
0.9147624197292546
0.9151270065484725
0.915311941891554
0.9154140966524942
0.915512728835471
0.9155814191057584
0.9156659609768814
0.915713515779388
0.9157540254259677
0.9157874899166206
0.9158456124530177
0.9159548123698847
0.9161661670476922
0.9163193991891025
0.9164761539084764
0.9165606957795993
0.9169147148649267
0.9170926050520813
0.9171701017672773
0.917205327546912
0.9173074823078522
0.9174272499586097
0.9175575853432576
0.9177618948651382
0.9178992754057129
0.9179626818090552
0.9184294233892132
0.9186266877551668
0.918794010208431
0.9189789455515124
0.91909871320227
0.9192026292521919
0.919350577526657
0.9194668225994512
0.9195672160714097
0.9196605643874413
0.9199124287118284
0.9200956027659282
0.9203650799801326
0.92057643465794
0.9207226216434236
0.9208494344501079
0.9209533505000299
0.9210819245956962
0.9212157825583075
0.9213249824751746
0.9214253759471331
0.921594459689379
0.9217265563630087
0.9220242142009208
0.9221369366957514
0.9222285237228013
0.9222672720803993
0.9224821493361702
0.9228890070909495
0.9232518326211855
0.92337864542787
0.923553013037061
0.9237590838479233
0.9239721998147123
0.9241219093781593
0.9242857092534601
0.9244230897940349
0.9244988252202492
0.9245639929125732
0.9246027412701712
0.9246784766963855
0.924759495989545
0.9249638055114254
0.9254798631830718
0.9258655854700704
0.9262742045138314
0.9265894752415608
0.9268043524973316
0.9269840039734679
0.9272728553664714
0.9273732488384299
0.9275370487137307
0.9277466421025563
0.9278928290880398
0.9280090741608339
0.928098899898902
0.928176396614098
0.9283067319987459
0.9284370673833938
0.9285110415206265
0.9286167188595301
0.928688931707781
0.9287558606890867
0.9288139832254837
0.9288632993169721
0.9290323830592181
0.9291856152006285
0.9293212344522215
0.9295361117079923
0.9297351373629277
0.9299887629762966
0.9302459111676289
0.9303463046395875
0.9304431755335825
0.9306369173215726
0.9308588397332704
0.9311195105025662
0.931237516864342
0.9314171683404783
0.9316109101284684
0.9321005484653889
0.9323259934550502
0.9324052514592279
0.9324809868854422
0.9326218900039805
0.9327627931225188
0.932833244681788
0.9330445993595953
0.9332453863035124
0.9333915732889958
0.9334954893389178
0.9336187795676388
0.9337913858878482
0.9339974566987104
0.9340221147444546
0.9340890437257603
0.9342088113765178
0.934310966137458
0.934473004723777
0.9348851463455015
0.934966165638661
0.9350330946199666
0.9351000236012723
0.9353131395680615
0.9354241007739104
0.9354927910441978
0.9356548296305168
0.9357129521669139
0.9358855584871232
0.9359524874684289
0.9362659969071766
0.9365284289654541
0.936762680400024
0.9369300028532882
0.9370585769489543
0.9371343123751686
0.9371994800674925
0.9372963509614877
0.9374390153690076
0.9375852023544912
0.9376715055145958
0.9377331506289563
0.9378088860551707
0.9379075182381474
0.9379762085084348
0.9380625116685395
0.9381981309201326
0.9383214211488535
0.93840948559794
0.9384781758682273
0.9387247563256694
0.9390048012737642
0.9390840592779419
0.9391263302135034
0.939161555993138
0.9391914979058275
0.9392672333320418
0.9393658655150185
0.9395807427707894
0.9396617620639489
0.9397551103799805
0.9398801618976832
0.9400069747043677
0.9400915165754906
0.9401514004008694
0.9402183293821751
0.9402553164507913
0.9403786066795123
0.9405177485090689
0.9406146194030639
0.9407202967419677
0.9407784192783647
0.940899948218104
0.9409140385299578
0.9409598320434827
0.9410073868459894
0.9410514190705326
0.9410989738730392
0.9411341996526739
0.9413261801516822
0.9415727606091242
0.9416484960353385
0.9416978121268269
0.9418034894657306
0.9418897926258353
0.9420025151206659
0.9423019342475597
0.9424745405677691
0.9426489081769602
0.9427563468048457
0.9428074241853158
0.9428796370335667
0.9429765079275617
0.9430469594868308
0.9430575272207212
0.9431033207342462
0.9431543981147162
0.9432301335409305
0.9432847334993641
0.943356946347615
0.9434203527509573
0.943649320318582
0.9438201653498096
0.9440614619403064
0.9442146940817168
0.9443467907553464
0.9444507068052683
0.9445458164102817
0.9447289904643814
0.9448100097575409
0.9449139258074629
0.9450090354124763
0.9451111901734165
0.9451605062649049
0.9453260674291873
0.9453841899655844
0.9454616866807805
0.94554270597394
0.9455849769095015
0.9456430994458985
0.945704744560259
0.9457522993627656
0.945808660610181
0.9458192283440713
0.9458579767016694
0.9459337121278837
0.946048195911696
0.9461380216497641
0.9461908603192161
0.9466611244773375
0.9467386211925335
0.9467720856831864
0.9468214017746748
0.946884808178017
0.9469517371593227
0.9469992919618293
0.9470362790304456
0.9471947950388012
0.9473462658912298
0.947617504394416
0.947740794623137
0.9478218139162965
0.9479169235213099
0.9480366911720673
0.9481476523779162
0.9482480458498748
0.9484435489268466
0.9485844520453849
0.9486091100911291
0.9488187034799548
0.9489560840205296
0.9491304516297207
0.9491780064322274
0.9492202773677888
0.9492731160372407
0.9493453288854916
0.9494474836464318
0.949634180278495
0.9498508188232476
0.9499670638960417
0.9500973992806896
0.9501889863077394
0.9502717668898807
0.950366876494894
0.950490166723615
0.9505852763286283
0.9506469214429888
0.9507297020251301
0.950756121359856
0.950801914873381
0.9509058309233029
0.9512070113391785
0.9512580887196486
0.9512721790315024
0.9512862693433562
0.9513021209441918
0.9513479144577167
0.9514148434390224
0.9515434175346886
0.9516261981168298
0.951689604520172
0.9517582947904595
0.9518498818175093
0.9520665203622619
0.9520911784080062
0.9521228816096772
0.9522338428155261
0.9523571330442471
0.9525191716305661
0.9528608616930214
0.952915461651455
0.9529700616098886
0.9530422744581395
0.9531021582835182
0.9531338614851893
0.9531884614436229
0.9532677194478006
0.9533011839384535
0.953324080695216
0.9533399322960515
0.9533751580756861
0.9534315193231014
0.9534614612357908
0.9535266289281148
0.9536534417347992
0.9537573577847211
0.9538013900092643
0.9538172416101
0.9538841705914056
0.9539317253939122
0.953991609219291
0.9540233124209622
0.954056776911615
0.9540990478471765
0.9541131381590303
0.9541448413607014
0.9541923961632081
0.9542628477224773
0.9542998347910935
0.9543403444376732
0.9543755702173078
0.9543896605291616
0.9545622668493711
0.9546538538764209
0.954854640820338
0.954932137535534
0.9549744084710955
0.9550202019846205
0.9550325310074925
0.9550712793650905
0.9550994599887982
0.9551434922133414
0.955210421194647
0.9552932017767883
0.9553460404462402
0.9554200145834728
0.9554622855190342
0.9554975112986688
0.9556084725045177
0.9556701176188782
0.9557159111324032
0.9557793175357454
0.9558356787831607
0.9558920400305759
0.9559343109661375
0.9559977173694797
0.9560329431491142
0.9560699302177306
0.9561615172447804
0.9562196397811774
0.9562460591159034
0.9563059429412821
0.9564221880140762
0.9564855944174184
0.9565190589080713
0.9565525233987241
0.956631781402902
0.9567585942095863
0.9568977360391429
0.9570685810703705
0.9571407939186214
0.9571777809872377
0.9572130067668723
0.9572517551244702
0.9572887421930866
0.9573292518396663
0.9574173162887527
0.9574983355819122
0.9575282774946017
0.957604012920816
0.9576797483470303
0.9577572450622264
0.9579615545841068
0.9580566641891202
0.9581605802390422
0.9582169414864574
0.9582468833991469
0.9583155736694342
0.9585956186175291
0.9587682249377384
0.9588791861435874
0.9589795796155458
0.9590183279731439
0.959042986018888
0.9590588376197237
0.9590711666425957
0.9591011085552851
0.9591222440230659
0.9591592310916821
0.9594727405304297
0.9594991598651558
0.9595343856447903
0.9596929016531458
0.9597122758319448
0.9597792048132505
0.9598831208631725
0.9599852756241127
0.9600557271833818
0.9601173722977424
0.9601931077239567
0.9602758883060979
0.9605119010296496
0.9607144492625483
0.9608042750006165
0.960969836164899
0.9612991972044821
0.9615299260610886
0.961780029096494
0.9618011645642747
0.9618223000320555
0.9618399129218728
0.9618680935455804
0.962246770676652
0.9623682996163913
0.9624880672671488
0.9625391446476189
0.9626782864771755
0.9627575444813532
0.9627874863940427
0.9628773121321108
0.9630199765396308
0.9630869055209365
0.9631485506352969
0.9632612731301275
0.9634145052715379
0.9634426858952456
0.9635289890553502
0.9635536471010945
0.96356949870193
0.9636170535044367
0.9639147113423487
0.9639834016126362
0.9642986723403656
0.9643462271428722
0.9644078722572327
0.964502981862246
0.9645611043986431
0.9646614978706016
0.9647143365400535
0.9647883106772861
0.9648675686814638
0.9649380202407329
0.9650436975796367
0.9651388071846501
0.9652268716337364
0.9652709038582796
0.9652973231930055
0.9653255038167132
0.9653836263531103
0.9654329424445987
0.9654928262699775
0.965586174586009
0.9656671938791686
0.9658028131307617
0.9658415614883596
0.9659032066027201
0.9660159290975507
0.9661127999915459
0.9662272837753582
0.9664333545862204
0.9666447092640278
0.9668613478087804
0.9668948122994332
0.9670163412391725
0.9671907088483636
0.9672153668941078
0.9672576378296692
0.9673263280999567
0.9673809280583903
0.9674267215719152
0.9674637086405314
0.9674936505532209
0.9675323989108189
0.9679991404909769
0.9681752693891498
0.968238675792492
0.9683126499297245
0.9685539465202213
0.968802288266645
0.9689167720504575
0.9690206881003793
0.969114036416411
0.9691492621960456
0.9691862492646619
0.9695191328822085
0.9695790167075873
0.9695913457304594
0.9696424231109295
0.9698432100548465
0.9699030938802253
0.969962977705604
0.9700017260632021
0.9700299066869097
0.970066893755526
0.9700985969571971
0.9701602420715576
0.9701954678511923
0.9702535903875893
0.9703416548366757
0.9704032999510361
0.9704191515518718
0.9705653385373552
0.9706146546288436
0.9706498804084781
0.9706974352109848
0.9707379448575646
0.9707449900134915
0.9707555577473819
0.9707854996600712
0.9708242480176692
0.9709475382463902
0.97098804789297
0.9710743510530747
0.9711236671445631
0.9712328670614302
0.9712557638181927
0.9712892283088456
0.9713050799096811
0.9713367831113522
0.9713737701799685
0.9714900152527626
0.9718863052736515
0.9720043116354272
0.9720994212404406
0.9721733953776732
0.9723548081427912
0.9723935565003893
0.9724041242342796
0.9725714466875438
0.9726313305129226
0.9726630337145937
0.9727475755857167
0.9728145045670223
0.9728497303466569
0.9729254657728712
0.9729818270202866
0.9730522785795557
0.9731368204506786
0.9732530655234727
0.9734151041097917
0.9735436782054578
0.973652878122325
0.9737744070620643
0.9739047424467122
0.973957581116164
0.9739822391619083
0.9739998520517256
0.9740262713864515
0.9740509294321956
0.974404948517523
0.9744613097649384
0.9745194323013354
0.9745986903055132
0.9746374386631113
0.9746920386215447
0.9747255031121976
0.9747519224469235
0.9748769739646262
0.9749791287255665
0.9751675866466114
0.9754106445260899
0.9756114314700071
0.9757241539648376
0.97583863774865
0.9759672118443161
0.9761204439857265
0.9762085084348129
0.976259585815283
0.9763089019067714
0.9763564567092781
0.9763740695990955
0.976402250222803
0.9765819016989393
0.9766928629047883
0.9767791660648929
0.9768302434453631
0.9769746691418648
0.9770697787468782
0.9771490367510559
0.9772018754205077
0.9772282947552337
0.9772740882687586
0.9773181204933018
0.9773586301398816
0.9774431720110045
0.9775189074372188
0.9775875977075063
0.9776650944227023
0.9778007136742954
0.9778958232793087
0.9780085457741393
0.9781159844020247
0.9781758682274035
0.9783114874789967
0.9783537584145581
0.9783925067721562
0.9784330164187359
0.9784594357534618
0.9785633518033838
0.9787007323439586
0.9787482871464652
0.978846919329442
0.9788979967099122
0.9789244160446381
0.9789561192463092
0.979008957915761
0.9790582740072494
0.9791040675207744
0.9791604287681898
0.979197415836806
0.9792238351715319
0.9792396867723675
0.9792590609511665
0.9794210995374855
0.9794985962526815
0.9795919445687131
0.9797645508889226
0.9797980153795753
0.9798561379159725
0.97988431853968
0.9799001701405157
0.9799811894336752
0.980079821616652
0.9801097635293413
0.9802946988724228
0.9805571309307003
0.9807174082280377
0.9808107565440692
0.9808917758372288
0.9809798402863151
0.980993930598169
0.9810097821990045
0.9810450079786391
0.9811048918040178
0.9811313111387437
0.9812035239869946
0.9813831754631309
0.9814166399537838
0.981441297999528
0.9814906140910163
0.9815311237375961
0.9815962914299201
0.9816667429891892
0.9817231042366045
0.9817706590391112
0.9818728138000514
0.9819943427397907
0.9820595104321146
0.9821229168354568
0.9821475748812011
0.9821845619498174
0.9824082456504969
0.9827816389146232
0.9828468066069472
0.9830475935508642
0.9832836062744159
0.9833487739667398
0.9834209868149907
0.983496722241205
0.9836094447360356
0.9836481930936336
0.9837186446529028
0.9838067091019892
0.983820799413843
0.9839793154221986
0.9841202185407368
0.9841871475220425
0.9842664055262204
0.9843280506405808
0.9844213989566124
0.9845411666073699
0.9846098568776573
0.9847771793309216
0.9848670050689897
0.9849392179172406
0.9851171081043951
0.9851576177509749
0.9852122177094085
0.9852368757551526
0.9853038047364583
0.9854165272312889
0.9855239658591743
0.9856419722209502
0.985740604403927
0.9858040108072692
0.9858973591233008
0.9859132107241364
0.9859325849029353
0.9859678106825699
0.9860136041960949
0.9860963847782361
0.986226720162884
0.9864468812856001
0.9866230101837729
0.9866476682295171
0.9866864165871151
0.9868484551734341
0.9870457195393877
0.9870774227410588
0.9871126485206934
0.9871337839884742
0.9871531581672731
0.9871989516807981
0.9872394613273778
0.9872482677722865
0.987387409601843
0.987510699830564
0.9875776288118697
0.9876093320135408
0.9876973964626272
0.9877290996642983
0.9877537577100425
0.9877977899345858
0.9878136415354213
0.9878294931362568
0.9878506286040376
0.9878876156726539
0.9879563059429413
0.9880320413691556
0.9880672671487901
0.9881024929284248
0.9881218671072237
0.9881306735521324
0.9881306735521324
0.9881518090199132
0.9881747057766757
0.9882363508910361
0.9882979960053966
0.9883349830740129
0.9883878217434647
0.9884987829493136
0.988567473219601
0.9886115054441442
0.988671389269523
0.9887136602050844
0.9887576924296277
0.9888897891032573
0.9889655245294716
0.9890465438226311
0.9891504598725531
0.9892455694775665
0.9893301113486894
0.9893565306834153
0.9893741435732326
0.9894111306418489
0.9896806078560534
0.9898567367542263
0.9898990076897877
0.989935994758404
0.9899712205380385
0.990052239831198
0.9901543945921383
0.9902530267751151
0.9902952977106766
0.9903498976691102
0.9904185879393975
0.9905383555901551
0.9906070458604425
0.9906475555070222
0.9907232909332366
0.990753232845926
0.9908007876484326
0.9908835682305739
0.9910174261931852
0.9911407164219062
0.9912710518065541
0.9913344582098963
0.991459509727599
0.9915105871080692
0.9915968902681739
0.991667341827443
0.991686716006242
0.9917096127630045
0.9917448385426391
0.991783586900237
0.9918469933035793
0.9918734126383052
0.9918892642391408
0.9919315351747022
0.9919614770873917
0.991991419000081
0.9920125544678617
0.9920565866924049
0.9921323221186192
0.9922327155905778
0.9923207800396642
0.9923824251540247
0.9924070831997689
0.9924440702683852
0.9924810573370015
0.9925215669835813
0.9925955411208138
0.9927628635740781
0.9929284247383605
0.9930041601645748
0.9930957471916247
0.9931239278153323
0.9931503471500583
0.9931785277737659
0.993217276131364
0.9933388050711033
0.9933934050295368
0.9934409598320435
0.9934620952998242
0.9935343081480751
0.9935959532624355
0.9936364629090153
0.9937139596242114
0.9938037853622795
0.9939341207469274
0.9940521271087033
0.9940715012875022
0.994112010934082
0.9941507592916801
0.9942106431170588
0.994281094676328
0.9943427397906884
0.9945171073998795
0.99457875251424
0.9946104557159111
0.9946386363396188
0.9946544879404543
0.9946738621192533
0.9946914750090706
0.9947126104768513
0.9947425523895408
0.9947548814124129
0.9947883459030658
0.9948869780860425
0.9949310103105857
0.9949803264020741
0.9950225973376355
0.9950648682731971
0.9950877650299595
0.9951089004977403
0.9951476488553382
0.9951599778782104
0.9951758294790459
0.9952040101027536
0.9953519583772188
0.9954294550924149
0.9954593970051042
0.9954858163398301
0.9955034292296474
0.9955685969219714
0.9957218290633817
0.9957781903107971
0.9957958032006143
0.9958327902692307
0.9958680160488652
0.9959367063191527
0.9959507966310064
0.9959772159657324
0.9960106804563852
0.9960335772131477
0.9960670417038006
0.9960916997495447
0.9961145965063072
0.9961234029512158
0.9961357319740879
0.99614806099696
0.9961691964647408
0.9961920932215033
0.9962237964231744
0.9962872028265165
0.9963065770053156
0.9963241898951328
0.9963611769637492
0.9963646995417126
0.9964069704772741
0.9965531574627575
0.9965654864856296
0.9965971896873007
0.9966253703110084
0.9966359380448988
0.9966553122236977
0.9966940605812958
0.9967046283151861
0.9967204799160218
0.9967433766727842
0.996783886319364
0.9968050217871447
0.9968560991676149
0.996887802369286
0.996938879749756
0.99700404744208
0.997023421620879
0.9971009183360751
0.9973193181698093
0.9973439762155536
0.9973686342612977
0.9974056213299141
0.9974725503112197
0.9975165825357629
0.9975518083153976
0.9975747050721601
0.9976874275669906
0.9977244146356069
0.9977578791262598
0.9977737307270953
0.997814240373675
0.9978635564651634
0.9978970209558163
0.9979392918913778
0.9979868466938845
0.9980396853633363
0.9981471239912217
0.9982175755504908
0.9982545626191072
0.9982704142199427
0.9982792206648514
0.9983214916004128
0.998353194802084
0.9984166012054262
0.9984412592511703
0.9984553495630242
0.9985064269434943
0.9985997752595259
0.9986226720162884
0.9986455687730509
0.9987089751763931
0.9987283493551921
0.9987389170890825
0.9988410718500227
0.9989872588355062
0.9990541878168119
0.999085891018483
0.9991035039083003
0.9991475361328435
0.9991810006234964
0.9991950909353501
0.9992144651141491
0.9992250328480395
0.9992391231598934
0.9992426457378568
0.9992584973386923
0.9992778715174914
0.9993183811640711
0.9993465617877788
0.9993641746775961
0.9993958778792672
0.999409968191121
0.9994187746360297
0.9994522391266825
0.9994980326402074
0.9995068390851161
0.9995279745528968
0.99957200677744
0.9996072325570746
0.9996424583367092
0.9996794454053254
0.9997270002078321
0.9997481356756128
0.9997692711433935
0.9998608581704435
0.9998890387941511
0.9999172194178587
0.9999647742203654
1.0000176128898173
1.0000827805821413
1.0001391418295564
1.000181412765118
1.00019374178799
1.0002060708108622
1.0002307288566064
1.0002448191684603
1.0002747610811495
1.0003029417048572
1.000309986860784
1.0003258384616198
1.0004808318920118
1.0005213415385916
1.0005336705614638
1.0005477608733175
1.0006023608317511
1.0006411091893492
1.0006921865698193
1.0007696832850153
1.0008771219129007
1.000933483160316
1.0009616637840237
1.000984560540786
1.000991605696713
1.0010585346780188
1.0010884765907082
1.0010972830356168
1.0011289862372879
1.001160689438959
1.001187108773685
1.0011959152185936
1.0012047216635023
1.0012276184202646
1.0012417087321186
1.001257560332954
1.0012804570897165
1.0013139215803695
1.0013790892726933
1.001400224740474
1.0014372118090904
1.0015129472353046
1.0015516955929027
1.00156930848272
1.0015922052394826
1.0016027729733727
1.0016485664868977
1.001685553555514
1.0018405469859062
1.0018969082333216
1.0019427017468465
1.0019937791273166
1.002016675884079
1.0020448565077866
1.0020730371314943
1.0020906500213116
1.0021734306034529
1.002270301497448
1.0023425143456988
1.0023583659465343
1.002386546570242
1.0024147271939496
1.0024429078176573
1.0025239271108168
1.002580288358232
1.0026225592937936
1.0026736366742637
1.0027194301877886
1.00276170112335
1.0027934043250213
1.0028286301046558
1.0028515268614182
1.0028691397512355
1.0028973203749432
1.00294487517745
1.0030188493146825
1.0030523138053353
1.0030822557180248
1.0031104363417322
1.0031280492315495
1.00313861696544
1.0031985007908188
1.003228442703508
1.0033429264873204
1.0035824617888356
1.003585984366799
1.0036018359676346
1.0036088811235615
1.003624732724397
1.003638823036251
1.0036423456142143
1.0036828552607941
1.0037057520175565
1.00370927459552
1.0037515455310815
1.0038607454479487
1.0039012550945283
1.0039153454063823
1.0039276744292542
1.0039928421215782
1.0040474420800118
1.0040756227037195
1.004091474304555
1.004098519460482
1.0041161323502992
1.004142551685025
1.0041584032858608
1.0041989129324405
1.0042517516018923
1.0042869773815268
1.0043010676933808
1.0043380547619971
1.0043539063628326
1.0043856095645036
1.0044278805000653
1.0044384482339554
1.0044719127246085
1.004480719169517
1.0044895256144257
1.0045106610822063
1.0045476481508226
1.0045863965084207
1.004598725531293
1.0046180997100917
1.0046409964668543
1.0046867899803793
1.0046920738473244
1.0047026415812148
1.0047114480261234
1.004720254471032
1.0047607641176117
1.0048875769242962
1.004935131726803
1.0049668349284742
1.0049774026623643
1.005012628441999
1.0050161510199624
1.0050214348869075
1.0050408090657066
1.0050584219555239
1.0050813187122865
1.0051059767580306
1.0051394412486834
1.0051799508952632
1.0051887573401719
1.0052257444087882
1.0052486411655506
1.0052539250324959
1.0053032411239842
1.0053331830366736
1.005356079793436
1.0053648862383446
1.0053736926832533
1.005394828151034
1.0054036345959427
1.0054142023298331
1.0054230087747418
1.0054459055315041
1.0054635184213214
1.0055603893153164
1.0055938538059694
1.00561498927375
1.0056361247415309
1.0056519763423664
1.0056590214982932
1.0057083375897817
1.0057347569245076
1.0057594149702518
1.0057928794609046
1.0058263439515576
1.0058615697311921
1.005895034221845
1.0059161696896257
1.0059302600014794
1.005933782579443
1.005946111602315
1.0059619632031507
1.0059883825378766
1.006030653473438
1.0060605953861275
1.006095821165762
1.00613456952336
1.006153943702159
1.0061592275691043
1.0062067823716108
1.0062596210410626
1.006303653265606
1.0063441629121856
1.006386433847747
1.0064604079849797
1.006548472434066
1.0065590401679565
1.0065801756357373
1.0065960272365728
1.006608356259445
1.0066242078602805
1.006634775594171
1.0066488659060246
1.006666478795842
1.0066805691076959
1.0067105110203851
1.0067492593779832
1.0067739174237273
1.006802098047435
1.0068056206253986
1.0068267560931792
1.006833801249106
1.00684789156096
1.0068778334736495
1.0068884012075396
1.006906014097357
1.0069306721431013
1.0069570914778272
1.0069817495235713
1.0069976011244068
1.0070275430370963
1.0070627688167308
1.007087426862475
1.0070962333073836
1.0071754913115614
1.0072829299394468
1.0073199170080631
1.007341052475844
1.007360426654643
1.0074044588791862
1.0074273556359485
1.007457297548638
1.0074854781723457
1.007489000750309
1.0074995684841994
1.0075242265299438
1.0075700200434685
1.0076175748459753
1.0076422328917194
1.007645755469683
1.007651039336628
1.007665129648482
1.0076827425382993
1.0076880264052444
1.0077214908958974
1.007730297340806
1.007742626363678
1.0077514328085866
1.0077531940975684
1.0077901811661847
1.0078113166339655
1.0078183617898924
1.0078306908127643
1.0078412585466547
1.0078483037025816
1.007858871436472
1.007872961748326
1.0079099488169423
1.0079152326838874
1.007924039128796
1.0079645487753757
1.0080032971329738
1.0080173874448277
1.0080332390456632
1.0080385229126083
1.0080508519354805
1.0080702261142795
1.0080878390040968
1.0080948841600237
1.0081089744718774
1.0081195422057678
1.0081864711870736
1.0082146518107813
1.008235787278562
1.0082780582141235
1.0083044775488494
1.0083220904386667
1.0083766903971003
1.0084048710208078
1.0084189613326617
1.0084436193784059
1.0084541871122963
1.0085070257817481
1.0085175935156385
1.0085246386715654
1.0085369676944376
1.0085475354283278
1.0085721934740721
1.008598612808798
1.0086162256986153
1.0086320772994508
1.0086514514782499
1.0086690643680671
1.0086778708129758
1.008690199835848
1.0087201417485372
1.0087712191290075
1.0087976384637334
1.0088152513535507
1.0088557610001303
1.0088927480687466
1.0090248447423762
1.0091023414575724
1.0091287607922983
1.0091340446592434
1.0091410898151703
1.009156941416006
1.0091798381727684
1.0092133026634211
1.0092256316862933
1.0092414832871288
1.0092450058650924
1.009259096176946
1.0093031284014893
1.0093136961353797
1.0093295477362152
1.0093841476946488
1.0094052831624296
1.0094228960522469
1.0094317024971555
1.0094369863641006
1.0094528379649363
1.0094598831208632
1.0094704508547536
1.0094774960106805
1.009488063744571
1.009493347611516
1.0094951089004978
1.0095039153454064
1.0095232895242054
1.0095461862809678
1.0095726056156937
1.0095831733495841
1.0095955023724563
1.0096025475283832
1.00960959268431
1.0096148765512554
1.009623682996164
1.009636012019036
1.00965010233089
1.0096782829545974
1.0097117474452504
1.0097240764681223
1.0097434506469214
1.0097575409587753
1.009778676426556
1.0097892441604464
1.009812140917209
1.0098649795866608
1.00989492149935
1.0099371924349116
1.0099424763018567
1.0099512827467654
1.0099565666137105
1.0099829859484366
1.010005882705199
1.0100305407509431
1.0100358246178884
1.0100358246178884
1.010051676218724
1.0100745729754863
1.0100798568424316
1.0100886632873403
1.0100939471542854
1.0100992310212307
1.0101045148881758
1.0101238890669748
1.0101379793788285
1.0101397406678103
1.0101432632457739
1.0101714438694815
1.0101837728923535
1.0101961019152257
1.010199624493189
1.0102101922270794
1.0102313276948602
1.0103017792541293
1.0103176308549648
1.0103387663227457
1.0103528566345994
1.010356379212563
1.0103581405015447
1.0103687082354351
1.0103845598362706
1.010388082414234
1.0103968888591426
1.0104056953040512
1.0104233081938685
1.0104391597947042
1.0104585339735033
1.0104708629963752
1.0104761468633205
1.0104884758861925
1.0104972823311011
1.0105008049090647
1.0105131339319366
1.0105201790878637
1.0106117661149134
1.0106240951377856
1.0106575596284384
1.0106734112292741
1.0106751725182557
1.0106786950962192
1.0106822176741828
1.0106892628301096
1.0107015918529816
1.0107139208758538
1.0107227273207624
1.0107473853665065
1.0107632369673423
1.0107685208342874
1.0107702821232691
1.0107738047012325
1.0107949401690133
1.010847778838465
1.0108513014164286
1.010861869150319
1.010946411021442
1.010990443245985
1.0110151012917294
1.0110379980484918
1.011062656094236
1.011101404451834
1.011108449607761
1.0111137334747062
1.011120778630633
1.0111295850755417
1.011133107653505
1.0111454366763772
1.0111489592543408
1.0111542431212859
1.0111718560111032
1.0111806624560118
1.011198275345829
1.0112158882356463
1.0112229333915732
1.011224694680555
1.011224694680555
1.0112299785475003
1.011238784992409
1.0112493527262991
1.0112528753042627
1.0112581591712078
1.0112740107720435
1.011289862372879
1.011295146239824
1.0113109978406598
1.011316281707605
1.0113180429965867
1.0113250881525135
1.0113321333084404
1.011347984909276
1.0113726429550203
1.0113832106889107
1.0113920171338193
1.0114025848677095
1.0114131526016
1.0114237203354903
1.011437810647344
1.0114501396702162
1.0114607074041067
1.0114695138490153
1.0114853654498508
1.0114959331837412
1.0115012170506863
1.0115117847845767
1.0115276363854122
1.0115382041193026
1.0115382041193026
1.011543487986248
1.011548771853193
1.0115787137658825
1.011599849233663
1.0116174621234804
1.011626268568389
1.011640358880243
1.0116667782149689
1.0116843911047861
1.0116967201276583
1.0117002427056216
1.0117002427056216
1.0117002427056216
1.0117020039946034
1.011705526572567
1.011705526572567
1.0117160943064571
1.0117337071962744
1.0117407523522015
1.0117513200860917
1.0117530813750735
1.011756603953037
1.0117583652420188
1.0117706942648907
1.011783023287763
1.0117900684436898
1.011795352310635
1.011802397466562
1.0118182490673975
1.0118252942233243
1.0118252942233243
1.0118270555123061
1.0118376232461965
1.0118499522690685
1.0118552361360138
1.0118552361360138
1.011867565158886
1.011879894181758
1.0118957457825934
1.0119063135164839
1.0119080748054656
1.011925687695283
1.0119292102732464
1.0119327328512098
1.011938016718155
1.0119415392961184
1.0119538683189906
1.0119750037867714
1.0119873328096434
1.0119943779655702
1.0119996618325156
1.0120137521443693
1.0120190360113146
1.0120207973002961
1.0120260811672415
1.0120278424562232
1.0120313650341866
1.0120366489011319
1.012041932768077
1.012041932768077
1.0120595456578942
1.012061306946876
1.012066590813821
1.0120701133917847
1.0120771585477115
1.012080681125675
1.0120912488595655
1.0120965327265106
1.012112384327346
1.012133519795127
1.0121440875290173
1.0121476101069806
1.0121546552629077
1.012172268152725
1.0121898810425423
1.012198687487451
1.0122004487764324
1.0122180616662497
1.0122321519781037
1.0122374358450488
1.0122444810009759
1.0122532874458845
1.012255048734866
1.0122709003357018
1.0122726616246833
1.0122761842026469
1.012288513225519
1.012300842248391
1.0123096486932996
1.0123114099822814
1.0123219777161718
1.0123290228720987
1.0123431131839526
1.012346635761916
1.0123624873627515
1.0123836228305323
1.0123959518534045
1.0123959518534045
1.012397713142386
1.0124047582983131
1.0124153260322033
1.0124223711881304
1.012431177633039
1.012438222788966
1.012443506655911
1.0124487905228563
1.0124540743898014
1.0124593582567467
1.0124611195457283
1.0124646421236918
1.0124664034126736
1.0124681647016553
1.0124875388804542
1.0124945840363813
1.0124998679033264
1.0125016291923081
1.01250339048129
1.0125051517702714
1.0125069130592532
1.0125192420821254
1.012528048527034
1.0125333323939791
1.0125421388388878
1.0125456614168513
1.0125579904397235
1.0125632743066686
1.012573842040559
1.0125914549303763
1.0125967387973214
1.0126037839532482
1.01260554524223
1.0126090678201936
1.0126143516871386
1.0126231581320473
1.0126266807100108
1.0126284419989926
1.0126302032879744
1.0126354871549195
1.012639009732883
1.0126425323108463
1.012644293599828
1.012651338755755
1.0126531000447367
1.0126566226227003
1.012665429067609
1.0126742355125176
1.0126883258243713
1.01269713226928
1.0127041774252068
1.0127077000031703
1.0127077000031703
1.0127182677370608
1.0127253128929876
1.0127323580489145
1.0127411644938231
1.012742925782805
1.01274820964975
1.012755254805677
1.0127587773836404
1.0127640612505857
1.0127693451175308
1.0127799128514212
1.0127834354293845
1.012786958007348
1.0127904805853116
1.0127922418742932
1.0127992870302203
1.0128045708971654
1.0128063321861471
1.0128116160530922
1.0128168999200375
1.0128186612090193
1.0128257063649462
1.0128257063649462
1.0128257063649462
1.0128257063649462
1.0128292289429095
1.012832751520873
1.0128362740988366
1.0128397966768
1.0128397966768
1.0128450805437452
1.0128503644106903
1.0128609321445807
1.012864454722544
1.0128697385894894
1.0128732611674527
1.0128732611674527
1.012878545034398
1.0128820676123613
1.012883828901343
1.012883828901343
1.0128873514793066
1.0128891127682884
1.0128926353462517
1.0128926353462517
1.012897919213197
1.0128996805021788
1.0129120095250508
1.012917293391996
1.0129225772589412
1.0129260998369047
1.0129313837038498
1.0129313837038498
1.0129313837038498
1.0129349062818134
1.0129384288597767
1.0129401901487585
1.012943712726722
1.0129613256165393
1.0129683707724662
1.0129736546394112
1.0129736546394112
1.0129736546394112
1.012975415928393
1.0129806997953381
1.0129824610843199
1.0129859836622834
1.012989506240247
1.012989506240247
1.0129930288182103
1.0130000739741372
1.0130000739741372
1.0130000739741372
1.0130000739741372
1.0130000739741372
1.0130000739741372
1.0130000739741372
1.0130071191300642
1.0130124029970093
1.0130194481529362
1.0130194481529362
1.0130194481529362
1.013021209441918
1.013026493308863
1.013026493308863
1.0130317771758084
1.0130335384647902
1.0130352997537717
1.0130352997537717
1.0130370610427535
1.0130423449096988
1.0130458674876621
1.0130493900656257
1.0130511513546074
1.0130546739325708
1.0130581965105343
1.013059957799516
1.013059957799516
1.0130634803774794
1.0130634803774794
1.0130652416664612
1.013067002955443
1.0130705255334063
1.0130775706893334
1.013079331978315
1.0130810932672967
1.0130810932672967
1.0130810932672967
1.0130810932672967
1.0130810932672967
