0.0006117474900182192
0.001172616970965616
0.001763770981121836
0.002227729968601
0.0027207621041206343
0.0032125828584719154
0.0036256638368802573
0.004250736519750359
0.005339768190099624
0.006227710586502307
0.006656539520099237
0.007142303368608753
0.007823099585223089
0.008473611272628601
0.00903569213474435
0.009711642826685274
0.010029024692793737
0.010623812846455014
0.011228292049463117
0.011274324533860526
0.011866689925185098
0.012318535100980734
0.012663778733961314
0.012919380160483777
0.01311198976625189
0.013446330968717293
0.014118647517153157
0.014526882970888088
0.01492300461293949
0.015082906927162073
0.015233118192037834
0.015617126022405706
0.01633910919874404
0.016936320114742023
0.017778230026747298
0.01822644105903787
0.018878164127611737
0.019585610729929835
0.02017918750242276
0.02072430902818157
0.021741869209598016
0.022219153389929063
0.022767909059192928
0.023248827383029035
0.023889648021087725
0.024244582703415125
0.024587403574059
0.02510829747645075
0.025984126061169902
0.02646988990967942
0.027428092413846573
0.028156132496026668
0.028513489940690778
0.028738806838004418
0.029349342946854286
0.030257878823118967
0.031073138349420475
0.031566170484940106
0.0323305520021708
0.03282479551885878
0.03333478699073536
0.033941688956080164
0.0345401112532465
0.03507554172965849
0.03548619994573012
0.035769663139124705
0.036910784199713144
0.037338401752141724
0.03801919796875606
0.03853524634647439
0.03930083924487344
0.03992470054657518
0.04026994417955576
0.04100161840524092
0.041500707446602315
0.04235473117029112
0.04311305578168004
0.04384957553203861
0.04422146955072295
0.044698753731053996
0.04506459084389658
0.045609712369655386
0.04599250881885491
0.0467387196185603
0.04743162964685816
0.04806760476024344
0.04865875877039966
0.04913240880722565
0.04994766833352715
0.05073264333061984
0.051191756793425594
0.05156001666860488
0.052039723611272626
0.052434633872155675
0.05286709694925767
0.05320264953289142
0.053897982323525995
0.05455576229794162
0.05506454238864984
0.055919777493506996
0.05642492344071016
0.05689372795286274
0.05760844284219095
0.05818627165949529
0.05865628755281622
0.05914084002015738
0.06009298561848277
0.0607095786331744
0.061391586230957085
0.06192338256386402
0.06240551226886847
0.0627107803232934
0.06320623522114975
0.06345820250416716
0.06376104779625538
0.06467806334069853
0.06542548552157228
0.06604571267976897
0.06645515951467225
0.06720015893320928
0.06783976819009963
0.0684345563437609
0.06886701942086289
0.06923770205837888
0.0700166201496298
0.07085247315579331
0.07124980617901307
0.07166894406326317
0.07247814668372292
0.07315046323215878
0.07328492654184596
0.07380218630073264
0.07436063301934333
0.07466590107376826
0.0752824940884599
0.07581913594604024
0.07630005426987634
0.07692028142807303
0.07775371167189983
0.07808199596852347
0.07816921541264488
0.07851930457029888
0.07871433693840368
0.07939755591735473
0.08001536031321471
0.080568961507152
0.08107410745435516
0.0818166841105555
0.08238603325968136
0.08269008993293794
0.08281243943094158
0.08321098383532968
0.08422612125440943
0.08446839748808001
0.08534180331046246
0.08642720083730666
0.08699654998643253
0.08749442764662557
0.08815705314571462
0.08899896305771988
0.089294540062798
0.08979484048532775
0.09029150676435245
0.0909177908283909
0.0917124568748304
0.0920673915571578
0.09243201728883203
0.09283904136139862
0.0937063902779393
0.0945398205217661
0.09485477962553786
0.09502437298910726
0.0957051692057216
0.09641019304570299
0.09698681048183898
0.0976215742140559
0.0979971023762453
0.09836899639492964
0.09898195526611621
0.09916123967903244
0.09934415823545374
0.09986626351901384
0.10048164515253712
0.10093349032833275
0.10161307516377874
0.102454985075784
0.1032448055975501
0.10388441485444044
0.1046778695197116
0.10542408031941698
0.10611214482304143
0.10666453463581037
0.10728476179400706
0.10815089932937938
0.10854217544675737
0.10966270302748382
0.1100127921851378
0.11042587316354614
0.11102187269837578
0.1114458561072993
0.11216057099662752
0.11248037562507268
0.11329078962670078
0.11392191921541264
0.11450217079505369
0.11527139783695779
0.1159400802418886
0.11628653525603752
0.11668265689808892
0.11734043687250456
0.11800185099042525
0.11883285847191534
0.1193174109392565
0.11997640229484048
0.12036888979338682
0.12117809241384657
0.12176924642400279
0.12231315656859325
0.12277711555607242
0.12328468426561227
0.12389037484978874
0.12437250455479319
0.12510296739931
0.12569291002829786
0.12616413730278714
0.12672137264022948
0.127454258247083
0.1277474124898244
0.1284597046168159
0.12950149242159942
0.1302295325037795
0.13119863743846183
0.1317885800674497
0.13259293716323603
0.13340092840252743
0.13370619645695236
0.134137448152886
0.13450570802806527
0.13527008954529596
0.13552084544714502
0.1356395608016436
0.13610230840795443
0.13677825909989533
0.1372700798542466
0.13780187618715353
0.13869708687056634
0.13951476915920455
0.139893931464899
0.1404269391789743
0.1410108249021204
0.14168193006938792
0.14239785633988447
0.1428375877039966
0.14362861960693105
0.14460135868511842
0.145070163197271
0.14546991898282746
0.14602473155793308
0.14656621894018684
0.14725791758731635
0.14805864053959764
0.1482730550063961
0.14920218436252278
0.14983573671357134
0.15048140287630343
0.15111132108384695
0.15164311741675388
0.15221731209055317
0.15281088886304608
0.15346988021863006
0.15394474163662442
0.15416036748459122
0.1547369849207272
0.15511251308291663
0.15556678102104896
0.1561809512734039
0.15670426793813233
0.15699742218087376
0.15745532426251113
0.15782237275652208
0.15839414466798465
0.15869577857890452
0.1590688839787572
0.15939959103771756
0.15947711943249215
0.15997015156801178
0.1605516145288212
0.16097196379423964
0.16150739427065164
0.16233476760863666
0.16333415707252782
0.1643432375857658
0.16512336705818506
0.16577751288909562
0.1662875043609722
0.16673329263092607
0.16718150366321666
0.16771208861495523
0.16790954374539674
0.16846556770167073
0.1689319494514866
0.16967210334535024
0.17012394852114587
0.17049220839632515
0.1711524111330775
0.1715049230530682
0.17212151606775983
0.17239892235531262
0.17277445051750204
0.17351944993603907
0.17401611621506377
0.17451399387525682
0.1750954568360662
0.17574354576113502
0.17674656936853123
0.17712452029305734
0.17769265806101484
0.17818932434003953
0.17867629956971742
0.17922142109547623
0.17966115245958833
0.18028622514245843
0.18087737915261465
0.18168779315424274
0.1823419389851533
0.18279862968562235
0.183250474861418
0.18373866147226423
0.18420383184091174
0.1847961972322363
0.18511721324184982
0.18570109896499593
0.18604876536031323
0.18647032600690003
0.18707359382873978
0.18746002442144435
0.18783070705896035
0.18826801566073575
0.18909660037988912
0.19002451835484746
0.19028738806838005
0.19082766406946544
0.19165624878861884
0.19243880102337482
0.19342123115090903
0.19372649920533394
0.1943733767492344
0.19465078303678723
0.19500208357560958
0.19528070124433072
0.19571558708376943
0.19602933480637283
0.1964448385471179
0.19721043144551692
0.1977022521998682
0.19806082102570066
0.19849934100864441
0.19897420242663877
0.19969497422180874
0.20036850215141294
0.20070890025972013
0.2011183470946234
0.2016816393379075
0.20243148428111796
0.20271737023684924
0.2032637031437764
0.20376400356630617
0.20422917393495368
0.20495236849246037
0.20527217312090554
0.20587180679924022
0.2066155948366089
0.20724187890064735
0.20830426018529286
0.20899717021359074
0.20957984455556847
0.21030788463774858
0.2106543396518975
0.21118007907896266
0.2118838915377757
0.2123236229018878
0.2133193782222739
0.21395777609799588
0.21434420669070048
0.21475123076326705
0.21508314920339575
0.2156682463077102
0.2163708473853549
0.2168287494669923
0.21748289529790285
0.2179420087607086
0.21846290266310037
0.21901892661937433
0.21992988525797574
0.220504079931775
0.2210697949373958
0.22179662363840758
0.2223587045005233
0.22321151684304377
0.22373604488894058
0.22421696321277668
0.22465184905221539
0.22528540140326395
0.22542955576229795
0.2258474822653797
0.22646407528007131
0.22708672520060472
0.2274295460712486
0.22810549676318953
0.2283090087994728
0.2286821141993255
0.22904552854983137
0.22940167461332714
0.2300170562468504
0.23042165755708027
0.23082989301081522
0.23137864868007907
0.2316948191650192
0.2326130460906307
0.2335361185409156
0.23460576811257122
0.23523326355777804
0.2353192716207311
0.23603519789122765
0.23669540062798
0.23737256270108928
0.23768388766135598
0.2384131391247044
0.23887346396867853
0.23981107299298368
0.24051973097647014
0.24115812885219212
0.2416087626468194
0.24242644493545762
0.24320778578904523
0.24368022444470286
0.24427501259836415
0.24504060549676318
0.24556755630499671
0.2457165561887041
0.2461926289878668
0.24653423847734232
0.24672927084544716
0.24711570143815173
0.2473143679497616
0.24784737566383688
0.24829922083963252
0.24864567585378144
0.24913143970229096
0.24959539868977013
0.2499224716052254
0.25050272318486644
0.251012714656743
0.25153239717796644
0.251774673411637
0.2520896325154088
0.2525354207853626
0.2530478350195759
0.2531556479435593
0.2538243303484901
0.25429919176648447
0.254764362135132
0.2553603616699616
0.2558739872853433
0.2561308000930341
0.25646635267666784
0.2569654417180292
0.2573857909834477
0.258128367639648
0.2587001395511106
0.25901994417955576
0.2592670659378998
0.2598291468000155
0.26031006512385163
0.26077765825483584
0.26138456022018064
0.2620738361049734
0.26242877078730087
0.2629157460169787
0.2631870953986898
0.26364257471799046
0.2644760049618173
0.26480307787727253
0.26521979299918597
0.26549841066790714
0.2661186378261038
0.26690966972903823
0.26764376671706014
0.2679199616234446
0.2685353432569679
0.2690925785944102
0.2695734969182463
0.2700859111524596
0.2703851223010428
0.270790934992441
0.27104169089429003
0.2713203085630112
0.2715783327518704
0.2719817226809319
0.2724129743768655
0.27285149435980927
0.2732779005310695
0.2736449490250804
0.2739708105593674
0.2745328914214831
0.27474851726944993
0.274937492731713
0.2750634763732217
0.2753808582393302
0.27569945148660696
0.2760810365546381
0.2766079873628717
0.27681634492382834
0.27704529596464705
0.2772451738574253
0.27760616544559447
0.2781706690700469
0.2786007093848122
0.27897744892816995
0.279746675970074
0.28061402488661474
0.2812548455246734
0.28159160948947554
0.28186174749001824
0.28223364150870256
0.2829447222545257
0.2831821529635229
0.2837733069736791
0.2840591929294104
0.2847775419622437
0.2852330212815444
0.28561339496840715
0.2862215083149203
0.2864310772570454
0.28671454045044
0.2871821335814242
0.2873081172229329
0.2879101736636043
0.2885291894406326
0.2887205876652324
0.28894469318137767
0.28954796100321745
0.29063820405473506
0.29150434159010735
0.2919925282009536
0.2923353490715975
0.29263940574485403
0.2929882835213397
0.29354551885878205
0.29398040469822073
0.2944334612551847
0.29493497305888283
0.2954158913827189
0.2959198259487537
0.29612333798503704
0.296349866263519
0.2966030449277048
0.2972886866689925
0.2978313854324146
0.29799007636546887
0.2982359867426445
0.29870236849246035
0.2992184168701787
0.2999307089971702
0.30039709074698606
0.3008925456448424
0.3011239194479978
0.30166904097375663
0.3020421463736093
0.30246370702019615
0.30297248711090435
0.3033395356049153
0.3036666085203706
0.3043631526921735
0.30455212815443655
0.3049034286932589
0.3054848916540683
0.3060663546148777
0.3065908826607745
0.30720020738845605
0.3077283695778579
0.30803000348877774
0.30839462922045197
0.30862479164243906
0.30947033569794935
0.3097283598868085
0.3100239368918867
0.31046245687483043
0.31100394425708416
0.3112365294414079
0.31146184633872154
0.31181193549637554
0.3121281059813157
0.31245760165910763
0.3129688045121526
0.31340853587626466
0.31424075473892316
0.31498817691979686
0.31537945303717485
0.3157998023025933
0.3161305093615537
0.316519362716595
0.31706206148001703
0.31756599604605185
0.31810142652246387
0.31870832848780867
0.3195635635926658
0.3200880916385626
0.3204078962670078
0.32058839206109235
0.32064896111951
0.3209627088421134
0.32162048881652905
0.3220384153196108
0.3225350815986355
0.3231165445594449
0.3237852269643757
0.32452538085823934
0.3251407624917626
0.32597298135442104
0.32653627359770515
0.32706443578710703
0.327558679303795
0.3281195487847424
0.3285592801488545
0.32885243439159595
0.3292739950381827
0.32988937667170604
0.33047810791952553
0.33112135131992093
0.3314254079931775
0.331969318137768
0.3324938461836648
0.33299414660619453
0.3335937802845292
0.3341922025816955
0.3348572508431213
0.3352436814358259
0.33587844516804277
0.3362176318951816
0.3368487614838935
0.3373333139512346
0.3377148990192658
0.33807104508276153
0.33844172772027753
0.3388511745551808
0.33907528007132615
0.339253353103074
0.33991113307748966
0.3407021649804241
0.3412557661743614
0.34149804240803194
0.341872359189053
0.34235448889405745
0.34276393572896074
0.34356587006241035
0.34428543047641197
0.34481843819048724
0.34538173043377135
0.34590504709849984
0.3461339981393185
0.3464792417722991
0.34666579447222545
0.34728844439275885
0.34779722448346706
0.3482151509865488
0.3485264759468155
0.348885044772648
0.3494810443074776
0.34987110904368723
0.35004191378842503
0.3502841900220956
0.35039805985192074
0.35093106756599607
0.3512799453424817
0.3516094410202737
0.3520419040973757
0.35251313137186496
0.35309701709501107
0.35372451254021786
0.354064910648525
0.35434473969841457
0.3544610322905764
0.3549043977981936
0.35542529170058534
0.3560261367600884
0.3568619897662519
0.3572556886459666
0.3576602899561965
0.35830595611892857
0.3586754273752762
0.3592169147575299
0.35965180059696866
0.3600697271000504
0.36088740938868863
0.3615633600806295
0.36199824592006824
0.3623798309880994
0.36270205837888125
0.3631563263170136
0.36359484629995736
0.3640563825250998
0.3642671628483932
0.3647614063650812
0.36504850370198083
0.3655051944024499
0.3661120963677947
0.366377388843664
0.36683529092530137
0.3671030061635074
0.367513664379579
0.36791220878396713
0.3681980947396984
0.3687226227855952
0.36894309415823545
0.36947367910997403
0.36981528859944957
0.3700224347792379
0.3706632554172966
0.3711974745125402
0.37153666123967904
0.37215809977904407
0.37253120517889676
0.3729685137806722
0.37339613133310073
0.373476082490212
0.3737861960693104
0.37394125285885954
0.37413265108345933
0.3745505775865411
0.3748667480714812
0.37535614606349577
0.3757389425126953
0.37625741365275034
0.37701816102647595
0.3774639492964298
0.3778685506066597
0.37836521688568436
0.3793888339729426
0.379702581695546
0.38013867891615305
0.38053480055820443
0.38067047524905995
0.38101571888204055
0.3813585397526844
0.38176071830057756
0.38214230336860877
0.382551750203512
0.3830157091909912
0.3833839690661705
0.38415683025157965
0.3848715451409079
0.38529189440632633
0.385747373725627
0.3866050315928209
0.38704234019459627
0.3875244698996007
0.3881071442415785
0.3884402740628755
0.3888061111757181
0.38925068806450364
0.38948569601116406
0.38993148428111796
0.39051779276660076
0.3911307516377873
0.391994466410823
0.392451157111292
0.3929684168701787
0.3935898554095437
0.39414224522231267
0.39468857812923985
0.3952446020855138
0.3955426018529286
0.3963760320967554
0.39672490987324105
0.39732575493274414
0.39785149435980927
0.3983445264953289
0.3989187211691282
0.3992142981742063
0.3999278016823662
0.40034815094778464
0.4006897604372601
0.40124336163119745
0.4019774586192193
0.40249350699693764
0.4029138562623561
0.4035437744698996
0.40413371709888746
0.4045298387409389
0.40505436678683565
0.4054722932899174
0.405899910842346
0.40620517889677094
0.4066182598751793
0.40700469046788385
0.40710281234252044
0.40733903167034924
0.407571616854673
0.408124006667442
0.4085758518432376
0.40902769701903324
0.4097230298096678
0.41045470403535295
0.41094289064619915
0.4117508818854906
0.41255887312478196
0.4132130189556925
0.413736335620421
0.4140185874326472
0.4142330018994457
0.4144122863123619
0.4147599527076792
0.4152808466100709
0.4154928383145327
0.4158102201806412
0.4162753905492887
0.416729658487421
0.4169792030081017
0.41737411326898477
0.4179180234135752
0.4185406733341086
0.4190288599449548
0.41959699771291237
0.41993255029654614
0.42044859867426443
0.4209355739039423
0.4212892972051014
0.4216829960848161
0.4220900201573826
0.4225951661045858
0.42307002752258016
0.4234346532542544
0.42375445788269955
0.42401369345272705
0.4244316199558088
0.42489315618095125
0.42543948908787843
0.4261941795557623
0.4267126506958173
0.42724808117222934
0.4275109508857619
0.4278840562856146
0.4285648525022289
0.42921536418963446
0.4295230550063961
0.42990706283676394
0.43011542039772066
0.4304957940845835
0.43102880179865877
0.4316272240958251
0.43194460596193357
0.43220020738845605
0.4326254021785479
0.43292703608946775
0.4331341822692561
0.4335230356242974
0.4339530759390627
0.4341965635539016
0.4345527096173974
0.43501545722370816
0.435395830910571
0.4358815947590805
0.4363092123115091
0.436655667325658
0.4370626913982246
0.4372892196767066
0.4376417315966973
0.43790096716672483
0.43828982052176607
0.438694421831996
0.43906873861301704
0.43945880334922666
0.4398488680854363
0.4402716401131915
0.440675030042253
0.4408942900337249
0.4411910784199713
0.4416901674613327
0.44208023219754233
0.4425332887545063
0.44293910144590454
0.4432988816529054
0.443812507268287
0.4442631410629143
0.4449294007055084
0.4452274004729232
0.44552418885916967
0.44612987944334614
0.44642545644842424
0.44692696825212236
0.4472128542078536
0.4476053417064
0.44800994301662983
0.4484302922820483
0.44859140597743924
0.44868104818389737
0.44913895026553474
0.4495750474861418
0.45016499011512967
0.4502800713261232
0.4504314939721673
0.4507852172733264
0.45114015195565377
0.4514938752568128
0.4516852734814126
0.4519178586657363
0.45219768771562585
0.45248599643369386
0.452970548901035
0.4535701825793697
0.4539396538357173
0.45443995425824707
0.45494267744311356
0.4552733845020739
0.45536423808970033
0.4556767744311354
0.45615890413613985
0.45629457882699537
0.45668948908787843
0.4572006919409234
0.4574005698337016
0.4577070492692949
0.458023219754235
0.45856955266116217
0.45910498313757414
0.4596004380354305
0.4601346571306741
0.4605210877233787
0.46099716052254136
0.46126729852308407
0.46173610303523666
0.4620365255649882
0.4622945497538474
0.4626603868666899
0.4630322808853743
0.4635047195410319
0.463841483505834
0.46415401984726906
0.4643429953095321
0.464582848780866
0.46493657208202505
0.4655313602356863
0.46607042485560335
0.4663865953405435
0.4665610342287863
0.4667778714579215
0.46720548901035003
0.4675180253517851
0.467988041245106
0.4684374636585649
0.46887719502267705
0.46941747102376247
0.4698051129976354
0.47030541342016513
0.47063490909795713
0.4710116486413149
0.471389599565841
0.47183781059813157
0.4720873551188123
0.4724749970926852
0.47302980966779085
0.4734477361708726
0.47374937008179246
0.4739977032213048
0.4740715974725743
0.47432114199325504
0.47500193820986936
0.47531447455130443
0.4757529945342482
0.4762641973872931
0.47677782300267474
0.4769825464201264
0.47730961933558164
0.47751070860952827
0.47771422064581154
0.47785474086134044
0.478113976431368
0.4785561305578168
0.4789134880024809
0.47913880489979455
0.4794198453308524
0.4797008857619103
0.47987895879365816
0.480300519440245
0.4808238361049734
0.4813350389580184
0.48173358336240646
0.4822278268790945
0.48251613559716244
0.48266998100554326
0.4828323060821026
0.48307700507810986
0.4836511997519091
0.4839080125596
0.48428959762763113
0.4845330852424701
0.48484683296507347
0.48518238554870724
0.48528656432918554
0.48557608442842193
0.485954035352948
0.4861829863937667
0.4869122378571152
0.4876136275535915
0.48820720432608444
0.488737789277823
0.4892502035120363
0.48940283753924874
0.4895603170911346
0.4897008373066636
0.4900690971818428
0.49036951971159437
0.49066751947900916
0.4910430476411986
0.4914367465209133
0.4920618192037834
0.49257544481916504
0.493152062255301
0.49357362290188783
0.4940533298445556
0.49444824010543864
0.4947922723572508
0.49517143466294533
0.49567900337248516
0.49600971043144554
0.49642279140985385
0.49678983990386477
0.49729498585106796
0.4978388959956584
0.4982628794045819
0.4984639686785285
0.49861175718106754
0.49887704965693686
0.49918837461720356
0.4997843741520332
0.50041186959724
0.5007934546652711
0.5012041128813428
0.5015626817071752
0.5020024130712873
0.5025208842113424
0.5029182172345622
0.5032101600961352
0.5037407450478738
0.5041792650308176
0.5045850777222157
0.5053106950420592
0.5059297108190874
0.5063621738961894
0.5066577509012676
0.5069872465790596
0.5072670756289491
0.5076195875489398
0.5079430263208901
0.5083609528239718
0.5087158875062991
0.5093482284761794
0.5096801469163081
0.5101852928635112
0.5108406500755902
0.5115517308214134
0.5118679013063534
0.5120641450556266
0.5125523316664728
0.5128224696670155
0.5132779489863163
0.5139308834360584
0.514313679885258
0.5145268829708881
0.5150417199674381
0.5155359634841261
0.516047166337171
0.516318515718882
0.5165462553785324
0.517125295577005
0.5175928887079893
0.5180822867000039
0.5184045140907857
0.518727952862736
0.5192234077605923
0.519884821878513
0.520399658875063
0.5208672520060472
0.5212076501143544
0.5217200643485677
0.5220980152730937
0.5226673644222196
0.5228866244136915
0.5232597298135442
0.5236376807380703
0.5240701438151724
0.5245328914214831
0.5249677772609218
0.5252209559251075
0.525596484087297
0.5260047195410319
0.526444450905144
0.5267376051478854
0.5269350602783269
0.527395385122301
0.5279429294103966
0.5284093111602124
0.5287315385509943
0.5291555219599178
0.5295698143194946
0.5300907082218863
0.5306140248866147
0.531088886304609
0.5315903981083072
0.5321863976431368
0.5324722835988681
0.5328308524247005
0.5332621041206341
0.5336279412334768
0.534033753924875
0.5344177617552428
0.5345776640694655
0.5348550703570183
0.5352051595146723
0.535503159282087
0.5357648176144513
0.5360906791487382
0.5365013373648099
0.5369168411055549
0.5371118734736597
0.5374074504787378
0.537875043609722
0.5382045392875141
0.5384504496646897
0.5388174981587006
0.5389919370469435
0.539292359576695
0.5397127088421134
0.539790237236888
0.5400652207621042
0.5406382040547351
0.5408235453734931
0.5410488622708067
0.5414631546303834
0.5416073089894173
0.5420034306314688
0.5423692677443114
0.5427205682831338
0.5430294704810636
0.5434401286971353
0.5438532096755436
0.5441233476760864
0.5443995425824708
0.5448041438927007
0.5452729484048533
0.5458011105942552
0.546263858200566
0.5467132806140249
0.5470415649106485
0.5474025564988176
0.5476218164902895
0.5479464666434082
0.5483232061867659
0.5483861980075203
0.5487980676047602
0.549034286932589
0.5494582703415126
0.5498652944140792
0.5501536031321471
0.5505860662092491
0.5510778869636004
0.5515757646237934
0.5519949025080436
0.5521814552079699
0.5524285769663139
0.552638145908439
0.5531263325192852
0.5534243322867
0.5538458929332868
0.5543728437415203
0.5547653312400667
0.5552329243710509
0.5554122087839671
0.5557526068922743
0.5560118424623018
0.5565351591270302
0.5569094759080513
0.5571032968949878
0.5577622882505717
0.5578894832732488
0.5583134666821723
0.558600564019072
0.5589143117416754
0.5593237585765787
0.5595139454200101
0.5596677908283909
0.5599112784432299
0.5603388959956584
0.5610233263557778
0.5615236267783076
0.5619282280885374
0.5622431871923091
0.5626804957940846
0.5633213164321432
0.5638409989533667
0.5643412993758964
0.5645460227933481
0.5649058030003489
0.5650972012249487
0.565431542427414
0.5657440787688491
0.5660469240609374
0.5664454684653254
0.566938500600845
0.5674315327363647
0.5679124510602008
0.5681971256347638
0.5684636294918014
0.5688173527929604
0.5690026941117184
0.5695550839244874
0.570109896499593
0.5702928150560143
0.5706925708415708
0.5710559851920766
0.5715187327983874
0.5717307245028491
0.5720977729968602
0.5722879598402915
0.57250237430709
0.5731056421289297
0.5736858937085708
0.5739027309377059
0.5743376167771447
0.574668323836105
0.5748851610652401
0.5750838275768501
0.5754242256851572
0.5757319165019188
0.5759681358297476
0.5764526882970888
0.5766925417684227
0.5771783056169322
0.5774048338954142
0.577802166918634
0.5782273617087258
0.5786440768306392
0.5789566131720743
0.5791625479706942
0.5795247509400318
0.5799535798736287
0.5802697503585689
0.5805520021707951
0.5808342539830212
0.5811528472302981
0.5816470907469861
0.5818227410163973
0.5820492692948792
0.5822697406675195
0.582837878435477
0.5831758537814474
0.5834532600690002
0.5839596173973718
0.584423576384851
0.5848366573632593
0.5851152750319805
0.585477478001318
0.5857960712485948
0.5861934042718145
0.5865071519944179
0.5869965499864326
0.5873599643369384
0.5876834031088887
0.5878505737101213
0.5881037523743071
0.5882575977826879
0.5886125324650153
0.5889274915687871
0.5891758247082994
0.5894120440361282
0.5897730356242974
0.5899389948443617
0.5901412954994767
0.5905398399038648
0.591007433034849
0.5912787824165601
0.5914980424080319
0.5916591561034229
0.5921691475752995
0.5928753827964492
0.5931758053262007
0.593626439120828
0.5938226828701012
0.594096455014149
0.5943702271581967
0.5948438771950226
0.5952072915455285
0.5955137709811218
0.5957197057797419
0.5961146160406249
0.5964126158080397
0.5966536806605419
0.5969674283831453
0.5973635500251967
0.597546468581618
0.5979147284567973
0.5981618502151413
0.5985046710857852
0.5989141179206885
0.5991551827731907
0.5994604508276156
0.5996288328100167
0.5999353122456099
0.6000867348916541
0.6005143524440827
0.6008741326510835
0.6012981160600069
0.601504050858627
0.6017523839981394
0.6021291235414971
0.6023677656316626
0.6025034403225181
0.6026924157847812
0.6029189440632632
0.6031987731131527
0.6035767240376788
0.6041363821374578
0.6045373493041827
0.6047275361476141
0.6048547311702911
0.6051624219870527
0.6055112997635383
0.6059534538899872
0.6062599333255805
0.6067493313175951
0.607075192851882
0.6075779160367485
0.607984940109315
0.6084016552312285
0.6088777280303911
0.6092811179594526
0.609402256076288
0.6097923208124976
0.6100636701942086
0.61025385703764
0.6107081249757724
0.6113683277125247
0.6117159941078419
0.6119413110051556
0.6123192619296818
0.6126935787107028
0.6129431232313834
0.6130061150521379
0.6131333100748149
0.6134107163623678
0.6135924235376207
0.6138940574485405
0.6141302767763693
0.6144113172074273
0.6145869674768384
0.6149394793968291
0.6151890239175097
0.6155100399271233
0.6160115517308214
0.6162356572469667
0.6165106407721828
0.6167674535798736
0.6171357134550529
0.6175233554289259
0.6179812575105632
0.6181823467845098
0.6183919157266349
0.6187977284180332
0.6192556304996705
0.6196662887157421
0.6199667112454936
0.6201399387525681
0.6204028084661007
0.6205675563049967
0.6209757917587316
0.621371913400783
0.6216783928363763
0.6219800267472962
0.6222840834205527
0.6225772376632942
0.6227601562197155
0.6230666356553087
0.6232253265883629
0.623451854866845
0.6237062449121991
0.6241326510834593
0.6242404640074427
0.624447610187231
0.6246244718378106
0.6248849187890064
0.6251623250765593
0.6254675931309842
0.6258661375353723
0.6262210722176997
0.6267734620304687
0.6272398437802845
0.627474851726945
0.6278104043105788
0.6281411113695391
0.6284827208590146
0.6286741190836144
0.6290314765282785
0.6295560045741753
0.6300393456603481
0.6301871341628872
0.6306147517153158
0.6308461255184712
0.6312277105865023
0.6317667752064193
0.631971498623871
0.6323506609295655
0.6325493274411753
0.6327467825716169
0.6330714327247354
0.6333985056401907
0.6336480501608714
0.63386973291468
0.6340211555607241
0.634261009032058
0.6345311470326007
0.6346837810598132
0.6347455614993992
0.634861854091561
0.6350132767376051
0.6352688781641276
0.6354517967205489
0.635541438927007
0.6357376826762802
0.6363336822111099
0.6366607551265651
0.6369551207504749
0.6373851610652401
0.6377776485637865
0.6381253149591037
0.6384439082063806
0.6386607454355158
0.6389139240997015
0.6392046555801062
0.6395498992130868
0.6399024111330774
0.6401991995193239
0.640614703260069
0.6410289956196457
0.6411610361669962
0.6414578245532426
0.6420090029848432
0.642365149048339
0.6425613927976122
0.6428472787533435
0.643257936969415
0.6437182618133892
0.6440562371593597
0.6445298871961856
0.644946602318099
0.645090756677133
0.6455038376555413
0.6459665852618521
0.6463687638097453
0.6467527716401132
0.6470023161607938
0.6471791778113735
0.647479600341125
0.6480525836337558
0.6486134531147033
0.6490459161918053
0.6495958832422375
0.6499823138349421
0.6504583866341047
0.6508654107066714
0.6511428169942242
0.651444450905144
0.6520077431484281
0.6524729135170756
0.6528605554909486
0.6531658235453734
0.6534359615459162
0.6535849614296236
0.6536552215373881
0.6538381400938094
0.6543529770903593
0.6545710257006628
0.6548169360778385
0.6552082121952165
0.6556673256580222
0.6560937318292824
0.656497121758344
0.6569937880373686
0.6574008121099353
0.6577218281195488
0.6582075919680583
0.6585867542737528
0.6587696728301741
0.6592263635306431
0.6594807535759972
0.6598732410745436
0.6600549482497965
0.6603275090126759
0.6606109722060705
0.6610446466643408
0.6613632399116176
0.6618235647555918
0.6620852230879559
0.6622960034112494
0.6625564503624453
0.6630385800674498
0.6633789781757569
0.6635497829204946
0.6640016280962903
0.6642766116215064
0.6645624975772376
0.6648701883939993
0.665160919874404
0.6656854479203008
0.6661142768538978
0.6664461952940265
0.6667926503081754
0.667323235259914
0.6676793813234096
0.6679761697096561
0.6683953075939063
0.6685225026165833
0.6688035430476412
0.6691245590572548
0.6692069329767028
0.669286884133814
0.6695267376051479
0.6699107454355158
0.6701130460906307
0.6704691921541265
0.6706714928092414
0.6709791836260031
0.6711451428460674
0.6716369636004187
0.6718574349730588
0.6720282397177967
0.6724340524091948
0.6728265399077412
0.6731209055316509
0.6733316858549444
0.6736308970035275
0.6738877098112184
0.6742487013993875
0.6744546361980075
0.6748253188355235
0.6751027251230763
0.6754891557157809
0.6758683180214754
0.6763250087219445
0.6765612280497733
0.6768834554405551
0.6771245202930574
0.6774806663565531
0.6776708531999845
0.6778816335232779
0.6780197309764702
0.6782620072101407
0.6784618851029189
0.6785987711749428
0.678856795363802
0.6789343237585765
0.6790990715974726
0.6793207543512811
0.6795375915804164
0.6799264449354576
0.6802377698957243
0.680549094855991
0.6808483060045741
0.6811778016823662
0.6813146877543901
0.6817604760243439
0.6821493293793852
0.682423101523433
0.6828676784122185
0.68327106834128
0.6835436291041594
0.683988205992945
0.6843213358142419
0.6845127340388417
0.6849803271698259
0.6853013431794395
0.685625993332558
0.6859118792882893
0.6862498546342598
0.6866011551730822
0.6868010330658604
0.6870723824475714
0.6872674148156762
0.6874806179013063
0.687582373919448
0.6878827964491995
0.6882643815172307
0.6885805520021708
0.6889233728728147
0.689332819707718
0.6895750959413885
0.6897228844439276
0.6902352986781408
0.6905381439702291
0.6906871438539365
0.6909802980966779
0.6912177288056751
0.6914248749854635
0.6917955576229794
0.6920087607086095
0.6921359557312866
0.6924848335077722
0.6929875566926387
0.6933667189983331
0.6938827673760515
0.6942340679148739
0.694677433422491
0.6948991161762996
0.69534005892158
0.6955932375857657
0.6956416928324999
0.6960099527076792
0.696510253130209
0.6966774237314416
0.6967791797495833
0.6970238787455906
0.6971510737682677
0.6973388378493623
0.6977688781641276
0.6982243574834283
0.6986362270806683
0.6989996414311742
0.699088072256464
0.6993751695933635
0.6998560879171997
0.7000923072450285
0.7003127786176687
0.7005029654611001
0.7008797050044578
0.7010735259913944
0.7013933306198396
0.7016610458580456
0.7018524440826452
0.7022473543435284
0.702764614102415
0.703032329340621
0.7035314183819824
0.7036707272163429
0.7041189382486336
0.704580474473776
0.7050844090398108
0.705524140403923
0.7058354653641896
0.706042611543978
0.7064423673295345
0.7068227410163973
0.7072988138155599
0.7075374559057255
0.7078936019692212
0.7083599837190371
0.7086882680156608
0.7090432026979882
0.709307283792689
0.7094635519634066
0.7095968038919254
0.7097724541613366
0.7099783889599566
0.7101940148079234
0.7104193317052371
0.7106349575532038
0.7108639085940226
0.711078323060821
0.7113084854828081
0.7115023064697445
0.7116815908826608
0.7120244117533047
0.7123393708570764
0.7126870372523937
0.7130395491723844
0.7133060530294221
0.7135107764468737
0.7139359712369655
0.714187938519983
0.7144302147536535
0.7147609218126139
0.7151873279838741
0.7153835717331473
0.7157082218862658
0.7161479532503779
0.7164507985424662
0.716995920068225
0.7172902856921347
0.7176391634686203
0.7180449761600186
0.718561024537737
0.7188808291661821
0.719079495677792
0.7195301294724192
0.7195749505756484
0.719920194208629
0.7202787630344614
0.7205137709811218
0.7206785188200179
0.7208553804705974
0.7209207950536884
0.7211860875295577
0.7214150385703764
0.7217711846338721
0.7218511357909835
0.7219310869480947
0.7220498023025933
0.7222242411908362
0.7224277532271194
0.7227293871380394
0.7228650618288949
0.7229680292282048
0.7231994030313602
0.7233835329689499
0.7235337442338257
0.7238075163778734
0.7240606950420592
0.7243199306120867
0.7245137515990231
0.7246591173392255
0.7248141741287747
0.7251945478156375
0.7254901248207156
0.7258208318796759
0.7261757665620033
0.7264640752800713
0.7267366360429507
0.7270176764740086
0.7271824243129046
0.7277311799821685
0.7279431716866303
0.7283041632747994
0.7285113094545878
0.7287027076791875
0.729020089545296
0.7293205120750474
0.7296742353762066
0.7299625440942745
0.7303404950188006
0.730530681862232
0.730736616660852
0.7311024537736946
0.7314719250300422
0.7317347947435748
0.7321478757219831
0.7324058999108424
0.7328601678489747
0.7335155250610537
0.7339625247121758
0.7343295732061867
0.7346106136372447
0.734941320696205
0.7352005562662325
0.73545252354925
0.7356947997829205
0.7360424661782378
0.736390132573555
0.7366178722332054
0.7367523355428925
0.7369485792921657
0.7371145385122301
0.7374452455711904
0.737749302244447
0.7379467573748886
0.7383319765864248
0.738638456022018
0.7390503256192581
0.7395360894677676
0.7399637070201961
0.7403077392720083
0.7404894464472613
0.7408128852192115
0.7412453482963135
0.7414331123774083
0.7417105186649611
0.7422435263790363
0.7426311683529092
0.7429267453579874
0.7431157208202505
0.7433289239058806
0.7435336473233322
0.743811053610885
0.7439830697367911
0.7442289801139668
0.7445257685002132
0.7448140772182812
0.7450805810753188
0.745355564600535
0.7454924506725589
0.7458316373996976
0.7460775477768733
0.7465027425669651
0.7469630674109392
0.747274392371206
0.7476571888204054
0.748084806372834
0.7485572450284916
0.7489194479978292
0.7493943094158235
0.7497867969143699
0.7502289510408187
0.7506807962166143
0.750906113113928
0.7513022347559793
0.7515360313214715
0.7517177384967244
0.7518715839051052
0.7521053804705974
0.7523779412334768
0.7525475345970462
0.752993322867
0.7530902333604683
0.7532440787688491
0.7535445012986006
0.75370682637516
0.7539830212815444
0.7542640617126022
0.7545063379462729
0.7548624840097686
0.7552610284141567
0.755612328952979
0.7560302554560607
0.756353694228011
0.7566201980850487
0.7568842791797495
0.7571798561848276
0.757362774741249
0.7575432705353335
0.7577455711904485
0.7580035953793077
0.7582604081869985
0.7586213997751676
0.7588164321432724
0.759240415552196
0.759528724270264
0.7596292689072373
0.7599187890064736
0.760170756289491
0.7604166666666666
0.7606359266581385
0.7608115769275497
0.7611653002287088
0.761615934023336
0.7617818932434004
0.7621331937822228
0.7623476082490213
0.7624917626080552
0.762769168895608
0.7631168352909253
0.7632779489863163
0.7633482090940807
0.7636365178121487
0.7638836395704927
0.7644275497150832
0.7647001104779626
0.7648273055006396
0.7650223378687444
0.7652101019498392
0.7654802399503818
0.7657806624801333
0.766002345233942
0.7663294181493973
0.7666007675311083
0.7667788405628562
0.7670501899445672
0.767409970151568
0.767780652789084
0.7681234736597279
0.7682700507810986
0.7685438229251463
0.7688333430243827
0.7691010582625887
0.769514139240997
0.7698569601116408
0.7701997809822848
0.7703923905880529
0.7706007481490096
0.7708611951002055
0.7712246094507114
0.7715662189401868
0.7718775439004535
0.7721682753808582
0.7724335678567276
0.7726298116060007
0.7728563398844827
0.7730489494902508
0.7733675427375276
0.7735080629530565
0.7737152091328449
0.7740483389541419
0.7742651761832772
0.7744371923091833
0.7746479726324766
0.7749193220141877
0.7750041186959724
0.7751204112881342
0.7753723785711517
0.7755867930379502
0.775740638446331
0.7760519634065977
0.7762893941155948
0.7765292475869288
0.7769883610497345
0.7773856940729542
0.7779538318409117
0.7783281486219328
0.7786600670620615
0.7788393514749777
0.7791179691436989
0.7793541884715277
0.7795589118889793
0.7797951312168081
0.7800483098809939
0.7801864073341861
0.7803971876574796
0.7807533337209753
0.780858723882622
0.7810404310578749
0.7813020893902392
0.7815140810947009
0.7817284955614994
0.7820059018490522
0.7821609586386014
0.7823899096794201
0.7825897875721983
0.7828272182811955
0.7830743400395395
0.7833069252238632
0.7835528356010388
0.7838302418885917
0.7840410222118851
0.7843172171182695
0.7846818428499438
0.7849810539985269
0.7852366554250494
0.7854559154165213
0.7856218746365856
0.7857551265651045
0.7859138174981587
0.785969541031903
0.7862239310772571
0.786450459355739
0.7867714753653525
0.7871615401015623
0.7874280439585999
0.7876800112416172
0.7878835232779006
0.788114897081056
0.7884019944179556
0.7886854576113501
0.7888877582664651
0.7892281563747723
0.7893226441059038
0.7896036845369616
0.7897757006628677
0.7900070744660231
0.7902590417490406
0.7903813912470442
0.790469822072334
0.7906478951040818
0.7910682443695003
0.7915334147381479
0.7918241462185526
0.792059154165213
0.7924116660852037
0.7927157227584603
0.7929143892700702
0.7931481858355622
0.7933383726789937
0.7936993642671628
0.7939513315501803
0.7942396402682482
0.7944601116408885
0.794867135713455
0.7955055335891771
0.7958447203163158
0.7960869965499864
0.7964189149901151
0.7966066790712099
0.7968671260224057
0.7971445323099585
0.7972741500949723
0.7976000116292592
0.7980869868589371
0.7984152711555608
0.7986066693801604
0.798684197774935
0.7988368318021475
0.7990173275962321
0.7991905551033066
0.7993964899019266
0.7996678392836376
0.7999089041361399
0.8001863104236927
0.800393456603481
0.8007096270884211
0.801031854479203
0.8012087161297825
0.8013528704888165
0.8015563825250999
0.8017671628483932
0.8018616505795247
0.8020070163197272
0.8022783657014382
0.802510950885762
0.8026599507694693
0.8028925359537931
0.8033395356049153
0.8038119742605729
0.8042032503779509
0.8043861689343722
0.8046429817420631
0.8049434042718145
0.8052086967476838
0.8055188103267822
0.8058095418071869
0.8061075415746017
0.8066151102841416
0.8067653215490174
0.80703545954956
0.8072862154514091
0.8074315811916114
0.8075926948870024
0.8076472070395783
0.8077211012908477
0.8078264914524945
0.8079343043764778
0.8081656781796333
0.8083643446912432
0.8086599216963213
0.8089809377059348
0.8092510757064775
0.8093673682986394
0.8096084331511416
0.8099294491607552
0.8102710586502306
0.8105957088033492
0.8107301721130364
0.8109651800596969
0.8112510660154282
0.8116532445633213
0.8121353742683258
0.8125133251928519
0.8126187153544986
0.8128016339109199
0.8131141702523549
0.8132559018490522
0.813430340737295
0.8135890316703492
0.8138191940923363
0.8141171938597511
0.8143049579408458
0.8144539578245532
0.8147677055471566
0.8151456564716828
0.8154000465170369
0.8156592820870644
0.8157864771097414
0.8160650947784626
0.8163013141062915
0.8165157285730898
0.8167652730937706
0.8169191185021514
0.8171044598209094
0.8172183296507346
0.8174436465480482
0.8175902236694189
0.8177876787998605
0.8180723533744234
0.8182371012133194
0.8183703531418381
0.8186453366670543
0.8187834341202466
0.8189191088111021
0.8190753769818195
0.8192171085785169
0.8193115963096484
0.8195260107764468
0.8197731325347909
0.8199197096561616
0.8200287339613134
0.8201668314145055
0.8203921483118192
0.820727700895453
0.8208657983486451
0.821081424196612
0.8212885703764004
0.8215986839554987
0.8218361146644959
0.8221135209520487
0.8222879598402915
0.8225193336434469
0.8228924390432996
0.8230693006938792
0.8232195119587549
0.8234036418963445
0.8235780807845874
0.8236616660852037
0.8237937066325541
0.8242067876109626
0.8243460964453231
0.8245132670465558
0.824788250571772
0.8248887952087453
0.8250777706710083
0.8253115672365003
0.8255271930844672
0.82570163197271
0.8258506318564174
0.8260153796953134
0.8261231926192968
0.8262939973640345
0.8265108345931698
0.8269287610962515
0.8273260941194712
0.8276604353219367
0.827991142380897
0.8283484998255611
0.8285386866689926
0.8285919874404001
0.8287833856649998
0.8291782959258829
0.829498100554328
0.8300056692638679
0.8302782300267473
0.8304647827266737
0.8305822867000039
0.8307046361980075
0.831025652207621
0.8313914893204636
0.8316725297515215
0.8319111718416871
0.8321449684071791
0.8323969356901966
0.8326295208745202
0.8328148621932783
0.8331661627321006
0.8334169186339497
0.8337657964104354
0.834032300267473
0.8341909912005272
0.8345786331744002
0.8348548280807846
0.8350026165833236
0.8352436814358258
0.8355743884947863
0.8358493720200023
0.8361752335542892
0.836411452882118
0.8365677210528356
0.8368536070085669
0.8370716556188704
0.8373042408031942
0.837458086211575
0.8376458502926697
0.8378578419971314
0.8380068418808388
0.8381703783385664
0.8383799472806915
0.8384598984378029
0.8386997519091367
0.8388863046090631
0.8391116215063767
0.8393102880179866
0.8395671008256774
0.839689450323681
0.8398747916424391
0.8399874500910959
0.8401509865488235
0.8403084661007094
0.8404453521727333
0.8406016203434508
0.8407675795635151
0.8410498313757414
0.8411915629724387
0.8413938636275536
0.8417681804085746
0.8420298387409388
0.8422527328759158
0.8424877408225763
0.8426512772803039
0.8428802283211226
0.8430934314067527
0.8432690816761639
0.8434265612280498
0.8436530895065317
0.8438020893902392
0.8439934876148389
0.8441327964491995
0.8442345524673411
0.8443799182075435
0.8444622921269915
0.8446658041632747
0.8448148040469822
0.84488264139241
0.8451794297786565
0.8454483563980307
0.8456639822459976
0.8458723398069543
0.8462212175834399
0.8463556808931271
0.8464707621041206
0.8467409001046633
0.846945623522115
0.8471285420785363
0.8473429565453348
0.8474277532271194
0.8476736636042951
0.8478468911113696
0.8480322324301275
0.8481691185021514
0.848270874520293
0.8485240531844788
0.8487772318486646
0.8490279877505136
0.8493368899484436
0.8495634182269256
0.8496203531418381
0.8497669302632089
0.8498565724696671
0.8500843121293173
0.8502163526766678
0.8505313117804396
0.8506039946505407
0.8506851571888204
0.8508171977361709
0.8510170756289491
0.8511151975035857
0.8513235550645424
0.8514568069930613
0.8515827906345699
0.8516651645540179
0.8518177985812304
0.8519462049850758
0.8521339690661704
0.8523665542504942
0.8524574078381207
0.8526451719192154
0.8528062856146064
0.8529637651664922
0.8530546187541187
0.8532387486917083
0.8533998623870993
0.8536469841454433
0.8538504961817266
0.8540842927472186
0.8541727235725084
0.8542890161646703
0.8544852599139435
0.8547626662014963
0.8548365604527658
0.8550025196728301
0.855218145520797
0.8553392836376322
0.8555488525797573
0.8557487304725355
0.8559207465984416
0.8561169903477148
0.8564658681242004
0.8567784044656356
0.8569540547350467
0.8571599895336667
0.8573816722874753
0.8576372737139978
0.8579546555801062
0.8581508993293794
0.8583289723611273
0.8584900860565182
0.8585530778772725
0.8585797282629763
0.8586948094739698
0.8588147362096368
0.8590461100127922
0.8593404756367019
0.8596009225878978
0.8597874752878242
0.8600660929565453
0.8602368977012831
0.8603640927239602
0.8605542795673916
0.8607747509400318
0.8609976450750088
0.861259303407373
0.8614882544481917
0.8617002461526534
0.8618649939915494
0.862131497848587
0.862358026127069
0.8626536031321471
0.8628922452223127
0.863181765321549
0.863569407295422
0.8639388785517695
0.8643616505795247
0.8647335445982091
0.8649576501143544
0.8652180970655503
0.8654809667790828
0.865797137264023
0.8658988932821646
0.8662150637671047
0.866459762763112
0.8666560065123852
0.8668086405395976
0.8670472826297632
0.867242314997868
0.8674203880296159
0.8675560627204714
0.8678395259138659
0.868028501376129
0.8681775012598364
0.8683822246772881
0.8686414602473156
0.8688631430011242
0.8690908826607745
0.8692108093964415
0.8694094759080513
0.8695584757917587
0.8697837926890724
0.87005029654611
0.8704112881342791
0.8706850602783269
0.8709285478931659
0.8711732468891732
0.8714978970422917
0.8716444741636624
0.8717522870876458
0.8718988642090165
0.8720006202271582
0.8721375062991821
0.8722428964608288
0.8723373841919603
0.8726050994301663
0.8727444082645269
0.8730181804085746
0.8732507655928984
0.8734627572973601
0.8738031554056673
0.8740369519711595
0.8742331957204326
0.8743083013528705
0.8744560898554096
0.874670504322208
0.8747795286273597
0.8750423983408924
0.8752519672830174
0.875394910260883
0.8756093247276815
0.8759073244950963
0.8762210722176997
0.8763906655812691
0.8765844865682056
0.8767625595999535
0.8769745513044153
0.8772059251075707
0.8775305752606892
0.8777825425437066
0.8780781195487848
0.8782683063922162
0.8784681842849944
0.8785396557739272
0.8788727855952243
0.8791186959723999
0.8792834438112959
0.8794457688878552
0.8797280207000814
0.880069630189557
0.8804160852037058
0.8807286215451409
0.8810278326937241
0.8812822227390782
0.8814699868201729
0.8816880354304764
0.8818503605070357
0.8820490270186456
0.8822622301042757
0.8824088072256464
0.8824802787145792
0.882606262356088
0.8827964491995193
0.8831101969221228
0.8834287901693996
0.8836310908245145
0.8837558630848549
0.8839024402062255
0.8840490173275962
0.8842089196418188
0.8843494398573477
0.8845032852657285
0.8848121874636585
0.8850120653564368
0.8851961952940265
0.8855123657789665
0.8857703899678258
0.8860090320579912
0.8862900724890491
0.8864548203279451
0.8865747470636121
0.8868606330193434
0.8871077547776873
0.8873609334418731
0.8875523316664728
0.8877049656936853
0.8878890956312749
0.8880913962863899
0.8883433635694072
0.8885226479823235
0.8888230705120751
0.8889526882970888
0.8890847288444392
0.8892894522618909
0.8894929642981743
0.8896734600922588
0.8898915087025623
0.8901083459316975
0.8903239717796643
0.8904390529906578
0.8905190041477691
0.8906098577353956
0.8907128251347056
0.8909139144086522
0.8910289956196457
0.8912119141760669
0.8913718164902895
0.8915159708493235
0.8917085804550917
0.8918805965809978
0.8919750843121294
0.8922440109315036
0.8923821083846959
0.8925020351203629
0.8926873764391209
0.8929151160987712
0.893147701283095
0.8933560588440517
0.8935050587277591
0.8936383106562779
0.8938115381633523
0.8939920339574369
0.8941507248904912
0.8942234077605923
0.8943433344962592
0.8945880334922666
0.894888456022018
0.8951622281660658
0.8953984474938946
0.8955789432879793
0.8957243090281816
0.8958902682482459
0.8960853006163507
0.8962694305539404
0.8963954141954491
0.8964802108772338
0.8965819668953754
0.8966885684381904
0.896758828545955
0.8969356901965345
0.8971173973717874
0.8973027386905454
0.8976007384579602
0.8978720878396713
0.898179778656433
0.8983990386479048
0.8986594855991007
0.8988593634918789
0.899068932434004
0.8993657208202505
0.8995171434662945
0.899769110749312
0.8999665658797534
0.9001591754855216
0.9004511183470946
0.9006933945807652
0.9009671667248129
0.9012167112454936
0.9013124103577935
0.9016213125557235
0.9018672229328992
0.9020610439198357
0.9023384502073885
0.9026437182618134
0.9030277260921813
0.9033124006667442
0.903483205411482
0.9037291157886576
0.9039144571074156
0.9040997984261736
0.904334806372834
0.9045843508935147
0.904726082490212
0.9048435864635422
0.9050204481141217
0.9050640578361825
0.9053111795945264
0.9055994883125945
0.9059059677481878
0.9060682928247471
0.9062790731480405
0.906538308718068
0.9067212272744892
0.9068363084854828
0.9070192270419041
0.9071924545489786
0.9072530236073962
0.9073293406210025
0.9074965112222352
0.9077448443617475
0.9080707058960344
0.9082693724076443
0.9084704616815908
0.9088011687405513
0.9090458677365585
0.9093608268403303
0.9096273306973679
0.909775119199907
0.9099398670388029
0.9101348994069077
0.9102499806179013
0.9104462243671745
0.9106073380625654
0.9107575493274411
0.910829020816374
0.9109126061169903
0.9110373783773307
0.9111064271039269
0.911278443229833
0.9116043047641199
0.9118526379036322
0.9119919467379928
0.9121239872853433
0.9122729871690507
0.9125843121293173
0.9127854014032639
0.912998604488894
0.9131851571888204
0.9133668643640733
0.9135013276737605
0.9136188316470908
0.9136684982749932
0.9137981160600069
0.913970132185913
0.9141748556033648
0.9143468717292709
0.9145164650928402
0.9148035624297399
0.9149913265108346
0.9151875702601078
0.9153680660541923
0.9156333585300617
0.9158174884676513
0.9159495290150017
0.9162438946389115
0.9164171221459859
0.9165685447920301
0.9168616990347714
0.9170506744970346
0.9172008857619103
0.9173656336008063
0.9176430398883592
0.9177884056285615
0.917920446175912
0.9180222021940536
0.9181372834050471
0.9183202019614684
0.9184849498003644
0.9185673237198124
0.9186545431639338
0.9187950633794627
0.918974347792379
0.9191657460169788
0.9193086889948444
0.9194419409233632
0.9196866399193705
0.9198150463232159
0.9200452087452029
0.9202232817769508
0.9203880296158468
0.9204740376787999
0.9206266717060123
0.9208495658409893
0.9211730046129395
0.9213644028375393
0.9215497441562972
0.9216781505601427
0.9217992886769779
0.9218949877892778
0.9220318738613017
0.9222450769469318
0.9225564019071986
0.922832596813583
0.9230009787959841
0.9232529460790014
0.9234419215412645
0.9236030352366554
0.9237980676047602
0.9239640268248246
0.9241602705740978
0.9243637826103811
0.9244328313369772
0.9245890995076947
0.9247211400550451
0.9249004244679614
0.9251451234639687
0.9252553591502888
0.925331676163895
0.9254673508547505
0.9256890336085591
0.9257944237702058
0.9259300984610613
0.926110594255146
0.9262692851882002
0.9263431794394698
0.9264909679420088
0.9267647400860565
0.9270021707950536
0.9272129511183471
0.9273231868046672
0.927370430670233
0.9275654630383378
0.9277265767337287
0.9279482594875373
0.9281650967166725
0.9283601290847773
0.9285818118385859
0.9286569174710237
0.9288386246462766
0.9290942260727991
0.929306217777261
0.9294479493739582
0.929577567158972
0.9297944043881071
0.9299530953211613
0.9301275342094042
0.9302571519944179
0.9304824688917316
0.9305951273403884
0.9306750784974998
0.9307538182734426
0.9308676881032678
0.9311026960499282
0.9312880373686863
0.9314249234407102
0.9315387932705353
0.9317192890646199
0.931842849943792
0.9319651994417956
0.9320572644105903
0.9321880935767725
0.932385548707214
0.932570890025972
0.9327659223940769
0.9330372717757879
0.9332250358568825
0.9334418730860178
0.9336296371671124
0.9337810598131566
0.9339760921812614
0.9341493196883358
0.9343213358142419
0.934506677133
0.9348737256270109
0.9349984978873512
0.9352819610807458
0.9354915300228709
0.9356356843819049
0.9357338062565415
0.9358852289025855
0.9359906190642323
0.9361844400511687
0.936247431871923
0.9362825619258053
0.9364206593789975
0.9365442202581695
0.9365829844555569
0.9367162363840756
0.9368628135054464
0.9369451874248944
0.9371244718378106
0.9371753498468814
0.9372904310578749
0.9373619025468077
0.9374612358026128
0.9375847966817847
0.9377774062875528
0.9379373086017754
0.9381202271581967
0.9382837636159244
0.9385369422801101
0.9387925437066326
0.9389669825948753
0.939134153196108
0.939233486451913
0.9393497790440749
0.9394648602550684
0.9395993235647556
0.9397022909640655
0.9398646160406249
0.9399457785789045
0.9401468678528511
0.9403116156917471
0.9405369325890608
0.9407065259526302
0.9408930786525564
0.9409912005271931
0.9411450459355739
0.9412589157653991
0.9413400783036787
0.9415666065821607
0.9417543706632554
0.9418718746365856
0.9420390452378183
0.9421759313098422
0.9423976140636509
0.9426725975888669
0.9428252316160793
0.9429669632127767
0.9430796216614336
0.9432504264061713
0.9434091173392255
0.9434914912586735
0.9435678082722797
0.9436901577702833
0.9438876129007249
0.9440257103539171
0.9441928809551499
0.9443346125518471
0.9444327344264837
0.9446108074582316
0.9447816122029693
0.9448542950730705
0.9450347908671551
0.945106262356088
0.9452976605806876
0.9453642865449471
0.9455023839981394
0.9457167984649378
0.9458791235414971
0.9461407818738613
0.9462849362328953
0.9464787572198318
0.9466495619645695
0.9468094642787921
0.9469996511222235
0.9471026185215335
0.9472710005039345
0.9474733011590495
0.9476307807109354
0.9477010408186999
0.9478948618056363
0.9480935283172461
0.9482764468736675
0.9484678450982672
0.9486483408923518
0.9488300480676047
0.9489378609915882
0.9491268364538512
0.9492176900414777
0.9493146005349459
0.9494817711361786
0.9496404620692328
0.9497373725627011
0.9499033317827654
0.9500898844826918
0.9503382176222042
0.9505538434701709
0.9507270709772454
0.9509221033453502
0.9510795828972362
0.9511280381439702
0.9512297941621118
0.9514127127185331
0.9515932085126177
0.9517397856339884
0.9518948424235376
0.9520486878319184
0.9522122242896461
0.9523902973213939
0.9525501996356165
0.9527343295732061
0.9529015001744389
0.9529826627127186
0.9530577683451564
0.9531680040314765
0.9532673372872814
0.9533630363995813
0.9534914428034268
0.9535617029111912
0.9537179710819087
0.9538681823467845
0.95400385703764
0.9541080358181184
0.9541807186882195
0.9542437105089739
0.9543188161414118
0.9544714501686242
0.954539287514052
0.9546361980075203
0.9547052467341164
0.9548506124743187
0.9549862871651742
0.9550650269411172
0.9552503682598752
0.9554199616234446
0.9555205062604178
0.9555907663681823
0.9557119044850176
0.9558209287901694
0.9559747741985503
0.9561370992751095
0.9562497577237663
0.9565029363879521
0.956656781796333
0.9568094158235454
0.9569584157072528
0.9571122611156336
0.957237033375974
0.9573618056363143
0.9574865778966547
0.9576307322556886
0.9578281873861302
0.9580910570996628
0.9582824553242625
0.9583866341047409
0.9585017153157344
0.9586313331007481
0.9588203085630111
0.9589426580610149
0.9590637961778501
0.959238235066093
0.9594611292010699
0.9596646412373532
0.959818486645734
0.9598717874171415
0.9599202426638757
0.9600001938209869
0.9601637302787146
0.960254583866341
0.9603405919292941
0.9604508276156142
0.9605404698220723
0.9606373803155406
0.9606773558940962
0.9607948598674264
0.9609741442803427
0.9611510059309222
0.9612830464782727
0.9613908594022561
0.9614465829360003
0.9614926154203978
0.9615701438151724
0.9617227778423848
0.9618511842462302
0.9619505175020351
0.962083769430554
0.9622182327402411
0.9622897042291739
0.9624120537271775
0.9625150211264876
0.9626240454316394
0.9628166550374074
0.962931736248401
0.9631631100515564
0.9633520855138195
0.9634986626351901
0.9637154998643254
0.9638330038376556
0.9639965402953832
0.9641419060355856
0.9643199790673335
0.9644386944218319
0.9645561983951623
0.9646761251308291
0.9647500193820987
0.9648142225840214
0.9649559541807187
0.9650346939566616
0.9650819378222274
0.9651885393650425
0.9652260921812614
0.965348441679265
0.965472002558437
0.965574969957747
0.9657348722719696
0.9658741811063302
0.9660219696088692
0.9662060995464589
0.9664265709190991
0.9665695138969648
0.9667706031709113
0.9670213590727604
0.9673205702213435
0.9675216594952901
0.9676779276660077
0.9677639357289607
0.9679940981509478
0.9681503663216653
0.9682666589138272
0.9684459433267434
0.9685913090669458
0.9686615691747102
0.968828739775943
0.9689595689421251
0.9690358859557313
0.9691533899290615
0.9692951215257588
0.9693787068263752
0.969597966817847
0.9697106252665039
0.969803901616467
0.9699226169709656
0.9700546575183161
0.9702315191688956
0.9703405434740474
0.9704713726402295
0.9705610148466876
0.9706361204791255
0.9707354537349304
0.9709074698608365
0.9710588925068806
0.9712757297360158
0.9713835426599993
0.9715640384540838
0.9718038919254177
0.9720716071636237
0.9721733631817653
0.9722508915765399
0.9723998914602473
0.9725210295770826
0.9725549482497965
0.9726433790750862
0.9727742082412684
0.9729571267976896
0.9731206632554174
0.973201825793697
0.973312061480017
0.9734331995968524
0.9735700856688763
0.9737348335077722
0.973864451292786
0.9739819552661162
0.9741006706206148
0.9742302884056285
0.9743708086211575
0.9745064833120131
0.9746494262898787
0.974835978989805
0.974993458541691
0.9751921250533008
0.975247848587045
0.9753496046051866
0.975429555762298
0.9755506938791332
0.9756330677985813
0.9756706206148001
0.9758099294491608
0.9759395472341745
0.9760207097724541
0.9761103519789123
0.9761697096561616
0.9762254331899058
0.9763126526340272
0.9764398476567042
0.9765670426793813
0.9766893921773849
0.9768190099623987
0.9769340911733922
0.9770334244291972
0.9771896925999147
0.9772805461875412
0.9774077412102182
0.9775058630848549
0.9775894483854711
0.9776669767802457
0.977760253130209
0.9778026514711012
0.9778789684847076
0.9779843586463542
0.9780134317943947
0.978113976431368
0.9782484397410551
0.9783720006202271
0.9784374152033182
0.9785064639299144
0.9786687890064736
0.9788613986122418
0.9789425611505214
0.978982536729077
0.9790576423615149
0.9791836260030236
0.9792684226848083
0.9793302031243943
0.9794234794743575
0.9795700565957282
0.9797008857619103
0.9797893165872
0.9799552758072644
0.9800933732604566
0.9801466740318642
0.9802799259603829
0.9803756250726828
0.9805137225258751
0.9806615110284141
0.9808601775400241
0.981045518858782
0.9812429739892236
0.9814028763034461
0.9815288599449549
0.9816730143039888
0.9817638678916153
0.9818159572818544
0.9819383067798582
0.9820279489863163
0.9820848839012288
0.9821430301973098
0.982198753731054
0.9822956642245222
0.982404688529674
0.9825645908438966
0.9826942086289103
0.9827329728262977
0.9827814280730317
0.9828710702794898
0.9829461759119278
0.9830782164592782
0.9832623463968678
0.9834343625227739
0.983578516881808
0.9837154029538319
0.9838268500213203
0.9839358743264721
0.9841091018335465
0.984199955421173
0.9843307845873551
0.9844143698879715
0.9845621583905105
0.9846760282203357
0.9847656704267939
0.9848783288754507
0.9850745726247238
0.985167848974687
0.9853241171454045
0.9854876536031322
0.9856209055316509
0.9856947997829205
0.9857989785633988
0.9858995232003721
0.9859600922587898
0.9859964336938404
0.9861199945730124
0.9862169050664806
0.986348945613831
0.986506425165717
0.9865839535604916
0.9866614819552662
0.9867898883591115
0.9868928557584216
0.9869558475791759
0.9870685060278327
0.9871508799472807
0.9872695953017793
0.9873422781718805
0.9874416114276854
0.9875203512036284
0.987605147885413
0.9877202290964066
0.9878498468814203
0.9879503915183936
0.9880666841105555
0.9881381555994884
0.9882471799046401
0.98834287901694
0.988428887079893
0.9885451796720549
0.9886505698337016
0.9887462689460015
0.9888528704888165
0.9889558378881266
0.9890236752335543
0.9890612280497733
0.9891230084893592
0.9892017482653022
0.9892296100321742
0.9892611059425515
0.9893374229561577
0.9894355448307943
0.9895070163197272
0.98958575609567
0.989668130015118
0.9897408128852192
0.989788056750785
0.9898462030468659
0.9899176745357987
0.9900424467961391
0.9901466255766175
0.9902277881148971
0.9902750319804628
0.9903731538550994
0.9905512268868473
0.9906445032368105
0.9907280885374269
0.9907959258828546
0.9908988932821646
0.9909376574795519
0.9910115517308214
0.9910987711749428
0.9911557060898554
0.9912259661976198
0.9913240880722565
0.9914016164670311
0.9914512830949335
0.9915106407721828
0.9915772667364422
0.9916717544675737
0.9917735104857154
0.9918631526921735
0.9919697542349886
0.9921090630693491
0.9922108190874908
0.9923028840562856
0.9923804124510602
0.9924506725588247
0.9925742334379967
0.9927474609450712
0.9928649649184014
0.9929400705508392
0.993066054192348
0.9932126313137186
0.9933604198162577
0.993440370973369
0.9935712001395511
0.9936681106330193
0.9937105089739117
0.9937735007946661
0.9938716226693026
0.9939334031088887
0.9939939721673062
0.9940715005620808
0.9941781021048959
0.9942205004457882
0.9942604760243439
0.9942919719347211
0.9943743458541691
0.994473679109974
0.9945851261774625
0.9947111098189712
0.9948213455052913
0.9949170446175912
0.995005475442881
0.9951314590843896
0.9952416947707098
0.9953155890219793
0.9954234019459627
0.9955178896770942
0.995589361166027
0.99566810094197
0.995812255301004
0.9958861495522735
0.9959661007093848
0.9960194014807924
0.9961066209249138
0.996165978602163
0.9961950517502035
0.9963186126293755
0.9963791816877932
0.9964760921812614
0.996533027096174
0.9966057099662752
0.9966711245493662
0.9967837829980231
0.9968915959220064
0.996993351940148
0.9971011648641315
0.997298619994573
0.9974088556808931
0.9974960751250146
0.9975808718067992
0.9977213920223281
0.9977746927937357
0.997899465054076
0.9979321723456216
0.998056944605962
0.9981126681397061
0.9982107900143428
0.998283472884444
0.9983343508935147
0.9984688142032019
0.9986153913245727
0.998698976625189
0.9987631798271117
0.9989206593789975
0.9989848625809202
0.9990575454510214
0.9991702038996783
0.9992877078730085
0.9993628135054464
0.9994294394697057
0.9995239272008373
0.9995772279722448
0.999612358026127
0.9996789839903865
0.9997238050936156
0.9997783172461914
0.9998788618831647
0.9999721382331279
1.0000121138116835
1.0000702601077645
1.0001247722603404
1.0001695933635695
1.0001998778927783
1.0002531786641857
1.000325861534287
1.000377950924526
1.0004264061712602
1.000460324843974
1.000497877660193
1.0005911540101562
1.0006529344497421
1.000700178315308
1.0007849749970927
1.0008903651587393
1.0009327634996317
1.0009763732216925
1.0010320967554367
1.0010793406210023
1.001164137302787
1.0012586250339186
1.0013155599488313
1.0013555355273869
1.0014173159669728
1.0015093809357678
1.0015808524247005
1.0016365759584447
1.0017213726402294
1.0017867872233206
1.0018352424700547
1.0019018684343142
1.0019321529635228
1.0019793968290887
1.0020581366050316
1.0021174942822808
1.0021562584796682
1.0022156161569176
1.0022798193588403
1.0023125266503856
1.0023561363724465
1.002437298910726
1.0024760631081133
1.0025523801217195
1.0026008353684537
1.0026844206690702
1.002763160445013
1.0028309977904408
1.0029085261852153
1.002961826956623
1.002993322867
1.003072062642943
1.0031084040779936
1.0031665503740745
1.0032537698181958
1.003319184401287
1.003418517657092
1.0035190622940653
1.0035796313524827
1.003652314222584
1.0037189401868434
1.0037855661511028
1.003837655541342
1.0039176066984532
1.003991500949723
1.0040557041516456
1.0041489805016086
1.00423619994573
1.0043100941969996
1.0043512811567237
1.0043864112106058
1.0044712078923905
1.0045681183858588
1.0046105167267512
1.0046941020273674
1.0048067604760242
1.0048782319649572
1.004936378261038
1.004994524557119
1.0050393456603481
1.0050744757142303
1.0051483699655
1.0052089390239176
1.0052973698492074
1.0053312885219212
1.0053942803426754
1.0054378900647363
1.005481499786797
1.0055348005582045
1.0055517598945614
1.0055941582354537
1.0056414021010196
1.005691068728922
1.005756483312013
1.005831588944451
1.00587641004768
1.005930922200256
1.0059672636353065
1.0060084505950304
1.0060544830794278
1.0061005155638252
1.0061841008644417
1.0062652634027212
1.0063185641741288
1.0063645966585262
1.0064033608559135
1.0064263770981121
1.006453027483816
1.0064930030623715
1.0065123851610653
1.0065887021746716
1.0066989378609916
1.0067716207310928
1.006830978408342
1.0069048726596115
1.006950905144009
1.0070005717719115
1.0070926367407063
1.0071907586153428
1.0072404252432454
1.0072888804899796
1.0073300674497034
1.0073688316470908
1.0074088072256464
1.0075020835756097
1.00753115672365
1.0075396363918285
1.0075626526340271
1.0075917257820677
1.0076220103112765
1.0076656200333372
1.0076934818002092
1.0077177094235763
1.0077637419079737
1.0077964491995193
1.0078400589215801
1.0078703434507887
1.0079066848858393
1.0079757336124355
1.0080544733883785
1.0081598635500253
1.0082155870837695
1.0082761561421871
1.00835489591813
1.0084057739272008
1.008437269837578
1.008478456797302
1.008523277900531
1.00856083071675
1.0085959607706323
1.0086456273985347
1.0087134647439624
1.0087764565647168
1.008845505291313
1.008910919874404
1.008955740977633
1.0090090417490405
1.0090465945652596
1.0091301798658758
1.0092052854983138
1.009250106601543
1.009305830135287
1.009347017095011
1.0093833585300616
1.0094148544404389
1.0094754234988565
1.0095153990774122
1.0095384153196107
1.0095638543241463
1.0096123095708804
1.0096668217234561
1.009749195642904
1.0098109760824903
1.009858219948056
1.00990667519479
1.0099187890064736
1.0099527076791874
1.0100217564057836
1.0100738457960228
1.0101271465674304
1.0101574310966392
1.0102034635810366
1.010270089545296
1.0103233903167035
1.0103439837965655
1.0103718455634376
1.0104227235725085
1.0105269023529868
1.0106153331782766
1.0106807477613675
1.0107146664340816
1.0107582761561422
1.0108043086405396
1.0108333817885802
1.0108697232236306
1.0109072760398496
1.0109387719502267
1.0110005523898127
1.0110490076365468
1.0111095766949645
1.0111713571345504
1.0112270806682948
1.0112513082916619
1.0112912838702175
1.011323991161763
1.0113554870721402
1.0114281699422414
1.011496007287669
1.0115081210993526
1.0115480966779082
1.0115699015389386
1.0115989746869791
1.0116765030817536
1.0117261697096562
1.0117491859518548
1.0117879501492422
1.0118376167771446
1.0118993972167307
1.0119684459433267
1.012007210140714
1.0120665678179632
1.0121162344458658
1.0121465189750747
1.012199819746482
1.0122131449393341
1.0122397953250377
1.0122640229484048
1.012316112338644
1.0123512423925263
1.0123766813970616
1.012432404930806
1.0124796487963716
1.0125087219444122
1.0125208357560957
1.0125438519982943
1.012549908904136
1.0125656568593246
1.0125910958638602
1.012608055200217
1.0126334942047526
1.0126468193976044
1.0126649901151297
1.0126855835949917
1.0126892177384967
1.0126976974066753
1.012703754312517
1.012714656743032
1.012718290886537
1.0127267705547156
1.0127388843663991
1.0127497867969144
1.012758266465093
1.0127703802767765
1.0127885509943018
1.01279703066248
1.0128030875683218
1.012806721711827
1.0128091444741636
1.0128164127611738
1.0128248924293521
1.0128297379540256
1.0128357948598674
1.012847908671551
1.012855176958561
1.0128612338644027
1.0128697135325813
1.0128733476760863
1.012875770438423
1.0128769818195915
1.0128842501066015
1.01289272977478
1.012896363918285
1.01289999806179
1.0129060549676319
1.0129181687793154
1.0129193801604839
1.0129205915416521
1.0129278598286622
1.0129327053533357
1.0129363394968407
1.012937550878009
1.0129399736403457
1.0129423964026825
1.0129448191650192
1.0129484533085242
1.012954510214366
1.012961778501376
1.0129642012637128
1.0129690467883863
1.012971469550723
1.0129799492189013
1.0129884288870799
1.0129908516494166
1.0129944857929216
1.01299569717409
1.0129981199364266
1.0130053882234369
1.013012656510447
1.0130175020351204
1.0130187134162887
1.0130199247974572
1.0130211361786254
1.013025981703299
1.0130308272279722
1.0130344613714772
1.013036884133814
1.0130393068961507
1.0130429410396558
1.013044152420824
1.0130477865643293
1.0130489979454975
1.0130550548513393
1.013061111757181
1.013061111757181
1.0130659572818546
1.0130708028065278
1.0130744369500329
1.0130768597123696
1.0130841279993799
1.01309139628639
1.0130938190487266
1.0130962418110634
1.0130962418110634
1.0130998759545684
1.0131010873357367
1.0131035100980734
1.0131071442415784
1.013108355622747
1.013108355622747
1.0131107783850835
1.0131132011474202
1.0131144125285887
1.013119258053262
1.0131204694344305
1.0131216808155987
1.0131253149591037
1.0131277377214405
1.0131301604837772
1.0131313718649455
1.0131313718649455
1.0131313718649455
