0.0008467554366786836
0.0015566248013334884
0.0021962340582238247
0.0025693394580765206
0.0034124607512501454
0.004273752761949064
0.004681988215683994
0.005567507849749971
0.006243458541690894
0.0072501162925921615
0.008009652285149436
0.008645627398534713
0.009668033104624569
0.010594739698414544
0.011528714579214637
0.012353665154862968
0.012886672868938248
0.013290062797999767
0.014019314261348219
0.014525671589719735
0.0149484436174749
0.015487508237391945
0.01604353219366593
0.01636818234678451
0.016666182114199325
0.017252490599682133
0.01804715664612164
0.018589855409543745
0.01893752180486103
0.020184033027096173
0.02089874791642439
0.02111921928906462
0.02156137341551343
0.02188602356863201
0.02256924254758305
0.02328032329340621
0.023902973213939607
0.024857541574601696
0.025325134705585922
0.02578182540605497
0.026214288483156958
0.02684057254719541
0.0276485637864868
0.028165823545373492
0.02879210760941195
0.02973819630189557
0.030347521029577083
0.030936252277396596
0.031273016242198706
0.03188476373221692
0.0325825192851882
0.033258469977129126
0.034151257898205216
0.03516881807962166
0.036156093731829285
0.036402004109004925
0.03669273558940962
0.03682598751792844
0.03703313369771679
0.0375188975462263
0.037713929914331125
0.03811005155638252
0.03856068535100981
0.039010107764468734
0.039487391944799784
0.03998526960499283
0.040411675776253056
0.04105491917664845
0.041624268325774316
0.04259216187928829
0.04300160871419157
0.04358912858084273
0.04403370546962825
0.04443224987401636
0.04487682676280188
0.04555883436058456
0.04579747645075009
0.04620450052331666
0.04706700391518394
0.04788832034732721
0.048532775128890954
0.04957214017133775
0.05006153816335233
0.051122708066829475
0.051934333449625926
0.05258605651819979
0.053017308214133425
0.05342796643020506
0.05401548629685622
0.054674477652440205
0.05520385122301043
0.055755029654611
0.05633528123425204
0.05682225646392992
0.057331036554638136
0.05787131255572353
0.05872170213590728
0.059195352172733265
0.05986161181532736
0.060386139861224174
0.06089855409543746
0.061786496491840134
0.0625
0.06306208086211575
0.06358782028918092
0.06422137264022948
0.06469259991471876
0.06521955072295228
0.06605782649145249
0.06700391518393611
0.06734552467341164
0.06765563825250998
0.06793910144590457
0.06851935302554561
0.06905114935845254
0.06948603519789123
0.06996331937822227
0.07055326200721014
0.07150419622436717
0.07198026902352987
0.0726150327557468
0.0733685118424623
0.07418498274993217
0.0746804376477885
0.07532246966701554
0.07570768887855177
0.07579127417916812
0.07617285924719928
0.07674584253983022
0.07701598054037291
0.07746782571616855
0.07778520758227701
0.07835213396906617
0.07874704422994921
0.07939634453618638
0.08003716517424507
0.08058228670000388
0.08103413187579951
0.0814023917509788
0.08194145637089584
0.08229639105322324
0.08289360196922123
0.08350777222157615
0.08389056867077567
0.08439934876148389
0.08490207194635035
0.08541569756173198
0.0858190874907935
0.08681242004884289
0.08770641935108733
0.08826365468852967
0.08877606892274295
0.08940598713028647
0.08995110865604528
0.09052409194867621
0.09134904252432453
0.0917742373144164
0.09224546458890569
0.09257132612319262
0.09397289413497693
0.09444896693413962
0.09483055200217079
0.09519275497150831
0.09555616932201419
0.09581903903554677
0.09634720122494864
0.09663308718067992
0.09691655037407451
0.09739989146024731
0.09774028956855449
0.098617329534442
0.09949558088149785
0.1001400356630616
0.10099042524324534
0.10169787184556343
0.10226116408884754
0.1030158545567314
0.10336957785789046
0.10398495949141373
0.10478810520603171
0.10512002364616041
0.10572692561150521
0.10591468969259991
0.10633261619568167
0.10654460790014343
0.10665242082412683
0.10710426599992247
0.10735865604527658
0.10766755824320658
0.10810607822615033
0.10865846803891925
0.10928111795945265
0.10972811761057487
0.11018117416753886
0.11056154785440167
0.11084501104779626
0.11139013257355507
0.11194373376749234
0.11237135131992092
0.11291283870217467
0.11358636663177889
0.11407939876729853
0.11464026824824591
0.11509817032988331
0.11570870643873318
0.11633256774043493
0.1169225103694228
0.11729077024460209
0.11787829011125325
0.11856756599604605
0.1192350370198085
0.11975593092220026
0.12027197929991859
0.12047185719269682
0.12104484048532775
0.12147366941892468
0.12198487227196961
0.12259177423731442
0.12309692018451758
0.12358874093886886
0.12413749660813272
0.12463779703066248
0.12564930030623717
0.1259848528898709
0.12635916967089197
0.126960014730395
0.12767351823855488
0.12826588362987945
0.12886188316470906
0.12955963871768034
0.13018471140055046
0.13070681668411055
0.13176435244408263
0.1321180757452417
0.13255175020351204
0.13323496918246308
0.13389396053804706
0.1349066751947901
0.13569165019188278
0.13601630034500137
0.13665954374539674
0.13747722603403498
0.1379520874520293
0.13845359925572742
0.13892603791138505
0.1395595902624336
0.13987697212854208
0.14045116680234135
0.1409672151800597
0.14160561305578168
0.14213135248284683
0.1425928887079893
0.1429066364305927
0.14343601000116293
0.14385151374190797
0.14438452145598327
0.14534393534131876
0.1459908128852192
0.14635543861689343
0.14672369849207273
0.14707621041206342
0.1479799007636547
0.14879152614645114
0.14918280226382913
0.14958619219289065
0.15001865526999264
0.15071519944179557
0.1510616544559445
0.15142628018761872
0.1518793367445827
0.15254438500600845
0.15301561228049773
0.15343232740241114
0.15401379036322052
0.15440627786176686
0.1547939198356398
0.15511372446408497
0.15563704112881344
0.15605617901306354
0.15637234949800363
0.15702407256657752
0.15761038105206032
0.1583674942822809
0.15881328255223476
0.15927360739620885
0.1598720296933752
0.16013489940690778
0.16059885839438695
0.16122393107725705
0.16177995503353104
0.1619277435360701
0.1625806779858123
0.16318152304531536
0.1637666201496298
0.16417243284102803
0.1645794569135946
0.16490289568554484
0.16573874869170835
0.1667865934023336
0.16726751172616972
0.16777265767337288
0.16817483622126603
0.16838319378222275
0.1687163236035198
0.1694855506454239
0.17010820056595727
0.17099856572469668
0.17134380935767726
0.17161758150172501
0.1722244834670698
0.1726084912974377
0.17311727138814592
0.17399915687870682
0.17441587200062023
0.17485560336473233
0.1753013916346862
0.17589860255068418
0.1763128949102609
0.17653700042640616
0.17728321122611157
0.17830440555103308
0.17892220994689306
0.17917417722991044
0.1795666647284568
0.18045218436252278
0.1808604198162577
0.18143219172772027
0.18183437027561344
0.18207301236577897
0.18245217467147343
0.18293309299530952
0.18319717409001046
0.18355695429701127
0.1842995309532116
0.18491975811140832
0.18537887157421407
0.18604876536031323
0.1866871632360352
0.1872068457572586
0.18738007326433306
0.18796638174981586
0.18853330813660504
0.18925529131294336
0.19027890840020156
0.19062657479551887
0.19115715974725744
0.1913231189673218
0.19198332170407412
0.19279979261154398
0.1930517598945614
0.19374951544753266
0.19413352327790054
0.19477918944063263
0.19508566887622592
0.19516440865216886
0.19549632709229756
0.19629947280691554
0.19659262704965694
0.1970590087994728
0.19764895142846067
0.19818559328604102
0.19845451990541535
0.19883004806760476
0.1992843160057371
0.19966105554909486
0.2001795266891499
0.2006943636856999
0.2013218591309067
0.20224856572469668
0.2027827848199403
0.20338362987944333
0.20379428809551497
0.2042800519440245
0.2048821083846959
0.2052782300267473
0.20557986393766717
0.20598688801023374
0.20637574136527503
0.20702625305268055
0.20798082141334265
0.2082182521223398
0.20877548745978214
0.20958105593673684
0.2101576733728728
0.2105695429701128
0.21104077024460208
0.21139933907043454
0.21182816800403148
0.21214312710780323
0.21260587471411405
0.2131631100515564
0.2138342152188239
0.21435995464588906
0.21474275109508859
0.21519580765205257
0.21595655502577818
0.2163805384347017
0.2169256599604605
0.21800984610613638
0.21876574795518858
0.21949742218087376
0.2199819746482149
0.22065550257781913
0.2210237624529984
0.2213641605613056
0.22213459898437804
0.22254041167577626
0.22294380160483776
0.22314367949761602
0.22363186610846222
0.22385233748110245
0.22421575183160833
0.22498497887351243
0.22547558824669536
0.22623270147691593
0.22705522929022753
0.22759550529131295
0.2281163991937047
0.22832233399232468
0.22872935806489125
0.2291763577160135
0.2296572760398496
0.2303077877272551
0.230650608597899
0.23114121797108192
0.23205581075318835
0.2328904523781835
0.23344041942861574
0.23375537853238748
0.2342593130984223
0.23494980036438345
0.23572750707446602
0.23638528704888165
0.2368141159824786
0.2377371884327635
0.23841677326820948
0.23877170795053687
0.23899702484785051
0.23921749622049077
0.23964269101058264
0.2400703085630112
0.240491869209598
0.24077412102182424
0.2412974376865527
0.2417553397681901
0.2425063960925689
0.24341614335000195
0.24412480133348838
0.2447244350118231
0.24522958095902625
0.24565962127379154
0.2460896615885568
0.2465063767104702
0.24709147381478466
0.24764507500872193
0.24828710702794898
0.24858389541419545
0.24901999263480248
0.24949969957747026
0.24988491878900648
0.2504288289335969
0.2508588692483622
0.2512428770787301
0.2513300965228515
0.25178557584215217
0.25204360003101134
0.25253784354769937
0.2529824204364849
0.2533906558902198
0.25373105399852697
0.25402178547893167
0.254908516494166
0.25535551614528823
0.2557722312672016
0.2562422471605225
0.25658264526882973
0.2569848238167229
0.25720771795169983
0.2575856688762259
0.25790426212350276
0.2585099527076792
0.2588515621971547
0.2597504070240726
0.26019498391285806
0.2606335038958018
0.2611023084079544
0.2613336822111098
0.2617201128038144
0.2620920068224987
0.2625402178547893
0.2628418517657092
0.2632089002597201
0.26364742024266385
0.26433427336512
0.26482124859479783
0.26526461410241503
0.2657406869015777
0.2663512230104276
0.2668781738186611
0.2672282629763151
0.26764861224173353
0.26790057952475094
0.2680665387448153
0.2682567255882467
0.26872068457572584
0.26922825328526573
0.2697600496181727
0.2698569601116409
0.2702288541303252
0.2705971140055045
0.271305771988991
0.27176246268946
0.2720980152730938
0.2725341124937008
0.2728054618754119
0.2731083071675001
0.2733287785401403
0.27382786758150174
0.2739853471333876
0.27468189130519055
0.2748333139512346
0.27535541923479473
0.2759623212001395
0.2766455401790906
0.2770174341977749
0.27718702756134433
0.2778944741636624
0.27825183160832656
0.2787908962282436
0.27943777377214407
0.2801973097647013
0.2805994883125945
0.2810174148156762
0.28167034926541845
0.28213309687172927
0.2827496898864209
0.28309251075706476
0.2835528356010389
0.28410401403263946
0.28444925766562
0.2849495580881498
0.2854195739814707
0.28580600457417527
0.28607250843121296
0.28646984145443266
0.28697014187696246
0.2875697755552971
0.28817910028297866
0.2888950265534752
0.2894050180253518
0.28986292010698916
0.29050374074504787
0.2909713338760321
0.2916194228011009
0.2919283249990309
0.2923862270806683
0.29300039733302324
0.2933844051633911
0.29374418537039193
0.2943195914253595
0.2946757374888553
0.29507549327441174
0.29544133038725434
0.29580595611892857
0.2962166143350002
0.2966987440400046
0.2971081908749079
0.29745464588905685
0.2979246617823778
0.2982662712718533
0.2987072140171338
0.2994316199558088
0.29988346513160447
0.30031350544636976
0.300640578361825
0.301134821878513
0.30180108152110713
0.3021972031631585
0.3028198530836919
0.3033516494165988
0.303774421444354
0.3041136081714928
0.304618754118696
0.30519537155483195
0.3056338915377757
0.30605424080319416
0.3064212892972051
0.3067628987866806
0.3074630771019886
0.30757694693181376
0.308106320502384
0.30870595418071867
0.3088186126293755
0.3090100108539753
0.3094194576888786
0.3102165464976548
0.31065627786176686
0.3111347734232663
0.31178649649184015
0.31203846377485756
0.3125956991122999
0.31293973136411213
0.3135006008450595
0.3142213726402295
0.31471319339458076
0.3153067701670737
0.31580707058960344
0.31617775322711944
0.3167337771833934
0.3170329883319766
0.3172352889870915
0.3177464918401364
0.31816805248672325
0.31854358064891264
0.3189384909097957
0.3192691979687561
0.31957083187967594
0.3200081404814513
0.32025162809629026
0.3206937822227391
0.3210644648602551
0.32147996860100014
0.3217246675970074
0.3221922607279916
0.32270952048687834
0.3232655444431523
0.3238215683994263
0.3241425844090398
0.3245726247238051
0.32511653486839553
0.3254181687793154
0.3258276156142187
0.3263630460906307
0.3268512327014769
0.3272352405318448
0.327702833662829
0.3279838740938869
0.32825401209442956
0.3284878086599217
0.3291746617823778
0.3297222060704733
0.3301534577664069
0.3307930670232973
0.3309311644764895
0.3313866437957902
0.33215950498119934
0.33326428460673724
0.33389299143311235
0.33487905570415166
0.335518664961042
0.33617159941078417
0.336510786137923
0.3369589971702136
0.33716129782532855
0.3377585087413265
0.3380165329301857
0.33881967864480367
0.33910314183819823
0.3398142225840214
0.3401352385936349
0.34097351436213513
0.3413914408652169
0.34184692018451757
0.34208919641818814
0.34239567585378144
0.34282450478737836
0.3431055452184362
0.3434968213358142
0.343976528278482
0.3445882757685002
0.34534296623638405
0.34555616932201416
0.34625998178082723
0.3467360545799899
0.347336899639493
0.3478117610574873
0.34813035430476413
0.34858462224289644
0.3488983699654999
0.3492678412218475
0.3499716536806605
0.35066092956545336
0.3512847908671551
0.3518274896305772
0.35247194441214097
0.352763887273714
0.3531648544404388
0.35368938248633564
0.3540164554017909
0.35448889405744854
0.3550255359150289
0.3552980966779083
0.3557269256115052
0.35645617707485366
0.35708730666356553
0.357445875489398
0.35805156607357447
0.3583023219754235
0.35869480947396987
0.35920843508935146
0.35973417451641665
0.3602720277551653
0.3609055801062139
0.3613101814164438
0.36179715664612166
0.36210848160638837
0.3624876439120828
0.36285469240609375
0.36352216342985616
0.36390374849788737
0.3644040489204171
0.36492009729813546
0.3651866011551731
0.3655827227972245
0.36620900686126295
0.3668461933558166
0.36728471333876034
0.36744340427181454
0.36802607861379233
0.36808180214753655
0.36827683451564136
0.36853243594216384
0.369284703647711
0.36984193898515333
0.3701835484746288
0.3708037756328255
0.3711562875528162
0.3714034093111602
0.37157421405589797
0.3719412625499089
0.372525148273055
0.3728522211885103
0.3730654242741404
0.3732120013955111
0.3733101232701477
0.37382253750436095
0.3742986103035237
0.3748849187890065
0.37528467457456294
0.37580920262045975
0.37626225917742373
0.3767383319765864
0.3770072585959608
0.3771913885335504
0.3781047699344885
0.3788945904562546
0.3794712078923906
0.37970863860138776
0.38027798775051364
0.3807310443074776
0.38125072682870104
0.3819896693413963
0.3826147420242664
0.3829333352715432
0.3834215218823894
0.3837170988874675
0.3843094642787921
0.3847952281273016
0.3850580978408342
0.3854978292049463
0.3861749912780556
0.38716226693026323
0.38761047796255377
0.3880344613714773
0.3884560220180641
0.3888497208977788
0.38928702949955424
0.3896480210877234
0.39005019963561655
0.39063893088343604
0.39114044268713416
0.39181275923557
0.3921252955770051
0.3927334089235182
0.3931040915610342
0.3933742295615769
0.3939072372756522
0.39446447261309453
0.39510287048881654
0.3961470810559367
0.39676246268946
0.3971282998023026
0.3973693646548048
0.39790600651238517
0.39816281932007597
0.398430534558282
0.3986558514555956
0.39895021707950534
0.3992736558514556
0.399710964453231
0.3999447610187231
0.400394183432182
0.40067643524440827
0.40114887390006587
0.4016867271388146
0.40218945032368103
0.40242324688917314
0.40320095359925573
0.4037194247393108
0.40444383067798584
0.4048653913245726
0.4053547893165872
0.4060755611117572
0.40636992673566696
0.4066969996511222
0.40706404814513314
0.4074129259216188
0.4077109256890336
0.40815429119665075
0.40866064852502226
0.4089974124898244
0.4091548920417103
0.40965761522657673
0.41014337907508625
0.4108726305384347
0.4113099391402101
0.41170484940109314
0.4120404019847269
0.41234324727681515
0.41279388107144244
0.41338140093809356
0.4140985385897585
0.41450677404349345
0.41502039965887505
0.41531234252044813
0.415716943830678
0.4161590979571268
0.4163214230336861
0.4168423169360778
0.4171669670891964
0.41765394231887426
0.4183226247238051
0.4186957301236578
0.41924690855525837
0.4197241927355894
0.42018088343605847
0.4203141353645773
0.42057942784044655
0.4208786389890297
0.42114756560840405
0.4214915978602163
0.42175325619258053
0.4222269062294065
0.4227853529480172
0.4232226615497926
0.42329413303872543
0.4235351978912277
0.423721750591154
0.4240997015156801
0.4245733515525061
0.4248943675621196
0.42557152963522893
0.42643039888359113
0.4270578943287979
0.4275363898902973
0.4279385684381905
0.42836618599061904
0.4286617629956972
0.42902760010853974
0.42954728262976316
0.4298537620653564
0.4301735666938016
0.4306060297709036
0.43104939527852076
0.4312807690816762
0.43152062255301005
0.43194945148660696
0.43216507733457377
0.4322898495949141
0.4324194673799279
0.4327053533356592
0.4333146780633407
0.4338161898670388
0.4342438074194674
0.4345006202271582
0.43485676629065395
0.4350360507035702
0.43545639996898866
0.4357447086870566
0.43618201728883205
0.4364061228049773
0.4368761386982983
0.4375
0.437829495677792
0.43816989378609916
0.438282552234756
0.438673828352134
0.4390772182811955
0.4395605593673683
0.4398537136101097
0.4400766077450866
0.4404085261852153
0.44080585920843507
0.44096091599798426
0.4413206962049851
0.4420014924215994
0.442532077373338
0.4429742314997868
0.44326859712369654
0.44361384075667715
0.44395060472147924
0.44437701089273945
0.4446762220413226
0.44540910764817615
0.44577979028569215
0.4461407818738613
0.44648360274450516
0.44681430980346554
0.4469742121176881
0.44711230957088033
0.4472600980734194
0.4474490735356824
0.4478464065589022
0.4482606989184789
0.44853447106252664
0.44901296662402607
0.44943452727061284
0.450042640617126
0.45026311198976626
0.45067255882466956
0.45125886731015236
0.45161137923014305
0.4518560782261503
0.4519675252936388
0.4521625576617436
0.4524230046129395
0.45273796371671127
0.4530662480133349
0.4534332965073458
0.4539021010194984
0.4543491006706206
0.45475975888669223
0.45537635190138387
0.4556767744311354
0.45608016436019694
0.4565380664418343
0.45675611505213787
0.45709651316044503
0.4572782203356979
0.4574526592239408
0.45773369965499866
0.45795174826530216
0.45826791875024225
0.4585223087955964
0.4588409020428732
0.4592709423576385
0.45944174710237623
0.4599505271930845
0.46051139667403185
0.46088450207388454
0.4611352579757336
0.46181120866767456
0.4621600864441602
0.4623478505252549
0.46264706167383807
0.46298503701980853
0.4633508741326511
0.4636609877117494
0.464356320502384
0.4646058650230647
0.46490023064697444
0.4650867833469008
0.4654320269798814
0.4659747257433035
0.4666070667131837
0.466995920068225
0.4674647245803776
0.4675458871186572
0.4680316509671667
0.46848834166763575
0.46891595922006435
0.4693132922432841
0.4697033569794937
0.47022546226305384
0.4707184943985735
0.4711109818971198
0.4713992906151878
0.4716597375663837
0.4719419893786099
0.47217336318176534
0.4728917122145986
0.473267240376788
0.47377723184866455
0.4744761987828042
0.47483234484629994
0.47521635267666784
0.4754150191882777
0.4759637748575416
0.4763780672171183
0.4768529286351126
0.4774283346900802
0.4779770903593441
0.4781939275884793
0.4785864150870256
0.4789873822537504
0.47942953638019925
0.4797166337170989
0.4800194790091871
0.48054158429274724
0.4809074214055898
0.4811157789665465
0.4814295266891499
0.4818232255688646
0.4823465422335931
0.48268694034190024
0.48291952552622397
0.4832090456254603
0.4834852405318448
0.4839068011784316
0.4841405977439237
0.48437076016591074
0.4846166705430864
0.4853011009032058
0.48572871845563437
0.4859491898282746
0.4863295635151374
0.48672568515718884
0.4869086037136101
0.48709636779470483
0.4872792863511261
0.4875554812575106
0.48771538357173316
0.48807274101639725
0.48856092762724346
0.4888044152420824
0.48908424429197195
0.48928412218475015
0.4895833333333333
0.489915251773462
0.49017448734348956
0.49051367407062835
0.49109029150676436
0.4914670310501221
0.4917492828623483
0.4919055510330659
0.4924240221731209
0.49279228204830017
0.4933531515292476
0.4936923382563864
0.49421080939644146
0.4945415164554018
0.49481528859944957
0.4949424836221266
0.4954367271388146
0.4959261251308292
0.4963149784858705
0.49655604333837267
0.49696064464860257
0.4972828720393844
0.4976196360041865
0.4979103674845912
0.4982204810636896
0.4987123018180409
0.498908545567314
0.499217447765244
0.4995299841066791
0.5001926096057681
0.5007680156607357
0.5012222835988681
0.5015711613753537
0.5021223398069543
0.5025923557002753
0.5028576481761445
0.5031023471721519
0.5033094933519402
0.5038412896848471
0.5045232972826298
0.5048527929604217
0.5054948249796488
0.5058218978951041
0.5062034829631352
0.5064930030623715
0.5067873686862814
0.5069945148660697
0.5071580513237973
0.5073203764003567
0.5075008721944412
0.5079006279799977
0.508725578555646
0.5094402934449742
0.5100241791681204
0.5103670000387642
0.510455430864054
0.510661365662674
0.5110926173586076
0.5113046090630694
0.5116886168934373
0.512027803620576
0.5124408845989844
0.5128697135325813
0.5134463309687173
0.5137709811218358
0.5143185254099314
0.5146552893747335
0.515453589564678
0.5160738167228748
0.5166867755940613
0.5172742954607125
0.5179223843857813
0.5183875547544288
0.5188079040198472
0.5190804647827266
0.5194075376981819
0.5197552040934993
0.5200725859596077
0.5203560491530023
0.520684333449626
0.5209738535488623
0.5212137070201961
0.5213833003837656
0.5218593731829283
0.5221464705198279
0.5226455595611893
0.5229290227545839
0.523327567158972
0.5236267783075551
0.5238581521107105
0.524261542039772
0.5245898263363957
0.5248696553862853
0.5250041186959724
0.5252972729387138
0.5256946059619335
0.526090727603985
0.5264977516765516
0.5268139221614917
0.5271579544133038
0.5274426289878668
0.5278908400201574
0.528136750397333
0.5285001647478389
0.5290683025157964
0.5294729038260263
0.529726082490212
0.5300592123115091
0.5304274721866884
0.530899910842346
0.5316134143505059
0.5317624142342133
0.5320858530061635
0.5324601697871846
0.532856291429236
0.5331397546226305
0.5335661607938907
0.5338266077450866
0.5340882660774509
0.5344032251812226
0.534802980966779
0.5352996472458038
0.535767240376788
0.5362893456603481
0.536710906306935
0.5368889793386828
0.5371554831957205
0.537500726828701
0.5376376129007249
0.5379404581928131
0.5382953928751405
0.5386321568399426
0.5388865468852967
0.5393553513974493
0.5399646761251309
0.5403474725743304
0.5405546187541187
0.5408271795169981
0.541083992324689
0.5412947726479823
0.54156127650502
0.5418265689808892
0.5420676338333915
0.5427472186688375
0.5432644784277242
0.5437042097918363
0.544080949335194
0.5444903961700973
0.5448489649959297
0.5451336395704927
0.5459089235182386
0.5463401752141722
0.5467944431523045
0.5471154591619181
0.5477829301856805
0.5483995232003721
0.5487968562235919
0.5493819533279063
0.5500094487731132
0.5502020583788813
0.550406781796333
0.5509095049811994
0.5513080493855874
0.5517090165523123
0.5521002926696903
0.5522771543202698
0.5526199751909137
0.5527907799356514
0.553074243129046
0.5533952591386595
0.5539113075163778
0.5543437705934798
0.5546865914641237
0.5549567294646665
0.5554109974027988
0.5557356475559173
0.5561971837810599
0.5566126875218048
0.5572159553436447
0.5577647110129085
0.5579900279102221
0.5583667674535798
0.5588610109702679
0.5593855390161647
0.5598713028646742
0.5601644571074156
0.5604757820676823
0.5607592452610769
0.5609627572973601
0.5612825619258053
0.5616035779354188
0.562170504322208
0.5628549346823274
0.5631698937860992
0.5636290072489049
0.5642104702097143
0.5648634046594565
0.5650899329379385
0.5652958677365585
0.5659766639531728
0.5664454684653254
0.5668004031476528
0.5672740531844788
0.5676604837771834
0.5680117843160057
0.568314629608094
0.568520564406714
0.5691068728921967
0.5695369132069621
0.5699281893243401
0.5702879695313409
0.5707410260883048
0.5710995949141373
0.5714399930224445
0.5719633096871729
0.5724539190603558
0.5728779024692794
0.5735078206768229
0.5738954626506958
0.5741886168934373
0.5744987304725355
0.5747107221769974
0.5750438519982943
0.5753672907702446
0.5758336725200605
0.5759959975966198
0.5764878183509711
0.5767615904950188
0.5771334845137032
0.5775489882544482
0.5779766058068768
0.5783630363995813
0.5789021010194983
0.5793805965809978
0.5798469783308137
0.5800638155599488
0.5802552137845486
0.580424807148118
0.5807434003953948
0.5810183839206109
0.581293367445827
0.5817197736170873
0.5821752529363879
0.5825798542466178
0.5830801546691475
0.583517463270923
0.5840892351823855
0.5847651858743265
0.5852012830949335
0.5854992828623483
0.5858057622979416
0.5859995832848781
0.5863327131061752
0.5867361030352366
0.5871685661123387
0.5877209559251075
0.5881316141411792
0.5886585649494127
0.588906898088925
0.589150385703764
0.5895755804938558
0.5900867833469008
0.5904974415629725
0.5908111892855759
0.5911443191068729
0.5914980424080319
0.5918457088033492
0.5920298387409388
0.592538618831647
0.59282329340621
0.5931346183664767
0.5933781059813157
0.5937839186727139
0.5939837965654922
0.5941546013102299
0.5944150482614258
0.5948160154281505
0.5950001453657402
0.5953126817071752
0.5956312749544521
0.5961121932782881
0.596372640229484
0.5967384773423267
0.597216972903826
0.597604614877699
0.5981121835872388
0.5984453134085359
0.5987590611311393
0.5990522153738806
0.599338101329612
0.5996457921463736
0.5999958813040276
0.60014851533124
0.6004016939954259
0.6006621409466217
0.6009153196108075
0.6012617746249563
0.6014495387060511
0.6016130751637787
0.6019377253168973
0.6024416598829321
0.6026500174438888
0.6028801798658758
0.6031297243865565
0.6032823584137691
0.6036809028181571
0.6039534635810365
0.6041969511958755
0.6042732682094817
0.6045676338333915
0.6048789587936582
0.6052399503818273
0.605547641198589
0.6059328604101252
0.6062793154242742
0.6066148680079079
0.6067384288870799
0.6069479978292049
0.6071442415784781
0.6075028104043105
0.6076796720548902
0.6079280051944025
0.608293842307245
0.6086003217428383
0.6091490774121022
0.6096929875566927
0.6101642148311819
0.6105688161414118
0.6109043687250455
0.6110860759002985
0.611390132573555
0.6117535469240609
0.6121787417141528
0.6123507578400589
0.61262210722177
0.6130473020118619
0.6134543260844284
0.6136990250804357
0.6139655289374734
0.614351959530178
0.6148038047059735
0.6153537717564058
0.615866185990619
0.6162780555878591
0.6166354130325231
0.6167807787727255
0.6171308679303795
0.6174046400744273
0.6178104527658255
0.6183325580493856
0.618749273171299
0.6191369151451719
0.6195415164554018
0.6197159553436447
0.6200260689227429
0.6202283695778579
0.6206244912199093
0.6209988080009303
0.6213319378222274
0.6217147342714269
0.6222634899406908
0.6225542214210955
0.6227807496995774
0.6231550664805985
0.6237559115401016
0.6241156917471024
0.6244996995774702
0.6247395530488041
0.6249527561344342
0.6254033899290615
0.6258491781990154
0.6263022347559793
0.6266777629181688
0.6270593479862
0.6274724289646083
0.6278806644183432
0.6281011357909835
0.6285396557739272
0.6288146392991433
0.6291659398379656
0.6296080939644144
0.6300635732837152
0.6305069387913323
0.6309878571151685
0.6313658080396946
0.6318588401752142
0.632280400821801
0.6327249777105866
0.632997538473466
0.6333524731557933
0.6338600418653332
0.6341968058301353
0.6347007403961701
0.6350387157421405
0.6352931057874946
0.6354578536263906
0.6357376826762802
0.6360914059774392
0.6365977633058107
0.6369611776563167
0.6374057545451022
0.6378600224832345
0.6383179245648719
0.6387092006822499
0.6391210702794898
0.6393621351319921
0.6396661918052486
0.639914524944761
0.6401531670349265
0.6407019227041905
0.641112580920262
0.6414638814590844
0.6418515234329574
0.642084108617281
0.6424051246268946
0.6426534577664069
0.6428775632825522
0.6431234736597279
0.6437073593828739
0.6440235298678141
0.6446498139318525
0.6450895452959646
0.645523219754235
0.6459435690196534
0.646539568554483
0.6469090398108307
0.6473051614528821
0.6478418033104625
0.648166453463581
0.6484172093654301
0.648677656316626
0.6487345912315385
0.6490834690080242
0.6495316800403148
0.6496625092064969
0.6498732895297903
0.6502403380238012
0.6506013296119704
0.6509320366709307
0.651131914563709
0.6513996298019149
0.6517024750940031
0.6521373609334419
0.6526933848897158
0.6532930185680506
0.6536382622010312
0.6540210586502306
0.6542875625072683
0.6543844730007365
0.6547600011629259
0.6551222041322634
0.6554807729580959
0.6556806508508741
0.656163991937047
0.6566134143505059
0.6569840969880218
0.6574335194014808
0.6578441776175524
0.6581203725239368
0.6583832422374695
0.6588920223281777
0.6593511357909835
0.6595764526882971
0.6597811761057487
0.6600270864829244
0.6605455576229794
0.6609041264488119
0.6611330774896306
0.6612215083149203
0.6613801992479745
0.6617012152575881
0.6622451254021785
0.6627514827305501
0.6632105961933558
0.6634201651354809
0.6636018723107338
0.6637654087684615
0.6640355467690041
0.6643250668682404
0.6647466275148273
0.6648968387797031
0.6652747897042292
0.6657108869248363
0.6659531631585068
0.6661772686746521
0.6664401383881847
0.6667405609179362
0.6670349265418459
0.6675013082916618
0.667697552040935
0.6678186901577703
0.6680464298174207
0.668418323836105
0.6686981528859945
0.6689125673527929
0.6691172907702446
0.6692032988331976
0.6694794937395822
0.669715713067411
0.669904688529674
0.6702160134899406
0.670457078342443
0.6706690700469047
0.6708362406481374
0.6709852405318448
0.6712517443888825
0.6717096464705198
0.6720173372872814
0.6722317517540799
0.672478873512424
0.6729464666434082
0.67326142574718
0.6735909214249719
0.6738731732371981
0.6742923111214483
0.6747380993914021
0.6751536031321471
0.6753789200294608
0.6757277978059464
0.6761093828739776
0.6764110167848975
0.6765454800945846
0.6768337888126527
0.6772044714501686
0.6774467476838392
0.6775230646974454
0.6780233651199752
0.6783104624568749
0.6786217874171415
0.6789621855254487
0.6793570957863317
0.6797822905764236
0.6801396480210877
0.6805091192774354
0.6807937938519983
0.6809645985967361
0.6812032406869015
0.681681736248401
0.6821081424196612
0.682673857425282
0.6830542311121448
0.6833001414893205
0.6836260030236074
0.6839385393650425
0.6840548319572043
0.6843298154824204
0.6845587665232391
0.6846738477342327
0.6850312051788968
0.6855242373144164
0.6859155134317944
0.6863346513160445
0.6866241714152809
0.6869585126177462
0.6872880082955383
0.687702300655115
0.6879893979920145
0.6881868531224561
0.6883394871496685
0.6884993894638911
0.6888082916618211
0.6891135597162461
0.6894479009187114
0.6896223398069543
0.6898379656549212
0.6900548028840563
0.6904472903826027
0.6907828429662364
0.690942745280459
0.6912528588595573
0.6915048261425747
0.6916804764119859
0.6919130615963096
0.6921189963949297
0.6923939799201457
0.6926301992479745
0.6929148738225375
0.6933739872853433
0.6937119626313137
0.6940014827305501
0.6942595069194092
0.6945102628212583
0.6948676202659224
0.6952516280962903
0.695645326976005
0.6960547738109083
0.6964387816412762
0.6968203667093072
0.6972189111136954
0.6974187890064736
0.697608975849905
0.6976731790518277
0.6979881381555995
0.6983588207931155
0.6986410726053417
0.6990638446330969
0.6993618444005116
0.6996186572082025
0.6999869170833818
0.7001443966352676
0.7004121118734736
0.7008724367174478
0.7013073225568864
0.7018257936969415
0.7021504438500601
0.7023563786486801
0.7025380858239331
0.702802166918634
0.7032079796100321
0.7036259061131139
0.7039517676474009
0.7043866534868396
0.7048905880528744
0.7050795635151375
0.7051631488157538
0.7052721731209055
0.7056222622785595
0.7058911888979339
0.7062812536341435
0.706787610962515
0.7071473911695159
0.7073266755824321
0.7076246753498469
0.7078669515835174
0.7080474473776021
0.7081697968756057
0.7085756095670039
0.7088324223746947
0.709118308330426
0.7093193976043726
0.7095011047796256
0.7097239989146025
0.7099614296235996
0.7102739659650347
0.7104605186649611
0.7106603965577393
0.7109741442803427
0.7111049734465248
0.7113932821645927
0.7115434934294685
0.711774867232624
0.7120801352870488
0.7123648098616118
0.7126567527231848
0.7128505737101213
0.7130892158002868
0.713206719773617
0.7134732236306547
0.7137130771019886
0.7140655890219793
0.7142727352017676
0.7144265806101485
0.7145186455789433
0.7146991413730279
0.7150928402527426
0.7152963522890259
0.7155495309532116
0.715698530836919
0.7158814493933403
0.7160352948017211
0.716378115672365
0.7167500096910493
0.7172115459161919
0.7175034887777648
0.7178560006977556
0.7181951874248944
0.7184483660890801
0.718712447183781
0.7190043900453541
0.7192430321355197
0.7194804628445168
0.7196839748808
0.7199698608365314
0.7204447222545257
0.720545266891499
0.7209886323991161
0.7213266077450866
0.7216076481761445
0.7217481683916734
0.7221394445090514
0.7225622165368066
0.7228359886808544
0.7231981916501918
0.7234574272202194
0.7236282319649572
0.7237324107454355
0.7238632399116176
0.7242072721634298
0.7244580280652789
0.724716052254138
0.7250067837345427
0.7253762549908904
0.7256585068031166
0.7260146528666124
0.7264240997015157
0.7269098635500252
0.727290237236888
0.7276718223049192
0.7281636430592705
0.7284810249253789
0.7289195449083227
0.7291945284335388
0.7295773248827383
0.7298632108384696
0.7301624219870527
0.7304822266154979
0.7309958522308796
0.731268412993759
0.7315918517657092
0.7319649571655619
0.732256900027135
0.7327438752568128
0.7330757936969415
0.7332914195449083
0.7336172810791952
0.7339358743264721
0.7343525894483854
0.7347705159514673
0.7349376865527
0.7352017676474009
0.735435564212893
0.7356596697290383
0.7360485230840795
0.7363392545644842
0.7366057584215219
0.7369800752025429
0.7373858878939411
0.7377795867736558
0.7381454238864984
0.7385367000038764
0.7388153176725976
0.7393083498081172
0.7396753983021281
0.7399649184013645
0.7402229425902237
0.7404107066713184
0.7405754545102143
0.7408310559367368
0.74113026708532
0.741381022987169
0.7415821122611156
0.7418037950149242
0.7421017947823391
0.7424579408458348
0.7428213551963406
0.7430999728650618
0.7433737450091096
0.7437274683102686
0.7442410939256503
0.7446311586618599
0.7451823370934605
0.7455287921076094
0.7458716129782533
0.7462253362794123
0.7465887506299183
0.7468758479668178
0.7471665794472225
0.7476014652866613
0.7481090339962011
0.7485148466875994
0.7487280497732295
0.7490393747334961
0.7492768054424933
0.7495966100709385
0.7498958212195217
0.7500751056324378
0.750432463077102
0.7508625033918672
0.7510284626119316
0.7513894542001008
0.7516644377253169
0.7519636488739001
0.7520181610264759
0.7523839981393186
0.7526456564716828
0.7530042252975152
0.7533361437376439
0.7535057371012133
0.7538945904562546
0.7540145171919216
0.7540859886808544
0.7542277202775517
0.7545257200449664
0.7548394677675698
0.7552719308446718
0.755588101329612
0.7559503042989495
0.7563754990890413
0.7566032387486917
0.756992092103733
0.7571689537543125
0.7573809454587743
0.7576704655580107
0.7579660425630887
0.7582567740434935
0.7584966275148273
0.7589133426367407
0.759158041632748
0.759367610574873
0.7595275128890956
0.7597649435980928
0.7600302360739621
0.7602301139667403
0.7604808698685893
0.7607170891964182
0.7609751133852773
0.7612743245338606
0.7614729910454704
0.7616135112609993
0.7618448850641547
0.7620096329030508
0.7624469415048262
0.7627255591735473
0.7629242256851572
0.7632973310850099
0.7637067779199131
0.7639696476334458
0.7642628018761871
0.7645353626390665
0.7647752161104004
0.7650235492499128
0.7652064678063341
0.7655783618250184
0.7659320851261775
0.7663269953870605
0.766479629414273
0.7666589138271892
0.7667182715044385
0.7668672713881459
0.767101067953638
0.76753353103074
0.767883620188394
0.7680786525564988
0.7685111156336009
0.7689229852308408
0.7691034810249254
0.76939421250533
0.7696292204519906
0.7697539927123309
0.7698872446408497
0.770094390820638
0.7702651955653759
0.7704626506958173
0.770643146489902
0.7708963251540877
0.7712088614955227
0.7716485928596348
0.7718593731829283
0.7720895356049153
0.7722506493003063
0.7723729987983099
0.7724553727177579
0.772713396906617
0.7728914699383649
0.7730271446292204
0.7732815346745746
0.7736110303523666
0.7741464608287786
0.7743354362910416
0.7745413710896616
0.7746927937357057
0.774958086211575
0.7753614761406366
0.775637671047021
0.7759853374423382
0.7764129549947668
0.7768551091212157
0.777346929875567
0.7776558320734969
0.777934449742218
0.7781452300655115
0.7783850835368453
0.7786394735821994
0.7789314164437725
0.7792088227313253
0.7794934973058882
0.7797769604992829
0.7800882854595496
0.7803414641237353
0.7806346183664767
0.7808877970306625
0.781047699344885
0.7814074795518858
0.7816085688258324
0.781744243516688
0.7819707717951699
0.7823075357599721
0.7827424215994108
0.7833517463270923
0.7837611931619956
0.7840046807768345
0.7842784529208823
0.7845352657285731
0.784775119199907
0.785001647478389
0.7851179400705508
0.7853275090126759
0.7855649397216731
0.7857684517579564
0.7860119393727952
0.7862590611311393
0.7864904349342947
0.7867775322711943
0.7873008489359228
0.7874861902546808
0.7878520273675234
0.7882166530991975
0.7885946040237237
0.7887605632437881
0.7889192541768423
0.789004050858627
0.7890840020157383
0.7892984164825367
0.7895830910570997
0.7898907818738613
0.7900894483854711
0.79022270031399
0.7905085862697213
0.790675756870954
0.7908211226111563
0.7910137322169245
0.7914449839128581
0.7917950730705121
0.7920373493041827
0.7921911947125635
0.7924782920494631
0.7927048203279451
0.793006454238865
0.793463144939334
0.7937999089041361
0.7941463639182851
0.794283249990309
0.7945424855603365
0.7947096561615692
0.7950367290770245
0.7952353955886343
0.795604866844982
0.7957962650695818
0.7962517443888825
0.796699955421173
0.796947077179517
0.7971348412606117
0.7973456215839051
0.797568515718882
0.7977405318447881
0.7979464666434082
0.7982178160251192
0.798416482536729
0.7987362871651742
0.7989458561072993
0.7992268965383572
0.7993177501259836
0.7995442784044656
0.7998047253556615
0.8000482129705004
0.8002892778230026
0.8004976353839593
0.8007217409001046
0.800908293600031
0.8010500251967283
0.8012535372330116
0.8015127728030391
0.8017199189828275
0.801937967593131
0.8022553494592395
0.8025218533162771
0.8028283327518704
0.8031117959452649
0.8035163972554948
0.8037853238748691
0.8039379579020817
0.8041414699383649
0.804392225840214
0.8047435263790363
0.8048537620653564
0.8049252335542892
0.8050609082451448
0.8052414040392294
0.8054861030352366
0.8055987614838934
0.8057998507578401
0.8060057855564601
0.8062516959336357
0.8065533298445555
0.8067132321587781
0.8070088091638563
0.8071469066170485
0.807381914563709
0.8077174671473427
0.8078979629414274
0.8081765806101485
0.808370401597085
0.8086647672209947
0.8087386614722643
0.808995474279955
0.8092329049889522
0.8095018316083266
0.8097998313757414
0.8100760262821258
0.8103364732333217
0.8106381071442416
0.8108888630460906
0.8110112125440943
0.8111105457998992
0.8113067895491723
0.8113503992712331
0.8114812284374152
0.8117646916308098
0.8120602686358879
0.8122129026631003
0.8125811625382796
0.8129990890413614
0.81342670659379
0.8136011454820328
0.8137198608365314
0.8139766736442222
0.8142456002635965
0.8143388766135597
0.8144624374927317
0.8147216730627592
0.8148210063185641
0.8149409330542311
0.8150717622204132
0.8153515912703028
0.8156096154591619
0.815864005504516
0.8161171841687018
0.8163085823933015
0.816629598402915
0.8169481916501918
0.8169990696592627
0.8173770205837888
0.8175066383688026
0.8176616951583517
0.8177440690777997
0.8178688413381401
0.8183715645230065
0.8187264992053339
0.818977255107183
0.8192885800674498
0.8195284335387836
0.8196495716556189
0.8199003275574679
0.8200287339613134
0.8203012947241928
0.8205520506260418
0.8207495057564833
0.8209106194518743
0.821167432259565
0.8213733670581851
0.821675000969105
0.8219524072566577
0.8222322363065473
0.8224829922083964
0.8227422277784239
0.8228573089894173
0.8229723902004109
0.8231456177074854
0.8233588207931155
0.8235792921657558
0.823820357018258
0.824012966624026
0.8241450071713765
0.8243509419699965
0.8245338605264178
0.8246961856029771
0.8248609334418731
0.8250123560879172
0.8251746811644765
0.8252788599449549
0.8253709249137496
0.8257767376051479
0.8260832170407412
0.8263642574717991
0.8265447532658836
0.826779761212544
0.8270014439663527
0.8272691592045587
0.8274266387564445
0.8275792727836571
0.8278348742101794
0.8281849633678334
0.8285156704267939
0.8286574020234911
0.8291419544908323
0.8294290518277319
0.829707669496453
0.8298336531379618
0.8300238399813932
0.8301231732371981
0.8302527910222118
0.8303981567624142
0.8304805306818622
0.8305992460363608
0.830675563049967
0.8308245629336745
0.8310304977322944
0.8311334651316045
0.8313321316432143
0.8316095379307672
0.8319450905144009
0.8321267976896538
0.8322673179051828
0.8323872446408497
0.8326016591076482
0.8326876671706013
0.8327918459510796
0.8328911792068845
0.8332800325619258
0.8334883901228826
0.833764585029267
0.8340831782765438
0.834427210528356
0.8346464705198279
0.8348863239911618
0.8350971043144552
0.8353514943598093
0.8356337461720356
0.8358590630693491
0.8360722661549793
0.8362394367562119
0.8364175097879598
0.8366355583982633
0.836840281815715
0.8370474279955034
0.8373236229018878
0.837585281234252
0.8377936387952087
0.8379571752529363
0.8381061751366438
0.8383835814241967
0.8385664999806179
0.8388257355506454
0.8391419060355856
0.8393187676861651
0.839380548125751
0.839562255301004
0.8398481412567352
0.8401461410241501
0.8404550432220801
0.8407239698414545
0.8410159127030274
0.8412375954568361
0.8414895627398534
0.8417233593053456
0.8418856843819049
0.842147342714269
0.8424828952979029
0.8428729600341125
0.8430679924022173
0.8432073012365779
0.8433369190215917
0.8434956099546459
0.8436446098383533
0.8439050567895492
0.8442151703686476
0.8444622921269915
0.8446125033918672
0.8448741617242315
0.8450800965228515
0.845236364693569
0.8455089254564484
0.8457003236810482
0.8457633155018025
0.8458565918517658
0.8460831201302477
0.8462345427762918
0.8463350874132651
0.8465022580144979
0.8466718513780672
0.8468644609838353
0.8470485909214249
0.8472193956661628
0.8473805093615536
0.8476239969763926
0.8478577935418847
0.8481545819281312
0.8484247199286739
0.8485603946195294
0.8487675407993177
0.8488220529518936
0.8491382234368338
0.8494119955808815
0.8495537271775788
0.8497366457340001
0.8499583284878086
0.8501666860487653
0.8503762549908904
0.8506233767492344
0.8509431813776795
0.8511176202659224
0.8514192541768423
0.8516603190293445
0.8518735221149746
0.8520479610032174
0.8522575299453424
0.8524719444121409
0.8526887816412762
0.8529068302515797
0.8533077974183044
0.8538080978408342
0.8542175446757375
0.8544222680931891
0.8546815036632166
0.8549516416637594
0.8552435845253324
0.8555512753420941
0.8559025758809163
0.856124258634725
0.8563738031554057
0.8565821607163624
0.856807477613676
0.8571139570492693
0.857404688529674
0.85767240376788
0.8579897856339884
0.8582914195449083
0.858664524944761
0.8588631914563709
0.8590291506764353
0.8592278171880451
0.8594289064619917
0.8596772396015041
0.8599158816916695
0.8601811741675388
0.8605106698453309
0.8609528239717796
0.861115149048339
0.8614410105826259
0.8615052137845486
0.8618310753188355
0.8620975791758732
0.8622538473465907
0.8624597821452107
0.8626923673295345
0.8629152614645114
0.8630969686397643
0.8633513586851185
0.8636396674031864
0.863923130596581
0.8640684963367834
0.8642550490367097
0.8644488700236461
0.8648243981858356
0.8650073167422568
0.8653356010388805
0.8656457146179788
0.8657244543939218
0.8659437143853936
0.8661387467534984
0.866456128619607
0.8666741772299105
0.866933412799938
0.8671320793115479
0.8672725995270768
0.8674240221731209
0.8675911927743536
0.86778501376129
0.8680890704345466
0.8683131759506919
0.8684415823545374
0.8686608423460093
0.8689115982478582
0.8693246792262667
0.8696529635228902
0.8698673779896887
0.8701556867077567
0.8702744020622553
0.8705699790673335
0.8708304260185293
0.871055742915843
0.8712217021359073
0.8713767589254564
0.8715730026747296
0.8718988642090165
0.8721423518238555
0.8723894735821994
0.8726220587665232
0.8728643350001938
0.873056944605962
0.873201098964996
0.8734215703376361
0.8736880741946738
0.8740587568321898
0.874341008644416
0.8744597239989146
0.8746596018916928
0.8748437318292824
0.8750399755785556
0.8751986665116098
0.8753391867271388
0.8754445768887855
0.8756832189789511
0.8758406985308369
0.8760890316703492
0.8761714055897972
0.876317982711168
0.8764960557429159
0.8767274295460713
0.8769454781563748
0.877104169089429
0.8773561363724464
0.877656558902198
0.87788308718068
0.8780332984455557
0.8781774528045897
0.8783942900337248
0.8785069484823816
0.8787455905725472
0.8789745416133659
0.8792798096677908
0.8795123948521146
0.8796965247897043
0.8799060937318293
0.8799884676512773
0.8801277764856379
0.8802464918401365
0.8803930689615072
0.8804693859751134
0.8805372233205412
0.8806353451951777
0.880777076791875
0.8809394018684343
0.8811780439585999
0.881357328371516
0.8813864015195565
0.8815693200759779
0.8818503605070357
0.881930311664147
0.8821507830367872
0.8824209210373299
0.8826292785982867
0.883042359576695
0.8833149203395744
0.8835329689498779
0.8837243671744777
0.8838975946815522
0.8841774237314416
0.8843894154359034
0.884652285149436
0.884861854091561
0.8851029189440632
0.885331869984882
0.8854808698685893
0.8856492518509904
0.8858697232236307
0.8861665116098771
0.8864875276194907
0.8867407062836764
0.886821868821956
0.8870556653874482
0.887333071675001
0.8875753479086715
0.887765534752103
0.8879423964026825
0.8880938190487266
0.8882476644571075
0.8883542659999225
0.8885492983680273
0.8888145908438966
0.8891174361359848
0.889313679885258
0.8894929642981743
0.8898127689266194
0.8900598906849634
0.8902161588556808
0.8904099798426174
0.8907164592782106
0.8910120362832887
0.8912167597007404
0.8913730278714579
0.8914808407954413
0.89170252354925
0.8918188161414118
0.8919617591192774
0.8922706613172074
0.8924523684924603
0.8925589700352754
0.8926897992014575
0.8928339535604916
0.8929708396325154
0.8931610264759469
0.8933681726557352
0.8936298309880993
0.8939980908632786
0.8943166841105555
0.8944668953754312
0.8946691960305462
0.8948957243090282
0.8950931794394698
0.8953972361127263
0.8956903903554677
0.895918130015118
0.8961386013877582
0.896302137845486
0.8964802108772338
0.8967309667790828
0.8970326006900027
0.8972506493003063
0.8973548280807846
0.897503827964492
0.8976092181261387
0.8978490715974726
0.8980646974454394
0.8982827460557429
0.8983505834011707
0.8984850467108578
0.8986994611776563
0.8989272008373067
0.8990023064697445
0.899154940496957
0.8993148428111796
0.8994820134124123
0.8996431271078033
0.8999035740589991
0.9001204112881342
0.900311809512734
0.9005092646431756
0.9007830367872233
0.9009356708144358
0.9011307031825406
0.9012518412993759
0.9015086541070667
0.9017594100089158
0.9019399058030003
0.9020707349691824
0.9022730356242974
0.9025031980462844
0.9026788483156957
0.9028472302980967
0.9030846610070938
0.903277270612862
0.9034577664069465
0.9036116118153273
0.9037460751250146
0.903898709152227
0.904022270031399
0.904265757646238
0.9045092452610769
0.9047975539791449
0.9050810171725394
0.9054117242314997
0.905693976043726
0.9059108132728612
0.9061143253091445
0.9063081462960809
0.9065128697135326
0.9067212272744892
0.9069441214094662
0.9071706496879482
0.9075837306663566
0.907938665348684
0.9081555025778191
0.9083723398069543
0.9086061363724464
0.9087284858704501
0.9088714288483157
0.9090107376826763
0.9092445342481684
0.9094008024188859
0.9095667616389502
0.9097048590921425
0.9097932899174322
0.9100476799627863
0.9102911675776253
0.9105334438112959
0.9107805655696399
0.9110434352831724
0.911220296933752
0.911368085436291
0.9115800771407528
0.9118829224328411
0.9120343450788851
0.912212418110633
0.912418352909253
0.9126872795286274
0.912994970345389
0.9131463929914331
0.9132808563011203
0.9134456041400163
0.913620043028259
0.9138441485444044
0.9140500833430244
0.9141978718455634
0.9142996278637051
0.9144219773617087
0.9145564406713959
0.9148132534790867
0.9150518955692523
0.9153220335697949
0.9155267569872466
0.9156563747722604
0.9157835697949374
0.915902285149436
0.9161336589525914
0.9163420165135481
0.916437715625848
0.9166109431329225
0.9167962844516804
0.916911365662674
0.9171512191340079
0.9174116660852037
0.9176587878435477
0.9178174787766019
0.9179810152343296
0.9181021533511649
0.9183189905803001
0.9184377059347986
0.9185685351009807
0.9187296487963716
0.9188532096755436
0.91903976237547
0.9192202581695545
0.9194043881071442
0.9198041438927007
0.9201336395704927
0.9203698588983215
0.9205467205489011
0.9207042001007869
0.9210094681552119
0.9211802728999496
0.9213510776446874
0.9215872969725162
0.9218005000581463
0.9221190933054231
0.9223468329650735
0.9225333856649998
0.9226048571539326
0.9228495561499399
0.9230676047602434
0.9233401655231228
0.9235412547970694
0.9236854091561034
0.923993099972865
0.9242256851571888
0.9244655386285227
0.9246666279024692
0.9248350098848703
0.9249210179478234
0.9252420339574369
0.9255182288638214
0.925798057913711
0.9259446350350816
0.9260112609993411
0.9261214966856611
0.9263298542466178
0.9264546265069582
0.9266520816373996
0.9268362115749893
0.9270772764274916
0.9272541380780711
0.9274031379617785
0.9275315443656239
0.9276538938636275
0.9278101620343451
0.9280790886537195
0.9282220316315851
0.9284727875334341
0.9286666085203706
0.9288531612202969
0.9289488603325968
0.9292262666201496
0.9294394697057797
0.9297156646121641
0.9298186320114742
0.9298985831685855
0.9300899813931852
0.9303625421560646
0.9305345582819707
0.9306096639144087
0.9306871923091833
0.9308046962825135
0.9309549075473892
0.9311523626778307
0.9314346144900569
0.9315303136023568
0.9316393379075086
0.9316877931542428
0.9318186223204249
0.9319639880606272
0.9320427278365702
0.9321929391014458
0.9322668333527154
0.932361321083847
0.9324558088149785
0.9325939062681707
0.9327198899096795
0.9330057758654107
0.9331790033724852
0.9333037756328255
0.933398263363957
0.9336102550684188
0.9337689460014731
0.9338416288715742
0.934036661239679
0.934184449742218
0.9343080106213901
0.9343601000116293
0.9344339942628987
0.9345708803349226
0.9347695468465326
0.9350651238516107
0.9353849284800558
0.9356078226150327
0.9356914079156491
0.9358428305616933
0.9359457979610032
0.9361178140869093
0.9362668139706167
0.9363310171725394
0.9363843179439469
0.9364267162848393
0.9364993991549405
0.9366617242314997
0.9367489436756212
0.9370348296313524
0.9371184149319688
0.9372298619994573
0.9373364635422724
0.9374091464123735
0.9375496666279025
0.937747121758344
0.9378900647362096
0.9380063573283716
0.9380657150056209
0.9381311295887119
0.9381856417412877
0.9383794627282243
0.9385320967554367
0.9386847307826491
0.9387477226034034
0.9388652265767338
0.9389633484513703
0.9391038686668992
0.9391850312051789
0.9392225840213978
0.93925044578827
0.9392807303174788
0.9393703725239368
0.9394866651160988
0.939562982129705
0.9396296080939645
0.9397531689731364
0.9398222176997325
0.9399627379152614
0.940115371942474
0.9402474124898244
0.9403237295034307
0.9404981683916734
0.9406023471721519
0.9407222739078187
0.9407888998720781
0.9408942900337248
0.9411062817381866
0.9412286312361903
0.9414067042679382
0.9415811431561809
0.9417216633717099
0.9418561266813971
0.9419227526456565
0.9420002810404311
0.9420572159553436
0.9421177850137613
0.9422074272202194
0.9424557603597318
0.9425611505213785
0.942652004109005
0.9428288657595845
0.9429378900647362
0.9431208086211575
0.9432395239756561
0.9433303775632825
0.9434406132496027
0.9435145075008722
0.943627165949529
0.943743458541691
0.9438415804163275
0.9441177753227119
0.9442304337713687
0.944327344264837
0.9444218319959685
0.9445441814939721
0.9447089293328682
0.9448906365081211
0.9450178315307981
0.9450553843470171
0.945302506105361
0.9454466604643951
0.9456404814513315
0.9457543512811567
0.9459966275148273
0.9462389037484978
0.946435147497771
0.9466398709152227
0.9467791797495833
0.9469657324495097
0.9471862038221499
0.9473872930960965
0.9474539190603558
0.9475532523161608
0.9476804473388378
0.9478330813660503
0.9479602763887274
0.9481250242276233
0.948309154165213
0.9483939508469977
0.9484278695197116
0.9485841376904292
0.9487767472961972
0.9489003081753692
0.9489439178974299
0.9490977633058107
0.9492685680505485
0.9494696573244951
0.9496089661588557
0.9497821936659302
0.9499699577470249
0.950166201496298
0.9503927297747801
0.950536884133814
0.9506774043493429
0.9508506318564174
0.9509814610225995
0.9510916967089197
0.951274615265341
0.9514417858665737
0.9516343954723417
0.9517216149164631
0.9518027774547428
0.951858500988487
0.9519008993293794
0.9519929642981743
0.9520535333565918
0.9520874520293058
0.95214317556305
0.9522594681552119
0.9523878745590573
0.9524629801914951
0.9526628580842733
0.9529099798426174
0.9532721828119549
0.9535568573865179
0.9538790847772997
0.9539953773694616
0.9540607919525527
0.9541698162577044
0.9543224502849168
0.9544920436484863
0.954625295577005
0.954707669496453
0.9548082141334263
0.9548966449587162
0.9550601814164438
0.9552612706903904
0.9554235957669497
0.9555556363143001
0.9556658720006203
0.9558766523239136
0.9560414001628096
0.9561625382796449
0.9563260747373725
0.9565259526301508
0.9566628387021747
0.9567997247741985
0.9569681067565996
0.9571316432143272
0.9572661065240144
0.9574780982284762
0.9576888785517695
0.957837878435477
0.9579953579873629
0.9581104391983564
0.9582473252703803
0.9583854227235725
0.9584774876923673
0.958620430670233
0.9587306663565531
0.9589075280071326
0.9590504709849983
0.9591619180524867
0.9592491374966081
0.959279422025817
0.9593702756134435
0.9593993487614839
0.9595144299724774
0.9596355680893127
0.9597227875334341
0.9598499825561112
0.9599977710586503
0.960127388843664
0.9602182424312905
0.9603660309338296
0.9605126080552002
0.9607149087103152
0.9608735996433694
0.9610153312400667
0.9611497945497538
0.9613000058146296
0.9613629976353839
0.9614175097879598
0.9615810462456875
0.961737314416405
0.961802728999496
0.9619480947396984
0.9620001841299376
0.9620680214753653
0.9622364034577664
0.962399939915494
0.962502907314804
0.9625755901849052
0.9626567527231848
0.9628178664185758
0.9629365817730744
0.9630189556925224
0.9630456060782262
0.9631182889483273
0.9632188335853006
0.9633145326976005
0.9634029635228902
0.9634817032988332
0.9635228902585572
0.9636500852812343
0.9638124103577935
0.9639383939993023
0.9640607434973059
0.9641637108966159
0.9642303368608753
0.9643938733186029
0.9645610439198357
0.9646930844671862
0.9648578323060821
0.9649389948443617
0.9649898728534325
0.9650637671047021
0.965159466217002
0.9652260921812614
0.9652672791409854
0.9653581327286118
0.9654465635539016
0.9655059212311509
0.9656113113927977
0.9657372950343063
0.9658862949180137
0.9660631565685932
0.9661322052951894
0.9663296604256308
0.9664205140132573
0.9664883513586852
0.9665973756638369
0.966724570686514
0.9668590339962011
0.9669680583013529
0.9670649687948211
0.967181261386983
0.9673338954141955
0.9675991878900647
0.9677324398185836
0.9679274721866884
0.9679831957204326
0.9681212931736248
0.9682569678644803
0.968420504322208
0.9686131139279761
0.968746365856495
0.9688711381168353
0.9690358859557313
0.969144910260883
0.9692139589874792
0.9693229832926309
0.969388397875722
0.969453812458813
0.9695071132302205
0.9695846416249951
0.9697057797418305
0.9697663488002481
0.9698572023878745
0.969886275535915
0.9699419990696593
0.9700049908904136
0.970150356630616
0.9702618036981044
0.9703647710974145
0.9704968116447649
0.970668827770671
0.9708008683180215
0.9709232178160251
0.9710310307400085
0.9711412664263287
0.971245445206807
0.9713290305074234
0.971372640229484
0.9715591929294104
0.9717384773423267
0.9717857212078924
0.9719310869480947
0.9720970461681591
0.9722048590921425
0.972295712679769
0.9723659727875335
0.9724095825095941
0.9725282978640927
0.972694257084157
0.9727996472458038
0.97287596425941
0.9729934682327402
0.9730516145288212
0.9731012811567237
0.973243012753421
0.9733580939644144
0.9734501589332093
0.9736027929604217
0.9737093945032368
0.9738777764856379
0.9740594836608908
0.9741854673023995
0.9742690526030159
0.9743708086211575
0.9745282881730434
0.9746821335814242
0.9748250765592898
0.9749837674923441
0.9751497267124084
0.9753459704616816
0.9754319785246347
0.9755095069194092
0.975577344264837
0.9757105961933558
0.975886246462767
0.9759395472341745
0.976047360158158
0.9762654087684615
0.9763623192619297
0.9764507500872195
0.9765730995852231
0.9766809125092065
0.9768008392448735
0.9769086521688568
0.9770104081869985
0.9770879365817731
0.9772199771291236
0.9773023510485715
0.9774065298290499
0.9775494728069155
0.9776318467263635
0.9777711555607241
0.9779407489242935
0.9781200333372098
0.9782290576423616
0.9782872039384425
0.9784349924409815
0.9785803581811838
0.9786833255804939
0.9787681222622786
0.978892894522619
0.9790685447920301
0.9792429836802728
0.979353219366593
0.9794222680931891
0.9795482517346978
0.9797190564794356
0.9798789587936582
0.9799576985696011
0.9800485521572276
0.9801248691708339
0.9802060317091135
0.9802351048571539
0.9803053649649184
0.9803913730278715
0.9804713241849827
0.9805900395394813
0.9806239582121952
0.9806905841764546
0.980839584060162
0.9809049986432531
0.9809994863743846
0.9811218358723882
0.9811824049308059
0.9812562991820755
0.9813192910028298
0.981354421056712
0.9813847055859208
0.9814561770748537
0.9816475752994535
0.9817711361786254
0.9818195914253596
0.9818813718649455
0.9820012986006125
0.9821454529596465
0.982215713067411
0.9822484203589564
0.9822968756056906
0.9824216478660309
0.9824592006822499
0.9825270380276776
0.9825839729425903
0.9826469647633446
0.9827814280730317
0.9829098344768772
0.9829825173469783
0.9830455091677327
0.9830927530332985
0.9831654359033997
0.9831787610962515
0.9832599236345312
0.9833047447377602
0.9833604682715045
0.9834052893747335
0.9834307283792689
0.9835021998682018
0.9835470209714308
0.9836136469356902
0.9837275167655154
0.9839261832771252
0.9840654921114859
0.984196321277668
0.9844289064619917
0.9845766949645307
0.9846893534131875
0.9848165484358646
0.9849594914137303
0.9850091580416327
0.9851157595844479
0.9852235725084312
0.9853495561499399
0.9854610032174284
0.9855603364732333
0.9856378648680079
0.9857153932627825
0.985789287514052
0.9858801411016785
0.9859613036399582
0.9860400434159011
0.9861127262860022
0.9862605147885413
0.9863222952281273
0.986390132573555
0.9864434333449625
0.9864737178741714
0.9865282300267473
0.9865875877039966
0.9867087258208319
0.986815327363647
0.9868928557584216
0.9869679613908594
0.9870430670232972
0.9871533027096174
0.9873071481179982
0.987436765903012
0.9875530584951738
0.9876172616970965
0.987666928324999
0.9877056925223863
0.9877807981548242
0.9878837655541342
0.9879540256618987
0.9880497247741985
0.9881720742722022
0.9882544481916502
0.9883368221110982
0.9884918789006474
0.988614228398651
0.9887801876187153
0.9889425126952747
0.989067284955615
0.9891920572159554
0.9892877563282553
0.989417374113269
0.9895651626158081
0.9896402682482459
0.989771097414428
0.9898437802845292
0.9899382680156608
0.9900266988409505
0.9900921134240416
0.9901405686707757
0.9902120401597085
0.9902968368414932
0.9904107066713184
0.9904846009225879
0.9905439585998372
0.9906650967166725
0.9907922917393496
0.9908128852192115
0.9909182753808582
0.9910563728340505
0.9912526165833236
0.991356795363802
0.9914864131488158
0.991611185409156
0.9916778113734155
0.9917529170058534
0.9918280226382913
0.9919455266116215
0.992077567158972
0.9921853800829554
0.9922822905764236
0.9923670872582083
0.9924252335542892
0.9924918595185487
0.9925790789626701
0.992637225258751
0.9926977943171686
0.9927825909989534
0.9928467942008761
0.992946127456681
0.9930357696631391
0.9931120866767453
0.9931738671163314
0.9932538182734426
0.9933604198162577
0.9933943384889716
0.9934306799240221
0.9934742896460829
0.9935457611350157
0.9937008179245649
0.9937613869829826
0.9938837364809862
0.9940012404543164
0.994099362328953
0.9942447280691553
0.9943525409931387
0.9944518742489437
0.9945487847424119
0.9946408497112067
0.9946953618637826
0.9947353374423382
0.9948140772182812
0.9948734348955305
0.994964288483157
0.9950793696941505
0.9951835484746289
0.995318011784316
0.9954754913362018
0.9956244912199093
0.995746840717913
0.9958364829243711
0.9959491413730279
0.9960460518664961
0.9961647672209947
0.9963004419118502
0.9963767589254564
0.9964445962708842
0.9965318157150056
0.9966420514013258
0.9967389618947939
0.996886750397333
0.9970030429894949
0.9970793600031012
0.9972223029809668
0.9973107338062566
0.9973652459588325
0.9974124898243982
0.9974657905958058
0.9975627010892739
0.9976390181028801
0.9977322944528434
0.9978122456099546
0.9978607008566888
0.9979261154397798
0.9979454975384735
0.9979757820676823
0.998060578749467
0.9981041884715277
0.9981780827227972
0.9982156355390162
0.9983028549831375
0.9983416191805249
0.9984179361941311
0.9984772938713804
0.9985245377369462
0.9985608791719968
0.9986359848044346
0.998698976625189
0.9987910415939838
0.9988818951816103
0.9989400414776912
0.9990078788231189
0.9990672365003682
0.9991035779354188
0.9992126022405706
0.9992913420165136
0.9993858297476451
0.9994500329495678
0.999543309299531
0.9996232604566423
0.9996838295150599
0.9997395530488041
0.999797699344885
0.9998909756948482
1.0000012113811683
1.0001090243051518
1.000168381982401
1.0002556014265225
1.0003682598751793
1.0004421541264488
1.000494243516688
1.0005802515796411
1.0006577799744156
1.0007510563243789
1.0008564464860255
1.0009158041632749
1.0009860642710393
1.0010793406210023
1.0011738283521339
1.0012574136527503
1.0013470558592084
1.0014391208280033
1.0014851533124007
1.0015844865682055
1.001675340155832
1.001726218164903
1.0018098034655192
1.0018824863356204
1.001950323681048
1.002001201690119
1.0020605593673684
1.002100534945924
1.002190177152382
1.0022664941659882
1.0023161607938909
1.0023936891886653
1.0025075590184904
1.0026286971353258
1.002660193045703
1.002690477574912
1.0027667945885181
1.0028164612164205
1.0028503798891344
1.0029242741404039
1.0030042252975153
1.0030841764546266
1.003165338992906
1.0032150056208087
1.003264672248711
1.0033107047331085
1.0033712737915261
1.003422151800597
1.0034827208590147
1.0035820541148195
1.0036716963212777
1.0037358995232004
1.003755281621894
1.0038073710121331
1.0039321432724735
1.0040290537659418
1.0041235414970733
1.0041719967438074
1.0042143950846998
1.0042967690041478
1.0043367445827034
1.0043997364034578
1.0044154843586464
1.0044663623677172
1.0045014924215994
1.004551159049502
1.0046044598209094
1.00463353296895
1.0046807768345156
1.0047098499825562
1.0047958580455092
1.0048576384850951
1.0049073051129975
1.0049388010233749
1.004959394503237
1.0050357115168431
1.0051083943869443
1.0051774431135403
1.0052404349342947
1.0052670853199985
1.0052852560375238
1.005316751947901
1.0053543047641198
1.0053858006744971
1.0054294103965578
1.0054609063069349
1.005554182656898
1.0056389793386828
1.0057334670698144
1.0058497596619762
1.0059599953482963
1.0060084505950304
1.0060920358956469
1.006144125285886
1.0061998488196302
1.0062458813040276
1.0062688975462264
1.0063185641741288
1.0063609625150212
1.0064263770981121
1.0064796778695198
1.0065305558785906
1.0066080842733651
1.0066819785246346
1.006724376865527
1.0067510272512308
1.0068128076908167
1.0068334011706788
1.0068806450362444
1.006971498623871
1.0070320676822886
1.0071180757452416
1.0072161976198784
1.0072937260146528
1.0073845796022793
1.0074306120866767
1.0074439372795285
1.0074802787145791
1.0075154087684615
1.0075784005892159
1.0076389696476336
1.0076607745086639
1.0077310346164283
1.0078049288676978
1.0078509613520952
1.0079078962670078
1.0079381807962167
1.0079987498546343
1.0080677985812303
1.008145326976005
1.0082022618909174
1.0082870585727022
1.0083439934876148
1.0084057739272008
1.0084760340349652
1.008502684420669
1.0085305461875411
1.008549928286235
1.008605651819979
1.0086819688335853
1.008738903748498
1.0088237004302827
1.00886973291468
1.0089254564484242
1.008993293793852
1.0090732449509634
1.0091435050587279
1.0092089196418188
1.0092997732294453
1.009343382951506
1.0094087975345971
1.0094511958754895
1.0095105535527387
1.009573545373493
1.0096135209520487
1.0096813582974764
1.0097516184052409
1.0098073419389852
1.00990667519479
1.009953919060356
1.0100047970694266
1.0100617319843392
1.0101138213745784
1.0101598538589758
1.0102180001550567
1.0102967399309997
1.0103779024692794
1.0104530081017173
1.0105123657789665
1.0105462844516804
1.0105656665503742
1.0106080648912665
1.0106347152769701
1.0106710567120207
1.0107195119587549
1.0107352599139434
1.010788560685351
1.010822479358065
1.010878202891809
1.0109230239950382
1.0109411947125635
1.0109690564794356
1.0110163003450015
1.0110696011164089
1.0111059425514595
1.011145918130015
1.0111628774663721
1.011207698569601
1.0112561538163352
1.0113009749195643
1.0113421618792884
1.0113772919331705
1.0114221130363996
1.011496007287669
1.0115153893863627
1.0115323487227197
1.0115602104895918
1.0115989746869791
1.0116656006512386
1.0116970965616157
1.0117249583284877
1.011763722525875
1.0118000639609257
1.0118315598713028
1.0118569988758384
1.0118751695933637
1.0119139337907508
1.0119405841764546
1.0119732914680002
1.0120399174322596
1.0120786816296468
1.012140462069233
1.012188917315967
1.0122143563205024
1.0122397953250377
1.0122894619529403
1.0123173237198124
1.012333071675001
1.012350031011358
1.0123827383029034
1.0123972748769237
1.0124239252626275
1.012432404930806
1.0124457301236578
1.0124832829398767
1.0125075105632437
1.0125281040431058
1.0125486975229678
1.0125862503391867
1.0126201690119006
1.0126371283482576
1.0126431852540994
1.012662567352793
1.012683160832655
1.0127025429313485
1.0127134453618638
1.0127243477923789
1.0127388843663991
1.0127509981780827
1.0127570550839244
1.0127752258014497
1.0127788599449548
1.0127873396131333
1.012793396518975
1.0127994534248168
1.0128115672365003
1.0128152013800054
1.0128236810481839
1.0128333720975307
1.0128394290033724
1.0128418517657092
1.012851542815056
1.0128600224832345
1.0128660793890762
1.0128709249137497
1.0128769818195915
1.012879404581928
1.012879404581928
1.0128842501066015
1.0128903070124433
1.0128951525371168
1.0129036322052951
1.0129084777299686
1.0129109004923054
1.0129181687793154
1.0129205915416521
1.0129242256851572
1.0129278598286622
1.0129290712098307
1.0129327053533357
1.0129387622591774
1.0129484533085242
1.0129520874520292
1.0129532988331977
1.0129569329767028
1.012961778501376
1.0129678354072178
1.0129690467883863
1.0129726809318913
1.0129811606000698
1.0129872175059116
1.0129908516494166
1.0129932744117534
1.0129932744117534
1.0129944857929216
1.0130041768422684
1.0130065996046052
1.0130102337481102
1.0130138678916154
1.013016290653952
1.0130187134162887
1.0130223475597937
1.013025981703299
1.0130320386091407
1.013033249990309
1.0130380955149825
1.0130429410396558
1.0130489979454975
1.0130502093266658
1.0130514207078343
1.0130550548513393
1.0130599003760128
1.013061111757181
1.0130671686630228
1.0130708028065278
1.0130744369500329
1.0130756483312013
1.0130768597123696
1.013081705237043
1.0130853393805481
1.0130901849052216
1.0130926076675582
1.0130938190487266
1.0130986645734
1.0131047214792417
1.0131107783850835
1.0131144125285887
1.0131180466720937
1.0131216808155987
1.0131253149591037
1.0131265263402722
1.0131277377214405
1.0131313718649455
1.0131313718649455
1.0131313718649455
1.0131313718649455
1.0131313718649455
1.0131313718649455
1.0131313718649455
