0.002254449896612337
0.003883642204711096
0.005257447610459239
0.005868614887118989
0.007143788109890342
0.008390780708954042
0.008758890106135274
0.010028779461961441
0.012186358464578717
0.013829641084531304
0.014585234057692782
0.01584455567962858
0.016339477883494255
0.01710916116850956
0.017899979921305608
0.018796476013005357
0.019895520337603872
0.021279893477242386
0.02228911206377275
0.022451150650091765
0.024244142833491262
0.02574299975694212
0.027814275599454704
0.029300803500033463
0.03168911135925716
0.033099903833621595
0.03413554175487789
0.03550054071571739
0.035856321090026524
0.036650662420786025
0.03782015830465368
0.03936833131959293
0.04005171144450355
0.040884801132861075
0.04192043905411737
0.04372223768242551
0.04570016520890648
0.0473452091178408
0.04899729818270203
0.05039400034521264
0.052068986166836334
0.053175075647361764
0.053326546499790406
0.05349915281999979
0.053842604171436825
0.054443203714206204
0.055702525336142
0.05735989826794841
0.05876012300842248
0.059429412821479274
0.06077856018148322
0.06144256612759482
0.06422716400770741
0.06581760795820814
0.06654325901868023
0.067601793696699
0.06832744475717109
0.06953216642067331
0.07003237249148417
0.07065939136897947
0.07127760380156614
0.07185354529859132
0.07291736384355527
0.07440917561107921
0.07548356188993353
0.07755483773244612
0.07937777182853499
0.08125002201611227
0.08181715706822881
0.08279819503105153
0.08568318638312263
0.0865074696265715
0.08765406875367669
0.08858755191399274
0.08990147349436212
0.0913404465924342
0.0921893878816273
0.09411095416069296
0.09687970043996999
0.0996783886319364
0.10081089744718776
0.10142558730181096
0.1025950831856786
0.10510491998464155
0.10796877586893192
0.11043986431029684
0.11250233370790079
0.11429708718028202
0.11571316352159164
0.11651807258624151
0.1174973492600825
0.11828464543491508
0.11889581271157484
0.11936255429173286
0.11961617990510175
0.11991912160995903
0.12044926959345928
0.12171739766030372
0.12441745366929334
0.1254460464346227
0.12673178739128443
0.12879425678888837
0.1311843259370938
0.1325616539208054
0.13356382735140884
0.1356262967490128
0.13667074111517774
0.137706379036434
0.1386169654399876
0.14004008693722414
0.14091720885012488
0.14175734369440932
0.14305541367394314
0.14423723858068288
0.1459263147141604
0.14676116569149966
0.14736528781223251
0.1479606034880567
0.14949644748012386
0.1502696533431026
0.1518389618258226
0.15268966440399742
0.1528235223666088
0.15310885118164877
0.1534646315559579
0.15420613421726556
0.1546675919304784
0.15529284951899197
0.15828880207691196
0.16091840652663245
0.1624102182941564
0.16341943688068677
0.16405878478105418
0.16515430652768923
0.1658781962991796
0.16639601525980774
0.1684549620794482
0.16945009035412475
0.1709101989199776
0.17235269459601316
0.17294448769387388
0.17333725513679932
0.173994215926984
0.1747638992119993
0.1751848472786324
0.17604435630171586
0.1773688456159756
0.17813676761200917
0.1790684894833435
0.1819235389227252
0.1841498081956299
0.18515198162623334
0.18568565218769703
0.18622108403814247
0.18680935455803976
0.18712990915271432
0.18783442474540568
0.18804930200117653
0.18865870798885456
0.18917828823846444
0.19022801647157456
0.19118439638865306
0.1918378346008743
0.1923080987589958
0.19299324017288813
0.19370303963252467
0.19436000042270934
0.1950768450382728
0.1953551286973859
0.196385482751697
0.1972361853298718
0.1979424622115449
0.19830352645279922
0.19907320973781453
0.19979709950930488
0.2004294022537454
0.2013487951022076
0.20208501389657008
0.2023298330650303
0.20326155493636464
0.20427429610085845
0.20453672815913598
0.2051760760595034
0.20593871418859178
0.20678061032185796
0.2078638030456209
0.20859121539507472
0.20943663410630436
0.20993507888813348
0.21036131082171175
0.21049693007330486
0.21083157497983324
0.21127541980322878
0.21145683256834683
0.2119447096162856
0.21296273464772458
0.21348936005326138
0.2151167910723784
0.21826069190476358
0.21929985240398334
0.22009595502372456
0.22259698537777886
0.22362381685412652
0.2256334475822786
0.22769591697988256
0.22942198018197638
0.23083981781226773
0.23162887527608206
0.2325059971889828
0.23331795140955958
0.23409467985050178
0.2345543762747329
0.23532582084872994
0.23589295590084647
0.23618180729384994
0.23732664513197338
0.23854897968529287
0.23939615968550423
0.23988227544446128
0.24050048787704795
0.24191656421835755
0.24280953773209385
0.2436620015992504
0.24409175611079212
0.24453383964520595
0.2448174071712642
0.24502876184907163
0.24563816783674966
0.24592525794077139
0.2467953346977452
0.24741530841931358
0.24856190754641877
0.24971379054046913
0.25023513207906073
0.251173899106322
0.25164944713138865
0.2525529883790153
0.2534970392732217
0.2544974514148434
0.25474579316126716
0.2551139025584484
0.2556405279639852
0.25642077898289084
0.25810457124942315
0.2601670406470271
0.2618702070923585
0.2629762965728839
0.2646407146606172
0.2662205908772276
0.26762609948464683
0.2683799311688266
0.26868639545164735
0.2696392527907624
0.27077352289499546
0.2710976000676335
0.27164536094095104
0.27215085087870705
0.272462599028473
0.27297337283317424
0.2734506821472226
0.27392270759432585
0.2744933652244058
0.2751256679688463
0.27613664784435843
0.2772585889257194
0.2785425685933994
0.2795482646019663
0.28017352219047986
0.2808287216916828
0.28183441770024975
0.2822095722533579
0.28287886206641466
0.2837612678462606
0.28456969948887395
0.28540983433315836
0.28596816294036626
0.28701965246245814
0.2881556838556729
0.28952068281651244
0.28983771483322357
0.29045944984377364
0.2910160171619998
0.29182268751563145
0.2923722096779307
0.2932387638569411
0.29370902801506255
0.294283208223106
0.2947851755828986
0.2952889042316729
0.29579967803637414
0.2963034066851485
0.2969163352507899
0.2974957993257786
0.29789913450259436
0.2982232116752324
0.2989840885153391
0.29951071392087586
0.30036670036599583
0.3013864866864166
0.3025295632355583
0.3042732393274694
0.3056717027789618
0.3066756374985469
0.3073643014904027
0.30801421712466054
0.30807938481698444
0.3090445711789716
0.309787835129261
0.3106526280192896
0.31133600814420026
0.31223074294691827
0.31340023883078594
0.31388635458974296
0.3141276511802397
0.3143108252343395
0.31475643134671677
0.3152971470641074
0.3156124177918368
0.31647192681492026
0.31708661666954346
0.3174212615760718
0.31778760968427133
0.31789328702317504
0.3197391178760264
0.3208681041133143
0.32121331675373305
0.3220534515980175
0.3224057093943632
0.32308204436334687
0.323684405195098
0.32443999816825947
0.3250546880228827
0.32605862274246783
0.3273531701440382
0.3281704082315602
0.3291778655291088
0.33017827767073055
0.33147987022822784
0.332341140540293
0.3329417400830624
0.3334155268191473
0.33393334577977546
0.3347135967986811
0.33501125463659326
0.3363991503541952
0.337029691809654
0.33840173592642037
0.339351070687572
0.33990939929477987
0.34040256020966386
0.3409274243262189
0.3410507145549399
0.34169534632225246
0.3428947841188095
0.34401496391118874
0.34463669892173887
0.34544689185333394
0.3462060074044589
0.3469457487767848
0.3476396966355858
0.34810819950472555
0.3489448117710465
0.34952955971298033
0.3498571594635818
0.3501636237464026
0.35064093306045097
0.3511869326447868
0.35189320952645986
0.3525836348072974
0.35321065368479265
0.35371790491153043
0.3542233948492865
0.35505296195968056
0.3563193287375433
0.3573426376359275
0.358052437095564
0.3584152626258001
0.3589630234991176
0.3593980618776045
0.35975560354089536
0.36044250624376944
0.36130729913379805
0.36253315626508104
0.36332749759584054
0.36394042616148203
0.3646414191762099
0.36539348957140794
0.3662847017961625
0.36698393352190867
0.3680090037092746
0.368421145330999
0.3695008154767985
0.37065974362677584
0.3714699365583709
0.37215683926124493
0.3727680065379047
0.3741629474114336
0.3748956436278326
0.3753253981393743
0.37615320396078666
0.3765424488257486
0.37720117090491506
0.3780589186390168
0.37875286649781775
0.37898359535442416
0.3793992595541121
0.3797339044606405
0.38042080716351456
0.38107248408675404
0.38194079955474614
0.38253787651955207
0.3831789857089012
0.38385708196686663
0.3839011141914098
0.3843643331936044
0.3852238422166879
0.3858948933187264
0.3867878668324627
0.3874747695353367
0.38810354970181377
0.3889366393901713
0.3898067161471451
0.39044606404751253
0.390773663798114
0.391182282841875
0.3919026500354019
0.3923729141935234
0.3927392623017229
0.39302635240574463
0.3932306619276251
0.3935758745680439
0.3941870418447036
0.39482638974507106
0.3956207310758305
0.39622309190758165
0.39716538151280634
0.3979720518664379
0.398639580390513
0.39953607648221273
0.40028638558842905
0.40117407523522014
0.40217977124378707
0.40271872567219597
0.40344966059961324
0.40403616983052876
0.4045046726996685
0.4050718077517851
0.40569178147335344
0.40592603290792334
0.4066569678353406
0.4070356449664122
0.4076239154863095
0.40784231532004384
0.40824741178584134
0.4088092629710127
0.4098695589380132
0.4101795457987974
0.41105666771169813
0.4116061898739974
0.412432234406428
0.41283909216120723
0.41404733640267294
0.4148592906232497
0.4157011867565159
0.41605872841980673
0.41656069577959937
0.41713839856560625
0.4176826368609603
0.4181282429733376
0.4190934293353248
0.41966584825438646
0.42018366721501466
0.42114709228802005
0.4221122786500072
0.4229559360722551
0.42379607091653954
0.42448473490839533
0.424940908754663
0.4255978695448477
0.4263305657612467
0.42722530056396474
0.4277801065932092
0.42871535104250696
0.42958366651049906
0.43028642081420865
0.4308359429765079
0.43095747191624717
0.4317817551596961
0.4322115096712378
0.4325549610226748
0.4333669152432516
0.43508769457840024
0.435926068133703
0.4364685451400753
0.43692471898634294
0.437352712208903
0.43775604738571877
0.438247447011621
0.43882691108660965
0.4393940461387262
0.4400545295068743
0.4402606003177365
0.4403944582803479
0.4406797870953879
0.4411042577399844
0.4412257866797237
0.4417277540395163
0.4426612371998323
0.44318434002740564
0.443383365682341
0.4436158558279291
0.44438730040192614
0.4457558219407291
0.4461838151632891
0.4466928276790086
0.44684253724245554
0.4471807047269474
0.4474149561615172
0.4480014653924328
0.448454116660737
0.44903358073572563
0.4501801798628308
0.45095162443682785
0.45161034651599424
0.4520876558300427
0.45270762955161103
0.4532078356224219
0.4540585382005967
0.4547260667246718
0.4555591564130293
0.4560294205711508
0.45646093637167423
0.45667405233846337
0.45769031608092065
0.4581447286382066
0.4592666697195676
0.4605136623186313
0.4612727778697562
0.46152288090516164
0.4617500871838046
0.4622837577452683
0.4631767312590046
0.46359591803665595
0.46401862739227073
0.4645505366647527
0.46473723329681593
0.46491864606193395
0.46525152967948064
0.46610047096867374
0.46637699333880506
0.4668278833181275
0.46741967641598825
0.4680836823620999
0.4685310497634589
0.46865257870319815
0.4694786232356288
0.4702800097223152
0.4709950930488969
0.47197260843375616
0.47261195633412356
0.4735154975817502
0.4739223553365295
0.47437324531585195
0.47493157392305985
0.4757329604097463
0.47605703758238427
0.4763494115533512
0.47667348872598925
0.4771455141730924
0.4775224300151823
0.478036726397847
0.47868664203210476
0.4792854802858924
0.4799265894752416
0.48022953118009887
0.4805448019078282
0.48088473068130183
0.4813356206606243
0.48144834315545487
0.48184815575430723
0.4819996266067359
0.4823976779166065
0.4827605034468425
0.4832906514303428
0.4835460383326934
0.4837996639460623
0.48399516702303413
0.48471025034961585
0.48555214648288203
0.4863077394560435
0.4870703775851319
0.4880954477724978
0.48865025380174226
0.48992190444655015
0.4907303360891635
0.49157927737835655
0.4921869220770529
0.49253213471747165
0.4930887020356978
0.49345681143287906
0.4937210047801383
0.4939253143020188
0.49418774636029633
0.49430046885512696
0.49470028145397926
0.4950948101858864
0.4956496162151309
0.49636293825273087
0.4968067830761264
0.4974954470679822
0.4982633690640158
0.49926554249461924
0.5004191867776514
0.5007943413307595
0.5012047216635023
0.5014354505201086
0.5018335018299792
0.5023372304787536
0.502860333306327
0.5034715005829866
0.5041636871528059
0.5046691770905619
0.5051922799181353
0.5056185118517136
0.5060570728081639
0.5067069884424217
0.5072741234945383
0.5077197296069155
0.5084541871122963
0.508903315802637
0.5090318898983032
0.5094563605428997
0.5103827985472889
0.5110450432044187
0.5119309715622281
0.5124681647016552
0.5127851967183664
0.5128891127682883
0.5130687642444246
0.5134509639534597
0.5138648668641659
0.5144654664069352
0.5148335758041165
0.5151787884445352
0.515666665492474
0.5163729423741471
0.5174913608775447
0.518844030815512
0.5200469911900325
0.5205683327286241
0.521295745078078
0.5220108284046596
0.522579724745758
0.5229724921886834
0.5233423628748464
0.5237492206296256
0.5241278977606972
0.5246756586340147
0.5251829098607524
0.5257253868671249
0.5267962505680157
0.5278776820027969
0.5282669268677589
0.5288076425851496
0.529466364664316
0.5299119707766932
0.5305865444566952
0.5312716858705875
0.5319268853717904
0.5323178915257342
0.5330417812972246
0.5335736905697065
0.5341390643328413
0.5348206831687702
0.53614517248303
0.5371878555602132
0.5375718165582299
0.5381389516103465
0.5385722286998517
0.5391023766833519
0.5394370215898804
0.5399407502386546
0.5402912467460186
0.5408759946879524
0.5417707294906704
0.5424364967257638
0.5444989661233677
0.5451717785143879
0.545476481508227
0.5461933261237905
0.5465808096997706
0.5468150611343405
0.5473786736084937
0.5481465956045272
0.5486379952304294
0.5495080719874033
0.5499906651683968
0.5508589806363889
0.5516726961459475
0.5525956115723731
0.552856282341669
0.5536365333605746
0.5541067975186961
0.5545330294522743
0.555131867706062
0.555864563922461
0.5565514666253351
0.5572595047959898
0.5577826076235632
0.5584378071247662
0.5592973161478496
0.5601621090378783
0.561188940514226
0.5619956108678575
0.5626226297453528
0.5630611907018032
0.5638731449223799
0.5641021124900046
0.5643434090805015
0.5650690601409736
0.5656749435506881
0.5661910012223346
0.5668356329896471
0.5676000324077173
0.5681442707030714
0.5687677670026032
0.5693965471690802
0.5699337403085074
0.57057837207582
0.5710891458805212
0.5712793650905479
0.5714202682090861
0.5717725260054318
0.5720648999763988
0.5727394736564007
0.5732273507043395
0.5735250085422515
0.5737874406005291
0.5745377497067454
0.5752052782308205
0.5754060651747375
0.5755487295822574
0.5761951226385518
0.5766988512873261
0.5769295801439326
0.5770969025971967
0.5774949539070674
0.5777468182314545
0.5779863535329696
0.5784795144478535
0.5788035916204916
0.5790325591881162
0.579643726464776
0.5806511837623246
0.5810210544484876
0.5815089314964264
0.5819862408104748
0.5827682531183621
0.5834023171517844
0.5838813877548145
0.5843886389815522
0.5848941289193083
0.585350302765576
0.5857201734517389
0.5858645991482406
0.5860671473811394
0.5861693021420796
0.5868896693356066
0.5873511270488194
0.5879200233899177
0.5882317715396836
0.5885558487123216
0.5888693581510693
0.5891546869661093
0.5895333640971809
0.5898856218935266
0.5902114603551463
0.590725756737811
0.5913122659687265
0.5917120785675789
0.591944568713167
0.5923197232662752
0.5927089681312372
0.5928974260522821
0.5930823613953636
0.5933870643892026
0.5936935286720233
0.5941444186513458
0.59445440551213
0.5948577406889458
0.5955375982358929
0.5959532624355809
0.5962209783608036
0.5966436877164184
0.5975120031844104
0.5979065319163176
0.5983820799413843
0.5987678022283828
0.5993278921245725
0.5997823046818583
0.5999584335800312
0.6000324077172638
0.6006541427278139
0.6028222894643216
0.6031569343708499
0.6032767020216075
0.6036500952857339
0.6039178112109567
0.6041467787785814
0.6043651786123156
0.6048213524585833
0.6050203781135186
0.6056016034774889
0.6058675581137299
0.6060841966584826
0.6064804866793714
0.6067323510037586
0.607475614954048
0.6087296527090386
0.6089004977402662
0.6096138197778662
0.6098868195700341
0.6100770387800608
0.6104046385306623
0.6106688318779215
0.6110985863894632
0.6112465346639284
0.6114614119196993
0.6116886181983423
0.6118753148304055
0.6122821725851847
0.6127823786559956
0.6135115522944311
0.6139976680533882
0.6146334933757921
0.6149945576170465
0.6152164800287442
0.616248595372037
0.6171979301331887
0.6174251364118316
0.6176646717133467
0.6178989231479166
0.6182018648527738
0.618739057992201
0.6193731220256232
0.6196954379092795
0.6199543473895937
0.6201516117555472
0.6203330245206652
0.6204545534604045
0.620593695289961
0.6208702176600923
0.6210075982006672
0.6211432174522603
0.6217473395729931
0.622332087514927
0.6226684937104371
0.6234135189497082
0.6241321248542533
0.6253526981185911
0.6263302135034504
0.626974845270763
0.6283222313417852
0.6300077848972993
0.6302614105106681
0.6314766999080608
0.6322551896379847
0.6327800537545397
0.6334898532141763
0.6339284141706266
0.6342102204077031
0.6345818523828478
0.6350855810316222
0.6356421483498483
0.6363396187866128
0.63687681192604
0.6371145859385733
0.6375267275602977
0.63806920456667
0.6388459330076123
0.6397899839018187
0.6402426351701229
0.6407076154612992
0.6408220992451116
0.6413223053159224
0.6418542145884044
0.642291014255873
0.6426908268547253
0.6431064910544133
0.6433812521355629
0.6439501484766612
0.6443939933000568
0.6447022188718592
0.6451214056495106
0.6460284694751006
0.6464036240282088
0.6469337720117091
0.6477844745898839
0.6484819450266484
0.648996241409313
0.6495774667732833
0.6498046730519264
0.6501604534262354
0.6504704402870196
0.6507645755469683
0.6512718267737061
0.652004522990105
0.6528446578343895
0.6536337152982038
0.6541550568367954
0.6545513468576843
0.654981101369226
0.6553157462757544
0.6555341461094888
0.655740216920351
0.6561259392073495
0.656434164779152
0.6568533515568034
0.6573782156733584
0.6578079701849001
0.658346924613309
0.6587907694367046
0.6588999693535718
0.6593984141354009
0.6599461750087183
0.6602262199568132
0.6608796581690344
0.6611579418281475
0.6613305481483569
0.6615788898947806
0.6617585413709169
0.6620051218283589
0.6623291990009968
0.6628082696040271
0.6633296111426186
0.6637840236999045
0.6642067330555194
0.6647175068602206
0.6651578291056527
0.6655153707689435
0.6660596090642976
0.6664946474427845
0.6669279245322897
0.6673981886904112
0.668002310811144
0.6685958651979865
0.6690185745536013
0.6694518516431065
0.6708415086496902
0.6713698953442087
0.6717010176727737
0.6720039593776309
0.6724583719349169
0.6729656231616546
0.673423558296904
0.6739589901473494
0.6747163444094927
0.6750756473617653
0.6752341633701208
0.6756427824138818
0.6758400467798353
0.6761324207508023
0.6762856528922127
0.676465304368349
0.6766062074868872
0.676724213848663
0.6769884071959222
0.6773142456575421
0.6777510453250106
0.6782653417076754
0.6786264059489296
0.6791142829968684
0.6794594956372872
0.6800319145563489
0.6807787010846017
0.6814409457417316
0.6821489839123864
0.682657996428106
0.6831758153887341
0.6833537055758887
0.6835580150977691
0.6838591955136447
0.6841462856176664
0.6843488338505652
0.6846306400876417
0.6848525624993396
0.6850286913975123
0.6853756653269129
0.6857367295681671
0.6859533681129197
0.6863954516473336
0.6869185544749069
0.687262005826344
0.6874751217931331
0.6878907859928209
0.6882483276561119
0.6886657531447815
0.6890144883631637
0.6893033397561672
0.689556965369536
0.6898141135608684
0.6900923972199815
0.6906472032492259
0.6907687321889652
0.6911526931869819
0.6919857828753395
0.692456047033461
0.6929051757238017
0.6930672143101207
0.693370156014978
0.6936061687385296
0.6936854267427074
0.6937893427926294
0.6938509879069898
0.6940517748509069
0.6943388649549286
0.6945431744768091
0.6948373097367577
0.6951842836661583
0.6957021026267863
0.6959944765977533
0.696288611857702
0.6970477274088269
0.6977029269100299
0.6983880683239222
0.6987966873676832
0.699355015974891
0.6997548285737434
0.7001123702370343
0.7002867378462254
0.7003589506944763
0.7007640471602737
0.7010528985532772
0.701274820964975
0.7014139627945315
0.7016746335638273
0.7018718979297809
0.7020814913186066
0.7025658457885819
0.7031347421296802
0.7035169418387153
0.7037423868283765
0.7038885738138599
0.7040259543544347
0.7041774252068634
0.704698766745455
0.70517255348154
0.7053768630034204
0.705535379011776
0.7056798047082777
0.7060954689079656
0.706618571735539
0.7070677004258796
0.7077000031703201
0.7084802541892259
0.7089205764346579
0.7093714664139804
0.7097677564348693
0.7104881236283962
0.7110658264144031
0.7119411870383221
0.7125435478700732
0.7130085281612495
0.7134787923193711
0.7138151985148812
0.7142555207603132
0.7145426108643349
0.7148631654590095
0.7154338230890895
0.7160872613013107
0.7168816026320702
0.717836221260167
0.7184843756054431
0.7188313495348436
0.7192540588904583
0.7198863616348988
0.7203055484125502
0.7207899028825255
0.7217075344420061
0.7221408115315112
0.7226533466251942
0.7231870171866579
0.723257468745927
0.7235551265838391
0.7239443714488011
0.7245044613449907
0.7249729642141305
0.725929344131209
0.7268452144017078
0.7273172398488109
0.7277469943603527
0.7281697037159675
0.7283810583937749
0.7287703032587369
0.7291137546101739
0.7294836252963369
0.7298482121155546
0.7303096698287674
0.7306073276666796
0.7310476499121117
0.7315126302032879
0.7317116558582233
0.7321167523240208
0.7328036550268949
0.7335011254636593
0.7344909698713907
0.7348256147779191
0.7350933307031418
0.7353170144038212
0.735708020557765
0.7362381685412652
0.7364970780215793
0.7368352455060712
0.7370466001838786
0.7374147095810598
0.737782818978241
0.7380575800593907
0.7381773477101482
0.7384362571904622
0.7388131730325521
0.7392517339890025
0.7397660303716672
0.7401376623468119
0.7403807202262904
0.7406730941972574
0.7408104747378321
0.7411644938231595
0.74151146775256
0.7417932739896366
0.7421560995198726
0.7423392735739723
0.7427320410168978
0.7429099312040524
0.7431829309962202
0.7432551438444711
0.7434788275451506
0.7437148402687023
0.7438310853414963
0.7439984077947606
0.7441745366929333
0.7442397043852573
0.7443489043021244
0.7444052655495398
0.7446183815163289
0.7451309166100119
0.7455501033876633
0.7458829870052099
0.746180644843122
0.7466033541987368
0.7476865469224998
0.7480775530764434
0.7485266817667842
0.7489899007689788
0.7492699457170736
0.7495940228897116
0.7499004871725323
0.7502280869231338
0.7506701704575477
0.7509026606031358
0.7509502154056424
0.7510012927861126
0.7512866216011526
0.7516564922873156
0.7518572792312326
0.7520792016429304
0.7523240208113906
0.7528735429736899
0.753190574990401
0.7533209103750489
0.7535516392316552
0.7537876519552069
0.7542455870904563
0.7547669286290479
0.7551473670491012
0.7553869023506162
0.7555348506250814
0.7556616634317659
0.7559857406044039
0.7562094243050834
0.7563855532032563
0.7565246950328128
0.756873430251195
0.7569280302096286
0.7570425139934409
0.7573525008542251
0.7578280488792918
0.7585871644304167
0.7590222028089036
0.759279351000236
0.75948718310008
0.7598059764057729
0.7603537372790903
0.7604611759069757
0.7610142206472384
0.7614721557824878
0.7617680523314182
0.7622682584022291
0.7629586836830666
0.7635645670927812
0.763902734577273
0.7642320956168562
0.7645297534547684
0.7648908176960226
0.7655918107107506
0.7663227456381678
0.7669092548690833
0.7674288351186933
0.7682636860960326
0.7689364984870528
0.7694684077595347
0.7697678268864285
0.7702046265538972
0.7706414262213659
0.7710535678430903
0.7713688385708196
0.7716929157434577
0.7719800058474794
0.7722089734151041
0.7726035021470112
0.7729046825628868
0.7732269984465431
0.7733414822303555
0.773876914080801
0.7743330879270686
0.775069306721431
0.7759076802767337
0.7762176671375179
0.7766016281355347
0.7771388212749619
0.7773448920858241
0.7776513563686448
0.7782396268885421
0.7790920907556986
0.7796328064730893
0.7800026771592522
0.7805557218995149
0.7811122892177411
0.7815226695504838
0.7817692500079259
0.7821919593635406
0.7824262107981105
0.782766139571584
0.7830409006527337
0.7839285902995248
0.7841399449773322
0.7846313446032345
0.7850047378673608
0.7852513183248028
0.7855577826076235
0.7863133755807851
0.7867906848948334
0.7873719102588038
0.7879002969533223
0.7882314192818872
0.7886664576603741
0.7889887735440304
0.7891455282634043
0.7894308570784443
0.789659824646069
0.7899363470162003
0.7902023016524413
0.7904048498853401
0.7906426238978734
0.7908222753740097
0.7910160171619999
0.7911815783262823
0.7913929330040897
0.7915849135030981
0.7917434295114537
0.7920252357485302
0.792220738825502
0.7924549902600719
0.7929094028173579
0.7933180218611189
0.7936949377032088
0.7940260600317737
0.7947728465600264
0.7949524980361627
0.7953981041485401
0.7957380329220136
0.796137845520866
0.7963368711758013
0.7964284582028511
0.7965270903858279
0.7968229869347583
0.7970220125896936
0.7970449093464561
0.797279160781026
0.7974623348351257
0.7976648830680245
0.7977159604484946
0.7979801537957539
0.7983465019039534
0.7985543340037974
0.7986617726316828
0.79896471433654
0.7991302755008225
0.7993786172472462
0.799827745937587
0.8001659134220788
0.800456526104064
0.8009778676426555
0.8013565447737272
0.8015221059380097
0.8016911896802555
0.8019289636927889
0.8021367957926329
0.8023234924246961
0.8024837697220334
0.8027356340464206
0.803005111260625
0.8032305562502862
0.803452478661984
0.803737807477024
0.8039914330903929
0.8042996586621953
0.8046994712610477
0.8049742323421973
0.8051979160428768
0.8053212062715978
0.8055026190367158
0.8056030125086744
0.8058654445669519
0.8060944121345766
0.8062634958768224
0.8064202505961964
0.8065312118020452
0.8066351278519672
0.8069680114695138
0.8070367017398012
0.8072357273947366
0.8073924821141104
0.8075157723428313
0.8076267335486803
0.8077253657316571
0.8080688170830941
0.8087944681435661
0.8096011384971978
0.8104183765847197
0.810598028060856
0.8107424537573578
0.8108269956284807
0.811026021283416
0.8110894276867583
0.8112444211171503
0.8113870855246704
0.8115438402440442
0.8118679174166822
0.8126745877703139
0.8132892776249371
0.8138053352965835
0.8142984962114674
0.8147000700993015
0.815001250515177
0.8153006696420708
0.815610656502855
0.8160051852347622
0.8164120429895415
0.816713223405417
0.8169016813264619
0.8172345649440086
0.817808745152052
0.8182613964203562
0.8188073960046921
0.8190856796638052
0.8194273697262605
0.819897633884382
0.8201266014520067
0.8202234723460017
0.8205862978762377
0.8209385556725834
0.8212450199554041
0.8214088198307049
0.8214616585001567
0.8215497229492432
0.821706477668617
0.8217751679389044
0.8219090259015157
0.8220816322217251
0.8222595224088797
0.8224109932613084
0.8226716640306042
0.822867167107576
0.8230115928040778
0.8231031798311276
0.8232493668166111
0.8234395860266377
0.8236280439476826
0.823989108188937
0.8241229661515483
0.8243836369208442
0.8245844238647612
0.8248856042806367
0.8252907007464343
0.8256306295199078
0.8260568614534861
0.8263509967134348
0.8265482610793884
0.8266785964640362
0.8268635318071177
0.8270854542188155
0.8272016992916096
0.8273901572126545
0.8275891828675899
0.827867466526703
0.828061208314693
0.8282760855704638
0.8285420402067049
0.828735781994695
0.8288256077327631
0.829001736630936
0.8291215042816935
0.8293874589179345
0.829715058668536
0.8300972583775711
0.8302874775875977
0.830370258169739
0.8304301419951177
0.8306485418288521
0.830817625571098
0.8309550061116727
0.8311011930971562
0.8312878897292194
0.8314252702697943
0.8316260572137113
0.8317158829517795
0.8318814441160619
0.8319325214965321
0.8319818375880205
0.8321033665277596
0.8321949535548095
0.8324344888563247
0.8324714759249409
0.8327057273595108
0.8327867466526703
0.8331090625363266
0.8332376366319928
0.8333168946361705
0.833436662286928
0.8334965461123068
0.8335934170063019
0.8337625007485479
0.8340478295635878
0.8341852101041626
0.8342433326405597
0.8343402035345547
0.8345145711437458
0.8350306288153923
0.8355942412895453
0.836096208649338
0.8363780148864145
0.8365382921837518
0.8366580598345092
0.8368429951775908
0.8370754853231789
0.8372868400009863
0.8374629688991592
0.8376496655312223
0.8380019233275681
0.8385303100220866
0.8388596710616698
0.8391273869868925
0.8392841417062663
0.8394725996273112
0.8398477541804193
0.8399851347209942
0.8403919924757735
0.8405593149290377
0.8407882824966624
0.8409749791287255
0.8414082562182308
0.8416266560519651
0.8418221591289369
0.8421145330999038
0.8422977071540035
0.8424861650750485
0.8425707069461715
0.8426041714368243
0.8427028036198011
0.8429599518111335
0.8432329516033014
0.8434707256158347
0.843631002913172
0.8441188799611108
0.8442950088592835
0.8444869893582919
0.8446419827886841
0.844927311603724
0.8450840663230978
0.845180937217093
0.8452672403771977
0.8454574595872243
0.8456917110217942
0.8461707816248243
0.8467731424565754
0.8469880197123463
0.8472698259494228
0.847748896552453
0.8479091738497903
0.8481751284860313
0.8482913735588253
0.8485150572595048
0.8487334570932391
0.849110372935329
0.8494362113969487
0.8498694884864539
0.8502481656175255
0.8504489525614426
0.8507113846197201
0.8510143263245774
0.8516660032478168
0.8522014350982623
0.8524867639133024
0.8527439121046346
0.8530221957637477
0.8532388343085003
0.85365625979717
0.8541547045789991
0.8548451298598366
0.8550723361384795
0.8553576649535196
0.8558067936438604
0.8562330255774386
0.8567156187584322
0.8571031023344124
0.8574747343095571
0.857832275972848
0.8580048822930574
0.8583412884885675
0.8585209399647038
0.8586301398815709
0.8588150752246524
0.858927797719483
0.8589964879897705
0.8591303459523818
0.8593029522725911
0.8594720360148371
0.8601695064516015
0.860308648281158
0.8604090417531166
0.8605693190504539
0.8606327254537961
0.8607665834164074
0.8609215768467996
0.8611998605059127
0.861573253770039
0.8620505630840875
0.8623341306101457
0.862494407907483
0.8626987174293635
0.8628854140614267
0.8630157494460746
0.8633451104856579
0.8635987360990267
0.8637748649971996
0.8642768323569922
0.8648052190515106
0.8651557155588746
0.8655220636670741
0.8656841022533931
0.8659993729811225
0.8663569146444133
0.8665770757671294
0.8667496820873388
0.8668958690728222
0.8669733657880183
0.8670772818379403
0.86726045589204
0.8673432364741812
0.8674295396342859
0.8675704427528242
0.8677025394264538
0.8679315069940785
0.8679825843745487
0.8680759326905803
0.8681780874515205
0.8682890486573694
0.8684070550191452
0.868667725788441
0.8689160675348647
0.8690816286991472
0.8692207705287037
0.8693387768904796
0.8694832025869813
0.86968575081988
0.8699411377222306
0.8700679505289151
0.8701489698220746
0.8703004406745032
0.8705417372650001
0.8706368468700133
0.870950356308761
0.8710947820052627
0.8713924398431748
0.8717570266623926
0.8718996910699126
0.8724351229203581
0.8728226064963382
0.8730744708207254
0.8731607739808301
0.8734196834611442
0.87382301863796
0.8744218568917477
0.8746631534822444
0.8748428049583807
0.8750629660810968
0.8752954562266849
0.8755666947298711
0.875716404293318
0.8758414558110207
0.8760351975990108
0.8762324619649644
0.8766586938985427
0.8769915775160894
0.8771712289922257
0.8774759319860647
0.8778052930256479
0.878141699221158
0.8783477700320202
0.8784816279946316
0.8785943504894622
0.8789835953544242
0.8793851692422583
0.8798131624648182
0.8799153172257586
0.8801618976832005
0.8803626846271175
0.8805599489930711
0.8808206197623669
0.8809597615919235
0.8812873613425249
0.8814687741076429
0.881558599845711
0.8817452964777743
0.8819425608437279
0.8821521542325536
0.882298341218037
0.882414586290831
0.8825572506983511
0.8827016763948529
0.882765082798195
0.8828549085362631
0.8830363213013812
0.8832811404698414
0.8836210692433151
0.8838553206778849
0.8840384947319847
0.8843079719461892
0.884677842632352
0.8848099393059817
0.8849349908236844
0.8850212939837891
0.8853224743996646
0.8854545710732943
0.8854986032978375
0.885780409534914
0.8859600610110503
0.8861749382668211
0.8862224930693279
0.8863211252523047
0.8863827703666651
0.8864444154810256
0.8866663378927234
0.8868882603044211
0.8870379698678681
0.8871735891194612
0.8872493245456755
0.8873074470820725
0.8878076531528835
0.888193375439882
0.8882655882881327
0.8883976849617624
0.88866011702004
0.8888080652945052
0.888919026500354
0.8889595361469338
0.8889930006375866
0.8891620843798326
0.8892431036729921
0.889308271365316
0.8894615035067264
0.8896235420930454
0.8896834259184241
0.8898648386835422
0.8905904897440142
0.890877579848036
0.8913143795155046
0.8915116438814582
0.8916965792245397
0.8919678177277258
0.8923464948587975
0.8927480687466315
0.8930862362311234
0.8933680424681999
0.8936621777281486
0.8939298936533713
0.8940584677490374
0.8941342031752518
0.89422402891332
0.8948158220111807
0.8952103507430879
0.8954058538200597
0.895604879474995
0.8957827696621495
0.8958479373544735
0.895967705005231
0.896376324048992
0.8967162528224656
0.8969188010553644
0.8971107815543727
0.897290433030509
0.8974225297041387
0.8975334909099876
0.8977413230098316
0.897945632531712
0.8980213679579263
0.8982239161908251
0.8983489677085278
0.8984845869601209
0.8988315608895214
0.8990799026359451
0.899418070120437
0.8995167023034137
0.8996259022202809
0.8996998763575135
0.8997509537379836
0.8998830504116132
0.8999799213056083
0.9001084954012745
0.9002617275426849
0.9005259208899441
0.9008552819295274
0.90098033344723
0.901115952698823
0.9012374816385623
0.9013572492893199
0.9015615588112004
0.9017658683330809
0.9018962037177288
0.9020388681252488
0.9022572679589831
0.9027257708281229
0.9029265577720399
0.9030833124914137
0.9032576801006048
0.9035113057139738
0.9037913506620685
0.9039886150280221
0.9043690534480754
0.9045064339886503
0.9046596661300607
0.9049132917434295
0.905040104550114
0.9051158399763283
0.9052637882507935
0.9053395236770078
0.905364181722752
0.9054628139057288
0.9056019557352853
0.9058062652571658
0.9059823941553387
0.9063469809745565
0.9066781033031214
0.9067749741971164
0.9073473931161782
0.9075569865050038
0.9082843988544577
0.9084341084179045
0.9085556373576438
0.9086155211830226
0.9086560308296023
0.9088427274616655
0.9091104433868883
0.9093376496655312
0.9095472430543569
0.9098730815159767
0.9102042038445416
0.9106339583560833
0.9108400291669455
0.9111376870048576
0.9114230158198976
0.9115656802274177
0.9116766414332665
0.9118439638865308
0.9119795831381238
0.9121451443024062
0.9122349700404744
0.912405815071702
0.9124938795207885
0.9126224536164547
0.9127210857994315
0.9128390921612073
0.913119137109302
0.9132653240947856
0.9133005498744201
0.9133375369430364
0.9134819626395381
0.913592923845387
0.9137602462986512
0.9139064332841347
0.9140385299577642
0.9141213105399055
0.9141864782322294
0.91439078775411
0.914649697234424
0.9147624197292546
0.9148205422656517
0.9149385486274275
0.9150160453426236
0.9151604710391252
0.9152133097085772
0.9152679096670107
0.9156272126192833
0.9159847542825742
0.9162313347400162
0.9163845668814266
0.9165712635134897
0.9168319342827855
0.9171753856342225
0.9172211791477475
0.9172793016841445
0.9174712821831529
0.917613946590673
0.917749565842266
0.917911604428585
0.9181211978174106
0.9182603396469672
0.9183906750316151
0.9185826555306236
0.9188133843872299
0.9189824681294759
0.9190670100005989
0.9191092809361603
0.9191691647615391
0.9191903002293198
0.9192360937428448
0.9195020483790858
0.9198578287533948
0.9202893445539183
0.9204566670071825
0.9204971766537623
0.9205799572359036
0.9206345571943371
0.9206574539510995
0.9207349506662956
0.9207701764459302
0.9208952279636329
0.9210449375270798
0.9211823180676546
0.9212668599387775
0.9213461179429554
0.9215328145750186
0.9216384919139223
0.9217230337850453
0.9219238207289623
0.9221122786500072
0.922561407340348
0.9226864588580507
0.9227516265503746
0.9227868523300092
0.9228520200223331
0.9230387166543964
0.9231602455941356
0.9232500713322037
0.9234332453863036
0.9235230711243717
0.9235653420599331
0.923683348421709
0.9237185742013435
0.9238858966546077
0.9240320836400912
0.9242504834738254
0.9245217219770117
0.9247612572785268
0.9251170376528358
0.9253125407298077
0.9254217406466748
0.925511566384743
0.9256137211456833
0.9257493403972763
0.9258849596488694
0.9259325144513761
0.9259994434326818
0.9260399530792616
0.9261385852622384
0.9261826174867815
0.9263129528714295
0.9264697075908033
0.9265648171958166
0.9266634493787934
0.9267180493372269
0.9267603202727884
0.9268061137863134
0.9268431008549297
0.9270104233081938
0.9270826361564447
0.9271460425597869
0.9273168875910146
0.9274137584850096
0.9275493777366027
0.9276885195661593
0.9278558420194235
0.9280372547845415
0.9281165127887193
0.9281869643479884
0.9283067319987459
0.9284000803147776
0.9285779705019321
0.9287981316246482
0.9289372734542047
0.929213795824336
0.9293811182776003
0.9295290665520655
0.9296435503358778
0.9297051954502383
0.9297545115417267
0.9298073502111786
0.9298619501696122
0.9299676275085158
0.9302282982778116
0.9304185174878383
0.9305330012716506
0.9305840786521208
0.9306562915003717
0.9307602075502937
0.930828897820581
0.9309645170721741
0.9310384912094067
0.9311547362822008
0.9313343877583371
0.9314277360743687
0.9315298908353089
0.9315968198166146
0.9318064132054402
0.9320424259289919
0.9320794129976082
0.932236167716982
0.9324211030600634
0.9325637674675835
0.9326729673844506
0.9327733608564092
0.9329001736630936
0.9329706252223627
0.9330445993595953
0.9330692574053395
0.9331608444323894
0.933234818569622
0.9332647604823113
0.9333369733305622
0.9335377602744793
0.9336786633930175
0.9337614439751588
0.9338107600666472
0.9338583148691538
0.9339428567402768
0.9340150695885276
0.9340767147028881
0.9341859146197553
0.9344765273017405
0.9347565722498353
0.9349432688818985
0.9350154817301494
0.9351317268029434
0.9352092235181395
0.9352796750774086
0.9353184234350067
0.9357481779465484
0.9358432875515618
0.9360211777387163
0.9361021970318758
0.9362237259716151
0.936315312998665
0.9363751968240437
0.9368454609821651
0.9370480092150639
0.9371272672192418
0.9371994800674925
0.9372716929157434
0.9372963509614877
0.9373122025623232
0.9373579960758481
0.9374601508367884
0.937514750795222
0.937579918487546
0.9377771828534995
0.9378951892152753
0.938201653498096
0.9383178985708901
0.9383619307954333
0.9384852210241543
0.9386613499223272
0.9387406079265049
0.9387828788620665
0.9388374788205
0.9388903174899519
0.938902646512824
0.9389642916271844
0.939168601149065
0.9392460978642609
0.9392813236438955
0.9396635233529306
0.939770961980816
0.9398607877188841
0.9399259554112082
0.9400386779060388
0.9400915165754906
0.9401249810661434
0.9401760584466136
0.9402606003177365
0.9403574712117316
0.9404173550371103
0.9405124646421237
0.9405899613573198
0.9407220580309493
0.9407519999436388
0.9408488708376338
0.9410109094239528
0.941113064184893
0.9412116963678698
0.9412680576152852
0.9413032833949198
0.9413279414406639
0.9413807801101158
0.9415463412743983
0.9416573024802471
0.9419021216487073
0.9419743344969582
0.9420113215655745
0.9421152376154965
0.9422649471789435
0.9423406826051578
0.9425749340397276
0.9430716175325751
0.9432635980315834
0.9434256366179025
0.9435242688008793
0.9435929590711667
0.9436669332083992
0.9437391460566501
0.9438360169506451
0.9438923781980605
0.9440139071377998
0.9440896425640141
0.944154810256338
0.9442270231045888
0.944278100485059
0.9443591197782185
0.944420764892579
0.9444577519611953
0.9444894551628664
0.9445440551213
0.9446497324602037
0.9447307517533632
0.9447712613999429
0.9448152936244861
0.9449544354540427
0.945010796701458
0.9451147127513799
0.9451869255996308
0.9452837964936259
0.9453718609427123
0.9454440737909632
0.9455744091756111
0.9457311638949849
0.9458368412338886
0.9458720670135232
0.9460129701320614
0.9461309764938373
0.9462084732090333
0.9462665957454304
0.9463493763275715
0.9464039762860051
0.9464339181986945
0.9465061310469454
0.946638227720575
0.9467051567018807
0.9467632792382777
0.9468442985314373
0.9469129888017247
0.9470151435626649
0.9471084918786965
0.9471542853922215
0.9472582014421435
0.9473356981573394
0.9474026271386451
0.9475118270555123
0.9476263108393247
0.9478693687188031
0.9479961815254876
0.9480965749974462
0.9481705491346787
0.9482357168270027
0.9483202586981256
0.9485104779081523
0.9486901293842886
0.9488010905901375
0.9488873937502422
0.9490582387814698
0.9491410193636111
0.9491850515881542
0.9492079483449167
0.9492872063490945
0.9494668578252308
0.9496517931683123
0.9498684317130649
0.9499829154968772
0.950100921858653
0.9502999475135884
0.9503721603618392
0.9504214764533276
0.9504637473888891
0.9505165860583409
0.9506310698421533
0.9507208955802214
0.9508300954970886
0.950898785767376
0.9509604308817365
0.9510255985740604
0.9510942888443479
0.9511735468485256
0.9514095595720772
0.9516860819422086
0.9518181786158382
0.9518604495513997
0.9518798237301987
0.9519080043539063
0.9521352106325494
0.9522761137510876
0.9523007717968318
0.9523078169527587
0.952344804021375
0.9523976426908268
0.952448720071297
0.9525878619008535
0.9527093908405928
0.9528062617345878
0.9528450100921859
0.9528872810277473
0.952954210009053
0.9530211389903587
0.9530951131275913
0.9531831775766777
0.9532536291359468
0.9533064678053987
0.953369874208741
0.9534156677222658
0.9535812288865483
0.9536851449364703
0.9537978674313009
0.953875364146497
0.9539158737930767
0.9539510995727113
0.954030357576889
0.9540691059344871
0.9541008091361582
0.954134273626811
0.9541642155395005
0.9542170542089523
0.9543385831486916
0.9544354540426866
0.9544830088451932
0.9546045377849325
0.9546697054772565
0.9547260667246718
0.9547612925043063
0.9548070860178313
0.9548564021093197
0.9549937826498945
0.9553389952903133
0.9553900726707834
0.9554746145419063
0.9555943821926639
0.9556806853527686
0.9559836270576259
0.9564503686377839
0.9567726845214402
0.9568959747501612
0.9569858004882293
0.9570738649373157
0.9571672132533473
0.9571865874321464
0.9572975486379952
0.9573539098854106
0.9574331678895883
0.9575159484717296
0.9575476516734006
0.9575687871411814
0.9575828774530353
0.9576709419021217
0.9578646836901118
0.957928090093454
0.9580496190331933
0.9581077415695903
0.958174670550896
0.9582257479313661
0.9582627349999824
0.958317334958416
0.9583736962058312
0.9583965929625937
0.9584300574532466
0.9584635219438994
0.9584899412786253
0.9586149927963281
0.9587805539606106
0.9588386764970076
0.9589073667672949
0.9589531602808199
0.959069405353614
0.9591574698027004
0.9593406438568002
0.959451605062649
0.9595467146676624
0.9596118823599863
0.9597615919234332
0.9598531789504832
0.9599236305097523
0.9599835143351311
0.9600240239817108
0.960087430385053
0.9603287269755498
0.9604009398238007
0.9604925268508505
0.960515423607613
0.9605858751668821
0.9606087719236446
0.9607567201981098
0.9608905781607211
0.9609187587844288
0.9609328490962826
0.9609592684310085
0.9609804038987892
0.9610138683894421
0.9611089779944555
0.9612516424019755
0.9613044810714273
0.9613203326722629
0.9613608423188427
0.9613995906764407
0.9614207261442214
0.9615105518822895
0.9616585001567547
0.9617553710507498
0.9618346290549276
0.961987861196338
0.9622133061859992
0.9624211382858431
0.9624827834002037
0.9626994219449562
0.9629354346685078
0.9630146926726856
0.9630939506768633
0.9632366150843834
0.9633317246893967
0.9633739956249582
0.9635272277663686
0.9636012019036011
0.9636135309264733
0.963680459907779
0.9637297759992673
0.9637685243568653
0.9637984662695547
0.9638072727144633
0.9638565888059517
0.9638918145855864
0.9639446532550382
0.9641119757083023
0.9642141304692426
0.9642370272260051
0.9642546401158224
0.9642792981615665
0.9642969110513838
0.9644501431927942
0.9645734334215152
0.9647583687645966
0.9648746138373907
0.9649943814881483
0.9651810781202115
0.9655403810724841
0.9657323615714924
0.9659983162077335
0.9662748385778648
0.9664456836090924
0.9665495996590144
0.9666094834843932
0.9667274898461691
0.966947650968885
0.967058612174734
0.9671061669772406
0.9672417862288337
0.9673738829024633
0.9674830828193305
0.9677789793682608
0.9678388631936397
0.9678899405741097
0.9680097082248673
0.9680907275180268
0.9681752693891498
0.9682510048153641
0.9683267402415784
0.9684218498465917
0.9684729272270619
0.9685504239422579
0.9686332045243992
0.9686807593269058
0.9687793915098826
0.9688533656471152
0.9689660881419458
0.969106991260484
0.9692338040671685
0.9693676620297799
0.9694451587449759
0.9695191328822085
0.9695719715516604
0.9696794101795458
0.9697287262710342
0.9698432100548465
0.9699154229030974
0.9699647389945858
0.96998939704033
0.9700263841089463
0.9700616098885808
0.9700757002004347
0.9702254097638816
0.9703839257722372
0.9704578999094697
0.9705917578720811
0.9707115255228387
0.9707308997016376
0.9707520351694184
0.9708189641507241
0.9710109446497325
0.9711342348784534
0.9712046864377226
0.9712962734647724
0.9714442217392376
0.9714741636519271
0.9715657506789769
0.9716855183297345
0.9717154602424238
0.9717418795771497
0.9717577311779853
0.9717806279347477
0.971817615003364
0.9718951117185601
0.9719268149202313
0.9719549955439388
0.9720025503464456
0.9721311244421117
0.9721645889327646
0.9722790727165769
0.972375943610572
0.9724499177478045
0.9724904273943843
0.9725362209079093
0.9725626402426352
0.972680646604411
0.9727968916772051
0.9729818270202866
0.9732231236107833
0.9732653945463448
0.9733129493488515
0.9733340848166322
0.973386923486084
0.9734538524673897
0.9736881039019596
0.9737321361265028
0.9737708844841009
0.9738360521764248
0.973853665066242
0.9738730392450411
0.9739558198271824
0.9739769552949631
0.9740157036525611
0.9740738261889581
0.9741337100143369
0.9741935938397157
0.9742288196193503
0.9742429099312041
0.9742658066879665
0.9743098389125098
0.974508864567445
0.9747008450664534
0.9747906708045215
0.9748294191621196
0.974975606147603
0.9750196383721462
0.9750724770415982
0.9752045737152277
0.975345476833766
0.9753983155032179
0.9755022315531399
0.9755180831539754
0.9756589862725137
0.9757681861893809
0.9758069345469789
0.9758280700147596
0.9758562506384673
0.9758949989960652
0.975954882821444
0.9759830634451517
0.9760270956696949
0.9760728891832199
0.9761292504306351
0.9763000954618628
0.9763388438194608
0.9763846373329857
0.9764709404930905
0.9765361081854144
0.9766118436116288
0.9767051919276604
0.9767351338403497
0.9767668370420208
0.9768091079775824
0.9768513789131438
0.9769693852749196
0.9770028497655724
0.9772371012001423
0.9773445398280277
0.9773956172084979
0.9774414107220228
0.9775136235702737
0.9775576557948169
0.9775805525515794
0.977628107354086
0.9776967976243734
0.9778059975412405
0.9779750812834865
0.9780296812419201
0.9780842812003536
0.9781107005350796
0.9781758682274035
0.9782850681442707
0.978387222905211
0.9784805712212425
0.9785475002025482
0.9785985775830184
0.9786338033626529
0.978665506564324
0.97869192589905
0.9787165839447941
0.9787394807015566
0.9788962354209304
0.978996628892889
0.9790177643606697
0.9790582740072494
0.9790917384979023
0.9791181578326282
0.9791498610342994
0.9791657126351349
0.97926258352913
0.9792907641528377
0.9793400802443261
0.9794316672713759
0.9794809833628643
0.9796077961695487
0.9796588735500188
0.9796905767516899
0.9797522218660505
0.9798032992465205
0.9798561379159725
0.9799899958785838
0.9800269829472
0.9801784537996288
0.9802665182487151
0.9802982214503863
0.9803334472300208
0.9803933310553996
0.9804655439036505
0.9805078148392119
0.980643434090805
0.9807543952966539
0.9809657499744613
0.9813814141741493
0.9814395367105463
0.981746000993367
0.9818182138416178
0.9818411105983803
0.9818851428229235
0.9819467879372841
0.9820295685194252
0.9821176329685116
0.9822285941743606
0.9822831941327942
0.9823307489353008
0.982381826315771
0.982420574673369
0.9824927875216198
0.9825967035715418
0.9826847680206282
0.9828432840289838
0.9829190194551981
0.9830158903491931
0.9830792967525354
0.9831409418668958
0.9831884966694026
0.9832483804947812
0.9832659933845986
0.9832818449854341
0.9835442770437117
0.983561889933529
0.9835953544241818
0.9836728511393779
0.9836869414512317
0.9837098382079942
0.9837661994554094
0.983808470390971
0.9838560251934776
0.9839159090188564
0.9839828380001621
0.9840726637382302
0.984217089434732
0.9842981087278915
0.9843579925532702
0.9843738441541058
0.9844002634888317
0.9844407731354115
0.984468953759119
0.9844988956718085
0.9845411666073699
0.9845834375429314
0.9846626955471092
0.9848088825325927
0.9848476308901907
0.9848634824910263
0.9851100629484683
0.9851875596636642
0.9851963661085729
0.9853742562957275
0.9854957852354668
0.9855169207032475
0.9855503851939003
0.9855926561294618
0.9856296431980781
0.9856789592895665
0.9857229915141097
0.9857546947157808
0.9857582172937442
0.9859255397470085
0.9860893396223092
0.986226720162884
0.9862390491857561
0.9863006943001166
0.9863711458593857
0.9864363135517097
0.9865349457346865
0.9866282940507181
0.986674087564243
0.9867445391235121
0.9868343648615803
0.9868889648200139
0.9869735066911368
0.9870052098928079
0.9870316292275338
0.987075661452077
0.9871496355893097
0.9872077581257067
0.987244745194323
0.9872676419510855
0.9872782096849758
0.9873856483128612
0.987491325651765
0.9875600159220524
0.9876110933025225
0.9876516029491023
0.9876639319719743
0.9877150093524445
0.987757280288006
0.9877696093108781
0.987788983489677
0.9878118802464395
0.987834777003202
0.9879369317641423
0.9881112993733334
0.9881764670656573
0.9882574863588168
0.9882786218265975
0.9883050411613234
0.988359641119757
0.9884547507247704
0.9885516216187655
0.9886925247373037
0.988859847190568
0.9889426277727091
0.988969047107435
0.9890077954650331
0.9890940986251379
0.9893124984588721
0.9894287435316662
0.9894516402884287
0.9894903886460267
0.9895890208290035
0.9897140723467062
0.9898215109745917
0.9899078141346963
0.9900205366295269
0.9901226913904672
0.9902178009954805
0.9902336525963161
0.9902847299767862
0.9903111493115121
0.9903340460682746
0.9904573362969956
0.9906704522637847
0.9906774974197117
0.9907444264010173
0.9908360134280672
0.9909187940102084
0.9909857229915141
0.9911090132202351
0.9911371938439427
0.9912041228252484
0.9912164518481206
0.9912974711412801
0.9913450259437867
0.9913767291454578
0.9914084323471289
0.9914401355488001
0.9914806451953798
0.9915035419521423
0.9915317225758499
0.99158279995632
0.9916321160478084
0.9916691031164248
0.9917237030748584
0.9917871094782005
0.9918329029917254
0.9919861351331358
0.9920601092703685
0.9920918124720396
0.992134083407601
0.9921499350084366
0.9921781156321442
0.9922309543015961
0.9922749865261393
0.9923207800396642
0.9923824251540247
0.9924070831997689
0.9925109992496909
0.9926307669004484
0.9927364442393521
0.9928297925553837
0.9928703022019635
0.9929160957154884
0.9929654118069768
0.992990069852721
0.9930640439899536
0.993171482617839
0.9932243212872909
0.993314147025359
0.9933546566719388
0.9933969276075003
0.9934303920981531
0.9934550501438973
0.9935184565472396
0.9935589661938193
0.9936223725971615
0.9936470306429057
0.9936981080233759
0.9937157209131932
0.9937509466928277
0.9937738434495902
0.9937985014953343
0.9938249208300602
0.9939217917240554
0.9939499723477629
0.9939799142604524
0.9939922432833245
0.9940961593332465
0.9941560431586252
0.9941789399153876
0.9942176882729857
0.9942951849881817
0.9943691591254143
0.9944184752169027
0.9944713138863546
0.9944977332210805
0.9945065396659891
0.9945241525558064
0.9945734686472948
0.9946333524726736
0.9946562492294361
0.994689713720089
0.9947390298115774
0.9947672104352849
0.994779539458157
0.994786584614084
0.9948024362149195
0.9948200491047368
0.9948306168386272
0.9948658426182617
0.9949010683978963
0.9949997005808731
0.9950384489384712
0.9950595844062519
0.9950965714748682
0.9951987262358084
0.9952216229925709
0.9952603713501689
0.9952744616620227
0.995519280830483
0.9957482483981077
0.9958732999158104
0.9959314224522074
0.9959631256538786
0.9960212481902756
0.9960476675250015
0.996109312639362
0.9962554996248455
0.9963136221612425
0.9963506092298587
0.9963893575874568
0.9964192995001462
0.9964967962153423
0.9965654864856296
0.9965795767974834
0.9966112799991546
0.9966658799575882
0.9967645121405649
0.9967944540532543
0.9968050217871447
0.9968402475667792
0.9968860410803042
0.996945924905683
0.9969952409971714
0.9970375119327328
0.9971185312258923
0.9971748924733077
0.9972083569639605
0.9972294924317412
0.9972876149681383
0.9973492600824988
0.9973686342612977
0.9974144277748227
0.9974813567561284
0.9975500470264158
0.9976204985856849
0.997652201787356
0.9976662920992099
0.9976786211220819
0.99771736947968
0.9977332210805155
0.9977702081491319
0.997814240373675
0.9978617951761818
0.9979075886897066
0.997956904781195
0.9979886079828661
0.9980150273175921
0.9980696272760257
0.9981436014132583
0.9981788271928929
0.9981929175047467
0.9982122916835456
0.9982598464860524
0.9982950722656869
0.9983496722241205
0.9983972270266271
0.9984483044070973
0.9984676785858964
0.9984835301867319
0.998515233388403
0.9985768785027634
0.9985856849476721
0.998612104282398
0.9986297171722153
0.9986596590849047
0.9986790332637037
0.9986807945526854
0.9987019300204661
0.998723065488247
0.9987301106441738
0.9987477235339911
0.9987600525568632
0.9987829493136257
0.9988164138042785
0.9988551621618765
0.9989044782533649
0.998923852432164
0.998943226610963
0.998962600789762
0.9989872588355062
0.9989995878583783
0.9990101555922687
0.9990365749269946
0.999085891018483
0.9991334458209896
0.9991510587108069
0.9991810006234964
0.9992954844073086
0.9993624133886143
0.9994011617462123
0.9994240585029748
0.9994857036173354
0.9995737680664217
0.9996424583367092
0.9996671163824533
0.999695297006161
0.9997234776298687
0.9997375679417224
0.9997481356756128
0.9997851227442291
0.9998679033263703
0.9999330710186943
0.9999982387110182
1.0000228967567624
1.000045793513525
1.0000739741372326
1.0001409031185382
1.0001778901871545
1.000188457921045
1.0002324901455881
1.000278283659113
1.000304702993839
1.0003205545946745
1.0003487352183822
1.0004508899793225
1.0004896383369204
1.0005142963826648
1.0005459995843358
1.0005759414970252
1.0006675285240751
1.0007538316841798
1.000778489729924
1.0007943413307594
1.00085598644512
1.000908825114572
1.000959902495042
1.0010021734306034
1.0010514895220919
1.0010673411229274
1.001076147567836
1.001102566902562
1.0011060894805255
1.0011325088152514
1.0011589281499773
1.001180063617758
1.001206482952484
1.0012487538880455
1.0012857409566618
1.0013438634930587
1.0013667602498213
1.001380850561675
1.0014548246989077
1.001491811767524
1.0015059020793777
1.001549934303921
1.0015587407488296
1.001583398794574
1.0016256697301353
1.0016573729318063
1.0017172567571853
1.0018123663621985
1.0018317405409976
1.0018387856969244
1.0018581598757235
1.0018916243663762
1.001919804990084
1.0019338953019377
1.001944463035828
1.001970882370554
1.0020025855722252
1.0020290049069511
1.0020430952188049
1.0020536629526953
1.0020695145535308
1.0021082629111289
1.0022157015390143
1.0022597337635575
1.0023055272770824
1.0023513207906074
1.002360127235516
1.0023759788363515
1.0023883078592237
1.0024006368820957
1.00242529492784
1.0024887013311823
1.002548585156561
1.002553869023506
1.00256795933536
1.0025855722251773
1.0025961399590677
1.0026014238260128
1.0026577850734282
1.00271062374288
1.0027141463208435
1.00276170112335
1.0027916430360395
1.0028303913936376
1.0028497655724364
1.0028709010402173
1.0028885139300345
1.0029078881088336
1.0029149332647604
1.0029325461545777
1.0029572042003219
1.0029783396681027
1.0029871461130113
1.0029994751358835
1.003010042869774
1.003054075094317
1.0031280492315495
1.0031615137222025
1.0031914556348918
1.003209068524709
1.0032319652814716
1.003235487859435
1.003242533015362
1.0032707136390697
1.0033165071525945
1.0033411651983388
1.0033552555101926
1.0033834361339002
1.0034239457804799
1.0034397973813156
1.0034785457389135
1.0035049650736394
1.0035296231193838
1.0035454747202193
1.0035578037430914
1.0035754166329087
1.0036652423709769
1.0037233649073738
1.003748022953118
1.003755068109045
1.0037797261547892
1.0037973390446064
1.0038079067784969
1.003827280957296
1.0039065389614736
1.0039206292733274
1.00394352603009
1.004006932433432
1.0040685775477927
1.0040685775477927
1.0040756227037195
1.004098519460482
1.0041284613731714
1.0041531194189155
1.0041918677765136
1.0042112419553126
1.0042394225790203
1.0042640806247645
1.0042816935145817
1.004299306404399
1.004364474096723
1.0044331643670104
1.0045881577974025
1.0047114480261234
1.0047818995853925
1.0048136027870638
1.004843544699753
1.0048646801675338
1.0048787704793876
1.0048805317683693
1.004889338213278
1.0049333704378212
1.004954505905602
1.0049826865293097
1.0050425703546884
1.0050883638682133
1.0051341573817383
1.0051588154274824
1.0051887573401719
1.0052257444087882
1.0052275056977698
1.0052310282757333
1.0052662540553678
1.0053014798350024
1.0053226153027832
1.0053543185044542
1.0053842604171437
1.0054159636188147
1.0054370990865955
1.0054617571323397
1.0054758474441936
1.0055022667789195
1.0055216409577186
1.0055744796271704
1.0056731118101472
1.005699531144873
1.0057171440346904
1.005745324658398
1.005777027860069
1.0057805504380326
1.005803447194795
1.005842195552393
1.0058580471532286
1.005873898754064
1.0058774213320276
1.005895034221845
1.0059760535150044
1.0059901438268581
1.006030653473438
1.0061134340555793
1.0061768404589215
1.0062050210826292
1.0062138275275379
1.0062596210410626
1.0062930855317156
1.0063071758435693
1.0063177435774597
1.0063212661554233
1.0063582532240394
1.0063758661138567
1.0063776274028384
1.0063899564257106
1.0064251822053452
1.0064956337646143
1.0065114853654498
1.006523814388322
1.0065273369662855
1.0065519950120296
1.006581936924719
1.0066101175484266
1.0066294917272256
1.0066330143051891
1.0066506271950064
1.0066823303966774
1.0067122723093669
1.0067228400432573
1.006731646488166
1.0067527819559465
1.00675630453391
1.0067598271118736
1.006770394845764
1.0067880077355813
1.006828517382161
1.0068514141389235
1.0068655044507773
1.0068919237855032
1.0069271495651377
1.0069500463219003
1.006964136633754
1.0069747043676445
1.0069940785464435
1.0070134527252423
1.0070398720599685
1.007068052683676
1.0070786204175664
1.0071561171327625
1.0072160009581412
1.0072406590038854
1.0072864525174103
1.0073357686088988
1.0074590588376198
1.0074731491494735
1.0074819555943821
1.0074995684841994
1.007508374929108
1.0075101362180898
1.0075242265299438
1.0075383168417975
1.0075559297316148
1.007573542621432
1.0075946780892129
1.0076122909790302
1.0076316651578292
1.0076439941807012
1.0076492780476465
1.0076563232035733
1.0076739360933906
1.0077056392950616
1.0077514328085866
1.007762000542477
1.007767284409422
1.0077778521433125
1.007781374721276
1.0077972263221116
1.0078201230788741
1.0078518262805451
1.00789761979407
1.007904664949997
1.0079522197525037
1.0079680713533392
1.0079909681101018
1.0079927293990834
1.008001535843992
1.0080226713117728
1.0080297164676997
1.008047329357517
1.0081019293159506
1.0081195422057678
1.0081353938066033
1.0081424389625304
1.0081494841184573
1.0081547679854024
1.0081706195862379
1.0082040840768909
1.0082340259895801
1.0082674904802331
1.0082815807920869
1.0082833420810686
1.008344987195429
1.0083643613742281
1.0083925419979358
1.0084154387546982
1.0084436193784059
1.00846827742415
1.0085193548046203
1.0085352064054558
1.0085545805842548
1.0085968515198163
1.0086232708545422
1.0086549740562134
1.0087571288171535
1.0087835481518794
1.0088011610416967
1.0088099674866053
1.0088275803764226
1.008852238422167
1.008857522289112
1.0088857029128198
1.0088945093577284
1.008915644825509
1.008922689981436
1.0089508706051438
1.0089790512288512
1.0090424576321935
1.0090671156779378
1.0090759221228465
1.0090988188796088
1.009104102746554
1.0091287607922983
1.0091393285261887
1.0091639865719328
1.0091710317278597
1.009208018796476
1.0092309155532384
1.0092467671540741
1.0092608574659279
1.0092696639108365
1.0092837542226902
1.0092960832455624
1.0093101735574164
1.009318980002325
1.0093295477362152
1.009350683203996
1.0093735799607584
1.0093753412497402
1.0093788638277037
1.009382386405667
1.0093929541395574
1.0093982380065027
1.0094070444514114
1.0094070444514114
1.00941585089632
1.009447554097991
1.0094757347216987
1.0094951089004978
1.00950743792337
1.0095356185470774
1.0095602765928218
1.009577889482639
1.0095866959275477
1.0095919797944928
1.009604308817365
1.00960959268431
1.009616637840237
1.0096412958859813
1.0096589087757986
1.009674760376634
1.0097135087342322
1.0097240764681223
1.0097364054909945
1.0097434506469214
1.0097804377155377
1.0098015731833185
1.0098068570502636
1.0098103796282272
1.0098297538070262
1.0098579344307337
1.009868502164624
1.009889637632405
1.009928385990003
1.0099495214577836
1.009954805324729
1.0099847472374182
1.0100041214162172
1.0100217343060345
1.010025256883998
1.0100340633289067
1.0100463923517786
1.0100587213746508
1.0100728116865048
1.0100728116865048
1.010097469732249
1.0101133213330844
1.0101256503559566
1.01012917293392
1.010141501956792
1.0101450245347554
1.0101503084017007
1.0102242825389334
1.0103317211668188
1.010388082414234
1.0103968888591426
1.010421546904887
1.0104497275285946
1.0104867145972107
1.010491998464156
1.010499043620083
1.0105148952209184
1.010543075844626
1.0105677338903702
1.0105747790462973
1.0105765403352789
1.0105783016242607
1.0105800629132424
1.010588869358151
1.0105976758030597
1.0106011983810232
1.010620572559822
1.0106381854496396
1.010641708027603
1.0106434693165847
1.0106751725182557
1.010738578921598
1.0107685208342874
1.010782611146141
1.0107914175910497
1.0108002240359584
1.0108107917698488
1.0108178369257759
1.0108319272376296
1.0108583465723555
1.0108865271960632
1.0108900497740265
1.0108970949299536
1.0109094239528256
1.0109111852418073
1.0109217529756978
1.0109640239112592
1.0109728303561678
1.0109781142231131
1.0109816368010764
1.0110186238696928
1.0110327141815467
1.0110379980484918
1.0110450432044187
1.0110485657823822
1.011050327071364
1.011050327071364
1.0110538496493273
1.0110697012501628
1.0110908367179436
1.0111066883187791
1.0111172560526696
1.0111225399196149
1.0111260624975782
1.0111366302314686
1.0111542431212859
1.0111612882772127
1.011166572144158
1.0111806624560118
1.011205320501756
1.0112141269466646
1.0112282172585185
1.0112405462813905
1.0112546365932444
1.0112687269050982
1.0112863397949154
1.011289862372879
1.011316281707605
1.0113567913541845
1.0113726429550203
1.011381449399929
1.0113973010007644
1.0114078687346548
1.0114237203354903
1.011432526780399
1.0114395719363258
1.0114466170922527
1.011451900959198
1.0114677525600335
1.011478320293924
1.0114800815829057
1.0115047396286498
1.0115153073625403
1.0115346815413393
1.0115382041193026
1.011548771853193
1.01155581700912
1.0115575782981017
1.0115716686099554
1.0115787137658825
1.0115875202107911
1.0116051331006084
1.0116121782565353
1.011613939545517
1.0116192234124621
1.011645642747188
1.0116544491920967
1.0116579717700602
1.0116632556370053
1.011672062081914
1.011679107237841
1.0116826298158044
1.011691436260713
1.0117002427056216
1.0117020039946034
1.011705526572567
1.0117090491505303
1.0117231394623842
1.011737229774238
1.0117477975081284
1.011756603953037
1.0117654103979457
1.0117706942648907
1.011775978131836
1.011775978131836
1.0117900684436898
1.0117935910216533
1.011807681333507
1.0118182490673975
1.0118200103563793
1.011821771645361
1.0118252942233243
1.0118270555123061
1.011853474847032
1.011867565158886
1.0118781328927762
1.0118816554707397
1.0118887006266666
1.0118975070715752
1.0118975070715752
1.0119168812503743
1.0119204038283378
1.0119221651173194
1.0119274489842647
1.0119362554291733
1.011945061874082
1.0119679586308443
1.0119802876537165
1.0119873328096434
1.0120031844104789
1.0120067069884424
1.0120172747223328
1.0120296037452048
1.012041932768077
1.0120630682358578
1.0120718746807664
1.0120753972587297
1.0120824424146568
1.012087726281602
1.0121035778824374
1.0121088617493827
1.0121141456163278
1.0121229520612365
1.0121282359281816
1.0121352810841087
1.012138803662072
1.0121476101069806
1.0121511326849442
1.0121599391298528
1.0121634617078163
1.012172268152725
1.0121740294417065
1.0121828358866152
1.012184597175597
1.0121969261984691
1.0122110165103229
1.0122163003772682
1.0122251068221768
1.0122286294001401
1.0122286294001401
1.0122321519781037
1.0122391971340305
1.0122462422899574
1.0122515261569027
1.0122532874458845
1.012255048734866
1.01226913904672
1.012288513225519
1.0123061261153363
1.0123166938492265
1.0123255002941351
1.0123307841610805
1.0123360680280256
1.012339590605989
1.0123448744729342
1.012346635761916
1.012346635761916
1.0123483970508977
1.0123483970508977
1.0123501583398795
1.0123519196288613
1.01236072607377
1.0123783389635872
1.0123783389635872
1.012385384119514
1.0124012357203496
1.0124082808762764
1.01241180345424
1.01241180345424
1.0124153260322033
1.0124223711881304
1.0124241324771122
1.0124417453669294
1.0124523131008196
1.0124523131008196
1.0124558356787832
1.012457596967765
1.0124593582567467
1.0124804937245273
1.0124875388804542
1.0124875388804542
1.0125016291923081
1.012508674348235
1.0125174807931436
1.012522764660089
1.0125245259490705
1.012528048527034
1.012528048527034
1.012528048527034
1.0125439001278695
1.0125579904397235
1.0125685581736137
1.012586171063431
1.0125985000863031
1.0126143516871386
1.0126231581320473
1.0126372484439012
1.0126460548888099
1.0126495774667732
1.0126636677786272
1.0126636677786272
1.0126671903565905
1.0126671903565905
1.0126724742235358
1.0126830419574262
1.0126848032464077
1.0126848032464077
1.0126865645353895
1.0126883258243713
1.0126883258243713
1.01269713226928
1.0127077000031703
1.0127094612921521
1.012721790315024
1.0127288354709512
1.0127394032048413
1.0127394032048413
1.012742925782805
1.0127446870717867
1.0127517322277135
1.012755254805677
1.0127570160946586
1.012762299961604
1.0127640612505857
1.0127640612505857
1.0127658225395673
1.0127711064065126
1.0127728676954943
1.0127763902734577
1.0127851967183663
1.0127851967183663
1.0127904805853116
1.0127922418742932
1.012794003163275
1.0128063321861471
1.0128098547641107
1.012813377342074
1.0128186612090193
1.0128204224980009
1.0128239450759644
1.0128309902318913
1.012832751520873
1.0128345128098548
1.0128345128098548
1.0128345128098548
1.0128362740988366
1.0128380353878181
1.0128486031217085
1.0128538869886539
1.0128626934335625
1.0128662160115258
1.0128714998784711
1.0128767837454162
1.0128767837454162
1.012878545034398
1.012878545034398
1.012878545034398
1.012878545034398
1.012878545034398
1.0128803063233798
1.0128891127682884
1.012897919213197
1.0129084869470875
1.0129120095250508
1.0129190546809776
1.0129208159699594
1.0129260998369047
1.0129313837038498
1.0129313837038498
1.0129349062818134
1.0129401901487585
1.012943712726722
1.0129472353046853
1.0129525191716306
1.0129542804606122
1.0129595643275575
1.0129666094834844
1.0129683707724662
1.012970132061448
1.0129736546394112
1.0129771772173748
1.0129806997953381
1.0129824610843199
1.0129877449512652
1.0129877449512652
1.012989506240247
1.0129912675292285
1.012994790107192
1.012994790107192
1.0130000739741372
1.0130035965521007
1.0130035965521007
1.0130035965521007
1.0130035965521007
1.0130088804190458
1.0130124029970093
1.0130176868639544
1.013021209441918
1.0130247320198815
1.013026493308863
1.013026493308863
1.0130317771758084
1.0130335384647902
1.0130370610427535
1.013040583620717
1.0130441061986803
1.013047628776644
1.013052912643589
1.0130546739325708
1.013059957799516
1.0130634803774794
1.013067002955443
1.0130687642444247
1.0130740481113698
1.0130775706893334
1.0130775706893334
1.013079331978315
1.0130810932672967
1.0130810932672967
1.0130810932672967
1.0130810932672967
1.0130810932672967
1.0130810932672967
1.0130810932672967
