0.0005887312478195139
0.0010248284684265612
0.0013506900027134938
0.0017661937434585418
0.002496656587975346
0.0027522580144978097
0.0031326317013606235
0.0036898670388029616
0.003966061945187425
0.004394890878784355
0.004708638601387758
0.005053882234368337
0.005173808970035275
0.005739523975656084
0.006030255456060782
0.00648331201302477
0.006873376749234407
0.007050238399813931
0.007720132185913091
0.008734058223824476
0.00947663488002481
0.01008959375121138
0.010225268442066907
0.010667422568515718
0.011293706632554173
0.011867901306353451
0.01206293367445827
0.012689217738496725
0.013221014071403652
0.01371646896925999
0.014031428073031748
0.014188907624917627
0.014529305733224794
0.015170126371283482
0.015346988021863007
0.015716459278210644
0.016167093072837927
0.01673523084079544
0.017323962088614954
0.01805927045780517
0.01860923750823739
0.01888300965228515
0.019267017482653023
0.019609838353296896
0.020331821529635228
0.02081031709113463
0.0215698530836919
0.022553494592394464
0.023111941311005156
0.023173721750591153
0.02356257510563244
0.023869054541225725
0.02434149319688336
0.024798183897352406
0.025115565763460867
0.02557952475094003
0.02628575997208978
0.026879336744582705
0.02726092181261387
0.02789326278249409
0.028541351707562893
0.028707310927627242
0.029103432569678647
0.029504399736403456
0.03026393572896073
0.030532862348335077
0.031208813040276
0.03239112106058844
0.032833275187037256
0.0328962670077916
0.034049501880063573
0.034490444625344036
0.035165183936116604
0.03535537077954801
0.03566669573981471
0.03630145947203163
0.03708401170678761
0.03767153157343877
0.03852070977245416
0.03935777415978602
0.03978902585571966
0.04030870837694306
0.04121845563437609
0.041831414505562665
0.04229779625537853
0.04288289335969299
0.04350675466139474
0.043977981935884015
0.044719347210916
0.04544254176842268
0.045933151141605615
0.04624932162654572
0.04681261386982982
0.04732866224754816
0.04790164554017909
0.04819601116408885
0.04863574252820095
0.04908395356049153
0.049543067023297284
0.04976717253944257
0.05035832654959879
0.05124505756483312
0.051785333565918516
0.05234499166569756
0.053075454510214365
0.05380228321122611
0.05412572198317634
0.054898583168585494
0.05550790789626701
0.05602274489281699
0.057322556886459666
0.05795247509400318
0.05851213319378222
0.0591892952668915
0.05958662829011125
0.05989310772570454
0.060095408380819476
0.06072653796953134
0.061211090436872506
0.06187613869829825
0.0627337965654921
0.06288521921153623
0.06330193433344962
0.06397788502539055
0.06458236422839865
0.065016038686669
0.06531282707291546
0.0662843547699345
0.06664655773927201
0.06732977671822304
0.06790276001085398
0.06842123115090902
0.06906205178896771
0.06980947396984145
0.07035459549560026
0.07059687172927084
0.07139396053804706
0.07185549676318952
0.07261018723107338
0.07307172345621583
0.0734048532775129
0.07380218630073264
0.07478703919060356
0.07507777067100825
0.07622979416211187
0.07673251734697834
0.07738060627204714
0.07795358956467806
0.07831579253401558
0.07910076753110827
0.07963862076985696
0.08020554715664611
0.0809287417141528
0.08202261890917549
0.08267918750242276
0.08367857696631391
0.0846355680893127
0.08524610419816257
0.08566281932007598
0.08626487576074737
0.08665251773462031
0.08718189130519052
0.08760587471411405
0.08782392332441757
0.0881703783385665
0.08857861379230143
0.0892097433810133
0.08988205992944916
0.09019823041438926
0.09086933558165679
0.09143505058727759
0.09223335077722215
0.09301105748730472
0.09368216265457224
0.09412916230569446
0.09451074737372563
0.09494684459433267
0.09544108811102066
0.09606373803155406
0.09675422529751522
0.09722424119083614
0.09753677753227119
0.09787354149707331
0.09840049230530681
0.09885597162460752
0.09924240221731209
0.10021514129549948
0.10096740900104663
0.10194378222273907
0.10258702562313447
0.10309459433267434
0.10361306547272939
0.1040964065589022
0.10470209714307865
0.10488017017482654
0.10521451137729193
0.10553795014924217
0.10565545412257239
0.10605157576462379
0.10654824204364849
0.10718179439469706
0.10770147691592045
0.1082429642981742
0.10877112648757607
0.10948584137690429
0.10973296313524829
0.11032896267007791
0.11102187269837578
0.11143616505795248
0.11210484746288328
0.1132774644338489
0.11438708958406016
0.11485225995270767
0.11523626778307555
0.11570386091405978
0.116315608404078
0.11690070550839245
0.11712723378687444
0.11771838779703066
0.118234436174749
0.11864146024731557
0.11904000465170368
0.11971716672481296
0.1202513858200566
0.12063539365042447
0.12089826336395705
0.12139008411830833
0.12194489669341396
0.12254210760941195
0.12297578206768228
0.12404179749583284
0.12445366709307283
0.12485221149746094
0.12502665038570376
0.12554633290692715
0.1261314300112416
0.1269321529635229
0.12724953482963136
0.12793033104624568
0.12851542815056013
0.1294275981703299
0.12964685816180177
0.130217418692096
0.13074073535682443
0.131312507268287
0.1320902139783696
0.1329078962670078
0.13342636740706285
0.13393999302244447
0.13438820405473503
0.13519377253168974
0.1356213900841183
0.1364221130363996
0.13695512075047486
0.13752083575609567
0.13804415242082413
0.13860017637709812
0.13887637128348257
0.1395426309260767
0.1403833294569136
0.14118526379036322
0.1416334748226538
0.14200536884133813
0.14236999457301236
0.1430120265922394
0.1436601155173082
0.14412286312361902
0.1446146838779703
0.14494175679342558
0.14533908981664534
0.1456383009652285
0.1460574388494786
0.14677457650114353
0.14720461681590882
0.14731727526456564
0.14740812885219212
0.1478430146916308
0.1484269004147769
0.14881696515098655
0.1495304686591464
0.14993628135054463
0.15042325658022251
0.15117915842927473
0.15150744272589836
0.15199684071791295
0.1524632224677288
0.15271518975074622
0.15297079117726867
0.15341052254138077
0.15420155444431524
0.15460736713571346
0.15484722060704734
0.15565400046517036
0.15635296739931
0.15717186106911657
0.15773030778772726
0.1583880877621429
0.1589768190099624
0.1594577373337985
0.1601518587432647
0.16024876923673295
0.16031297243865567
0.16037717564057835
0.16047529751521494
0.1608544598209094
0.16121908555258363
0.16149891460247315
0.16200648331201303
0.16248740163584913
0.16295620614800171
0.163468620382215
0.16436504244679614
0.1651245784393534
0.16542984649377834
0.16581022018064115
0.16620634182269256
0.16689682908865372
0.1674249912780556
0.16799434042718145
0.16870663255417295
0.16913425010660155
0.1699482982517347
0.17058063922161493
0.1707926309260767
0.17122751676551537
0.1717593130984223
0.172626662014963
0.17352187269837577
0.17416875024227624
0.17455275807264412
0.17510151374190797
0.17547946466643408
0.17562967593130985
0.1757387002364616
0.17616147226421677
0.1765903011978137
0.1772286990735357
0.17791555219599178
0.1782523161607939
0.17893553513974494
0.1797156646121642
0.1802353471333876
0.18107604566422453
0.1820051750203512
0.1824558088149785
0.18310632050238398
0.18370353141838197
0.18403666123967904
0.18471261193161995
0.1850893514749777
0.18599183044540063
0.18638310656277862
0.18665687870682637
0.18680708997170214
0.18730133348839012
0.18802573942706516
0.18884705585920844
0.18918018568050549
0.1897301527309377
0.19059386750397334
0.19091851765709192
0.19123589952320036
0.19144425708415708
0.1920765980540373
0.19219652478970423
0.19259991471876575
0.1932237760204675
0.19353388959956583
0.19373740163584913
0.19419288095514983
0.19438185641741287
0.19471498623870992
0.1951426037911385
0.19551934333449625
0.196122611156336
0.19662533434120247
0.19704689498778927
0.19739456138310657
0.19755082955382408
0.19761382137457845
0.19775797573361242
0.19820255262239794
0.19906384463309687
0.19944421831995968
0.19950478737837732
0.19983186029383262
0.20050538822343683
0.20122858278094352
0.20179187502422763
0.2024230046129395
0.20296449199519323
0.20314135364577277
0.20337636159243322
0.20395540179090593
0.20432729580959028
0.20489179943404273
0.20568525409931387
0.20640723727565222
0.20676338333914795
0.2072152285149436
0.20783061014846688
0.2083139512346397
0.20903472302980966
0.20943932434003953
0.20994083614373765
0.2106240551226887
0.2109087296972516
0.21191659882932123
0.2128566306159631
0.21379423964026825
0.21405710935380082
0.21439629608093966
0.21477424700546574
0.21528060433383728
0.21582451447842774
0.21647744892816995
0.217140074427259
0.21754952126216226
0.2179965209132845
0.21861795945264953
0.21900317866418575
0.2195701050509749
0.22027755165329302
0.22088929914331124
0.2211291526146451
0.22191533899290616
0.2223490134511765
0.22257796449199518
0.2232926793813234
0.22391896344536186
0.22429206884521455
0.22452828817304338
0.22500193820986936
0.22535445012986005
0.22549860448889406
0.22608975849905028
0.22670029460790014
0.22695468465325425
0.22732536729077024
0.22809459433267434
0.22866515486296857
0.22933383726789938
0.22995648718843276
0.2303441291623057
0.23073055975501028
0.23129990890413615
0.23179899794549755
0.2326287940458193
0.23321146838779702
0.23345495600263597
0.23388984184207465
0.23441679265030818
0.23490134511764935
0.23563423072450285
0.23602550684188084
0.23651490483389542
0.23694494514866069
0.23716905066480598
0.23783531030740007
0.2382798871961856
0.2385681959142536
0.23882137457843935
0.23920659378997558
0.23963542272357252
0.24011270690390354
0.24065903981083073
0.24099580377563282
0.24132651083459317
0.24159422607279915
0.24209331511416057
0.2424858026127069
0.24289888359111525
0.24323564755591737
0.24368022444470286
0.2443585978989805
0.2449606543396519
0.24551062139008412
0.24599759661976198
0.2466638562623561
0.24731557933092996
0.24766324572624723
0.24827741597860217
0.2486541555219599
0.24897032600690003
0.24947426057293484
0.24999636585649493
0.2504288289335969
0.25109751133852776
0.25177103926813194
0.2525935670814436
0.25315080241888593
0.2536838101329612
0.25416351707562895
0.2546589719734853
0.2553627844322983
0.2557080280652789
0.25630645036244526
0.2570453928751405
0.2573785226964376
0.2579951157111292
0.2583912373531806
0.258602017676474
0.25919317168663025
0.2593458057138427
0.25991757762530526
0.26028826026282126
0.26061533317827656
0.26116287746637207
0.26174918595185487
0.26204597433810134
0.2625038764197387
0.26298116060006976
0.2638497208977788
0.26465650075590186
0.2652779392952669
0.2656510446951196
0.2662906539520099
0.26692541768422684
0.2676134821878513
0.2684117823777959
0.26856441640500833
0.26879336744582705
0.26925611505213787
0.26990783812071173
0.2705183742295616
0.2710453250377951
0.27154077993565146
0.2717491374966081
0.27219613714773033
0.27293265689808893
0.27320279489863164
0.27367038802961585
0.2740374365236268
0.27433180214753655
0.2746927937357057
0.27527546807768344
0.27595505291312944
0.27643597123696556
0.2769011416056131
0.2773263363957049
0.27806043338372677
0.27852923789587936
0.2789507985424662
0.27952014769159206
0.2797067003915184
0.28002892778230026
0.28034509826724036
0.28094230918323837
0.2814438209869365
0.282032552234756
0.28247107221769974
0.2827714947474513
0.28313369771678876
0.2834292747218669
0.2837272744892817
0.28406524983525216
0.2844759080513238
0.2847436232895298
0.28531297243865567
0.28584840291506763
0.2865182967011668
0.28696166220878394
0.2876218649455363
0.28804705973562816
0.2883365798348645
0.28861640888475404
0.28898951428460673
0.28953221304802884
0.2901681881614141
0.2908126429429779
0.29136139861224175
0.29153826026282126
0.29177326820948174
0.2920930728379269
0.29240318641702523
0.2927157227584603
0.2928392836376323
0.2933068767686165
0.2939731364112106
0.2946333391479629
0.29495193239523976
0.29555762297941623
0.2958568341279994
0.29606276892661937
0.29652672791409856
0.29733350777222156
0.2977901984726906
0.29829413303872543
0.2989046691475753
0.2995430670232973
0.3003474241190836
0.3008695294026437
0.30137104120634184
0.30178048804124513
0.3022795770826065
0.30278230026747294
0.30323777958677367
0.3034703647710974
0.30428199015389384
0.3047398922355313
0.3050451602899562
0.30568476954684654
0.306393427530333
0.30708633755863085
0.3077513858200566
0.30835223087955965
0.3089143117416754
0.3092171570337636
0.30971866883746174
0.3101535546769004
0.3107507655928984
0.31132374888552933
0.31156965926270497
0.31213658564949415
0.3125436097220607
0.31296395898747914
0.31322077179517
0.3137295518858782
0.3142141043532194
0.3146998682017289
0.31564232275070747
0.31625770438423073
0.316646557739272
0.3173745978214521
0.3179003372485173
0.3182237760204675
0.3186489708105594
0.3191335232779005
0.31940850680311667
0.31966047408613407
0.3199512055665387
0.3202976605806877
0.320793115478544
0.32178039113075163
0.32269013838818467
0.32318438190487264
0.3237343489553049
0.32403113734155137
0.3242588770012017
0.32501114470674886
0.32540484358646354
0.32552355894096213
0.3259402740628755
0.3263339729425902
0.3266380296158468
0.32682942784044655
0.3272449315811916
0.3275562565414583
0.32840906888397875
0.3286876865526999
0.3291007675311083
0.3294060355855332
0.32973553126332517
0.3302854983137574
0.33059561189285575
0.33084031088886307
0.3312170504322208
0.33170281428073034
0.3318881555994883
0.3320807652052564
0.3324235860759003
0.33288269953870603
0.33333817885800676
0.3336713086793038
0.33419704810636897
0.33449262511144706
0.3351637302787146
0.3355416812032407
0.33595355080048067
0.3360662092491375
0.33669855021901773
0.3372351920765981
0.33749806179013064
0.33784815094778464
0.33825396363918286
0.33886449974803273
0.33926788967709426
0.3400988971585843
0.34077727061286195
0.34111161181532734
0.341439896111951
0.34198138349420476
0.34245987905570413
0.34313098422297167
0.34344109780207
0.34366399193704694
0.3441848858394387
0.34458464162499514
0.3449214055897973
0.3451418769624375
0.3453550800480676
0.345689421250533
0.3460528356010389
0.3464198840950498
0.3468547699344885
0.347357493119355
0.34784931387370627
0.34820909408070705
0.34845863860138776
0.34871908555258363
0.3491188413381401
0.34953192231654845
0.3499571171066403
0.35010006008450595
0.3503193200759778
0.35074088072256465
0.3511030836919022
0.3515912703027484
0.35210368453696167
0.35265365158739387
0.35317696825212236
0.35359126061169904
0.3540116098771175
0.35431445516920573
0.3548547311702911
0.3553937957902082
0.3557499418537039
0.3562369170833818
0.35667301430398884
0.3571854285382021
0.35759366399193704
0.3580079563515137
0.3583943869442183
0.358788085823933
0.35934047563670196
0.35979353219366594
0.36022478388959955
0.3604513121680816
0.36065119006085977
0.3609722060704733
0.36172689653835716
0.3621254409427453
0.36231078226150326
0.36262816412761173
0.3630872775904175
0.36348945613831063
0.3638795208745203
0.36449732527038026
0.36508484513703143
0.3654373570570221
0.3659485599100671
0.36662451060200796
0.36718901422646044
0.36766750978795987
0.36810360700856687
0.3685990619064232
0.36911632166530994
0.3694022076210412
0.3698092316936078
0.37016780051944026
0.3705760359731752
0.37115023064697444
0.37149910842346007
0.3720769372407644
0.3726765709190991
0.37284253013916346
0.3732447086870566
0.3737934643563205
0.37407208202504166
0.3743591793619413
0.37477589448385473
0.3751732275070745
0.3753525119199907
0.37599938946389116
0.3765251288909563
0.3772216730627592
0.37768078652556497
0.37829374539675154
0.37871288328100167
0.3792531592820871
0.38003571151684307
0.3802464918401364
0.3805420688452146
0.3809309222002558
0.381559629026631
0.38218954723417453
0.38283157925340155
0.3835584079544133
0.38386125324650155
0.3840671880451215
0.38454447222545257
0.38491515486296857
0.38507021165251776
0.3858236907392332
0.3862961293948909
0.386777047718727
0.3870314377640811
0.3873076326704656
0.38761290072489046
0.38793876225917745
0.388222225452572
0.38843179439469705
0.38856868046672094
0.3889648021087723
0.3891622572392139
0.3896504438500601
0.3902755165329302
0.3908606136372446
0.3914033124006667
0.3918345640966004
0.39199931193549636
0.39235061247431874
0.39290057952475094
0.39350748149009573
0.3938587820289181
0.3945250416715122
0.3952506589913556
0.3956794879249525
0.3962306663565531
0.39666191805248674
0.3971597957126798
0.397647982323526
0.39794961623444586
0.39820158351746326
0.39872490018219175
0.39927728999496065
0.3999920048842889
0.4003057526068923
0.40060375237430706
0.4010410609760825
0.4014008411830833
0.4018999302244447
0.4023602550684188
0.402721246656588
0.40300228708764585
0.4032833275187037
0.40360676629065395
0.4039302050626042
0.40443777377214407
0.40472123696553863
0.4050216594952902
0.40559706555025776
0.4062960324843974
0.4069102027367523
0.40764066558126916
0.4081773074388495
0.40868003062371594
0.4089659165794472
0.4091948676202659
0.40976542815056016
0.41019910260883047
0.41084598015273094
0.4113014594720316
0.41158492266542623
0.41181871923091834
0.4124086618599062
0.4131730433771369
0.41380659572818546
0.4142063515137419
0.4144898147071365
0.4151282125828585
0.41579810636895764
0.4160173663604295
0.4162535856882583
0.41682899174322596
0.41743710508973914
0.4180779257277978
0.4183686572082025
0.4187344943210451
0.4192069329767027
0.4196442415784781
0.4201396964763345
0.42039772066519365
0.4206399968988642
0.42114029732139396
0.4213728825057177
0.4219192154126449
0.4222814183819824
0.4227550684188084
0.4230857754777687
0.42351218164902893
0.4238840756677133
0.42443888824281895
0.42473688801023374
0.42522507462107995
0.4257568709539869
0.4264364557894329
0.42668115478544016
0.42699490250804356
0.42746370702019615
0.42787557661743614
0.42826200721014074
0.42854183626003023
0.4291123967903245
0.4294612745668101
0.4298392254913362
0.43042795673915574
0.43089554987013995
0.43130741946737994
0.4317616874055123
0.4322304919176648
0.4327441175330465
0.4334406617048494
0.4339930515176183
0.4348252703802768
0.4352577334573788
0.43577257045392875
0.436137196185603
0.4364351959530178
0.4367283501957592
0.4369912199092918
0.4373255611117572
0.43784282087064386
0.43834554405551035
0.43884947862154516
0.43926861650579524
0.43963929914331124
0.4401311198976625
0.44047272938713805
0.4411886556576346
0.4415920455866961
0.4419627282242121
0.4426423130596581
0.4433134182269256
0.4438403690351591
0.44447997829204944
0.4449184982749932
0.4454127417916812
0.4458330910570997
0.4462195216498042
0.4466095863860139
0.4469851145482033
0.4475193336434469
0.44805597550102727
0.44839395084699774
0.44863501569949993
0.4492612997635384
0.44981732371981237
0.4503575997208978
0.45081065627786177
0.4512346396867853
0.45155444431523045
0.4521443869442183
0.4528239717796643
0.4536574020234911
0.4540922878629298
0.4545877427607861
0.4549002791022212
0.45531820560530295
0.45551687211691283
0.4558924002791022
0.4562218959568942
0.4565538143970229
0.45701656200333374
0.4575059599953483
0.45804502461526536
0.4586276989572431
0.4591498042408032
0.4601116408884754
0.46078638019924795
0.46122853432569677
0.46164403806644183
0.46199170446175913
0.4623490619064232
0.46298867116331355
0.46374820715587084
0.4640522638291274
0.46458163739969766
0.46505407605535526
0.4655555878590534
0.4656694576888786
0.4659238477342327
0.46640234329573205
0.4665876846144901
0.4671497654766058
0.4675580009303407
0.46772517153157345
0.46825696786448034
0.4691776175524286
0.4696100806295306
0.47001225917742373
0.4701879094468349
0.47045441330387255
0.47072939682908865
0.4710831201302477
0.47151194906384464
0.47203889987207814
0.47237566383688023
0.472748769236733
0.47297529751521494
0.4732514924215994
0.4737893456603481
0.47408734542776293
0.4745258654107067
0.47506371864945535
0.475268442066907
0.4754646858161802
0.4756439702290964
0.47599527076791875
0.4763611078807613
0.47648103461642827
0.47694741636624416
0.4772211885102919
0.4775470500445788
0.47816364305927045
0.47828235841376904
0.4784967728805675
0.4787051304415242
0.4791254797069427
0.4797965848742102
0.48040348683955497
0.48079718571926966
0.4811533317827654
0.4813883397294259
0.4819964530759391
0.4824410299647246
0.4830442977865643
0.48356640307012444
0.4839092239407683
0.4845282397177966
0.48487227196960886
0.4853216943830678
0.48584864519130133
0.48638044152420823
0.4868734736597279
0.48715693685312245
0.4873253188355235
0.4877238632399116
0.48797461914176066
0.4884882447571423
0.48883348839012286
0.48932046361980075
0.4894658293600031
0.48978805675078496
0.4902847230298097
0.49057060898554095
0.49066751947900916
0.4908504380354305
0.4912005271930845
0.49148641314881575
0.4918534616428267
0.49212481102453776
0.4925657537698182
0.49359179361941313
0.4943561751366438
0.4948370934604799
0.4952005078109858
0.49561843431406755
0.4959237023684925
0.4961696127456681
0.49668808388572316
0.4971859615459162
0.49741491258673487
0.4977540993138737
0.4980060665968911
0.49829800945846414
0.49851969221227277
0.4989327731906811
0.4994597239989146
0.4998861301701748
0.5002071461797883
0.500456690700469
0.5008721944412141
0.5010466333294569
0.5015178606039462
0.501692299492189
0.5020193724076443
0.5025269411171842
0.5028334205527775
0.5032477129123542
0.5035311761057487
0.5038703628328876
0.5042616389502655
0.5046831995968524
0.5049278985928596
0.5053906461991704
0.5056414021010195
0.505999970926852
0.5063936698065666
0.5067716207310927
0.5070890025972012
0.5075469046788387
0.5078885141683142
0.5084239446447262
0.5088612532465016
0.5091023180990037
0.5094766348800248
0.5098364150870256
0.5100084312129317
0.5101646993836493
0.5105317478776602
0.5108975849905028
0.5112815928208706
0.5116474299337133
0.5120750474861419
0.5123936407334186
0.5129145346358104
0.5131798271116796
0.5135965422335931
0.5139878183509711
0.5143463871768035
0.514993264720704
0.5153239717796643
0.5158533453502345
0.5164360196922123
0.5169932550296547
0.5173033686087529
0.5176086366631779
0.517986587587704
0.5182349207272163
0.5186092375082374
0.5189241966120092
0.5193845214559832
0.5198787649726713
0.5203330329108036
0.5206479920145753
0.5211713086793038
0.5214051052447959
0.521844836608908
0.5222494379191379
0.522589836027445
0.522939925185099
0.5234378028452921
0.5239053959762763
0.5240737779586774
0.5245280458968097
0.5249144764895143
0.5252221673062759
0.5255480288405628
0.5257370043028259
0.5260858820793115
0.5267145889056867
0.5271216129782533
0.5275141004767996
0.5278993196883358
0.5283293600031012
0.5287521320308562
0.5289641237353181
0.529516513548087
0.5298351067953638
0.5301391634686203
0.5303414641237353
0.5306212931736248
0.5311494553630267
0.5317115362251424
0.5321294627282243
0.5325655599488313
0.5330198278869636
0.5333892991433112
0.5337720955925107
0.5339768190099624
0.534301469163081
0.5347872330115905
0.5350319320075978
0.5354450129860061
0.5358471915338993
0.5363135732837152
0.5368102395627399
0.5371760766755824
0.5376594177617553
0.5380615963096484
0.5384007830367872
0.5389967825716169
0.5392850912896848
0.5396376032096756
0.5398399038647905
0.540202106834128
0.5407460169787185
0.5412257239213862
0.5416545528549831
0.5418495852230879
0.5423922839865101
0.5428768364538512
0.5434049986432531
0.54373086017754
0.5441766484474939
0.5443704694344303
0.5446830057758654
0.5449301275342094
0.5453795499476684
0.5458289723611273
0.54620207776098
0.5463983215102531
0.546699955421173
0.5469398088925069
0.5475660929565453
0.5479513121680816
0.5482529460790014
0.5485436775594061
0.5488598480443463
0.5492547583052293
0.5496157498933985
0.550290489204171
0.5508234969182463
0.5510100496181727
0.5512777648563787
0.5515333662829011
0.5517041710276389
0.5518737643912083
0.5524867232623949
0.552699926348025
0.5529264546265069
0.5535515273093771
0.5541136081714928
0.5545194208628911
0.5548174206303058
0.5552753227119432
0.5556326801566074
0.5558640539597628
0.5560942163817498
0.556492760786138
0.5567859150288793
0.5571299472806915
0.5574085649494127
0.5577877272551072
0.5582262472380509
0.5583691902159166
0.55868293793852
0.5589978970422917
0.5591541652130093
0.5595006202271582
0.5595914738147847
0.5596484087296972
0.5600796604256308
0.5606998875838276
0.561260757064775
0.5613988545179672
0.5614788056750785
0.5616483990386479
0.5619391305190526
0.562413991937047
0.5629155037407451
0.5633782513470559
0.5638543241462185
0.5642371205954181
0.5646102259952708
0.564847656704268
0.5650208842113424
0.5653842985618482
0.5657646722487111
0.566255281621894
0.5666065821607164
0.5670039151839361
0.5675890122882505
0.5684430360119394
0.5690172306857386
0.569327344264837
0.5695272221576152
0.569924555180835
0.5703957824553243
0.5706513838818468
0.5708161317207427
0.5712061964569524
0.5715986839554987
0.571991171454045
0.5724115207194636
0.5726743904329961
0.5730608210257007
0.5734230239950382
0.5737452513858201
0.5741643892700702
0.5746513644997481
0.575104421056712
0.575557477613676
0.5759414854440439
0.576343663991937
0.5766707369073923
0.5770123463968678
0.5771746714734272
0.5776144028375393
0.5778760611699035
0.5780505000581463
0.5782770283366283
0.5786549792611544
0.5790583691902159
0.5792739950381828
0.5795259623212001
0.5798966449587162
0.5802031243943094
0.580486587587704
0.580915416521301
0.5812267414815676
0.5813418226925612
0.581701602899562
0.5819329767027174
0.5822249195642905
0.5824344885064154
0.582834244291972
0.5832412683645385
0.583727032213048
0.584118308330426
0.5843920804744738
0.5848826898476567
0.585329689498779
0.5856979493739582
0.5861655425049425
0.5864974609450712
0.5868063631430012
0.5872909156103423
0.5876385820056595
0.5880710450827615
0.588528947164399
0.5887675892545645
0.5891043532193666
0.5894677675698725
0.5898529867814087
0.5901194906384464
0.5905931406752724
0.5908996201108656
0.5912763596542233
0.59148471721518
0.5918626681397061
0.592061334651316
0.5924744156297244
0.5927772609218126
0.5930740493080591
0.5934689595689421
0.5942248614179944
0.5946234058223825
0.5950849420475249
0.5953587141915727
0.5956869984881963
0.5961703395743692
0.5966754855215722
0.5970025584370275
0.5973163061596309
0.5978287203938443
0.5980988583943869
0.5982732972826298
0.5986076384850951
0.5990304105128503
0.5993817110516727
0.5996627514827305
0.5997960034112494
0.5999413691514517
0.600083100748149
0.6004489378609916
0.6006306450362445
0.6008559619335582
0.6011139861224173
0.6015258557196573
0.6021327576850022
0.6027130092646432
0.6029189440632632
0.6033090087994728
0.6039243904329961
0.6041969511958755
0.6045809590262433
0.6048401945962709
0.6050497635383959
0.6052132999961236
0.6054119665077334
0.6058541206341823
0.6062114780788463
0.606502209559251
0.6069080222506493
0.6072629569329767
0.6079146800015506
0.6084113462805752
0.6088316955459937
0.6091478660309338
0.6093332073496919
0.6098056460053495
0.6101145482032795
0.6103556130557817
0.6107626371283482
0.6110412547970694
0.6114470674884677
0.6119606931038493
0.6122271969608869
0.6123907334186146
0.6125046032484397
0.6128413672132419
0.6129310094196999
0.6132762530526805
0.6136045373493042
0.6138310656277862
0.6144028375392487
0.6149431135403342
0.6151708531999845
0.6155427472186689
0.616006706206148
0.6166366244136915
0.6169964046206923
0.6174858026127069
0.6179328022638291
0.6183010621390084
0.6186111757181068
0.6188377039965888
0.6192277687327984
0.619511231926193
0.6197704674962204
0.6198685893708571
0.6201629549947668
0.6204040198472691
0.6206038977400473
0.6209612551847113
0.6211574989339845
0.6213573768267628
0.6215015311857968
0.6217668236616661
0.621920669070047
0.6221605225413808
0.6223531321471489
0.6226753595379307
0.6230048552157228
0.6233064891266427
0.6237183587238826
0.6241483990386479
0.6243179924022173
0.6247238050936156
0.6250084796681785
0.625185341318758
0.6253161704849401
0.625535430476412
0.6255984222971663
0.6256444547815637
0.6257183490328333
0.6259569911229989
0.6265021126487577
0.6270375431251696
0.6272325754932744
0.6276117377989688
0.6283216071636237
0.6284451680427957
0.6288219075861534
0.6293379559638718
0.6298091832383611
0.6302355894096213
0.6305529712757297
0.6311344342365391
0.6313306779858123
0.6317219541031903
0.6323615633600806
0.6327383029034384
0.6329454490832267
0.6330762782494088
0.6335462941427298
0.6338370256231345
0.6343797243865565
0.6347564639299144
0.634875179284413
0.6349187890064736
0.6350084312129317
0.6352070977245416
0.6354760243439159
0.6356540973756638
0.6359193898515332
0.6362815928208706
0.6366413730278715
0.6368267143466294
0.6371380393068962
0.6374336163119743
0.6377231364112106
0.6380671686630228
0.6384499651122224
0.638778249408846
0.6389502655347521
0.6391816393379075
0.6393633465131604
0.6394481431949451
0.6397970209714308
0.6401059231693608
0.6403203376361593
0.6405928983990387
0.6407140365158739
0.6409054347404737
0.6410398980501608
0.6411695158351747
0.6412240279877505
0.641342743342249
0.6415547350467109
0.6420053688413382
0.6421119703841532
0.6423603035236656
0.6424693278288173
0.6428945226189092
0.6430132379734078
0.6433342539830212
0.6437824650153119
0.6442343101911074
0.6445371554831957
0.6450156510446952
0.6453778540140327
0.6456492033957437
0.6457933577547776
0.6459883901228826
0.6461882680156608
0.6464559832538668
0.6466958367252006
0.6471028607977671
0.6473633077489631
0.64779213668256
0.6479132747993953
0.6481240551226887
0.6484680873745009
0.6488096968639764
0.6489162984067914
0.6490132089002597
0.6493075745241694
0.649570444237702
0.6498623870992751
0.650208842113424
0.6504741345892934
0.6505322808853743
0.6506158661859907
0.6510471178819243
0.6514771581966895
0.6518005969686398
0.6521870275613444
0.6524874500910959
0.6529392952668915
0.6534674574562934
0.6537073109276272
0.6540162131255572
0.6544971314493934
0.6548702368492461
0.6551052447959065
0.6555159030119782
0.6558114800170562
0.656023471721518
0.6561627805558786
0.6564728941349769
0.6568350971043144
0.6573172268093189
0.6574904543163934
0.6577630150792728
0.6580840310888864
0.6585249738341667
0.6590567701670736
0.659342656122805
0.6597436232895297
0.6599665174245067
0.6602645171919216
0.6607745086637982
0.6612324107454355
0.6618041826568981
0.662233011590495
0.6626545722370818
0.6630082955382409
0.6634262220413226
0.6638683761677715
0.6640561402488662
0.6641893921773849
0.6643408148234291
0.6645455382408807
0.6646642535953793
0.6648895704926929
0.6653765457223708
0.6655037407450479
0.6659773907818739
0.6662378377330698
0.6667381381555995
0.666911365662674
0.6674443733767492
0.6679361941311005
0.6685237139977517
0.6688834942047525
0.669283249990309
0.6697459975966198
0.6700924526107687
0.6706060782261504
0.6708156471682754
0.671037329922084
0.6711923867116332
0.6713753052680544
0.6716115245958832
0.671885296739931
0.6720161259061131
0.6723855971624607
0.6726496782571617
0.672935564212893
0.6735121816490289
0.6738889211923867
0.6743662053727177
0.6748228960731868
0.6751366437957902
0.6756127165949529
0.6757471799046401
0.6760960576811257
0.6764933907043454
0.6765987808659921
0.6768095611892856
0.6771548048222662
0.677641780051944
0.6778392351823855
0.6779337229135171
0.6783153079815483
0.678647226421677
0.6789537058572702
0.6793377136876381
0.6794394697057797
0.6796369248362213
0.6798913148815754
0.6800790789626701
0.6804776233670582
0.6806205663449238
0.6809379482110323
0.6811305578168004
0.6815739233244176
0.6818283133697717
0.682282581307904
0.6825769469318138
0.6827344264836996
0.6829985075784006
0.6831378164127612
0.6835327266736442
0.6837592549521262
0.6840596774818778
0.6844024983525216
0.6847598557971857
0.6849536767841222
0.6851971643989612
0.6855218145520797
0.6858622126603868
0.6860523995038182
0.6865999437919138
0.6869960654339652
0.6874273171298988
0.6878936988797147
0.6882316742256852
0.6884703163158507
0.6888058688994845
0.6891741287746638
0.6895133155018025
0.6899263964802109
0.6901819979067333
0.6905332984455557
0.6909076152265767
0.6911753304647827
0.691378842501066
0.6916308097840834
0.6918803543047641
0.6919590940807071
0.6921759313098422
0.6924484920727216
0.6927101504050859
0.6931486703880296
0.6934927026398419
0.6936429139047176
0.6938682308020312
0.6943006938791332
0.6947246772880568
0.6949354576113501
0.6952031728495561
0.6955605302942203
0.6959639202232818
0.69636973291468
0.6964630092646432
0.6967052854983138
0.6969766348800248
0.6971631875799511
0.6974466507733458
0.697650162809629
0.6979869267744311
0.6983600321742839
0.6986156336008063
0.6988421618792883
0.6991910396557739
0.699503575997209
0.6996356165445594
0.6999324049308059
0.700063234096988
0.700334583478699
0.7008893960538047
0.7013412412296003
0.7014769159204559
0.7015932085126177
0.7018936310423692
0.7021988990967942
0.7026228825057177
0.7030444431523045
0.7035011338527736
0.7040099139434818
0.7045320192270419
0.7047670271737023
0.704971750591154
0.7052685389774005
0.7055035469240609
0.7058887661355971
0.7061916114276854
0.7065671395898748
0.7070856107299298
0.7074223746947319
0.7079929352250262
0.7084956584098926
0.7087294549753848
0.7089026824824592
0.7093787552816219
0.709653738806838
0.709839080125596
0.7101746327092298
0.7104060065123852
0.7107585184323758
0.7110492499127805
0.7113169651509865
0.7115786234833508
0.7117712330891189
0.7120110865604528
0.7123090863278676
0.7126204112881342
0.7128445168042795
0.7132309473969841
0.7134344594332674
0.7136561421870761
0.7137906054967632
0.7140425727797806
0.7142351823855487
0.7144750358568825
0.7146325154087685
0.7148941737411327
0.7151376613559717
0.715468368414932
0.715670669070047
0.7159080997790441
0.7161370508198628
0.7162351726944993
0.7164302050626041
0.7166155463813622
0.7168008877001202
0.7171739930999729
0.7176755049036709
0.717819659262705
0.7181612687521804
0.7184762278559522
0.7188226828701012
0.7192163817498158
0.7195822188626585
0.71988264139241
0.720006202271582
0.7200849420475249
0.7204204946311586
0.7207875431251696
0.7209837868744428
0.7211654940496957
0.7212648273055007
0.7215058921580029
0.7218378105981316
0.7220388998720781
0.7222436232895297
0.7226918343218204
0.7231061266813971
0.7235785653370547
0.723888678916153
0.7241370120556654
0.7243865565763461
0.7246845563437609
0.7248274993216266
0.7249026049540644
0.7251133852773578
0.7254731654843587
0.7258196204985076
0.726050994301663
0.7263065957281855
0.7266603190293445
0.7269886033259682
0.7273701883939993
0.7277093751211381
0.7280001066015428
0.7283005291312943
0.728653041051285
0.7289183335271543
0.7291981625770438
0.7294404388107144
0.7297020971430787
0.7298559425514595
0.7300776253052681
0.7304192347947436
0.7305936736829864
0.7308092995309532
0.7311194131100516
0.7313108113346514
0.731659689111137
0.7320073555064542
0.7322145016862426
0.732449509632903
0.7325391518393611
0.7328650133736481
0.7330903302709617
0.7333120130247703
0.7335651916889561
0.733767492344071
0.7340836628290112
0.7342120692328565
0.7344458657983487
0.7345391421483118
0.7346723940768306
0.7348431988215683
0.735147255494825
0.7353604585804551
0.7355785071907586
0.7357917102763887
0.736159970151568
0.7365088479280536
0.736777774547428
0.7369691727720278
0.7371266523239136
0.7373144164050084
0.7377638388184673
0.737893456603481
0.7379830988099392
0.7381066596891112
0.7382774644338489
0.7385403341473815
0.7387038706051091
0.7390854556731403
0.7394452358801411
0.7397601949839129
0.7399140403922937
0.7401357231461022
0.7404942919719347
0.7407680641159825
0.7410188200178315
0.7414004050858627
0.7417105186649611
0.7419358355622747
0.7420618192037833
0.7423695100205451
0.7424821684692019
0.7426650870256232
0.7429618754118696
0.7431447939682909
0.743419777493507
0.7436269236732953
0.743852240570609
0.7439842811179594
0.7443367930379502
0.7445839147962942
0.7448152885994496
0.7452695565375819
0.7454609547621817
0.7455990522153739
0.745729881381556
0.7460642225840214
0.7463004419118502
0.7464191572663488
0.7465136449974803
0.746841929294104
0.7472816606582161
0.7476838392061093
0.7481744485792922
0.7484203589564679
0.748743797728418
0.7490684478815366
0.7495045451021437
0.7497443985734775
0.750082373919448
0.7503658371128425
0.7505426987634221
0.7509158041632747
0.7511435438229251
0.7513676493390704
0.75164747838896
0.7518715839051052
0.7520278520758228
0.752330697367911
0.752474851726945
0.7526965344807536
0.7528152498352522
0.752989688723495
0.7532876884909098
0.7535505582044424
0.7539224522231267
0.7542580048067605
0.7544360778385083
0.7546129394890879
0.7548321994805598
0.7550684188083886
0.7553748982439819
0.7556728980113967
0.7558727759041749
0.7560048164515254
0.7561029383261619
0.7562361902546808
0.7566613850447726
0.7570441814939721
0.7574621079970539
0.7578618637826103
0.7582458716129783
0.7586516843043765
0.7590756677133
0.7594209113462805
0.7599842035895646
0.7604057642361515
0.7609254467573748
0.7609872271969609
0.7611531864170252
0.761464511377292
0.7616789258440904
0.7620011532348723
0.762250697755553
0.7625668682404931
0.7630271930844672
0.7632827945109897
0.7636207698569601
0.7639587452029306
0.7642276718223049
0.7644299724774198
0.764667403186417
0.7648890859402256
0.7650974435011824
0.7652718823894251
0.7654366302283211
0.7657564348567663
0.7659417761755243
0.7663233612435555
0.7667255397914486
0.7669617591192774
0.7672355312633252
0.7674935554521843
0.7678678722332054
0.7681077257045393
0.7683584816063883
0.7686407334186146
0.7689774973834167
0.7691313427917975
0.769311838585882
0.7694535701825793
0.7697624723805093
0.7700665290537659
0.7702833662829011
0.7704844555568477
0.7707788211807575
0.77103442260728
0.7712573167422568
0.7714717312090553
0.771766096832965
0.7720834786990736
0.7723003159282087
0.7726613075163778
0.7730961933558166
0.7735674206303058
0.7736897701283095
0.7737418595185487
0.7739259894561383
0.7740955828197077
0.774220355080048
0.7745777125247122
0.7747388262201031
0.7748066635655309
0.7751761348218785
0.775551662984068
0.7758787358995232
0.7762906054967632
0.7769229464666434
0.7774850273287591
0.777827848199403
0.7782857502810404
0.7786394735821994
0.7790355952242509
0.7793335949916657
0.7796376516649223
0.7799865294414079
0.7803014885451797
0.780611602124278
0.7808659921696322
0.7812076016591076
0.7816255281621894
0.781908991355584
0.7821270399658875
0.7823135926658139
0.7825243729891073
0.7827908768461449
0.7829459336356941
0.7830476896538358
0.7831470229096407
0.7833117707485366
0.7834765185874326
0.7837939004535411
0.7839174613327131
0.7841912334767609
0.7845170950110478
0.7848332654959879
0.7850004360972206
0.785379598402915
0.7856969802690236
0.7861488254448191
0.7863535488622708
0.7866176299569717
0.7868502151412955
0.7870428247470637
0.7874534829631352
0.7875746210799706
0.7877878241656007
0.7879101736636043
0.7881076287940458
0.7882784335387836
0.7885207097724541
0.7887036283288754
0.7890355467690041
0.7894740667519479
0.7898495949141373
0.7901875702601078
0.7905643098034655
0.7909301469163081
0.7912293580648913
0.7913686668992519
0.7915019188277707
0.7917987072140171
0.7920106989184789
0.7922820483001899
0.7925800480676047
0.7927859828662247
0.7930536981044307
0.7934437628406403
0.7937042097918363
0.7939004535411094
0.7940991200527193
0.7942578109857735
0.794550965228515
0.7948283715160678
0.7950815501802535
0.7954086230957088
0.7955152246385239
0.795773248827383
0.7960288502539055
0.7961935980928014
0.7965073458154049
0.796703589564678
0.797050044578827
0.7972995890995077
0.7975043125169593
0.7977368977012831
0.7979658487421017
0.7980772958095903
0.7984152711555608
0.7987205392099856
0.7990597259371245
0.7992220510136837
0.7994776524402062
0.7996981238128464
0.7999125382796449
0.8000906113113928
0.800286855060666
0.800475830522929
0.8007895782455324
0.8009591716091018
0.8011978136992673
0.8013262201031127
0.8014897565608404
0.8016145288211808
0.8017659514672248
0.8021257316742257
0.8025279102221189
0.8026914466798465
0.8029385684381904
0.8031154300887701
0.8033589177036089
0.8036326898476567
0.8039452261890917
0.8042565511493585
0.8045945264953289
0.8049858026127069
0.8052886479047952
0.8054352250261658
0.8057283792689073
0.8060154766058069
0.8062589642206458
0.8065424274140404
0.806870711710664
0.8070499961235803
0.8072450284916851
0.8075260689227429
0.8077816703492654
0.8078410280265147
0.8080978408342055
0.8083498081172229
0.8084479299918595
0.8087168566112338
0.8089869946117766
0.8091687017870295
0.8094303601193937
0.8096399290615188
0.809819213474435
0.8099791157886576
0.8101329611970384
0.8104261154397798
0.8106465868124201
0.810831928131178
0.8110063670194209
0.8111929197193473
0.8113516106524015
0.8115151471101291
0.811861602124278
0.8121971547079118
0.8125121138116835
0.81280890219793
0.8130705605302943
0.8132401538938636
0.8134703163158507
0.8136290072489049
0.8137755843702756
0.8138422103345351
0.8139609256890336
0.8141414214831182
0.8143764294297786
0.8145787300848936
0.8148827867581502
0.8151541361398612
0.8153188839787572
0.8155672171182695
0.8157586153428693
0.8160699403031361
0.81631706206148
0.8166501918827771
0.8169397119820134
0.8171565492111486
0.8175054269876342
0.8177101504050859
0.8179524266387564
0.8182261987828042
0.8184272880567508
0.8185871903709734
0.8188016048377719
0.818977255107183
0.8192740434934295
0.8194266775206419
0.8196519944179556
0.8198591405977439
0.8202358801411017
0.8204830018994457
0.8208306682947629
0.8210123754700159
0.8210947493894639
0.8213164321432724
0.8215150986548824
0.8216701554444316
0.8219184885839439
0.8222697891227662
0.822629569329767
0.8228560976082491
0.8230474958328488
0.8232001298600613
0.8233454956002636
0.8235066092956546
0.8237743245338606
0.8239911617629957
0.8241013974493158
0.8244587548939799
0.8247337384191961
0.8248887952087453
0.8250474861417995
0.8252316160793891
0.825416957398147
0.8255405182773191
0.8256616563941543
0.8259317943946971
0.8261389405744854
0.8265689808892507
0.826793086405396
0.8270099236345312
0.8271661918052486
0.8273636469356902
0.8274678257161685
0.827719792999186
0.8279608578516882
0.8281316625964259
0.8283533453502345
0.8285641256735279
0.828756735279296
0.8289711497460945
0.8293709055316509
0.8297052467341164
0.8300722952281273
0.8302661162150637
0.8304478233903168
0.830757936969415
0.8311964569523588
0.8315223184866457
0.8318215296352289
0.8321001473039501
0.832442968174594
0.8327651955653759
0.832944479978292
0.833068040857464
0.833332121952165
0.8335610729929837
0.8338445361863782
0.8341449587161298
0.8343690642322751
0.8346452591386595
0.8349432589060743
0.8351661530410512
0.8353151529247587
0.8355537950149242
0.8357003721362949
0.8358639085940226
0.8360892254913362
0.8362709326665891
0.8363908594022561
0.8366622087839671
0.8368669322014187
0.83704258247083
0.8371831026863589
0.8374702000232586
0.8378057526068923
0.8381849149125867
0.8384162887157421
0.8385434837384192
0.8386670446175912
0.8388160445012987
0.8390038085823933
0.8392509303407373
0.8395307593906268
0.8396640113191456
0.8398251250145365
0.8399523200372137
0.8400867833469008
0.8401800596968639
0.8402054987013994
0.840434449742218
0.8407700023258519
0.8408560103888049
0.8411079776718223
0.8413793270535334
0.8415113676008839
0.8417500096910493
0.8420153021669187
0.8422696922122728
0.8425652692173509
0.8426742935225027
0.8428560006977556
0.8431988215683994
0.8434980327169826
0.8438129918207543
0.8440758615342869
0.8442091134628058
0.844487731131527
0.844738487033376
0.8450376981819592
0.8452908768461449
0.8454762181649029
0.845771795169981
0.8460455673140288
0.8462369655386285
0.8463144939334031
0.8464005019963562
0.8465458677365585
0.8466682172345622
0.8467675504903671
0.8470207291545528
0.8471769973252704
0.8473017695856108
0.84746409466217
0.8476918343218204
0.8478662732100631
0.8480952242508819
0.8484162402604954
0.8486609392565027
0.8489359227817188
0.8492242314997868
0.8495222312672016
0.8498117513664379
0.8499728650618289
0.8500879462728225
0.8501678974299337
0.850305994883126
0.8504089622824359
0.8506548726596116
0.8509044171802923
0.8510570512075047
0.851174555180835
0.8512932705353335
0.8515125305268054
0.8517984164825367
0.852018887855177
0.8521436601155173
0.8522744892816995
0.8523617087258208
0.852492537892003
0.8527348141256735
0.8529068302515797
0.8531612202969338
0.8532629763150754
0.8534301469163081
0.8535682443695003
0.8538262685583595
0.8541533414738148
0.8544271136178625
0.8545300810171725
0.8547517637709812
0.8549322595650657
0.8551079098344769
0.8551999748032717
0.8553744136915146
0.8554822266154979
0.8556179013063534
0.8557220800868318
0.8558286816296469
0.8559982749932162
0.8562453967515603
0.8564925185099043
0.8567529654611001
0.8568753149591037
0.8570025099817808
0.8572338837849363
0.8573707698569601
0.8574034771485056
0.8575876070860953
0.857795964647052
0.8580394522618909
0.8583689479396829
0.858616069698027
0.8587553785323875
0.858994020622553
0.8592435651432337
0.8593961991704462
0.8594931096639145
0.8595694266775207
0.8597402314222584
0.8598262394852114
0.8599970442299493
0.8600988002480908
0.860328962670078
0.8604549463115866
0.8606499786796914
0.8607129705004458
0.8608256289491026
0.8609407101600961
0.8610897100438035
0.8611829863937667
0.8613053358917704
0.8614591813001512
0.8616857095786332
0.861843189130519
0.8620370101174555
0.8622223514362135
0.8623883106562779
0.8625106601542815
0.8627820095359926
0.8629128387021747
0.8630836434469125
0.8632532368104818
0.8634555374655968
0.8637196185602977
0.8638843663991937
0.8640103500407024
0.8640903011978137
0.8642332441756794
0.8643640733418615
0.8645627398534713
0.8646838779703067
0.8648413575221925
0.8649964143117417
0.8651950808233515
0.865405861146645
0.8657026495328914
0.8659001046633329
0.8659933810132961
0.8661181532736365
0.8663761774624956
0.8666027057409776
0.8669043396518975
0.8670836240648138
0.8671926483699655
0.867304095437454
0.8675802903438384
0.8678492169632128
0.8679909485599101
0.8682647207039578
0.8684912489824398
0.8686111757181068
0.8686971837810599
0.8688825250998178
0.869147817575687
0.8692750125983641
0.869494272589836
0.8696905163391092
0.8698734348955305
0.8700163778733961
0.870091483505834
0.870280458968097
0.8703870605109121
0.8705106213900842
0.870712922045199
0.8709539868977013
0.8712350273287591
0.8713537426832577
0.8715378726208474
0.8718504089622824
0.8720539209985657
0.8722319940303136
0.872500920649688
0.8728243594216382
0.8731381071442416
0.8734542776291817
0.8737098790557042
0.8739364073341861
0.874155667325658
0.8744718378105981
0.8748267724929255
0.8751393088343605
0.8752786176687212
0.8755051459472032
0.8757619587548939
0.8761120479125479
0.8763846086754273
0.8766450556266232
0.8768861204791255
0.877148990192658
0.8773646160406249
0.8775899329379385
0.8778624937008179
0.8781556479435594
0.8784354769934488
0.8786159727875335
0.878858249021204
0.8790932569678644
0.8792676958561073
0.8795717525293639
0.8798455246734116
0.8801883455440556
0.8804185079660426
0.8807988816529054
0.8810193530255456
0.8812592064968795
0.8815305558785905
0.8816747102376246
0.8819242547583053
0.8820611408303292
0.8823094739698415
0.882568709539869
0.8827213435670814
0.8828848800248091
0.883066587200062
0.8832579854246618
0.8834699771291236
0.8836989281699422
0.8838406597666395
0.8839424157847812
0.8841725782067682
0.8843882040547351
0.8845505291312943
0.8847273907818739
0.8850120653564368
0.8852725123076327
0.8854711788192425
0.8857207233399232
0.8858600321742839
0.8861156336008063
0.8863421618792883
0.8866038202116525
0.8869575435128115
0.8872107221769974
0.887398486258092
0.887522047137264
0.8876771039268132
0.8877873396131333
0.8879230143039888
0.8881083556227468
0.8882391847889289
0.8884390626817071
0.8885844284219095
0.8887891518393611
0.8891162247548164
0.8893403302709617
0.8895317284955615
0.8897001104779626
0.8898684924603636
0.8901628580842733
0.8902452320037214
0.890449955421173
0.89056988215684
0.8906958657983487
0.890903011978137
0.8911162150637671
0.8913778733961313
0.8916007675311083
0.8917206942667752
0.8919617591192774
0.8921156045276583
0.8922876206535644
0.8924741733534907
0.8926474008605652
0.8929502461526534
0.8932652052564252
0.8934553920998566
0.8936552699926348
0.8939157169438307
0.8942137167112455
0.8944668953754312
0.8948484804434624
0.8951670736907392
0.8954711303639958
0.8956940244989727
0.8959132844904446
0.8960816664728457
0.8963324223746947
0.8966207310927627
0.8968097065550258
0.8969696088692484
0.8971028607977671
0.8972191533899291
0.8975014052021553
0.8977557952475094
0.8979011609877118
0.8980901364499748
0.8982960712485948
0.8984765670426794
0.8986534286932589
0.8989259894561383
0.899072566577509
0.8991912819320076
0.8993354362910416
0.89954258247083
0.8996867368298639
0.8999059968213358
0.9001930941582355
0.9004075086250339
0.9007139880606272
0.9008169554599372
0.9009489960072876
0.9011040527968368
0.9012918168779316
0.9015728573089894
0.9017691010582626
0.902107076404233
0.9023978078846377
0.902494718378106
0.9026497751676551
0.9027430515176184
0.902972002558437
0.9032457747024848
0.9034262704965693
0.9036237256270109
0.9038127010892739
0.9039980424080319
0.9041446195294026
0.9045298387409388
0.9048581230375625
0.9050289277823003
0.9052300170562468
0.9054928867697795
0.9056297728418033
0.9058441873086017
0.9060634473000736
0.9062148699461178
0.9064874307089972
0.9066969996511223
0.9069005116874055
0.9071585358762647
0.9073935438229251
0.9075231616079389
0.9077000232585184
0.9078756735279296
0.9079968116447649
0.9081627708648292
0.9083299414660619
0.9084946893049579
0.9085794859867427
0.908745445206807
0.9088871768035043
0.9089865100593092
0.9091912334767609
0.9093802089390239
0.909630964840873
0.9098441679265031
0.9100246637205877
0.9102596716672481
0.9104861999457301
0.9106618502151413
0.9107454355157576
0.9109029150676435
0.9110591832383611
0.9112832887545064
0.911553426755049
0.9118223533744234
0.9118817110516727
0.9120416133658953
0.9122741985502191
0.9124837674923441
0.9126630519052603
0.9127769217350855
0.912912596425941
0.9130422142109548
0.9131887913323254
0.9133159863550026
0.9135122301042757
0.9137145307593906
0.9139204655580107
0.9141578962670078
0.914234213280614
0.9143638310656278
0.9146242780168237
0.9148326355777804
0.9149683102686359
0.9150967166724813
0.9152323913633368
0.9153947164398961
0.9155897488080009
0.9158938054812575
0.9161990735356824
0.9164558863433733
0.9165540082180098
0.9167647885413033
0.916935593286041
0.9171924060937319
0.9174661782377795
0.9176478854130325
0.917762966624026
0.91790712098306
0.918109421638175
0.9183504864906772
0.9185031205178896
0.9188047544288096
0.9190821607163624
0.9192372175059116
0.9193329166182114
0.9194479978292049
0.9195945749505756
0.9198198918478893
0.9200997208977788
0.9203080784587355
0.9205370294995542
0.9207175252936388
0.9209343625227739
0.9211766387564445
0.9213329069271621
0.9215909311160212
0.921696321277668
0.9218392642555336
0.9220936543008877
0.9222644590456255
0.922400133736481
0.9224461662208784
0.9225261173779897
0.9225794181493973
0.9227163042214211
0.9228132147148893
0.9229234504012095
0.9231499786796914
0.9233014013257356
0.9234431329224329
0.9235957669496453
0.9238755959995348
0.9240403438384308
0.9241215063767104
0.9243020021707951
0.9245551808349808
0.9247538473465907
0.9249658390510525
0.9251124161724231
0.9252614160561305
0.9255012695274645
0.925681765321549
0.925887700120169
0.9260560821025701
0.926278976237547
0.9266787320231035
0.926810772570454
0.9268628619606931
0.9269852114586967
0.9271996259254952
0.9274927801682367
0.9278101620343451
0.9280803000348877
0.928238990967942
0.928341958367252
0.9286908361437376
0.9287853238748691
0.9288446815521184
0.9289367465209133
0.9290506163507385
0.9291087626468194
0.929231112144823
0.929347404736985
0.9294733883784936
0.9295436484862581
0.9295848354459821
0.9296756890336085
0.9297289898050161
0.9298343799666627
0.9300863472496802
0.9302680544249331
0.9305345582819707
0.9307901597084932
0.9310554521843625
0.9312359479784471
0.9313934275303329
0.9315254680776834
0.9316647769120441
0.9318755572353374
0.932114199325503
0.9323080203124394
0.9325018412993759
0.93275623134473
0.9329306702329728
0.9331341822692562
0.9333134666821723
0.9335109218126139
0.9337713687638097
0.9339324824592007
0.9340245474279955
0.9341420514013258
0.9342425960382991
0.9343843276349963
0.9345514982362291
0.9347174574562934
0.9349076442997247
0.9349718475016475
0.9350263596542233
0.9351208473853548
0.9352129123541497
0.9352819610807458
0.9355084893592278
0.9357762045974338
0.9359542776291817
0.9361577896654649
0.9363176919796875
0.936446098383533
0.9366229600341125
0.9367513664379579
0.9368192037833857
0.9369718378105981
0.9371317401248207
0.9372080571384269
0.9374188374617204
0.9376380974531923
0.9378064794355933
0.9379421541264488
0.9380305849517385
0.9382631701360623
0.9385006008450595
0.9386956332131643
0.9388688607202388
0.9390384540838081
0.939175340155832
0.9393631042369268
0.939525429313486
0.9397265185874326
0.9399469899600729
0.9400899329379385
0.9401698840950498
0.9402825425437066
0.9403952009923634
0.9405078594410202
0.9406084040779936
0.9407246966701555
0.9408252413071287
0.9409512249486375
0.9410190622940652
0.9411389890297321
0.9412819320075978
0.9414127611737799
0.9416356553087568
0.9417725413807807
0.941979687560569
0.9422740531844788
0.9424739310772571
0.9426544268713416
0.9428131178043958
0.9430553940380665
0.9432116622087839
0.9433085727022522
0.9433945807652052
0.9435338895995659
0.943750726828701
0.9438803446137147
0.944059629026631
0.9441650191882777
0.9443491491258673
0.9445344904446253
0.9445829456913595
0.9447125634763732
0.9448034170639997
0.9449403031360236
0.9450505388223437
0.9452068069930613
0.9453897255494825
0.9455435709578633
0.9456986277474125
0.9458173431019111
0.9459130422142109
0.9459736112726286
0.946143204636198
0.9463503508159864
0.9465017734620305
0.9466083750048455
0.946740415552196
0.9468785130053883
0.9470577974183044
0.947255252548746
0.9475108539752685
0.9477579757336124
0.9479602763887274
0.9480511299763539
0.9482352599139435
0.948329747645075
0.9485005523898128
0.9487573651975035
0.9488312594487731
0.948971779664302
0.9491462185525449
0.9492600883823701
0.9493751695933635
0.949507210140714
0.949709510795829
0.9498754700158933
0.9499941853703919
0.9501238031554057
0.9502195022677056
0.9502958192813118
0.9503927297747801
0.9505053882234369
0.9506580222506493
0.9507682579369694
0.9508033879908516
0.9509233147265186
0.9510371845563438
0.9512625014536574
0.9514781273016242
0.9517228262976315
0.9520062894910261
0.95214317556305
0.9521795169981006
0.9522631022987169
0.952373337985037
0.9524532891421483
0.9525477768732799
0.9526604353219367
0.9527537116718998
0.9528542563088731
0.9529996220490755
0.953138930883436
0.9533121583905105
0.9535156704267939
0.9537010117455518
0.9538730278714579
0.9541334748226538
0.9542764178005194
0.9544387428770787
0.9545295964647051
0.954601067953638
0.9546471004380355
0.954707669496453
0.9547791409853859
0.9549245067255883
0.9550383765554135
0.955157091909912
0.9553412218475017
0.9554853762065356
0.9556804085746404
0.9559202620459744
0.9560789529790286
0.9561661724231499
0.9562970015893321
0.9565441233476761
0.9566991801372252
0.956787610962515
0.9568796759313098
0.957014139240997
0.9571631391247044
0.957302447959065
0.957405415358375
0.9575156510446952
0.9576089273946583
0.9577191630809784
0.9578645288211808
0.9580147400860565
0.9581649513509323
0.9582812439430941
0.9584581055936737
0.958607105477381
0.958764585029267
0.9589366011551731
0.9590722758460286
0.9592564057836183
0.9594526495328914
0.9596307225646393
0.9598717874171415
0.9599456816684111
0.960003827964492
0.9600692425475831
0.9602327790053107
0.9604508276156142
0.9607197542349886
0.9608299899213086
0.9610104857153933
0.9611655425049425
0.9612854692406094
0.9613823797340776
0.9614998837074078
0.9615519730976471
0.9616561518781254
0.9617869810443075
0.9619735337442338
0.9621092084350894
0.9622557855564601
0.9623660212427801
0.9624108423460093
0.9624762569291003
0.9626858258712253
0.9627803136023568
0.962897817575687
0.9629741345892934
0.9631085978989805
0.9632430612086677
0.9633532968949878
0.9635010853975269
0.9635883048416483
0.9636706787610962
0.9637615323487227
0.9638572314610226
0.9639129549947668
0.9640280362057604
0.9640655890219793
0.964112832887545
0.9642751579641043
0.9643163449238283
0.9644302147536535
0.9646179788347482
0.964730637283405
0.9648747916424391
0.9650371167189983
0.9651001085397527
0.9652091328449044
0.9652939295266891
0.9653423847734233
0.9654853277512889
0.9656064658681242
0.965670669070047
0.9657748478505253
0.9658293600031012
0.9659141566848859
0.9659904736984921
0.9661188801023375
0.9662388068380044
0.9662775710353917
0.9663684246230182
0.9664168798697523
0.9664507985424662
0.966518635887894
0.9665985870450052
0.9666627902469279
0.9667609121215646
0.9668541884715277
0.9669389851533124
0.9670262045974338
0.967188529673993
0.9672854401674613
0.9673811392797612
0.9675628464550141
0.9677009439082064
0.967802699926348
0.967905667325658
0.9680110574873048
0.9681237159359616
0.9683538783579486
0.9685004554793193
0.9686446098383533
0.9688093576772493
0.9689619917044617
0.96905890219793
0.9691594468349033
0.9692563573283716
0.9693581133465131
0.9695228611854092
0.9695955440555103
0.9697445439392177
0.9698777958677366
0.9699577470248478
0.9700255843702756
0.9701612590611312
0.9703478117610574
0.9705186165057953
0.9706785188200179
0.9707911772686747
0.9709123153855099
0.9709934779237895
0.971121884327635
0.9712624045431639
0.9714295751443967
0.9715531360235686
0.9716185506066597
0.9717312090553165
0.9718983796565492
0.971986810481839
0.9721430786525564
0.9722605826258868
0.9723671841687018
0.9724277532271194
0.9726688180796217
0.9728420455866962
0.9730455576229794
0.9731994030313602
0.9733677850137613
0.9734998255611118
0.97369970345389
0.9738462805752607
0.9739456138310656
0.9740340446563553
0.9742157518316084
0.9743502151412955
0.9744616622087839
0.9745537271775788
0.974609450711323
0.974749970926852
0.9749159301469164
0.9750104178780479
0.975083100748149
0.9751606291429236
0.9752539054928868
0.9754465150986549
0.9755955149823623
0.9756996937628406
0.975803872543319
0.9759056285614607
0.9759795228127301
0.9760788560685351
0.9761660755126566
0.9762581404814513
0.9763865468852967
0.976507685002132
0.9766239775942939
0.976775400240338
0.9769231887428771
0.9770576520525642
0.9772575299453424
0.9774574078381207
0.9776669767802457
0.9778062856146064
0.9779443830677986
0.9780364480365934
0.978196350350816
0.9782981063689576
0.9783938054812575
0.9786045858045509
0.978731780827228
0.9788274799395279
0.9789098538589759
0.9790007074466023
0.9791484959491413
0.9793144551692057
0.9794162111873473
0.9794670891964182
0.9795567314028764
0.9796427394658294
0.9797469182463077
0.9798171783540722
0.979946796139086
0.980073991161763
0.9801599992247161
0.9803089991084235
0.9804337713687639
0.9805621777726092
0.9806869500329496
0.9808407954413304
0.9810612668139707
0.981165445594449
0.9812926406171261
0.9814283153079816
0.9815385509943017
0.981666957398147
0.9817796158468038
0.9818716808155987
0.9819431523045316
0.982050965228515
0.9821236480986161
0.9821975423498857
0.9823295828972362
0.9825088673101523
0.9826530216691863
0.9827487207814862
0.9829352734814125
0.9830709481722681
0.9831860293832616
0.9833168585494437
0.9833859072760398
0.9835131022987169
0.9836705818506027
0.9837493216265457
0.983887419079738
0.9839613133310074
0.9840872969725162
0.9842774838159476
0.9844313292243284
0.9846094022560763
0.9847135810365546
0.9848928654494709
0.9849812962747606
0.9850539791448618
0.985175117261697
0.9852611253246502
0.9853301740512462
0.9853677268674652
0.9855288405628562
0.985645133155018
0.9857747509400318
0.9859261735860759
0.9860012792185138
0.9860884986626351
0.9861745067255883
0.9862532465015312
0.9863271407528007
0.9864640268248246
0.9865972787533435
0.9867256851571888
0.9867923111214483
0.9868553029422026
0.9870164166375935
0.9871218067992402
0.9872126603868667
0.9872950343063147
0.9873822537504361
0.9874525138582005
0.9875784974997093
0.9877129608093964
0.987852269643757
0.987996424002791
0.9880363995813467
0.98814421250533
0.9882423343799667
0.9883404562546032
0.9884543260844284
0.9885270089545296
0.988634821878513
0.9887111388921193
0.9887777648563787
0.9888468135829748
0.9889316102647595
0.9890563825250999
0.9891326995387061
0.9892223417451642
0.98937982129705
0.989465829360003
0.9895118618444005
0.9896245202930574
0.9897396015040508
0.9898304550916773
0.9899104062487886
0.9899309997286506
0.9900000484552467
0.9900751540876847
0.9902217312090553
0.9903004709849983
0.9903634628057526
0.9904155521959918
0.9905633406985308
0.9906481373803155
0.9907959258828546
0.9909558281970772
0.9910394134976935
0.9911217874171415
0.9911944702872427
0.9913289335969299
0.9914040392293677
0.9914876245299841
0.9915736325929372
0.9916281447455131
0.9917020389967826
0.9918207543512811
0.9918813234096988
0.991929778656433
0.992002461526534
0.9920351688180796
0.9921066403070125
0.9921865914641237
0.9922822905764236
0.9923561848276932
0.9924131197426057
0.9924821684692019
0.9925572741016397
0.9925827131061752
0.9926844691243167
0.9927644202814281
0.9928867697794317
0.9930733224793581
0.9932077857890452
0.993378590533783
0.993460964453231
0.9935469725161841
0.9935821025700663
0.9936354033414738
0.9937165658797534
0.9937831918440129
0.993872834050471
0.994000029073148
0.9941272240958251
0.9942507849749971
0.9944094759080513
0.9945124433073613
0.9945827034151258
0.994775313020894
0.994889182850719
0.9950163778733961
0.995115711129201
0.9951871826181339
0.9953470849323565
0.995503353103074
0.9955796701166802
0.9956995968523472
0.9958304260185293
0.9960012307632671
0.996141750978796
0.9962059541807187
0.9963004419118502
0.9963937182618134
0.9964591328449044
0.9965257588091638
0.9966141896344536
0.99669777493507
0.9967547098499826
0.9968649455363027
0.9970006202271582
0.9971435632050238
0.9972501647478389
0.997356766290654
0.9975324165600651
0.9976353839593751
0.9976814164437725
0.9977238147846649
0.9977674245067256
0.9978316277086483
0.9978934081482342
0.9979818389735241
0.9981029770903593
0.9982204810636895
0.998328293987673
0.9984118792882893
0.9985305946427879
0.9986965538628523
0.9988164805985192
0.9989291390471761
0.9990175698724658
0.9990684478815366
0.9991374966081328
0.9991968542853821
0.9992404640074427
0.9992816509671667
0.9993846183664767
0.9994415532813893
0.999529984106679
0.9995857076404233
0.9996789839903865
0.9997795286273597
0.9998376749234407
0.999893398457185
0.9999576016591076
1.0000157479551885
1.0001175039733303
1.000239853471334
1.0002895200992363
1.0003767395433578
1.0004457882699538
1.0005245280458968
1.0005669263867891
1.0006093247276815
1.0006638368802574
1.0007159262704965
1.0007377311315269
1.0007777067100825
1.0008310074814901
1.0008697716788775
1.0009036903515913
1.0009303407372951
1.0009618366476722
1.0010175601814164
1.0010672268093188
1.0011193161995582
1.0012041128813427
1.0012646819397604
1.0013409989533666
1.0014451777338451
1.0015808524247005
1.001695933635694
1.0018303969453812
1.0019273074388495
1.0020581366050316
1.0021974454393923
1.0023185835562274
1.0024154940496957
1.0025099817808272
1.002568128076908
1.002639599565841
1.0027268190099623
1.0027752742566964
1.0028406888397876
1.0029157944722256
1.0030127049656936
1.0031047699344886
1.0032283308136605
1.0033664282668526
1.0034548590921426
1.0035529809667791
1.0036159727875333
1.0036789646082878
1.0037649726712408
1.0038291758731634
1.0038764197387293
1.0039188180796217
1.0039793871380394
1.0040375334341203
1.0041077935418847
1.0041574601697871
1.0042216633717098
1.0043476470132187
1.0044239640268249
1.0044990696592626
1.0045741752917006
1.0047122727448927
1.0048043377136877
1.0048721750591154
1.0049436465480481
1.0049787766019305
1.0050332887545064
1.0051156626739544
1.0052162073109276
1.0052355894096212
1.0052804105128503
1.0054015486296857
1.0054899794549754
1.005595369616622
1.005649881769198
1.0057213532581308
1.0057891906035585
1.0058328003256192
1.005872775904175
1.0059054831957204
1.0059890684963368
1.0060266213125557
1.0060569058417645
1.0060799220839634
1.006123531806024
1.00618531224561
1.0062567837345429
1.00629554793193
1.0063512714656744
1.0064142632864286
1.006469986820173
1.006505116874055
1.0065269217350854
1.0065656859324728
1.0066153525603752
1.0067025720044966
1.0068019052603017
1.0068600515563826
1.0069206206148003
1.0069799782920494
1.0070417587316354
1.0070962708842113
1.0071616854673024
1.0072125634763731
1.007276766678296
1.0073409698802187
1.0073821568399426
1.0074148641314882
1.0074512055665388
1.0074948152885994
1.0075287339613133
1.0075662867775323
1.0076038395937512
1.007654717602822
1.0077189208047448
1.007774644338489
1.0078327906345699
1.0079006279799976
1.0079272783657014
1.0079502946079002
1.0080108636663179
1.0080883920610924
1.0081756115052138
1.008282213048029
1.008320977245416
1.0083936601155172
1.0084493836492616
1.0084857250843122
1.008516009613521
1.0085693103849285
1.0086262452998411
1.0087086192192891
1.008738903748498
1.0088164321432724
1.0088939605380471
1.0089642206458116
1.0090465945652596
1.0091011067178355
1.0091531961080746
1.0092004399736403
1.0092392041710276
1.009332480520991
1.0093930495794086
1.0094330251579642
1.0094487731131527
1.00948753731054
1.009545683606621
1.0095808136605031
1.009631691669574
1.009717699732527
1.0098352037058573
1.0099381711051674
1.0100011629259216
1.0100774799395278
1.010108975849905
1.010167122145986
1.0102301139667402
1.010294317168663
1.0103258130790402
1.0103476179400706
1.0103694228011009
1.010397284567973
1.0104360487653603
1.0104990405861147
1.0105184226848083
1.0105608210257007
1.0106226014652866
1.0107195119587549
1.0107861379230143
1.0108563980307788
1.010891528084661
1.010949674380742
1.010990861340466
1.0110502190177153
1.0111047311702912
1.0111374384618366
1.011179836802729
1.0112125440942745
1.0112597879598404
1.0112912838702175
1.0113264139240996
1.011361543977982
1.0114087878435476
1.01144391789743
1.0114947959065008
1.011533560103888
1.011582015350622
1.011625625072683
1.011674080319417
1.0117019420862892
1.0117516087141916
1.0117891615304104
1.011838828158313
1.0118691126875219
1.0118921289297205
1.011917567934256
1.0119357386517813
1.0119926735666938
1.0120568767686164
1.0121053320153506
1.0121392506880644
1.0121840717912935
1.0122216246075124
1.0122628115672365
1.012316112338644
1.0123379171996745
1.0123488196301895
1.0123548765360313
1.0123900065899136
1.0124215025002907
1.0124299821684692
1.012460266697678
1.0124748032716984
1.012490551226887
1.0125087219444122
1.012525681280769
1.0125438519982943
1.012572925146335
1.012593518626197
1.0126129007248905
1.0126347055859208
1.0126504535411094
1.0126649901151297
1.01268679497616
1.0126940632631702
1.0127098112183588
1.012718290886537
1.0127231364112106
1.0127388843663991
1.0127461526534094
1.012769168895608
1.0127764371826182
1.0127873396131333
1.0127958192813118
1.0128006648059853
1.0128055103306586
1.0128152013800054
1.0128224696670156
1.012830949335194
1.0128345834786991
1.0128370062410357
1.0128382176222042
1.0128503314338877
1.0128588111020662
1.0128636566267395
1.012864868007908
1.0128672907702445
1.0128697135325813
1.012872136294918
1.0128769818195915
1.0128842501066015
1.0128939411559483
1.0128987866806218
1.0129024208241268
1.0129048435864636
1.0129060549676319
1.0129133232546421
1.0129181687793154
1.0129290712098307
1.0129363394968407
1.0129387622591774
1.0129448191650192
1.012950876070861
1.0129557215955343
1.0129642012637128
1.0129654126448813
1.0129678354072178
1.012971469550723
1.0129726809318913
1.012975103694228
1.012982371981238
1.012986006124743
1.0129908516494166
1.0129932744117534
1.0129944857929216
1.0129969085552584
1.0130017540799319
1.0130017540799319
1.0130029654611001
1.0130041768422684
1.0130102337481102
1.0130150792727837
1.0130199247974572
1.0130235589409622
1.0130247703221305
1.0130271930844672
1.013029615846804
1.013029615846804
1.0130320386091407
1.013036884133814
1.0130393068961507
1.0130453638019925
1.0130465751831608
1.0130477865643293
1.0130502093266658
1.0130514207078343
1.0130586889948443
1.0130671686630228
1.013068380044191
1.0130732255688646
1.0130756483312013
1.013081705237043
1.0130841279993799
1.0130877621428849
1.0130938190487266
1.0130938190487266
1.013095030429895
1.0130986645734
1.0131022987169052
1.0131059328604102
1.013111989766252
1.0131204694344305
1.0131265263402722
1.0131289491026088
1.0131301604837772
1.0131301604837772
1.0131301604837772
1.0131313718649455
1.0131313718649455
