0.0008479668178470364
0.0013955111059425515
0.001697145016862426
0.0023016242198705275
0.002948501763770981
0.003257403961700973
0.003958793658177307
0.004839467767569872
0.005695914253595379
0.006666230569446059
0.007242848005582044
0.00763654688529674
0.008320977245416134
0.009030846610070939
0.0096389599565841
0.010744950963290305
0.011517812148699461
0.012014478427724153
0.012319746482149087
0.013058688994844362
0.013630460906306935
0.01418648486258092
0.01457412683645385
0.01523554095437454
0.01591512578982052
0.016778840562856147
0.017342132806140248
0.01751778307555142
0.017789132457262474
0.01860075784005892
0.019614683877970305
0.020396024731557934
0.02091934139628639
0.021229454975384733
0.021849682133581426
0.02213556808931271
0.022540169399542582
0.02280061635073846
0.02301745357987363
0.02320521766096833
0.023477778423847736
0.02371763189518161
0.02407983486451913
0.024278501376129007
0.02468794821103229
0.025584370275613444
0.02630271930844672
0.026821190448501765
0.02734450711323022
0.02782784819940303
0.028165823545373492
0.02848078264914525
0.029400220955925108
0.030087074078381206
0.030434740473698492
0.030813902779392954
0.03140505678954917
0.03201195875489398
0.03282721828119549
0.03337718533162771
0.03402285149435981
0.034759371244718375
0.03546076094119471
0.03616941892468117
0.036816296468581616
0.037407450478737836
0.03789442570841571
0.038376555413420166
0.039390481451331553
0.04032324495096329
0.041157886575958445
0.04162063418226926
0.04233898321510253
0.04324751909136721
0.04379385199829437
0.04412334767608637
0.04475205450246152
0.04558669612745668
0.04606155754545102
0.04673750823739194
0.04741830445400628
0.04820812497577238
0.04877141721905648
0.04950551420707834
0.05022628600224832
0.05055578168004032
0.05135044772647982
0.05184711400550451
0.05218266658913827
0.05258484513703144
0.053017308214133425
0.053434023336046826
0.05404819358840175
0.054707184943985736
0.05530560724115207
0.05615599682133581
0.05675441911850215
0.05779378416094895
0.05855695429701128
0.0593152789084002
0.05984344109780207
0.060712001395511105
0.06194518742489437
0.06259812187463659
0.06339884482691786
0.0639173159669729
0.06448666511609877
0.06500513625615381
0.06566170484940109
0.06622015156801178
0.06679313486064271
0.06721954103190293
0.06762777648563786
0.0680796216614335
0.06863927976121255
0.06884642594100089
0.06938549056091793
0.0698106853510098
0.0702891809125092
0.07080280652789084
0.07171618792882893
0.07236427685389774
0.07295421948288561
0.07314319494514866
0.07386033259681359
0.07430854362910416
0.07472768151335427
0.07539636391828507
0.07592331472651859
0.07625159902314223
0.07704868783191844
0.07765316703492654
0.07850719075861534
0.07916012520835757
0.07987726286002249
0.08049627863705082
0.0815489688723495
0.08202261890917549
0.08257016319727101
0.08301595146722487
0.08362891033841144
0.08423096677908284
0.08469855991006706
0.085127388843664
0.08557923401945963
0.08625155056789549
0.0866295014924216
0.08678334690080242
0.08705227352017676
0.0877512404543164
0.08843324805209908
0.08896988990967943
0.08942294646664341
0.08990023064697446
0.09036903515912703
0.09085116486413149
0.09128483932240183
0.09177787145792146
0.09232541574601698
0.09264764313679885
0.09292262666201496
0.09322304919176648
0.09377786176687211
0.09433873124781951
0.09479784471062527
0.09572212854207854
0.09635689227429546
0.09698317633833392
0.09791351707562895
0.09885233748110245
0.09933567856727527
0.09965427181455208
0.1000164747838896
0.10017879986044889
0.10063549056091793
0.10089836027445052
0.1014107745086638
0.1018941155948366
0.10229265999922471
0.10254099313873706
0.10292863511261
0.10350040702407257
0.10409156103422879
0.10428659340233361
0.10471299957359383
0.10527023491103617
0.10571117765631663
0.10638712834825755
0.10689833120130247
0.10743255029654611
0.10825992363453114
0.10870571190448501
0.10915150017443889
0.10941194712563476
0.1099461662208784
0.11017875140520215
0.11095888087762143
0.11147250649300307
0.11196432724735435
0.11216783928363763
0.1129067817963329
0.11366510640772183
0.11447067488467651
0.11494069077799744
0.11515631662596426
0.11545431639337908
0.11563965771213706
0.11629259216187929
0.11683286816296469
0.11716236384075668
0.11782620072101407
0.11819688335853006
0.11874079350312051
0.11959602860797768
0.12022594681552118
0.12080498701399388
0.12129559638717681
0.12197154707911773
0.12237857115168431
0.12273713997751677
0.12302908283908982
0.12344095243632981
0.1239763829127418
0.12477226034034965
0.1256323409698802
0.12611447067488468
0.1267674051246269
0.1272713396906617
0.12794971314493933
0.12843911113695392
0.12900240338023802
0.1295245086637981
0.13004297980385315
0.1305590281815715
0.13110778385083538
0.1315777997441563
0.13198966934139628
0.13255296158468038
0.13285822963910532
0.1331925708415707
0.1343118870411288
0.13466924448579293
0.13532217893553514
0.135973902004109
0.13679521843625228
0.13721677908283908
0.13759351862619684
0.13831913594604023
0.13881943636857
0.1393209481722681
0.13987939489087878
0.14035062216536806
0.14077823971779665
0.14119980036438345
0.1419242063030585
0.14248870992751095
0.14299870139938753
0.1433754409427453
0.14371826181338915
0.14424884676512773
0.14497204132263442
0.14563466682172346
0.14642206458115284
0.1468097065550258
0.147153738806838
0.1477073400007753
0.14820037213629492
0.1487176318951816
0.1492736558514556
0.14993143582587123
0.1508654107066713
0.1517763693452727
0.1526207020196147
0.1533051323797341
0.15380664418343218
0.15448744040004653
0.15479513121680816
0.15541051285033144
0.15608646354227235
0.1568338857231461
0.15737537310539984
0.1579737954025662
0.15827785207582276
0.15848136411210606
0.15894653448075358
0.15933538783579487
0.15998711090436873
0.1604765088963833
0.16150133736480987
0.16250920649687947
0.1628229542194829
0.16389866069698028
0.16415426212350273
0.16443651393572897
0.16505916385626235
0.16597012249486373
0.16708580455091676
0.16738138155599488
0.16828991743225957
0.16887864868007907
0.16945890025972013
0.17003430631468774
0.17047403767879987
0.17072963910532232
0.1710773055006396
0.17163211807574524
0.17229958909950768
0.17278414156684885
0.17327475094003178
0.17369025468077684
0.17379443346125517
0.1741287746637206
0.17444857929216576
0.1745781970771795
0.17495978214521068
0.17538134279179748
0.17581138310656277
0.1761735860759003
0.176690845834787
0.17718751211381167
0.17777260921812613
0.17825837306663567
0.17865449470868705
0.17925897391169515
0.1798985831685855
0.18020627398534714
0.18083861495522735
0.18133528123425205
0.18225593092220024
0.18310026359654225
0.18373745009109588
0.18439159592200643
0.184922180873745
0.1855266600767531
0.1858791719967438
0.1865066674419506
0.18690400046517036
0.18720321161375353
0.18759691049346824
0.18829708880877621
0.18890641353645773
0.1893752180486103
0.19001725006783735
0.1906023471721518
0.1909730298096678
0.19181009419699965
0.1923079718571927
0.19292456487188434
0.19361868628135054
0.1946204985075784
0.1949887583827577
0.195916676357716
0.1964133426367407
0.19691969996511222
0.19776282125828584
0.19829098344768772
0.19890515370004264
0.19916075512656511
0.19945269798813817
0.19975917742373145
0.19990333178276543
0.20035033143388767
0.200722225452572
0.20113772919331704
0.20148539558863435
0.2019651025313021
0.20241815908826608
0.20306019110749313
0.2034926541845951
0.20401354808698685
0.20426914951350933
0.20449446641082297
0.20502020583788813
0.20532789665464976
0.20575551420707835
0.2064508469977129
0.20688209869364654
0.2073957243090282
0.2079432685971237
0.20831273985347135
0.208829999612358
0.2089487149668566
0.20920310501221073
0.20958590146141023
0.2100995270767919
0.21069794937395822
0.2110734775361476
0.21153622514245843
0.21205348490134512
0.2124677772609218
0.21296565492111486
0.21333876032096755
0.21373003643834554
0.21412373531806023
0.2146082877854014
0.215180059696864
0.21557254719541033
0.2160389289452262
0.21662039190603558
0.2170601232701477
0.21757132612319263
0.2180607241152072
0.2183611466449587
0.21904557700507812
0.21951680427956738
0.2201055355273869
0.22057070589603442
0.22144168895608016
0.22200982672403768
0.2223902004109005
0.2229922568515719
0.2234138174981587
0.2241345892933287
0.22508552351048572
0.22609339264255535
0.22661549792611543
0.22695468465325425
0.22741985502190176
0.22786079776718224
0.22843378105981316
0.22883717098887468
0.22937986975229677
0.22966696708919643
0.22998071481179982
0.23043013722525876
0.23068210450827614
0.2309255921231151
0.23130717719114627
0.23206550180253518
0.2326590785750281
0.23332776097995891
0.23360759002984843
0.23411637012055667
0.23448705275807263
0.23482866224754817
0.23575294607900144
0.23638528704888165
0.23701883939993024
0.23715935961545917
0.23769721285420786
0.2384603829902702
0.23904063456991123
0.23952155289374732
0.24018175563049968
0.2404591619180525
0.24093038919254176
0.24144522618909176
0.24186678683567855
0.2421950711323022
0.24287829011125325
0.24360633019343333
0.24417689072372756
0.24481771136178626
0.24501032096755437
0.2452101988603326
0.2456426619374346
0.24621201108656046
0.2466069213474435
0.24700425437066326
0.2475118230802031
0.24808480637283406
0.24846518005969687
0.2489860739620886
0.24952029305733225
0.2501720161259061
0.2505838857231461
0.251033308136605
0.2517371205954181
0.25235492499127804
0.25297515214947475
0.25338581036554636
0.2539539481335039
0.2544166957398147
0.2547486141799434
0.2551629065395201
0.2557601174555181
0.2562628406403845
0.25652692173508546
0.25708900259720124
0.25779281505601426
0.2585862697212854
0.2591507733457379
0.2598727565220762
0.2603536748459123
0.26070497538473464
0.2609993410086444
0.261385771601349
0.2615844381129589
0.26188849478621545
0.26218407179129355
0.2628382176222041
0.26333609528239715
0.2639248265302167
0.2645753382176222
0.2648454762181649
0.2649411753304648
0.2653348742101795
0.265841231538551
0.26645297902856924
0.26696297050044576
0.2673409214249719
0.2678896770942358
0.26822644105903787
0.2687461235802613
0.26953352133969066
0.27033666705430864
0.2708091057099663
0.27107803232934063
0.27156621894018684
0.27207136488739003
0.2724941369151452
0.27296778695197116
0.2732391363336822
0.27390903011978135
0.27470248478505255
0.27525002907314805
0.2757297360158158
0.2761670446175912
0.27667461332713106
0.2771494747451254
0.2774074989339846
0.2779283928363763
0.2784032542543707
0.2789871399775168
0.2794559444896693
0.27992111485831683
0.280467447765244
0.28084782145210685
0.2813856746908555
0.2818980889250688
0.2823765844865682
0.28297621816490287
0.28364368918866534
0.2842736073962089
0.2845086153428693
0.28486718416870177
0.2854353219366593
0.286076142574718
0.2865510039927123
0.28689867038802963
0.2874365236267783
0.2879259216187929
0.2882675311082684
0.28874239252626277
0.2890391809125092
0.2893614083032911
0.2899707330309726
0.29049404969570103
0.2910076753110827
0.29128871574214055
0.29145830910570997
0.29175752025429313
0.2925509749195643
0.2932911288134279
0.2937187463658565
0.2945800383765554
0.29483806256541456
0.29524750940031785
0.295707834244292
0.2963316955459937
0.2968622804977323
0.2974897759429391
0.29805670232972825
0.2984600922587898
0.2991990347714851
0.29939770128309495
0.29973325386672867
0.30057758654107064
0.30129835833624063
0.30177927666007676
0.30229411365662673
0.30257999961235804
0.3030015602589448
0.30357938907624915
0.3039512830949335
0.30460906306934915
0.3051856805054851
0.3059088750629918
0.30627107803232934
0.30656059813156566
0.30681135403341475
0.30699184982749933
0.3073080203124394
0.3076617436135985
0.30804090591929295
0.30846852347172155
0.30885858820793116
0.30958905105244794
0.3102540993138737
0.3108258712253363
0.3113831065627786
0.3119742605729348
0.31253028452920883
0.31301725975888667
0.3132631701360623
0.31383373066635656
0.31439944567197736
0.3150233069736791
0.31536976198782807
0.3158930786525565
0.31652663100360506
0.31704146800015504
0.3173927685389774
0.31801420707834244
0.31861262937550877
0.3191940923363182
0.31972710005039345
0.32042485560336476
0.3209469608869248
0.3215320579912393
0.32216076481761446
0.3224684556343761
0.32287063418226924
0.32316136566267395
0.32372950343063145
0.32423343799666626
0.3244381614141179
0.3247858278094352
0.3251359169670892
0.32552234755979376
0.3261159243322867
0.3267591677326821
0.32729580959026244
0.32763499631740123
0.32825401209442956
0.3285592801488545
0.3290353529480172
0.32950052331666474
0.3299899213086793
0.3305447338837849
0.3310692619296817
0.33139512346396865
0.33198022056828314
0.3321861553669031
0.3324381226499205
0.3329893010815211
0.3334423576384851
0.3337791216032872
0.3341740318641703
0.33478335659185177
0.3352654862968562
0.3357330794278404
0.3363339244873435
0.3367651761832771
0.3373720781486219
0.3379741345892933
0.3384223456215839
0.3385422723572508
0.33887903632205296
0.33919278404465636
0.33947019033220915
0.33966279993797727
0.34007466953521726
0.34057739272008375
0.3409989533666705
0.3414265709190991
0.3419365623909757
0.3423690254680777
0.3429904640074427
0.34332965073458155
0.34375847966817846
0.3442975442880955
0.34498318602938327
0.3455476896538357
0.3458820308563011
0.3466718513780672
0.34697469667015546
0.3473211516843044
0.34769910260883047
0.3480782649145249
0.3486245978214521
0.34898922355312634
0.34949800364383454
0.34988685699887584
0.3504562061480017
0.35096983176338337
0.351631245881304
0.3519898147071365
0.3522878144745513
0.353361098189712
0.3537366263519014
0.35396678877388843
0.35403826026282126
0.35462699151064075
0.3549080319416986
0.3553550315928209
0.35567847036477107
0.356021291235415
0.3565094778462612
0.3570739814707137
0.35752946079001435
0.35813636275535915
0.35856398030778774
0.3591078904523782
0.35952339419312324
0.35985410125208356
0.36018480831104394
0.3605785071907586
0.36092738496724425
0.36119510020545026
0.36161181532736364
0.36227807496995773
0.3628474241190836
0.36340465945652595
0.3639364557894329
0.3642926018529286
0.36480501608714194
0.3652084060162034
0.365677210528356
0.36600307206264293
0.3661217874171415
0.36639071403651585
0.3666305675078497
0.36701094119471256
0.3676142090165523
0.36785285110671784
0.36836405395976274
0.3686741675388611
0.36915387448152887
0.3695172888320347
0.3697183781059813
0.3700866379811606
0.3706911171841687
0.37112963716711245
0.3716408400201574
0.37220049811993644
0.37255301003992713
0.37294065201380006
0.3734130906694577
0.3740442202581696
0.37423198433926425
0.37455905725471955
0.37482919525526226
0.37518655269992635
0.37553543047641197
0.37590853587626466
0.3762731616079389
0.37660144590456257
0.37686552699926346
0.3774990793503121
0.3779509245261077
0.37838096484087297
0.3787892002946079
0.3793137283405047
0.37951360623328295
0.3797074272202194
0.3803967031050122
0.3808691417606698
0.3816092956545335
0.3821786448036593
0.38279523781835095
0.38345422917393496
0.3841326026282126
0.38437730162421985
0.38501085397526846
0.3854493739582122
0.3863494301662984
0.38675160871419156
0.38701447842772413
0.38732095786331744
0.3875281040431058
0.3878370062410358
0.3880502093266659
0.38847298135442104
0.38895389967825716
0.3891016881807962
0.3893512327014769
0.38987576074737373
0.39011198007520254
0.39049477652440207
0.3910907760592317
0.39146751560258947
0.39198719812381283
0.39234455556847697
0.3926534577664069
0.3930992460363608
0.3933390995076947
0.39370251385820054
0.3939823429080901
0.394493545761135
0.39486907392332443
0.3954481141217971
0.3958260650463232
0.3961737314416405
0.39635301585455673
0.39672490987324105
0.3970253324029926
0.3972966817847036
0.39749777105865025
0.39771581966895375
0.3983299899213087
0.3986049734465248
0.3988411927743536
0.3990858917703609
0.39943234678450984
0.3998926716284839
0.4003638989029732
0.40056862232042484
0.4009078090475637
0.40126395511105944
0.4017061092375082
0.4020331821529635
0.40253711671899833
0.403260311276505
0.4035558882815831
0.4041688471527697
0.40481330193433346
0.4052384967244253
0.4055679924022173
0.4062245609954646
0.4068193491491259
0.4073353975268442
0.40780299065782843
0.4082742179323177
0.40869820134124124
0.40910643679497616
0.40955464782726675
0.4098998914602473
0.4102681513354266
0.4106376225917742
0.4111633620188394
0.4115364674186921
0.4120101174555181
0.4124341008644416
0.412994970345389
0.41344075861534285
0.4135631081133465
0.4139362135131992
0.414440148079234
0.41490774121021823
0.41552554560607824
0.4159119761987828
0.41622451254021786
0.41700464201263715
0.4177399503818273
0.4178671454045044
0.4181833158894445
0.4186157789665465
0.4191512094429585
0.4196721033453502
0.41984169670891963
0.4202802166918634
0.4212602240570609
0.4219107357444664
0.4223226053417064
0.42265088963833003
0.4232420436484863
0.4237883765554134
0.42418086405395977
0.42454912392913907
0.42470054657518314
0.42535590378726207
0.4255485133930302
0.4258138058688995
0.4259955130441524
0.426299569717409
0.4268374229561577
0.42740556072411523
0.427844080707059
0.4283165193627166
0.4286968930495794
0.42892220994689306
0.4290554618754119
0.42953153467457456
0.43021354227235725
0.43070172888320346
0.43136677714462923
0.4315884598984378
0.4318767686165058
0.4319845815404892
0.43231286583711287
0.4326968736674807
0.433209287901694
0.43403666123967904
0.434510311276505
0.43492096949257664
0.4351826278249409
0.4356320502383998
0.4360305946427879
0.4363806838004419
0.4367283501957592
0.4372068457572586
0.4375956991122999
0.4378694712563476
0.43803179633290695
0.438303145714618
0.43893306392216147
0.43930132379734077
0.4399360875295577
0.44039520099236346
0.44121894018684343
0.4415944683490328
0.4417156064658681
0.44191306159630966
0.4424375896422065
0.44270288211807574
0.4431523045315347
0.4436586618599062
0.44426677520641933
0.4444327344264837
0.44453691320696204
0.4450699209210373
0.44558596929875566
0.4459445381245881
0.4461068632011474
0.44646179788347484
0.44676222041322633
0.44689426096057683
0.44719952901500176
0.44754961817265576
0.44798086986858937
0.4484787475287824
0.44882520254293135
0.44914985269604996
0.4495520312439431
0.4498706244912199
0.4501613559716246
0.45051871341628874
0.4509608675427375
0.451195875489398
0.4516222816606582
0.4521661918052487
0.4523890859402256
0.4526010776446874
0.4529063456991123
0.4532867193859751
0.45380034500135674
0.4543394096212738
0.45481305965809976
0.4552624820715587
0.4556598150947785
0.45586696127456683
0.4564556925223863
0.45726974066751946
0.4578875450633795
0.4584896015040509
0.4589620401597085
0.4595689421250533
0.4604181203240687
0.4607524615265341
0.46127577819126253
0.461651306353452
0.4621031515292476
0.4625828584719153
0.4628614761406365
0.4632479067333411
0.46359315036632165
0.4639008411830833
0.46420853199984496
0.46460949916656974
0.4650795150598907
0.4656343276349963
0.46581361204791255
0.4661576442997248
0.46679119665077334
0.4673811392797612
0.46811281350544637
0.46872334961429624
0.46919094274528045
0.46938355235104856
0.4695034790867155
0.46977240570608986
0.4700376981819591
0.47032237275652206
0.47058039694538123
0.4708565918517657
0.471101290847773
0.4716209733689964
0.4719238186610846
0.47249922471605227
0.4729268422684808
0.47326602899561965
0.47361490677210527
0.473740890413614
0.47399406907779973
0.47428480055820443
0.4745198085048649
0.4747390684963368
0.4751121738961895
0.47529751521494745
0.4756548726596116
0.47593349032833276
0.47608006744970344
0.4763441485444044
0.4768250668682405
0.47708551381943637
0.47734111524595885
0.4775603752374307
0.478196350350816
0.4785609760824902
0.4790685447920301
0.4794234794743575
0.4799480075202543
0.4801260805520022
0.48047859247199287
0.48106853510098074
0.4815688355235105
0.4818971198201341
0.4821551440089933
0.4824967534984688
0.48303097259371247
0.48348645191301315
0.483746898864209
0.4839613133310075
0.484220548901035
0.48442406093731827
0.48490982478582784
0.4853216943830678
0.48576990541535836
0.48625445788269955
0.486818961507152
0.4871436116602706
0.4874973349614296
0.4878655948366089
0.4883489359227817
0.4889788541303252
0.4894888456022018
0.48974686979106097
0.49036951971159437
0.490862551847114
0.4914621855254487
0.49196975423498857
0.4922556401907199
0.4926844691243168
0.49304546071248595
0.4933216556188704
0.49369354963755474
0.49398670388029614
0.49439130519052604
0.49487464627669886
0.49540159708493237
0.4958280032561926
0.49610419816257706
0.49658269372407643
0.49676561228049776
0.4971241811063302
0.49759056285614606
0.4980630015118037
0.4985027328759158
0.4992622688684731
0.49948274024111333
0.49971653680660544
0.500106601542815
0.5004990890413614
0.500909747257433
0.5012852754196224
0.5016486897701283
0.5019273074388495
0.5021744291971935
0.5023730957088034
0.5025523801217195
0.502804347404737
0.503055103306586
0.5032985909214249
0.5036438345544055
0.5041077935418847
0.5047255979377447
0.5052271097414428
0.5056583614373764
0.5062810113579098
0.5064082063805869
0.5067813117804396
0.5071168643640733
0.5076195875489398
0.5080472051013684
0.5083948714966856
0.508684391595922
0.5091483505834011
0.5096595534364461
0.5103003740745048
0.5107219347210916
0.5110950401209443
0.5115335601038881
0.5117782590998954
0.5122688684730783
0.5125765592898399
0.5130502093266659
0.5132391847889289
0.5137261600186068
0.5141428751405203
0.5143718261813389
0.5147098015273094
0.5149460208551382
0.5152948986316238
0.5154511668023414
0.5160096135209521
0.5164360196922123
0.5167945885180447
0.5169217835407218
0.5173288076132884
0.5177225064930031
0.5178278966546498
0.5180253517850912
0.5183730181804086
0.5188805868899484
0.5191652614645114
0.5196364887390007
0.5201719192154126
0.5207667073690739
0.5210974144280343
0.521416007675311
0.5216679749583285
0.5219732430127534
0.5224989824398186
0.523059851920766
0.5234426483699655
0.5237321684692019
0.5239320463619801
0.5242082412683645
0.5245898263363957
0.5247582083187967
0.5250077528394774
0.5252887932705353
0.525641305190526
0.5258617765631662
0.5261343373260456
0.5264311257122921
0.5267279140985386
0.5268999302244447
0.5275031980462844
0.5279041652130093
0.528170669070047
0.5283390510524479
0.528548619994573
0.528902343295732
0.5292209365430088
0.529413546148777
0.529804822266155
0.5301331065627786
0.5304771388145908
0.5308744718378106
0.53114703260069
0.5315431542427415
0.5318350971043144
0.5321997228359887
0.5327290964065589
0.5330634376090243
0.533398990192658
0.5337466565879754
0.5339186727138815
0.5342796643020506
0.534610371361011
0.5349083711284258
0.5351930457029888
0.5356703298833198
0.536055549094856
0.5363099391402101
0.5365316218940187
0.5369216866302283
0.5375188975462263
0.5380870353141838
0.5385279780594643
0.538901083459317
0.539329912392914
0.5396315463038338
0.5398786680621778
0.5403898709152227
0.540699984494321
0.5409567973020118
0.5412257239213862
0.5415552195991782
0.5418180893127108
0.5421294142729775
0.5424346823274024
0.5428526088304841
0.5433504864906772
0.5440058437027562
0.5445776156142187
0.5448877291933171
0.5450645908438966
0.5453868182346785
0.5457260049618172
0.546267492344071
0.5466769391789743
0.5470342966236384
0.5472014672248711
0.5475636701942086
0.5480748730472536
0.5485473117029112
0.5488816529053766
0.5493746850408963
0.5497586928712641
0.5501039365042447
0.5504782532852658
0.5510488138155599
0.5513346997712912
0.5517647400860565
0.5522759429391014
0.5528016823661666
0.5529785440167462
0.5534158526185216
0.5537441369151451
0.5540990715974726
0.5543825347908672
0.5547192987556693
0.5552510950885762
0.5557804686591464
0.5562105089739117
0.5567943946970578
0.5573831259448773
0.5576011745551809
0.557896751560259
0.5582625886731015
0.5587132224677288
0.559259555374656
0.5596435632050238
0.5599718475016475
0.5604115788657595
0.5607265379695313
0.5609881963018956
0.5612874074504788
0.5616496104198162
0.5619463988060627
0.5622492440981509
0.5625048455246734
0.5629106582160717
0.5631456661627321
0.5632655928983991
0.5637695274644339
0.564027551653293
0.5643703725239368
0.5647289413497694
0.565040266310036
0.5653334205527775
0.5656798755669263
0.5660105826258868
0.566234688142032
0.5666223301159049
0.5669772647982324
0.5671347443501182
0.5674569717409002
0.5677901015621971
0.5680868899484436
0.5683618734736597
0.5688003934566035
0.5692183199596852
0.5695587180679924
0.5697694983912858
0.5703194654417181
0.5705605302942203
0.5710620420979183
0.571819155328139
0.572255252548746
0.5727555529712758
0.573387893941156
0.573762210722177
0.5738603325968136
0.5739838934759856
0.5740626332519285
0.5744684459433267
0.57487789277823
0.5750705023839982
0.5753188355235105
0.5755720141876962
0.5759257374888553
0.5762043551575765
0.576542330503547
0.5772328177695081
0.5777827848199403
0.5781498333139512
0.5784914428034268
0.5788597026786061
0.5792328080784588
0.5795368647517153
0.579741588169167
0.5799790188781642
0.5802128154436562
0.5805205062604178
0.5807724735434353
0.5810329204946312
0.5813018471140055
0.5815235298678141
0.5817415784781176
0.5819002694111718
0.5822515699499942
0.5826755533589177
0.5830971140055046
0.5834011706787611
0.5835768209481723
0.5837730646974454
0.584200682249874
0.5846731209055317
0.5853175756870954
0.5856531282707291
0.5858626972128542
0.5860092743342249
0.5864635422723572
0.5866949160755126
0.5869214443539946
0.5871588750629918
0.5875513625615382
0.58777062255301
0.5880225898360274
0.5883339147962942
0.5886597763305811
0.5888148331201303
0.5890147110129085
0.5891637108966159
0.5894047757491181
0.5897221576152266
0.5899874500910959
0.59034480753576
0.5905834496259255
0.5908002868550607
0.5914144571074156
0.5919268713416289
0.592222448346707
0.5924768383920611
0.5926318951816103
0.5930655696398806
0.5935113579098344
0.593952300655115
0.5943181377679575
0.5947990560917936
0.5950922103345351
0.5955149823622902
0.5957209171609101
0.5959256405783618
0.5961606485250223
0.5966064367949762
0.5969541031902934
0.5972569484823816
0.5976034034965306
0.5980903787262085
0.5982224192735589
0.5987457359382874
0.5991467031050122
0.5995791661821142
0.6000673527929604
0.6003689867038803
0.6004707427220219
0.6008838237004303
0.6010788560685351
0.6013720103112765
0.6016021727332636
0.6017790343838431
0.6021291235414971
0.6026427491568787
0.6027396596503469
0.6032072527813311
0.6037971954103191
0.6042248129627477
0.6047311702911191
0.6052775031980463
0.6057220800868318
0.6060927627243478
0.6064125673527929
0.6066378842501066
0.6067953638019925
0.606975859596077
0.6072181358297476
0.6074567779199131
0.6076191029964725
0.6076893631042369
0.6079328507190759
0.6082877854014033
0.608417403186417
0.6087481102453773
0.6091284839322402
0.6096069794937395
0.6100152149474745
0.6104343528317246
0.6109722060704733
0.6114228398651006
0.6117014575338218
0.6119909776330581
0.6122053920998566
0.612358026127069
0.612580920262046
0.6127735298678141
0.6129600825677405
0.6134131391247044
0.6138916346862038
0.6142417238438578
0.614417374113269
0.6148328778540141
0.6152629181687793
0.6155512268868473
0.6157886575958444
0.616133901228825
0.6163640636508121
0.6166220878396713
0.6170182094817227
0.6173101523432958
0.617596038299027
0.617904940496957
0.6184827693142614
0.6188801023374811
0.6192180776834516
0.6194106872892197
0.6195790692716208
0.6200963290305074
0.6205724018296701
0.6209673120905531
0.6213949296429817
0.62159480753576
0.6217680350428344
0.6221653680660542
0.6226402294840485
0.6231526437182618
0.6235427084544715
0.6238310171725394
0.6241423421328062
0.6246596018916928
0.6251162925921618
0.6255572353374423
0.6260829747645075
0.6263652265767338
0.6268800635732837
0.6271804861030352
0.6273246404620693
0.6277740628755282
0.628113249602667
0.6284185176570919
0.6287395336667054
0.6291780536496492
0.6294990696592627
0.6297389231305965
0.630114451292786
0.630447581114083
0.6306510931503663
0.6310023936891886
0.6313839787572199
0.6318358239330155
0.6324403031360236
0.6326522948404854
0.6331840911733922
0.633725578555646
0.6342064968794822
0.6347637322169245
0.6351416831414506
0.6354275690971818
0.6356359266581385
0.6358660890801255
0.6362270806682948
0.6366498526960499
0.6368049094855991
0.6371150230646975
0.637456632554173
0.6379084777299686
0.6382549327441175
0.6385771601348994
0.6391852734814125
0.6397473543435284
0.6402561344342366
0.6409102802651471
0.6414578245532426
0.6419048242043649
0.6421676939178974
0.6425032465015312
0.6429223843857813
0.6434347986199945
0.6437424894367562
0.6440671395898748
0.6443506027832694
0.6445056595728186
0.6448218300577586
0.6452227972244835
0.645588634337326
0.6460126177462495
0.6463954141954491
0.6467031050122107
0.6471101290847773
0.6476346571306741
0.6481070957863317
0.6485189653835718
0.6488896480210877
0.6491561518781254
0.6494141760669845
0.6496734116370121
0.6499326472070396
0.6503554192347948
0.6504959394503237
0.6507273132534791
0.6508835814241967
0.6512227681513354
0.6515752800713261
0.6517363937667171
0.6520247024847851
0.6523941737411327
0.6528096774818778
0.6530034984688142
0.6532518316083266
0.6533923518238555
0.6535764817614451
0.6537678799860449
0.6541070667131837
0.6542887738884366
0.6544741152071947
0.6548411637012056
0.6551197813699268
0.6554553339535605
0.6561252277396596
0.6563844633096871
0.6566352192115362
0.6569574466023181
0.6571912431678102
0.6573499341008644
0.6577884540838081
0.6581312749544521
0.6585867542737528
0.6588605264178006
0.6589695507229523
0.6591233961313331
0.6593329650734582
0.6595885664999807
0.6601227855952243
0.6605298096677908
0.6607030371748653
0.661017996278637
0.661326898476567
0.6614553048804125
0.6616903128270729
0.6621542718145521
0.6626569949994185
0.6630082955382409
0.6633014497809823
0.6636079292165755
0.6638271892080474
0.6640755223475598
0.664440148079234
0.6646194324921503
0.6649295460712485
0.6651948385471179
0.6654988952203744
0.6658950168624259
0.6662208783967128
0.666729658487421
0.6671948288560685
0.6673947067488467
0.6676127553591503
0.6680016087141916
0.6682232914680002
0.668545518858782
0.6688725917742373
0.6691269818195914
0.6695727700895453
0.6698780381439702
0.670052477032213
0.6702063224405939
0.6704776718223049
0.6709404194286157
0.6712311509090204
0.6714928092413847
0.6716672481296275
0.6719155812691399
0.6723577353955886
0.6726726944993604
0.6730857754777687
0.6733171492809241
0.6737350757840059
0.6740960673721751
0.6742111485831686
0.674466750009691
0.6747247741985503
0.6748786196069311
0.6753789200294608
0.6756320986936466
0.6761336104973447
0.6767065937899756
0.6770518374229562
0.6774939915494049
0.6777980482226615
0.6782777551653293
0.6787816897313641
0.6791790227545839
0.6796199654998644
0.6801093634918789
0.6802656316625965
0.6805539403806644
0.6806544850176377
0.680820444237702
0.6810530294220258
0.6812771349381711
0.6814128096290266
0.6816696224367175
0.6818489068496337
0.68203545954956
0.682340727603985
0.6827223126720161
0.682965800286855
0.6834164340814823
0.6838440516339109
0.6842425960382991
0.6846908070705896
0.6852262375470016
0.6855932860410126
0.6859397410551614
0.6862510660154282
0.6866641469938365
0.6870033337209753
0.6872577237663294
0.6875193820986937
0.6877846745745629
0.6880875198666512
0.6885260398495949
0.6887501453657402
0.6890105923169361
0.6894951447842772
0.6899360875295577
0.6902243962476257
0.6906326317013606
0.6909439566616273
0.6913824766445711
0.6917555820444238
0.6920838663410475
0.6922752645656471
0.6925853781447455
0.6929160852037058
0.6931777435360701
0.6934987595456836
0.6938827673760515
0.694475132767376
0.6949839128580843
0.6953691320696205
0.6957870585727023
0.696225578555646
0.6963685215335117
0.6966180660541923
0.6969378706826375
0.6974236345311471
0.6978221789355351
0.6981528859944954
0.6982546420126371
0.698350341124937
0.6985090320579912
0.6988009749195643
0.699136527503198
0.6993339826336396
0.6997216246075125
0.7000438519982943
0.7001698356398031
0.7004678354072179
0.7006180466720937
0.7008797050044578
0.7012055665387448
0.7013654688529674
0.7014793386827926
0.7017446311586618
0.7019069562352211
0.7021589235182386
0.7025247606310812
0.7029039229367756
0.7034127030274838
0.7036646703105012
0.7038960441136566
0.7041976780245766
0.704601067953638
0.7047912547970694
0.7051437667170601
0.7054272299104547
0.7055834980811723
0.7058063922161492
0.7062267414815676
0.7065659282087065
0.7069014807923402
0.7071764643175563
0.7073714966856611
0.7076125615381633
0.7077918459510796
0.7080934798619994
0.7082545935573904
0.7084847559793774
0.7086761542039772
0.7087621622669302
0.7088869345272706
0.7090056498817692
0.7090553165096717
0.7093060724115208
0.7094465926270497
0.7096767550490367
0.7101661530410512
0.7105901364499748
0.710786380199248
0.7109147866030934
0.7111703880296159
0.7114805016087142
0.7116840136449974
0.71204258247083
0.712375712292127
0.7128045412257239
0.7132382156839943
0.7135483292630926
0.7138233127883087
0.714112832887545
0.7145065317672598
0.7149244582703416
0.7153266368182347
0.7156512869713533
0.7159262704965693
0.7163030100399271
0.716724570686514
0.7171861069116564
0.7175701147420243
0.7179032445633213
0.7182073012365779
0.7184762278559522
0.7186506667441951
0.7187790731480405
0.7190407314804047
0.7192163817498158
0.719965015311858
0.7203090475636702
0.7205634376090243
0.7206494456719773
0.7209232178160251
0.7211715509555374
0.7218184284994379
0.7223005582044424
0.7225791758731636
0.7229861999457301
0.7232817769508082
0.7236088498662635
0.723868085436291
0.7240776543784161
0.7246215645230065
0.7250116292592161
0.725371409466217
0.7256294336550762
0.7259116854673024
0.7261600186068148
0.7263259778268791
0.7266857580338799
0.7268965383571733
0.7272030177927666
0.7275603752374307
0.7278777571035392
0.7282726673644222
0.728591260611699
0.728896528666124
0.7290951951777338
0.7294901054386169
0.7297602434391596
0.7298244466410823
0.729946796139086
0.7301454626506958
0.730321112920107
0.7308262588673101
0.7310152343295732
0.731152120401597
0.7314319494514866
0.73174569717409
0.7322096561615692
0.7326784606737218
0.7331751269527464
0.7334598015273094
0.7338825735550646
0.7342217602822033
0.7346845078885141
0.7350418653331783
0.7352865643291856
0.7356911656394154
0.7361381652905377
0.7364252626274373
0.7369558475791759
0.7372695953017793
0.7376269527464434
0.7380279199131682
0.7383731635461488
0.7389691630809784
0.7393010815211071
0.7395627398534713
0.7398462030468659
0.7401696418188162
0.74040949529015
0.7407159747257434
0.7410430476411985
0.7413483156956235
0.7417565511493585
0.7420981606388339
0.7424652091328449
0.7429449160755126
0.7433398263363957
0.74360875295577
0.7440072973601581
0.7443380044191185
0.7447220122494864
0.7448734348955305
0.7451060200798543
0.7452574427258983
0.7455324262511145
0.7458522308795597
0.746248352521611
0.7465257588091638
0.746924303213552
0.7470987421017948
0.7473894735821994
0.7477625789820522
0.7481502209559251
0.7483646354227236
0.7486771717641586
0.749097521029577
0.7495215044385006
0.7499479106097608
0.7502943656239097
0.7506844303601194
0.7510018122262279
0.751177462495639
0.7515711613753537
0.752100534945924
0.7525463232158778
0.7527340872969726
0.7529303310462457
0.753236810481839
0.7535130053882234
0.7537419564290422
0.7539648505640191
0.7542846551924642
0.7546298988254448
0.7548394677675698
0.7552392235531263
0.7554996705043222
0.7557455808814979
0.7559902798775051
0.7563464259410009
0.75670741752917
0.7568564174128775
0.7570696204985076
0.757362774741249
0.7575481160600069
0.7577213435670814
0.7580459937202
0.7583645869674769
0.7586747005465752
0.7590393262782494
0.7594342365391324
0.759717699732527
0.7600665775090126
0.7604663332945691
0.7606250242276233
0.7608176338333915
0.7611010970267861
0.7614342268480832
0.7617249583284879
0.7619938849478621
0.7622240473698492
0.7625147788502539
0.7626843722138233
0.7629399736403458
0.7632888514168314
0.7636970868705664
0.7639878183509711
0.7643112571229213
0.7646080455091677
0.7647534112493701
0.7650041671512191
0.7652525002907314
0.765528695197116
0.765919971314494
0.7663330522929023
0.7664226944993604
0.7666286292979804
0.7670828972361128
0.7674984009768577
0.7677019130131411
0.7679441892468116
0.7683124491219909
0.7686019692212273
0.768793367445827
0.768958115284723
0.7692282532852658
0.7696691960305462
0.7698387893941155
0.7700047486141799
0.7702591386595341
0.770564406713959
0.7710368453696166
0.77134332480521
0.771721275729736
0.7718654300887701
0.7720834786990736
0.772256706206148
0.7725110962515022
0.7727727545838663
0.7730319901538939
0.7733845020738845
0.7736897701283095
0.7739647536535256
0.774076200721014
0.7742566965150987
0.7745680214753653
0.7747000620227158
0.7749895821219521
0.7750901267589254
0.7752803136023568
0.7755250125983641
0.775723679109974
0.77599139434818
0.7761549308059077
0.7763390607434973
0.7766528084661007
0.7768793367445826
0.777151897507462
0.7773517754002404
0.7776703686475172
0.7779090107376827
0.7781101000116293
0.7783063437609025
0.778466246075125
0.7786116118153273
0.7786818719230918
0.7788672132418498
0.779149465054076
0.7794644241578478
0.7796134240415552
0.7798411637012056
0.7801355293251153
0.7804274721866884
0.7805740493080591
0.7808563011202853
0.7812076016591076
0.7816122029693375
0.7819198937860992
0.7822760398495949
0.7825982672403767
0.7829265515370004
0.7829992344071016
0.7831336977167888
0.7832148602550684
0.7834728844439276
0.7838750629918207
0.7841536806605419
0.7844734852889871
0.7847315094778463
0.7849943791913788
0.7853735414970733
0.7857490696592627
0.786017996278637
0.7863923130596581
0.7868865565763461
0.7871082393301547
0.7873953366670543
0.7875297999767414
0.787723620963678
0.7879271329999612
0.7880373686862814
0.7884443927588479
0.7888659534054347
0.7891324572624724
0.7895128309493352
0.7898290014342753
0.7900349362328953
0.7901488060627204
0.7903208221886265
0.7905618870411288
0.7907629763150754
0.7909931387370625
0.7915758130790402
0.7919428615730512
0.7921645443268597
0.7923704791254798
0.7927072430902818
0.7929991859518548
0.7932354052796837
0.7933880393068962
0.7935903399620111
0.7937599333255805
0.793974347792379
0.7940894290033725
0.7942105671202078
0.7944879734077606
0.7947920300810172
0.7950779160367485
0.7952414524944761
0.7953759158041632
0.7957793057332248
0.7961960208551382
0.7963026223979532
0.7964928092413847
0.7966490774121022
0.7968792398340893
0.7971796623638407
0.7974558572702252
0.7976521010194983
0.7978713610109702
0.7980797185719269
0.7982044908322673
0.7983874093886886
0.7986938888242819
0.7988671163313563
0.7991384657130675
0.7995297418304455
0.7997271969608869
0.7999549366205373
0.8003365216885684
0.8006248304066365
0.8009070822188626
0.8011856998875838
0.8013831550180254
0.8017332441756794
0.8021875121138117
0.8023680079078963
0.8026102841415669
0.8029858123037562
0.8033746656587976
0.8036775109508858
0.8040239659650347
0.8041608520370586
0.8043025836337558
0.804540014342753
0.8047035508004807
0.8048973717874172
0.805088770012017
0.805195371554832
0.8053480055820444
0.8055551517618328
0.8057768345156413
0.8059064523006552
0.8060833139512347
0.8063970616738381
0.8066344923828352
0.8069179555762298
0.8070814920339574
0.8071360041865333
0.8073588983215102
0.8075430282590998
0.807656898088925
0.8078107434973059
0.8079573206186766
0.8081402391750979
0.8084503527541962
0.8086102550684188
0.8087798484319882
0.8091311489708105
0.8092050432220801
0.809452164980424
0.8096423518238555
0.8099088556808931
0.8101099449548397
0.810358278094352
0.8106514323370935
0.8108028549831375
0.8110596677908284
0.8111856514323371
0.8112728708764585
0.8115151471101291
0.8117368298639377
0.8118664476489514
0.8120517889677095
0.8121596018916928
0.8122904310578749
0.8123946098383533
0.8126502112648758
0.8129688045121526
0.8133709830600457
0.8137816412761174
0.8140602589448386
0.8144236732953444
0.8145847869907353
0.8147519575919681
0.8149288192425476
0.8150087703996589
0.8150947784626119
0.8152134938171105
0.8153806644183432
0.8157101600961352
0.8159488021863007
0.8162274198550219
0.8166635170756289
0.8168876225917743
0.8169821103229058
0.8172159068883978
0.8175066383688026
0.8177053048804125
0.8179548494010932
0.818393369384037
0.8185169302632089
0.8186465480482227
0.8189227429546071
0.819179555762298
0.8193963929914331
0.819488457960228
0.81982522192503
0.8203291564910649
0.8204757336124355
0.8208391479629414
0.821201350932279
0.8213539849594914
0.8215623425204481
0.8218118870411288
0.8219935942163817
0.8222649435980928
0.8224805694460596
0.8227579757336124
0.8230450730705121
0.8231940729542195
0.8232655444431523
0.8234593654300888
0.8237488855293251
0.8238772919331705
0.8240686901577703
0.824136527503198
0.8242637225258751
0.8244054541225724
0.8244987304725355
0.8246961856029771
0.8249057545451022
0.8251371283482576
0.8253563883397295
0.8255199247974571
0.8256834612551847
0.8258591115245959
0.8260492983680273
0.8261571112920107
0.8263254932744117
0.826583517463271
0.8267458425398302
0.8269626797689654
0.8271455983253867
0.8273503217428383
0.8276240938868861
0.8277706710082567
0.8280747276815134
0.8283363860138776
0.8285035566151103
0.8286973776020468
0.8289541904097376
0.829148011396674
0.8294108811102067
0.8295283850835369
0.8296265069581734
0.8297173605457999
0.8299426774431136
0.8301692057215956
0.8303993681435826
0.8305919777493507
0.8306864654804822
0.8307724735434353
0.8309590262433616
0.8312982129705004
0.8316107493119355
0.8318796759313098
0.8321764643175563
0.832487789277823
0.8327191630809784
0.8329553824088072
0.8330547156646122
0.8332376342210335
0.8334750649300307
0.8337452029305733
0.8337997150831492
0.834138901810288
0.8343981373803155
0.8346210315152924
0.8348233321704074
0.8351431367988525
0.8353551285033144
0.8355004942435167
0.8357827460557429
0.835934168701787
0.8361376807380703
0.8363848024964143
0.8366379811606001
0.8369565744078769
0.8372424603636082
0.8375162325076559
0.8377900046517037
0.8380298581230375
0.8381970287242703
0.8385144105903787
0.839071645927821
0.8393829708880878
0.8396906617048494
0.8400274256696515
0.8402939295266891
0.8405313602356863
0.8407385064154747
0.8409686688374617
0.8412908962282436
0.8415137903632205
0.8416228146683723
0.8418881071442416
0.8422067003915183
0.8424574562933674
0.8425640578361825
0.8427288056750785
0.8428681145094391
0.8429686591464124
0.8431770167073691
0.843399910842346
0.843585252161104
0.8437754390045354
0.8440443656239097
0.8442817963329069
0.8444065685932473
0.8446270399658875
0.84488264139241
0.8451261290072489
0.8453635597162461
0.8456361204791255
0.8458905105244796
0.8461594371438539
0.8462733069736791
0.8464368434314068
0.8466803310462457
0.8467966236384076
0.8469637942396403
0.8471769973252704
0.8473562817381866
0.8475525254874597
0.8477003139899988
0.8477717854789316
0.8479135170756289
0.8481037039190603
0.8484174516416637
0.8486282319649572
0.8488075163778734
0.8490934023336046
0.8492024266387564
0.8493635403341474
0.8494459142535954
0.8497221091599798
0.8498371903709734
0.8499231984339264
0.8499983040663643
0.8500612958871187
0.850247848587045
0.8504780110090321
0.8506706206148001
0.8508414253595379
0.8510388804899794
0.8512024169477072
0.8512835794859868
0.8514095631274955
0.851627611737799
0.8518589855409544
0.8520576520525642
0.8523059851920766
0.8525833914796294
0.8527130092646432
0.8528511067178354
0.8530812691398224
0.8532544966468969
0.8533647323332171
0.8536191223785712
0.8538056750784975
0.8539728456797302
0.8542514633484514
0.8544610322905765
0.8546693898515332
0.854946796139086
0.8551890723727565
0.8553780478350196
0.8556300151180369
0.8560624781951389
0.85643679497616
0.8567384288870799
0.8569964530759391
0.857281127650502
0.857490696592627
0.8577753711671899
0.8579304279567391
0.8581702814280731
0.8584101348994069
0.8587238826220103
0.859038841725782
0.8593961991704462
0.8597244834670699
0.8600794181493973
0.8602732391363337
0.860600312051789
0.8608619703841532
0.8610594255145947
0.8613998236229019
0.8615149048338954
0.8616675388611079
0.8618310753188355
0.8621012133193782
0.862395578943288
0.8625930340737296
0.8629225297515215
0.8631648059851921
0.863614228398651
0.8638928460673722
0.8640600166686049
0.8642901790905919
0.8645070163197272
0.864709316974842
0.8648946582936
0.8650884792805364
0.8651333003837656
0.8652399019265806
0.8654494708687057
0.8656251211381168
0.8658044055510331
0.8659800558204442
0.8661205760359731
0.8663676977943172
0.8665603074000853
0.8668280226382913
0.8671126972128542
0.8673186320114742
0.8675899813931852
0.8677983389541419
0.8679679323177114
0.8682901597084932
0.8685736229018878
0.8688158991355583
0.8690884598984377
0.8693622320424855
0.869573012365779
0.8697050529131294
0.8698746462766989
0.8701241907973796
0.8702998410667907
0.8705724018296701
0.8708922064581153
0.8711429623599644
0.8713949296429817
0.8714361166027057
0.8716989863162383
0.8719630674109392
0.8723289045237819
0.8724573109276272
0.872689896111951
0.8728825057177191
0.8730520990812886
0.8731877737721441
0.873369480947397
0.873674749001822
0.8738407082218863
0.8739666918633949
0.8740381633523278
0.8741629356126681
0.8743301062139008
0.8745069678644803
0.8746777726092181
0.8748994553630267
0.8750690487265961
0.8752786176687212
0.875453056556964
0.8756747393107726
0.875906113113928
0.8761302186300732
0.8763519013838819
0.8765408768461449
0.8767746734116371
0.8769854537349304
0.8770993235647556
0.8773113152692174
0.8776420223281777
0.8779339651897508
0.8782828429662364
0.8785723630654727
0.8787686068147459
0.8789890781873861
0.8792604275690972
0.8794009477846261
0.8795051265651045
0.8796626061169903
0.8799194189246812
0.8800441911850215
0.8802258983602744
0.8804257762530526
0.8806959142535954
0.8809151742450673
0.8812192309183239
0.881439702290964
0.8816904581928131
0.881889124704423
0.8821423033686088
0.882297360158158
0.8824257665620033
0.8824948152885994
0.8826401810288018
0.8828630751637787
0.8830447823390317
0.8832046846532543
0.8835390258557196
0.8837825134705586
0.8840635539016165
0.8842089196418188
0.8843688219560414
0.8845505291312943
0.8848085533201535
0.8849926832577432
0.8851586424778075
0.8853560976082491
0.8855256909718184
0.8857606989184789
0.886080503546924
0.8862585765786719
0.8864257471799046
0.8865832267317905
0.8867055762297942
0.886756454238865
0.8869139337907509
0.8869926735666938
0.8871126003023607
0.8873500310113579
0.8874457301236578
0.8877582664650928
0.8881325832461139
0.8883506318564174
0.8886801275342094
0.889008411830833
0.8893451757956351
0.8894711594371438
0.8896589235182386
0.8897667364422219
0.8901337849362329
0.8905214269101058
0.8907249389463892
0.8909018005969687
0.8909950769469318
0.8912470442299493
0.8914941659882932
0.8918430437647789
0.8921834418730861
0.8924547912547971
0.8928145714617979
0.8930120265922394
0.8932143272473544
0.8934493351940148
0.8937025138582005
0.8937703512036284
0.8938890665581269
0.894164050083343
0.894311838585882
0.8944983912858084
0.8946861553669031
0.8948218300577586
0.8951186184440051
0.8954505368841338
0.8956201302477033
0.895729154552855
0.8960477478001317
0.8963203085630111
0.8965541051285033
0.8966679749583285
0.8968739097569485
0.8970204868783191
0.8972470151568012
0.8973415028879327
0.8974565840989263
0.8975474376865527
0.8977654862968563
0.8979605186649611
0.8981494941272241
0.8982597298135442
0.8984620304686591
0.898846038299027
0.8991706884521456
0.8993996394929643
0.8996964278792108
0.8999314358258712
0.9001930941582355
0.9004753459704616
0.9007055083924488
0.9008993293793852
0.9010446951195875
0.9010955731286584
0.9011936950032949
0.9013996298019149
0.9016431174167538
0.9018018083498082
0.9020053203860914
0.9021833934178393
0.9022051982788697
0.9023747916424391
0.9025007752839478
0.9026933848897158
0.9029187017870295
0.9030786041012521
0.9033148234290809
0.9036225142458425
0.9038260262821258
0.904018635887894
0.9041700585339381
0.904392952668915
0.9047769604992829
0.9050095456836066
0.9051706593789975
0.9054892526262743
0.9057496995774702
0.9059229270845447
0.9060598131565686
0.90614703260069
0.9063069349149125
0.9064898534713339
0.9066667151219134
0.9068145036244525
0.906912625499089
0.9070652595263015
0.9072493894638911
0.9074141373027872
0.9076346086754273
0.9079883319765865
0.9082039578245532
0.9083384211342405
0.908518916928325
0.9086727623367058
0.9088338760320968
0.908988932821646
0.9092239407683064
0.909366883746172
0.9094359324727681
0.9096430786525564
0.9098623386440283
0.9099701515680118
0.9101542815056014
0.9103420455866962
0.9105746307710199
0.910743012753421
0.9108338663410475
0.9110264759468155
0.911326898476567
0.911474686979106
0.9115667519479009
0.9117908574640462
0.911985889832151
0.9122075725859596
0.9123577838508353
0.9124789219676707
0.9126473039500718
0.9128326452688297
0.9131439702290964
0.9132929701128039
0.9134334903283328
0.9135994495483971
0.9137351242392526
0.9139228883203473
0.9141033841144319
0.914292359576695
0.9144995057564833
0.9146678877388844
0.9149028956855448
0.915143960538047
0.9153983505834011
0.915651529247587
0.9158077974183044
0.9160609760824903
0.9163153661278444
0.9165164554017909
0.9167647885413033
0.9169828371516068
0.9171778695197116
0.9173607880761329
0.9175836822111099
0.9178126332519285
0.9179349827499321
0.918030681862232
0.9182887060510913
0.918500697755553
0.9188156568593248
0.9190337054696283
0.9192032988331976
0.9194249815870063
0.9194916075512657
0.9196393960538047
0.9198889405744854
0.9201360623328294
0.9203541109431329
0.9206303058495174
0.9208774276078614
0.9211342404155521
0.9212759720122495
0.921494020622553
0.921741142380897
0.9220246055742916
0.9222438655657634
0.9224619141760669
0.9225782067682289
0.9227453773694616
0.9229404097375664
0.9232141818816142
0.923416482536729
0.923498856456177
0.923639376671706
0.9238295635151375
0.9240233845020739
0.924174807148118
0.924466750009691
0.9245333759739505
0.9247368880102338
0.9248713513199209
0.9249500910958639
0.9250470015893321
0.9252056925223863
0.9254806760476024
0.9256430011241618
0.9257520254293135
0.9259022366941893
0.9260633503895802
0.9262462689460015
0.9263516591076482
0.9264655289374734
0.9265890898166453
0.9268204636198007
0.9270796991898282
0.9274746094507114
0.9276575280071326
0.9278985928596348
0.9281723650036826
0.9283637632282824
0.9285054948249797
0.9286835678567276
0.9288749660813272
0.929103917122146
0.929354673023995
0.9296054289258441
0.9298501279218514
0.9299264449354576
0.9300972496801954
0.930195371554832
0.93028501376129
0.9304279567391557
0.9305466720936543
0.9306060297709036
0.9307162654572237
0.9308798019149513
0.9310312245609955
0.9311547854401675
0.9312747121758344
0.9313486064271039
0.9314261348218785
0.9314673217816025
0.9316526631003605
0.9318343702756134
0.9319651994417956
0.9321335814241967
0.932282581307904
0.9324025080435709
0.9325381827344265
0.9326871826181339
0.9328228573089894
0.9329270360894678
0.9330251579641043
0.9331099546458891
0.9332528976237547
0.9334697348528899
0.9335496860100012
0.9336502306469745
0.9338234581540489
0.9338561654455945
0.9339615556072411
0.9341263034461371
0.934184449742218
0.934263189518161
0.9343649455363027
0.9345054657518316
0.9346326607745087
0.9347198802186301
0.9348167907120983
0.9349621564523006
0.9351971643989612
0.9353534325696786
0.9354491316819785
0.9355581559871303
0.9356829282474707
0.9357568224987401
0.9359300500058146
0.935993041826569
0.9360523995038182
0.9361553669031283
0.9362837733069737
0.9363491878900647
0.9364412528588596
0.9365199926348025
0.9366047893165872
0.9367416753886111
0.936878561460635
0.9370372523936892
0.9372153254254371
0.9373425204481142
0.9374370081792457
0.9375545121525759
0.9377277396596504
0.9378307070589603
0.937977284180331
0.9380245280458968
0.9380790401984727
0.9383758285847191
0.9387380315540567
0.9389730395007171
0.9392698278869636
0.9393921773849673
0.9394793968290887
0.9395532910803582
0.9396598926231733
0.939768916928325
0.9398379656549212
0.9399554696282514
0.9400826646509284
0.9402340872969726
0.9402995018800636
0.9404097375663837
0.940427908283909
0.940513916346862
0.9405829650734582
0.940695623522115
0.9407319649571656
0.9408119161142768
0.9409306314687754
0.9410566151102842
0.9411862328952979
0.9414260863666318
0.9414793871380394
0.9416538260262821
0.9418331104391984
0.9420027038027677
0.9421662402604954
0.9422813214714889
0.9424581831220684
0.9426580610148467
0.9428918575803388
0.943043280226383
0.9431959142535954
0.9433449141373028
0.9435787107027949
0.9437701089273947
0.9439639299143311
0.9441650191882777
0.9443661084622242
0.9445114742024266
0.9446822789471644
0.9447234659068884
0.9448361243555452
0.944989969763926
0.945220132185913
0.9453969938364926
0.9454987498546342
0.9456671318370353
0.9459396925999147
0.9460668876225917
0.9461892371205954
0.946366098771175
0.9465308466100709
0.9466059522425088
0.9467549521262162
0.9469693665930147
0.9471074640462069
0.9472237566383688
0.9473703337597396
0.9474902604954064
0.9475544636973291
0.9476029189440632
0.947756764352444
0.947790683025158
0.9478439837965655
0.9480063088731248
0.9481553087568322
0.9483866825599876
0.9484593654300888
0.9485477962553786
0.9486447067488467
0.9488348935922781
0.9489790479513122
0.9491801372252587
0.9494030313602357
0.9494841938985153
0.9495823157731519
0.9496501531185797
0.9497434294685428
0.9499711691281932
0.9501056324378804
0.95017952668915
0.9502340388417257
0.9503055103306586
0.9504520874520294
0.9506543881071442
0.9508700139551111
0.9509172578206768
0.9510396073186804
0.9511256153816335
0.9512697697406676
0.9514199810055433
0.9516392409970151
0.9518270050781099
0.9519893301546691
0.9521104682715045
0.9522219153389929
0.9523612241733534
0.9525901752141722
0.952637419079738
0.9526628580842733
0.9527367523355429
0.9527864189634454
0.9528481994030313
0.9529027115556072
0.9530783618250184
0.9531607357444664
0.9532976218164902
0.9535144590456255
0.9537785401403264
0.9539226944993604
0.9540934992440981
0.9543042795673916
0.9544133038725433
0.9544629705004458
0.9545610923750824
0.9546725394425708
0.9548675718106756
0.9550105147885413
0.9551292301430399
0.9551994902508043
0.955243099972865
0.9553811974260573
0.9555108152110711
0.9556355874714114
0.9557894328797922
0.9559493351940148
0.9560147497771059
0.9561152944140792
0.9561504244679614
0.9562376439120828
0.9563805868899484
0.9565744078768849
0.9567209849982556
0.9568324320657441
0.9569547815637477
0.9571752529363879
0.9572697406675195
0.957384821878513
0.9575253420940419
0.9576598054037291
0.9578233418614568
0.9579117726867465
0.958043813234097
0.9582194635035082
0.9583636178625422
0.9584532600690002
0.958607105477381
0.95874762569291
0.95885059309222
0.9589378125363415
0.9590432026979882
0.9591413245726247
0.95926246268946
0.9593399910842346
0.9594756657750901
0.9596137632282824
0.9598003159282087
0.9598742101794783
0.9599432589060743
0.9600110962515022
0.9600607628794046
0.9602594293910145
0.960361185409156
0.9605344129162305
0.960625266503857
0.9607391363336822
0.9608469492576657
0.9608917703608947
0.9609692987556693
0.961095282397178
0.9612418595185487
0.9613811683529092
0.9615495503353103
0.9616295014924215
0.9618172655735163
0.9619505175020351
0.9620934604799007
0.9621746230181805
0.9622993952785207
0.9624871593596155
0.9626858258712253
0.9628275574679226
0.9629062972438656
0.9629705004457882
0.963100118230802
0.9632055083924488
0.9632709229755398
0.9633884269488701
0.9635471178819243
0.9637264022948405
0.9638778249408846
0.9640050199635617
0.9641019304570299
0.9641673450401209
0.9643090766368182
0.9644544423770206
0.9645889056867077
0.9647899949606543
0.9649498972748769
0.9651449296429817
0.9653011978136993
0.9654417180292282
0.9655386285226965
0.9656064658681242
0.9657070105050974
0.9658463193394581
0.9659650346939567
0.9660982866224754
0.9662436523626778
0.9663708473853548
0.96648471721518
0.9666300829553824
0.9666858064891266
0.966765757646238
0.9668675136643796
0.9670189363104237
0.9671146354227236
0.9671909524363298
0.9673108791719968
0.9674707814862193
0.9676149358452534
0.9677033666705431
0.9678874966081328
0.9680813175950692
0.9682254719541032
0.9683696263131372
0.9684507888514168
0.9685489107260534
0.9686555122688685
0.9687584796681785
0.968897788502539
0.9690479997674148
0.969182463077102
0.9693871864945536
0.9695761619568167
0.9697057797418305
0.9697942105671202
0.9699080803969454
0.9699601697871846
0.9700607144241579
0.9701866980656666
0.9702823971779664
0.9703902101019498
0.9705646489901927
0.970792388649843
0.970898990192658
0.9710516242198706
0.9712624045431639
0.9714913555839826
0.971674274140404
0.9717772415397139
0.9720074039617009
0.9721564038454084
0.9723102492537892
0.9725404116757762
0.9726688180796217
0.9728117610574873
0.9729135170756289
0.973040712098306
0.973123086017754
0.9732175737488855
0.9734150288793271
0.9735325328526573
0.9736730530681862
0.9737626952746443
0.9739007927278366
0.9740170853199984
0.9741491258673489
0.9742411908361437
0.9744241093925651
0.9745597840834206
0.9746603287203939
0.9747015156801179
0.9748190196534481
0.9749607512501454
0.9751024828468426
0.9752248323448462
0.9752963038337791
0.9753568728921967
0.9754247102376246
0.9755119296817459
0.9756052060317091
0.97566335232779
0.9757857018257937
0.9758741326510835
0.9759165309919758
0.9760194983912858
0.9760933926425553
0.9761903031360236
0.9763429371632361
0.976507685002132
0.9766821238903749
0.9768795790208163
0.9770758227700895
0.9772672209946893
0.9773435380082955
0.9774162208783967
0.9775518955692523
0.9776257898205217
0.9776693995425825
0.9777323913633368
0.9778268790944683
0.9779262123502733
0.9779855700275226
0.9780679439469706
0.9782024072566577
0.9782532852657285
0.978302951893631
0.9784374152033182
0.9786481955266116
0.9787245125402179
0.9788153661278444
0.9788408051323797
0.9789050083343024
0.9790079757336124
0.9790988293212389
0.9792175446757375
0.9794852599139435
0.9796112435554521
0.9797529751521494
0.9799734465247897
0.9800618773500794
0.9801139667403186
0.9802447959065007
0.9803174787766019
0.9804010640772183
0.9804374055122689
0.980527047718727
0.9806384947862155
0.9807414621855255
0.9808068767686166
0.9808892506880645
0.9809934294685428
0.9810636895763073
0.9811496976392604
0.9812369170833818
0.981354421056712
0.9814501201690119
0.9815785265728573
0.9816124452455712
0.9817020874520294
0.9818099003760127
0.9819177132999961
0.9820340058921581
0.9821733147265186
0.9823053552738691
0.982401054386169
0.9824858510679536
0.9825815501802535
0.9827002655347521
0.9828008101717254
0.98298130596581
0.9831145578943288
0.9831545334728844
0.9832381187735008
0.9833459316974842
0.9834476877156259
0.9835215819668954
0.9836088014110168
0.9837565899135559
0.983891053223243
0.9839867523355429
0.9840654921114859
0.9841902643718262
0.9843041342016513
0.9844204267938133
0.9845355080048067
0.9846675485521572
0.9847874752878242
0.9849122475481645
0.9849946214676125
0.9852041904097376
0.9853798406791487
0.9854997674148157
0.9855869868589371
0.9856245396751561
0.9856511900608598
0.9857432550296547
0.9858123037562507
0.9859213280614025
0.9860109702678606
0.9860654824204365
0.9861623929139047
0.98628353103074
0.9863586366631779
0.9865003682598752
0.9865972787533435
0.9866857095786332
0.9867184168701787
0.9867353762065356
0.9868056363143001
0.9868819533279063
0.986983709346048
0.9870806198395162
0.9872417335349072
0.9873592375082374
0.9875457902081637
0.987663294181494
0.9877989688723495
0.987910415939838
0.987992789859286
0.9881236190254681
0.9882459685234717
0.9883683180214754
0.9884555374655968
0.9885645617707486
0.9886299763538396
0.9886808543629104
0.988720829941466
0.988803203860914
0.9889291875024228
0.9890563825250999
0.9891545043997364
0.9892393010815211
0.9893689188665349
0.9895142846067372
0.9895627398534713
0.9896463251540877
0.9897541380780711
0.9898728534325697
0.9899927801682367
0.9900170077916036
0.990138145908439
0.9902786661239679
0.9904107066713184
0.9904942919719347
0.990594836608908
0.9906747877660192
0.9907377795867737
0.9907959258828546
0.9908746656587976
0.9909606737217506
0.9910006493003063
0.9911217874171415
0.9913192425475831
0.9914040392293677
0.9915021611040044
0.9916584292747219
0.9917044617591193
0.9917613966740318
0.99185103888049
0.9919467379927899
0.9920351688180796
0.9921587296972516
0.992225355661511
0.992328323060821
0.9924022173120906
0.9925003391867271
0.9926154203977207
0.9926929487924953
0.9927462495639028
0.992843160057371
0.9928819242547583
0.992942493313176
0.9930260786137923
0.9931048183897352
0.9932586637981161
0.9933773791526146
0.9934973058882816
0.9936305578168004
0.9937710780323293
0.9938994844361747
0.993979435593286
0.9940387932705353
0.9941248013334884
0.9942095980152731
0.994387671047021
0.9945197115943715
0.9946226789936814
0.9947498740163585
0.9948152885994496
0.9949146218552545
0.9949885161065241
0.9950381827344265
0.9951205566538744
0.9951799143311237
0.9952598654882351
0.995318011784316
0.9953846377485754
0.9955009303407373
0.9955833042601853
0.9956547757491181
0.9957201903322092
0.9957638000542699
0.9958146780633407
0.9958764585029267
0.9959140113191456
0.9959588324223747
0.9960012307632671
0.9960739136333682
0.9961684013644998
0.9962301818040857
0.9963222467728806
0.9963937182618134
0.9964809377059348
0.9965669457688878
0.9966699131681979
0.9967716691863395
0.9969049211148583
0.9970769372407644
0.997195652595263
0.997319213474435
0.9973931077257046
0.9974318719230918
0.9974803271698259
0.9975505872775904
0.9976729367755941
0.9977444082645269
0.9977952862735977
0.9978497984261736
0.9979430747761368
0.9980036438345544
0.9980775380858239
0.9981417412877467
0.9981986762026592
0.99824228592472
0.9982640907857503
0.9982798387409388
0.9983198143194946
0.9983476760863667
0.9983646354227236
0.9984033996201108
0.9984409524363298
0.9985015214947475
0.9985221149746094
0.9985717816025119
0.99866142380897
0.9986795945264954
0.9987147245803776
0.998801944024499
0.9988697813699268
0.9989751715315734
0.999024838159476
0.9990987324107454
0.9991459762763112
0.9991689925185099
0.9992065453347289
0.9992852851106718
0.9993725045547932
0.9994548784742412
0.999488797146955
0.999526349963174
0.9996377970306625
0.9997201709501105
0.9998073903942319
0.9998837074078382
0.9999915203318215
1.0000423983408924
1.0001247722603404
1.0001792844129163
1.0002410648525022
1.000318593247277
1.0004312516959337
1.00052210528356
1.0006396092568903
1.000692910028298
1.000782552234756
1.0008952106834128
1.0009594138853355
1.0010175601814164
1.0010599585223088
1.0011374869170835
1.001190787688491
1.0012513567469086
1.001304657518316
1.0013652265767337
1.0014681939760437
1.0016256735279296
1.001712892972051
1.0017480230259332
1.001840087994728
1.0018752180486103
1.0019636488739
1.0020351203628328
1.0021296080939643
1.0022095592510758
1.0022713396906617
1.002351290847773
1.002446989960073
1.0025027134938171
1.002568128076908
1.0026420223281778
1.0026868434314067
1.0027377214404776
1.00278738806838
1.0028637050819862
1.002910948947552
1.0029921114858318
1.003058737450091
1.0031592820870643
1.003216217001977
1.0033094933519402
1.0034003469395667
1.0034645501414894
1.0035602492537892
1.0036595825095942
1.0037334767608637
1.003813427917975
1.0038715742140558
1.0039321432724735
1.0039890781873861
1.0040375334341203
1.004109004923053
1.004163517075629
1.0042107609411948
1.0042555820444237
1.004290712098306
1.0043646063495755
1.0043948908787843
1.0044615168430437
1.004562061480017
1.004612939489088
1.004657760592317
1.0047183296507345
1.004764362135132
1.0048491588169166
1.0049400124045431
1.005018752180486
1.005097491956429
1.0051411016784897
1.005196825212234
1.00526587393883
1.0053022153738806
1.005337345427763
1.0054039713920224
1.0055033046478272
1.0056038492848005
1.005629288289336
1.0056753207737334
1.0057552719308447
1.0058328003256192
1.0059151742450672
1.0059769546846533
1.0060266213125557
1.0061150521378455
1.0062180195371555
1.0063258324611388
1.0064251657169438
1.0064990599682133
1.0065366127844324
1.0065656859324728
1.006614141179207
1.0066613850447725
1.0066928809551499
1.0068043280226382
1.0068830677985812
1.00691335232779
1.0069799782920494
1.0070078400589215
1.0070466042563089
1.007098693646548
1.0071665309919757
1.0072101407140366
1.0072719211536225
1.007304628445168
1.0074075958444781
1.0074911811450944
1.0075432705353335
1.0076050509749195
1.0076498720781486
1.007709229755398
1.0077552622397954
1.0078182540605496
1.007857018257937
1.0078873027871458
1.0079175873163546
1.0079660425630887
1.0080144978098229
1.0080677985812303
1.0081550180253518
1.0082155870837695
1.0082737333798504
1.0083573186804666
1.0084312129317363
1.0084493836492616
1.0084978388959958
1.0085438713803931
1.0085911152459588
1.0086528956855447
1.0087231557933094
1.008828545954956
1.008927879210761
1.009013887273714
1.0091144319106873
1.0091883261619568
1.009250106601543
1.0092791797495833
1.00928887079893
1.0093300577586541
1.0093833585300616
1.0094160658216071
1.0094451389696477
1.0094960169787184
1.0095686998488196
1.009652285149436
1.0097370818312208
1.00979643950847
1.0098448947552041
1.0099163662441368
1.0099842035895648
1.0100447726479824
1.0101113986122416
1.0101937725316896
1.0102676667829593
1.0103173334108617
1.010363365895259
1.0103888048997947
1.0103948618056364
1.0104275690971818
1.0104845040120944
1.010528113734155
1.0105474958328489
1.0105814145055627
1.0106371380393069
1.010661365662674
1.0107049753847346
1.0107195119587549
1.0107388940574484
1.0107764468736675
1.010853975268442
1.0108794142729776
1.0109242353762065
1.0109375605690585
1.0109678450982673
1.01103204830019
1.011086560452766
1.0111338043183316
1.011183470946234
1.011231926192968
1.0112924952513858
1.0113639667403187
1.0114039423188743
1.0114354382292514
1.0114596658526185
1.0115105438616894
1.0115626332519285
1.011629259216188
1.011660755126565
1.011691039655774
1.011704364848626
1.0117298038531612
1.0117649339070434
1.0118194460596193
1.0118582102570066
1.0118921289297205
1.0119345272706128
1.0119817711361787
1.0120096329030508
1.0120387060510911
1.0120641450556267
1.0121113889211923
1.0121222913517076
1.0121525758809164
1.0121804376477885
1.0122131449393341
1.0122482749932162
1.0122930960964454
1.012340339962011
1.0123621448230415
1.0123803155405666
1.0123887952087451
1.0124263480249642
1.0124590553165096
1.012494185370392
1.012514778850254
1.0125486975229678
1.01257655928984
1.0125910958638602
1.0126104779625538
1.0126419738729309
1.0126577218281196
1.0126649901151297
1.0126855835949917
1.0126940632631702
1.0127098112183588
1.012714656743032
1.012727981935884
1.0127388843663991
1.0127473640345777
1.0127558437027562
1.0127715916579447
1.0127764371826182
1.0127994534248168
1.0128079330929953
1.0128115672365003
1.012817624142342
1.0128236810481839
1.0128297379540256
1.0128357948598674
1.0128430631468774
1.012847908671551
1.012851542815056
1.0128527541962244
1.0128575997208977
1.0128588111020662
1.012864868007908
1.012868502151413
1.0128745590572548
1.0128769818195915
1.0128806159630965
1.0128866728689383
1.0128903070124433
1.0128915183936116
1.0128951525371168
1.0128987866806218
1.0129012094429586
1.0129036322052951
1.0129048435864636
1.0129072663488004
1.0129121118734736
1.0129157460169786
1.0129181687793154
1.0129218029228204
1.012923014303989
1.012923014303989
1.0129278598286622
1.012930282590999
1.0129314939721672
1.0129327053533357
1.0129411850215142
1.0129520874520292
1.0129569329767028
1.0129593557390395
1.0129605671202078
1.0129678354072178
1.0129702581695545
1.0129726809318913
1.0129738923130596
1.0129763150753963
1.0129799492189013
1.012982371981238
1.0129872175059116
1.0129884288870799
1.0129932744117534
1.0129944857929216
1.0130005426987634
1.0130053882234369
1.0130065996046052
1.0130078109857736
1.0130114451292787
1.0130175020351204
1.0130199247974572
1.0130211361786254
1.0130223475597937
1.0130271930844672
1.0130308272279722
1.013033249990309
1.013036884133814
1.0130429410396558
1.0130453638019925
1.0130502093266658
1.013053843470171
1.013057477613676
1.0130599003760128
1.0130635345195178
1.013068380044191
1.0130708028065278
1.0130732255688646
1.013078071093538
1.0130804938558746
1.0130829166182114
1.0130865507617164
1.0130901849052216
1.0130998759545684
1.0131010873357367
1.0131071442415784
1.0131144125285887
1.0131204694344305
1.013122892196767
1.0131241035779355
1.0131241035779355
1.0131265263402722
1.0131277377214405
1.0131289491026088
1.0131301604837772
1.0131313718649455
1.0131313718649455
1.0131313718649455
1.0131313718649455
