0.001041787804783502
0.0013070802806527892
0.001882486335620421
0.0028624937008179248
0.003225908051323797
0.003997557855564601
0.004467573748885529
0.005057516377873396
0.005566296468581618
0.00607507655928984
0.006543881071442416
0.007196815521184634
0.007688636275535915
0.008383969066170486
0.009251317982711168
0.009896984145443268
0.010394861805636315
0.010856398030778773
0.011453608946776756
0.011686194131100516
0.01219981974648215
0.012554754428809552
0.013631672287475288
0.014087151606775981
0.014551110594255146
0.015188297088808776
0.01594419893786099
0.01645540179090592
0.016664970733030974
0.017356669380160485
0.017898156762414234
0.019019895724309028
0.01983636663177889
0.020480821413342638
0.021222186688374618
0.02175640578361825
0.022377844322983294
0.023134957553203862
0.023661908361437375
0.024093160057371013
0.024489281699422414
0.025000484552467343
0.025640093809357677
0.026341483505834012
0.026805442493313177
0.027343295732061866
0.028119791060976083
0.028582538667286893
0.029052554560607822
0.029229416211187347
0.029653399620110866
0.030039830212815442
0.030328138930883437
0.030565569639880608
0.030967748187773772
0.03136265844865682
0.031767259758886696
0.03221425941000892
0.032431096639144084
0.032988331976586426
0.03383872155677017
0.03490473698492073
0.035532232430127535
0.03612580920262046
0.03658613404659457
0.03713731247819514
0.037953783385665
0.038501327673760515
0.03925722952281273
0.03996467612513083
0.04025177346203047
0.040650317866418574
0.04095195177733845
0.041224512540217854
0.04159519517773384
0.04228810520603171
0.042776291816877934
0.043430437647788506
0.043889551110594255
0.04458246113889212
0.045052477032213045
0.04563999689886421
0.046200866379811606
0.046712069232856535
0.047350467108578514
0.04806397061673838
0.048827140752800716
0.04954548978563399
0.05013785517695856
0.05073385471178819
0.05163269953870605
0.052212951118347097
0.05269871496685661
0.05329471450168624
0.05399368143582587
0.05458483544598209
0.05479682715044385
0.055209908128852195
0.05572232236306547
0.05610875295577005
0.056649028956855446
0.05728015854556731
0.057414621855254484
0.05798639376671706
0.0585230356242974
0.05904392952668915
0.05939644144667985
0.059805888281583126
0.06030740008528124
0.061297098499825564
0.061885829747645074
0.062401878125363415
0.06312386130170175
0.06379617785013761
0.06427830755514206
0.06463203085630112
0.06534674574562933
0.06596697290382603
0.06662233011590495
0.06715049230530681
0.06768955692522387
0.06821893049579408
0.06875314959103772
0.06927767763693453
0.06978888048997946
0.07059929449160755
0.07124738341667636
0.07184459433267434
0.0719717893553514
0.07234247199286739
0.0729081869984882
0.07344967438074194
0.07377432453386053
0.07418982827460557
0.0749505756483312
0.07549448579292166
0.07619466410822964
0.07684880993914021
0.07739272008373066
0.0778239717796643
0.078485385897585
0.07937211691281933
0.080074717990464
0.08062831918440129
0.08116132689847656
0.08162286312361902
0.08205653758188937
0.08263557778036205
0.08312013024770322
0.08367857696631391
0.0840468368414932
0.08470340543474048
0.08513586851184246
0.08607105477381091
0.0867530623715936
0.08706802147536535
0.0874193220141877
0.08769309415823545
0.08832543512811568
0.0885253130208939
0.08895656471682754
0.08963372678993682
0.08974275109508857
0.09027939295266892
0.0905216691863395
0.09072881536612784
0.0911031321471489
0.09163735124239253
0.09192808272279722
0.09218489553048805
0.09272880567507849
0.09326665891382718
0.09378634143505059
0.09427695080823352
0.09448894251269528
0.0952521126487576
0.09581540489204171
0.0962684614490057
0.09666942861573051
0.09735628173818661
0.09799346823274024
0.09861854091561034
0.09918910144590457
0.10016910881110207
0.10084021397836958
0.10151253052680544
0.1021000503934566
0.10263426948870023
0.10334656161569175
0.10365425243245338
0.10443559328604102
0.1050146334845137
0.10543498274993217
0.10604188471527697
0.10683655076171648
0.1074277047718727
0.10837985037019808
0.10877960615575455
0.10942769508082335
0.10992072721634298
0.11031442609605768
0.11074810055432802
0.11148946582936001
0.1123434895530488
0.11308000930340738
0.11380804938558747
0.11416782959258828
0.1144222196379424
0.11476746327092298
0.11516964181881614
0.11570628367639647
0.1162998604488894
0.11680379501492422
0.11738646935690196
0.11790372911578866
0.11855060665968911
0.11913085823933016
0.11955363026708532
0.12005029654611002
0.12080983253866728
0.12121201108656045
0.12150879947280692
0.12212539248749854
0.12292369267744312
0.12403937473349615
0.12497456099546458
0.12544094274528045
0.126218649455363
0.12683039694538126
0.1268958115284723
0.12725801449780982
0.12736825018412995
0.1277728514943598
0.12827315191688957
0.12848877776485637
0.12903026514711013
0.12940215916579448
0.12995333759739505
0.13052147536535255
0.13094667015544442
0.13141305190526031
0.13177404349342947
0.13227676667829594
0.13307385548707215
0.13369408264526883
0.1344233341086173
0.13501569949994185
0.1356880160483777
0.13624888552932513
0.13687032406869015
0.13766499011512967
0.13847298135442104
0.13904354188471527
0.13950871225336278
0.14013015079272784
0.14043663022832112
0.1408024673411637
0.14138150753963638
0.1420368647517153
0.14273825444819166
0.1436758634724968
0.14422219637942396
0.14477095204868784
0.14551110594255146
0.1458006260417878
0.14612406481373802
0.14639178005194403
0.1468581618017599
0.1471925030042253
0.14747717757878823
0.1477739659650347
0.14834694925766562
0.1489162984067915
0.1495486393766717
0.14984906190642322
0.15015675272318488
0.15064130519052604
0.151238516106524
0.15195565375818892
0.152288783579486
0.15287388068380045
0.15337296972516185
0.15391082296391054
0.1545649687948211
0.15507011474202426
0.15548198433926425
0.15585993526379036
0.15636386982982517
0.1570289180912509
0.15740323487227198
0.15782600690002713
0.15838324223746947
0.1591185506066597
0.15962854207853627
0.16014337907508625
0.16076360623328295
0.16135597162460752
0.16178480055820443
0.16213246695352174
0.16253101135790984
0.1629767996278637
0.16325299453424816
0.16382476644571073
0.1640416036748459
0.16460610729929837
0.16490774121021826
0.1652505620808621
0.1658841144319107
0.16660852037058574
0.16692953638019925
0.16742620265922395
0.16798101523432957
0.16862304725355662
0.16919118502151412
0.1694770709772454
0.16998342830561694
0.17040498895220374
0.17076840330270962
0.17124568748304067
0.17175446757374888
0.17214210954762182
0.1724594914137303
0.1728422878629298
0.17401611621506377
0.17449461177656317
0.17497916424390433
0.17557031825406055
0.176052447959065
0.17640859402256076
0.17682652052564252
0.17733772337868745
0.177971275729736
0.17830561693220143
0.17876594177617552
0.17931833158894445
0.1799494611776563
0.18037344458657983
0.1811487285343257
0.18145399658875064
0.18180771988990968
0.1822547195410319
0.18287373531806023
0.18338009264643176
0.18396882389425126
0.18428741714152808
0.18481557933092996
0.1855654242741404
0.1861832286700004
0.1866508218009846
0.18707238244757143
0.18764778850253905
0.18824742218087376
0.18899605574291584
0.18942488467651278
0.1897301527309377
0.18997606310811335
0.1911377776485638
0.19167684226848083
0.19195909408070705
0.19240245958832422
0.1927682967011668
0.1929996705043222
0.19388034461371478
0.19431523045315346
0.19478161220296933
0.1954175873163546
0.1957882699538706
0.19620861921928906
0.196719822072334
0.1974115207194635
0.19760897584990503
0.1979360487653603
0.198226780245765
0.19893907237275651
0.19976402294840484
0.20027159165794473
0.2006301604837772
0.20116316819785246
0.20193481800209326
0.20230550063960925
0.20273554095437454
0.20320555684769548
0.203856068535101
0.20432245028491686
0.20463862076985695
0.20517041710276387
0.20566223785711518
0.2060595708803349
0.2064411559483661
0.20676580610148468
0.20720674884676513
0.20761256153816335
0.2081104391983564
0.20855380470597357
0.20918735705702213
0.209715519246424
0.21035512850331434
0.2110044288095515
0.21160406248788619
0.2121564523006551
0.2126458502926697
0.21316916695739815
0.2135022967786952
0.21376274372989107
0.2142073206186766
0.21441446679846493
0.21480210877233788
0.21541143350001937
0.2160025875101756
0.21680694460596192
0.21718974105516145
0.21763189518161027
0.2181176590301198
0.21877422762336707
0.21927816218940188
0.2199359421638175
0.220483486451913
0.22092927472186688
0.22163187579951157
0.22242048494010933
0.22272817575687096
0.2231182404930806
0.2239746869791061
0.2246227759041749
0.22502253168973135
0.22546831995968525
0.22563791332325464
0.22599042524324534
0.2262666201496298
0.2268710993526379
0.22739926154203977
0.22776752141721907
0.227887448152886
0.228319911229988
0.22871482149087102
0.2294077315191689
0.22988138155599488
0.23071844594332674
0.23156762414234214
0.23178567275264567
0.23243133891537776
0.23303581811838586
0.2333483544598209
0.23368754118695972
0.2340327848199403
0.23478989805016087
0.2352344749389464
0.23560152343295732
0.23612362871651743
0.23647008373066636
0.23696675000969106
0.23751792844129163
0.238470074039617
0.23908424429197195
0.2395942357638485
0.24031016203434508
0.24075958444780401
0.24110240531844787
0.2415699984494321
0.24236345311470325
0.24321989960072876
0.24370324068690158
0.2445463619800752
0.24525501996356167
0.24588857231461023
0.24646518975074622
0.24715809977904407
0.24792732682094817
0.24834888746753497
0.24849909873241074
0.24867596038299028
0.24899576501143544
0.24948758576578672
0.24989824398185836
0.25056450362445243
0.25117746249563905
0.251898234290809
0.2527498352521611
0.25309507888514166
0.2538037368686281
0.2544094274528046
0.2547898011396674
0.2550805326200721
0.25531675194790093
0.2558134182269256
0.2563403690351591
0.257177433422491
0.25764381517230683
0.2582373919447998
0.2589569523588014
0.2596171550955537
0.25992121176881033
0.2601453172849556
0.2602373822537504
0.26093877195022674
0.26144391789742993
0.26244936426716287
0.26292059154165215
0.2634875179284413
0.2638145908438966
0.2642955091677327
0.2648442648369965
0.2654063456991123
0.26584728844439276
0.26637423925262627
0.2668236616660852
0.2671265069581734
0.2672197833081366
0.2680968232740241
0.26860318060239563
0.2693372775904175
0.27017434197774937
0.2705413904717603
0.2712221866883746
0.2718484707524131
0.2726455595611893
0.2730949819746482
0.27357468891731596
0.27395021707950534
0.274278501376129
0.27458861495522735
0.275143427530333
0.27579878474241193
0.2763947842772415
0.2767048978563399
0.2774256696515099
0.27784844167926503
0.278421424971896
0.27886236771717643
0.27972365972787533
0.28069761018723105
0.2813505446369733
0.28194169864712953
0.28257040547350465
0.2829047466759701
0.2835782746055743
0.28392715238205996
0.28443593247276816
0.284922907702446
0.28549346823274024
0.2857757200449665
0.28640563825251
0.2870101174555181
0.28743046672093653
0.2877611737798969
0.28799375896422064
0.28824572624723804
0.2887012055665387
0.28908157925340155
0.28982294452843355
0.29019604992828624
0.2906503178664186
0.2912027076791875
0.2921875605690584
0.292676958561073
0.2933662344458658
0.29395981121835874
0.29431353451951775
0.2949022657673373
0.29516998100554326
0.2955079563515137
0.2959186145675854
0.29614272008373066
0.2966284839322402
0.2971493778346319
0.29777929604217546
0.29832441756793426
0.29902701864557896
0.29938437609024304
0.29981320502383996
0.3001366437957902
0.3006539035546769
0.3009107163623677
0.3015176183277125
0.30197673179051826
0.3025170077916037
0.30303426755049034
0.30355516145288214
0.3038374132651083
0.30415964065589024
0.3047568515718882
0.3051650870256231
0.30581317595069196
0.3063570860952824
0.30657876884909097
0.30716265457223707
0.30759269488700236
0.3079548978563399
0.30854241772299107
0.30903666123967904
0.30944853083691903
0.3098276931426135
0.310354643950847
0.31055452184362525
0.3111541555219599
0.3118107241152072
0.3124454878474241
0.31289975578555645
0.3135551129976354
0.31399605574291584
0.3143497790440749
0.3148149494127224
0.3149821200139551
0.3152328759158042
0.3157949567779199
0.31633281001666863
0.3166853219366593
0.3168670291119122
0.31699301275342096
0.3172050044578827
0.3176241423421328
0.3181547272938714
0.3188827673760515
0.3195175311082684
0.3199063844633097
0.3204236442221964
0.3207167984649378
0.3214739116951584
0.3220214559832539
0.3226453172849556
0.32315894290033725
0.32366651160987714
0.32405899910842345
0.3247082994146606
0.32514681939760437
0.3255296158468039
0.32591362367717175
0.32626855835949914
0.3266101678489747
0.3272037446214676
0.32779732139396056
0.3283787843547699
0.32879913362018837
0.3292982226615498
0.32972462883281
0.33012317323719814
0.3305592704578052
0.3307639938752568
0.331169806566655
0.33145084699771293
0.3316204403612823
0.33229154552854984
0.3328124394309416
0.3334423576384851
0.3337427801682366
0.3340952920882273
0.3347748769236733
0.33502199868201726
0.3353054618754119
0.33544840485327754
0.3356361689343722
0.3360407702446021
0.3363981276892662
0.336922655735163
0.3374689886420902
0.33785541923479473
0.33841507733457377
0.3388887273713998
0.3395138000542699
0.3405034984688142
0.34159737566383686
0.3422624239252626
0.3432448540527968
0.34391595922006435
0.3441400647362096
0.34440293444974224
0.34489596658526184
0.34558039694538123
0.34622364034577663
0.3468523471721518
0.3471648835135869
0.3476676066984533
0.34828662247548164
0.34900981703298833
0.3494301662984068
0.3499498488196302
0.3506536612784432
0.3512375470015893
0.3516373027871458
0.35213033492266543
0.3529007733457379
0.3537790246927937
0.3544428615730511
0.35503643834554405
0.3553901616467031
0.3563108113346513
0.35653370546962826
0.3571272822421212
0.3576057778036206
0.3579752490599682
0.3585349071597473
0.3588886304609063
0.3590739717796643
0.35942042679381325
0.3601593693065085
0.36071054773810907
0.3611696612009148
0.36143495367678413
0.36207577431484284
0.36262210722176996
0.3633331879675931
0.3638867891615304
0.36425383765554137
0.364623308911889
0.36496612978253284
0.36550882854595496
0.3658698201341241
0.36631197426057294
0.36669719347210916
0.36703395743691125
0.36746884327635
0.36823322479358067
0.3687202000232585
0.3690920940419429
0.3695984513703144
0.37025017443888825
0.3706293367445827
0.3712725801449781
0.371780148854518
0.37245004264061715
0.3728413187579951
0.373101765709191
0.37349183044540063
0.3735923750823739
0.3740296836841493
0.3742816509671667
0.37472865061828897
0.37507026010776445
0.37552331666472843
0.3758358530061635
0.37613869829825175
0.3766353645772764
0.37704117726867464
0.37770138000542697
0.3783010136837617
0.37876739543357757
0.37938156568593245
0.37990609373182926
0.3804427355894096
0.3807007597782688
0.3810920358956468
0.38144575919680584
0.38185157188820407
0.38210717331472654
0.38245847385354886
0.38255659572818546
0.3829309125092065
0.38370983060045744
0.38397875721983177
0.38433490328332753
0.384697106252665
0.38515258557196574
0.3855911055549095
0.38613017017482654
0.38667044617591195
0.38706293367445826
0.387460266697678
0.38790242082412685
0.3884015098654882
0.3888836395704927
0.389317314028763
0.38970253324029924
0.39014468736674807
0.3905347521029577
0.39082427220219407
0.39139240997015157
0.39184788928945224
0.39225975888669223
0.3925928887079893
0.3930556363143001
0.3935135383959375
0.3939048145133155
0.39445599294491607
0.394720074039617
0.39500353723301157
0.3954602279334806
0.3958902682482459
0.39629608093964414
0.39668251153234874
0.39701321859130906
0.39734392565026944
0.39781878706826374
0.39807075435128114
0.3983093964414467
0.3984523394193123
0.39882786758150174
0.39931847695468464
0.3999011512966624
0.40017492344071015
0.4005116874055123
0.4011391828507191
0.4017412392913905
0.40209980811722296
0.4026001085397527
0.4029465635539016
0.4033196689537543
0.40363220529518934
0.40392293677559404
0.40420639996898866
0.4046679361941311
0.40511009032057993
0.40561887041128813
0.4060101465286661
0.4063759836415087
0.4065625363414351
0.40714399930224443
0.407345088576191
0.4076309745319223
0.4079713726402295
0.40828390898166456
0.40846198201341244
0.4086267298523084
0.40877694111718416
0.4089828759158042
0.40940201380005425
0.4098187289219677
0.4101300538822344
0.4106582160716362
0.41095984998255614
0.4117242314997868
0.4122075725859596
0.41275632825522346
0.41317910028297866
0.4135691650191883
0.41390350622165367
0.41408157925340155
0.41429841648253674
0.41453100166686047
0.4148713997751677
0.41509671667248127
0.41536564329185566
0.41553039113075163
0.4159253013916347
0.41624631740124823
0.41657702446020856
0.41683504864906773
0.4178550315928209
0.41843649455363024
0.41892225840213976
0.41928930689615074
0.41979566422452225
0.4203117126022406
0.4206581676163895
0.42114393146489904
0.4215509555374656
0.4220682152963523
0.4223831744001241
0.42262787339613134
0.4228725723921386
0.4230409543745397
0.42382108384695893
0.4243153273636469
0.42482410745435517
0.4251499689886421
0.4255303426755049
0.42589739116951586
0.4262668624258635
0.42679987013993875
0.4271802438268016
0.427555771988991
0.4278452920882273
0.4283698201341241
0.42857817769508083
0.4290033724851727
0.4292916812032407
0.4295412257239214
0.4302026398418421
0.43070051750203514
0.43124685040896227
0.4320584757917587
0.43224139434818004
0.4324473291468
0.4329573206186766
0.43320323099585223
0.43357149087103153
0.4339760921812614
0.4344751812226228
0.43479014032639457
0.4349997092685196
0.4359591231538551
0.4363503992712331
0.4368725045547932
0.4375351300538822
0.43778346319339456
0.43842791797495834
0.4387634705585921
0.43945395782455327
0.44004874597821453
0.4404145830910571
0.4407622494863744
0.4411038589758499
0.4414188180796217
0.4419712078923906
0.4425781098577354
0.4433909466217002
0.44404630383377913
0.4444400027134938
0.4448555064542389
0.44517409970151567
0.4456126196844594
0.4459396925999147
0.44642182230491917
0.44685307400085283
0.447094138853355
0.4473291468000155
0.4476271465674303
0.4478670000387642
0.44828008101717254
0.4486762026592239
0.44921405589797264
0.44955081986277473
0.4499069659262705
0.4502352502228941
0.45044360778385084
0.4506083556227468
0.4510941194712563
0.4515919971314494
0.4522013218591309
0.4524775167655154
0.4530226382912742
0.4536271174942823
0.454271572275846
0.45477308407954414
0.45520070163197274
0.45540057952475094
0.4556380102337481
0.4558742295615769
0.45613831065627786
0.45646780633406986
0.45697416366244137
0.45738603325968136
0.45814678063340697
0.45867736558514555
0.4592757878823119
0.4597373241074544
0.460168575803388
0.4603260553552739
0.4606955266116215
0.4610419816257704
0.46123701399387523
0.4616646315463038
0.46190933054231115
0.46212737915261465
0.46261556576346086
0.4630783133697717
0.46343203667093075
0.46395898747916425
0.46404620692328563
0.4643030197309765
0.46479847462883284
0.46511585649494125
0.46558102686358876
0.46590931116021245
0.46624365236267784
0.46670639996898866
0.46725152149474747
0.4674199034771485
0.4677360739620886
0.46823516300345003
0.46861795945264956
0.4688687153544986
0.4691642923595767
0.469412625499089
0.4697445439392177
0.4698426658138543
0.47024121021824244
0.4705283075551421
0.47090746986083654
0.4715022580144978
0.47208250959413883
0.4722387777648564
0.47262763111989764
0.47320788269953873
0.4735422239020041
0.4737457359382874
0.4739577276427492
0.47431629646858164
0.47463004419118504
0.4751678974299337
0.4756209539868977
0.47590199441795555
0.47617334379966664
0.4764555956118929
0.47689290421366826
0.47733021281544363
0.47771422064581154
0.4779722448346707
0.478484659068884
0.4790370488816529
0.47944770709772455
0.4795567314028763
0.4799225685157189
0.48048464937783464
0.48090621002442147
0.4813241365275032
0.4816197135325813
0.48187289219676704
0.48241559096018916
0.4828492654184595
0.48337500484552465
0.4839988661472264
0.484447077179517
0.484714792417723
0.4854319300693879
0.4856378648680079
0.485995222312672
0.48641072605341706
0.48676323797340776
0.48709273365119976
0.48753004225297514
0.48822658642477806
0.488778976237547
0.48930108152110713
0.48955668294762955
0.49001943055394037
0.49032106446486023
0.49076200721014074
0.49112663294181497
0.49133620188394
0.49181712020777607
0.4923779896887235
0.4929752006047215
0.4935760456642245
0.4940678664185758
0.4946880935767725
0.4952235240531845
0.49605210877233785
0.4964530759390627
0.4967413846571307
0.4972647013218591
0.49776863588789394
0.49836826956622865
0.4987922529751522
0.4994536670930728
0.49991035779354187
0.5003706826375159
0.5007777067100826
0.5012780071326123
0.5017419661200915
0.5022519575919681
0.5026202174671474
0.5031435341318758
0.5033712737915261
0.5038001027251231
0.5043791429235958
0.5050272318486646
0.5054730201186185
0.5060423692677443
0.5064069949994185
0.5066589622824359
0.5070320676822886
0.5073785226964376
0.5076232216924449
0.5078679206884521
0.5082870585727023
0.5084675543667868
0.5087885703764004
0.5090817246191418
0.509401529247587
0.5097055859208435
0.5100653661278444
0.5103621545140908
0.5107146664340815
0.5111653002287088
0.5116922510369423
0.5119514866069698
0.5123839496840717
0.5125680796216614
0.5128794045819282
0.5131459084389658
0.5135141683141451
0.5141961759119278
0.5145983544598209
0.5148709152227003
0.5152936872504554
0.5156728495561499
0.5160859305345583
0.5163706051091213
0.5166916211187348
0.516977507074466
0.5172464336938404
0.517554124510602
0.5178569698026902
0.518068961507152
0.5183645385122301
0.5188079040198472
0.5189254079931775
0.5193409117339225
0.5197055374655968
0.5200071713765166
0.5202082606504632
0.5205874229561577
0.5209205527774547
0.521309406132496
0.5217685195953018
0.5220846900802419
0.5223766329418149
0.5227570066286777
0.5233639085940226
0.5237818350971043
0.5241149649184014
0.5244820134124123
0.524607997053921
0.5249290130635346
0.5257345815404892
0.5262348819630189
0.5266976295693298
0.5272282145210684
0.5275165232391363
0.5278993196883358
0.5282070105050974
0.528318457572586
0.5287460751250146
0.5292960421754468
0.5295019769740668
0.5298544888940574
0.5301318951816103
0.5304141469938365
0.5309156587975346
0.5312827072915455
0.5315698046284452
0.5317163817498158
0.5321125033918672
0.5323172268093189
0.5326588362987944
0.5333202504167152
0.533786632166531
0.5341548920417103
0.5343075260689227
0.5346636721324185
0.5349156394154359
0.5351203628328876
0.5353408342055278
0.5356763867891615
0.5362239310772571
0.5364662073109276
0.5368804996705043
0.537174865294414
0.5374813447300074
0.5379053281389309
0.5384128968484707
0.5389107745086638
0.5392947823390317
0.5398980501608714
0.5401536515873939
0.5405013179827112
0.5408368705663449
0.5409979842617358
0.5412814474551304
0.5417805364964918
0.5421972516184053
0.5424407392332442
0.5427084544714502
0.5430536981044307
0.5434922180873745
0.5440676241423421
0.5442917296584874
0.5445909408070706
0.5447084447804008
0.5448610788076133
0.5451881517230686
0.5454546555801062
0.5458435089351475
0.5465170368647517
0.5467908090087995
0.5473698492072722
0.5479549463115866
0.5485957669496453
0.5493516687986976
0.5497562701089274
0.5502698957243091
0.5507810985773539
0.5513565046323216
0.5517877563282553
0.5520954471450169
0.5525824223746947
0.5530560724115208
0.5533552835601039
0.5538192425475831
0.5543776892661938
0.5547059735628174
0.5548198433926426
0.5551517618327713
0.5554243225956507
0.5556653874481529
0.556166899251851
0.556558175369229
0.5567338256386402
0.5572922723572509
0.5578289142148312
0.5580275807264411
0.5582104992828624
0.558411588556809
0.5588077101988603
0.5592123115090902
0.5597223029809668
0.5601220587665232
0.5605690584176455
0.5609021882389426
0.5612462204907548
0.5616096348412606
0.5618846183664767
0.5621365856494941
0.5624103577935419
0.5625593576772493
0.5628234387719502
0.5631008450595031
0.563488487033376
0.5642649823622902
0.5645993235647556
0.5648973233321704
0.5652001686242586
0.5654266969027406
0.5658312982129705
0.5662249970926851
0.5666526146451137
0.5671080939644144
0.5674436465480482
0.5676919796875606
0.5679766542621235
0.5682649629801915
0.5689021494747452
0.5694557506686824
0.5697246772880568
0.5701256444547815
0.5706671318370353
0.5711359363491879
0.5714145540179091
0.5717779683684149
0.5721922607279917
0.5727046749622049
0.573164999806179
0.5734666337170989
0.5737609993410087
0.5742043648486258
0.5746380393068962
0.5748088440516339
0.5750377950924526
0.5755175020351203
0.5757609896499593
0.5761050219017715
0.5765859402256076
0.5767894522618909
0.5771128910338411
0.5774036225142458
0.57786394735822
0.5783533453502345
0.5787094914137303
0.5791286292979804
0.5794338973524054
0.5800274741248982
0.5804890103500407
0.58096023762453
0.5812546032484397
0.5815562371593597
0.5819414563708959
0.5823000251967283
0.5826876671706013
0.5828403011978137
0.5831177074853665
0.5836967476838392
0.5840383571733148
0.5843872349498004
0.5847918362600303
0.5850716653099197
0.5856616079389076
0.5861170872582083
0.5865422820483002
0.5869880703182541
0.5872460945071132
0.587416899251851
0.5877863705081986
0.5881328255223476
0.5884586870566345
0.5888051420707834
0.5890619548784742
0.5893005969686398
0.5895307593906268
0.5899486858937085
0.5906125227739659
0.5908584331511416
0.5910970752413072
0.5913320831879676
0.5917063999689887
0.5920770826065046
0.5923847734232662
0.5927421308679304
0.5930934314067527
0.5935246831026864
0.5938020893902392
0.5940007559018491
0.5942393979920145
0.5943811295887119
0.5946609586386014
0.5948935438229251
0.5950219502267705
0.5952678606039462
0.5957487789277823
0.596286632166531
0.5965616156917471
0.5969892332441756
0.5973175175407993
0.597584021397837
0.5978747528782417
0.5981957688878552
0.5984416792650308
0.5986839554987013
0.5988632399116176
0.5989795325037796
0.5994846784509826
0.5998020603170912
0.60014851533124
0.6004368240493081
0.6006100515563825
0.6007202872427027
0.600927433422491
0.6013659534054347
0.6018432375857657
0.6021327576850022
0.6025712776679459
0.6029468058301353
0.6033077974183044
0.6037136101097027
0.6042962844516804
0.6046354711788192
0.6049395278520758
0.6052666007675311
0.6056712020777609
0.6060176570919099
0.6063883397294259
0.6067372175059116
0.6069976644571075
0.6073901519556537
0.60798130596581
0.6083750048455246
0.6088268500213203
0.6095742722021941
0.6096905647943559
0.6101411985889832
0.6106378648680079
0.6110097588866923
0.611259303407373
0.6115282300267473
0.6120382214986239
0.6125930340737296
0.6131078710702795
0.6135197406675195
0.613696602318099
0.6138019924797458
0.6141520816373996
0.6145506260417878
0.6149370566344924
0.6154652188238943
0.6158698201341242
0.6162707873008489
0.6166342016513549
0.6169636973291468
0.6171999166569756
0.617352550684188
0.6177353471333876
0.6180200217079506
0.6183676881032678
0.6185808911888979
0.6189128096290266
0.6192919719347211
0.6195427278365702
0.619923101523433
0.620235637864868
0.6206014749777106
0.620915222700314
0.6212641004767996
0.6217014090785751
0.6219049211148583
0.6221326607745087
0.6225130344613715
0.6228376846144901
0.6231805054851339
0.6235318060239563
0.6238455537465597
0.6241702038996783
0.6247795286273597
0.6253040566732566
0.6257631701360623
0.6261641373027872
0.6265408768461449
0.6269721285420785
0.6272810307400085
0.6275790305074234
0.6280223960150405
0.6285445012986006
0.6288461352095205
0.6295123948521146
0.6300987033375974
0.630546914369888
0.6308824669535217
0.6314554502461527
0.6317267996278637
0.632095059503043
0.6326026282125828
0.6330690099623987
0.6333197658642478
0.6335499282862348
0.6338261231926193
0.6340150986548824
0.6342428383145327
0.6343942609605768
0.6348497402798775
0.6353209675543667
0.6356989184788929
0.6358212679768965
0.6359460402372369
0.63623798309881
0.6366474299337133
0.6370471857192697
0.6373718358723882
0.6376274372989107
0.6378866728689383
0.6382731034616428
0.6387092006822499
0.6389660134899406
0.6391537775710354
0.6393294278404466
0.6394130131410629
0.6397279722448347
0.6402876303446137
0.640367581501725
0.6407079796100321
0.6412458328487809
0.6419338973524054
0.6423372872814669
0.6425008237391945
0.6427964007442726
0.6431198395162229
0.6436068147459006
0.64387210722177
0.6443263751599023
0.6447430902818158
0.6452022037446214
0.6456806993061208
0.6459786990735357
0.6463929914331124
0.6468424138465713
0.6472215761522657
0.6475086734891654
0.6478187870682638
0.6481591851765709
0.648434168701787
0.6488496724425321
0.6490592413846571
0.6494105419234795
0.6499423382563864
0.6501870372523937
0.6503057526068923
0.6505480288405628
0.6506776466255766
0.6512045974338101
0.6516649222777843
0.6519471740900105
0.6522960518664961
0.6526279703066248
0.6530531650967166
0.6533196689537543
0.6534795712679768
0.6536552215373881
0.6539895627398534
0.6541349284800558
0.6542948307942784
0.6545855622746831
0.6550846513160445
0.6553450982672404
0.6555643582587123
0.6560222603403496
0.6563493332558049
0.656703056556964
0.656802389812769
0.656929584835446
0.6574698608365314
0.6578780962902663
0.6580997790440749
0.6584583478699073
0.658872640229484
0.659325696786448
0.6598102492537892
0.660334777299686
0.660626720161259
0.6608411346280575
0.6612396790324456
0.6616866786835679
0.6621251986665116
0.6624437919137884
0.6628084176454626
0.6631342791797495
0.6635582625886731
0.6638090184905222
0.6641990832267318
0.6644304570298872
0.664638814590844
0.6650070744660231
0.6656878706826375
0.6661796914369889
0.6664086424778075
0.6667526747296197
0.667014333061984
0.6673329263092608
0.6675933732604566
0.668109421638175
0.6684861611815327
0.6689319494514866
0.6691451525371167
0.669352298716905
0.6695860952823972
0.6698356398030779
0.6700330949335194
0.6704958425398302
0.6707393301546691
0.6710591347831143
0.6715691262549909
0.67193011784316
0.6722474997092686
0.6724267841221847
0.6727744505175021
0.6732856533705469
0.6736757181067566
0.6739422219637943
0.6743468232740241
0.6747259855797185
0.675043367445827
0.6754649280924139
0.675994301662984
0.6764303988835911
0.67687982129705
0.6772032600690002
0.6775279102221189
0.6778404465635539
0.6780112513082917
0.6782886575958444
0.6785999825561112
0.6788604295073071
0.6790760553552738
0.6793607299298368
0.6795872582083188
0.6800851358685118
0.6806399484436175
0.6813473950459356
0.6818670775671589
0.6820378823118968
0.6821880935767725
0.6822559309222003
0.6823431503663216
0.6825163778733961
0.6826920281428073
0.6829355157576462
0.6830711904485017
0.6832662228166065
0.6835169787184556
0.6837059541807187
0.6840003198046285
0.6840826937240765
0.684177181455208
0.6843504089622824
0.6844667015544443
0.6847913517075629
0.6850215141295499
0.6851862619684459
0.6853267821839749
0.6855448307942784
0.6857604566422453
0.6860778385083537
0.6864884967244254
0.6868700817924565
0.6873776505019964
0.6878064794355933
0.6881577799744156
0.6885466333294569
0.6888167713299996
0.6891692832499903
0.6893897546226305
0.6896671609101833
0.6900075590184905
0.6905272415397139
0.6909936232895297
0.6913752083575609
0.6915678179633291
0.691996646896926
0.6923273539558863
0.692721052835601
0.6929669632127767
0.693235889832151
0.6934236539132457
0.6938645966585262
0.6941856126681397
0.6946604740861341
0.6949887583827576
0.6951862135131992
0.6954442377020584
0.6958452048687832
0.6960475055238982
0.696311586618599
0.6966035294801721
0.696744049695701
0.6970468949877893
0.6973521630422143
0.697608975849905
0.6977301139667403
0.6979118211419932
0.6981904388107144
0.6983987963716711
0.6987597879598403
0.6989560317091135
0.6990735356824437
0.6992831046245688
0.6995229580959026
0.6997070880334922
0.7000535430476412
0.7003285265728573
0.7008191359460403
0.7012709811218358
0.7015338508353685
0.7017216149164631
0.701899687948211
0.7021080455091677
0.7023648583168586
0.7027573458154049
0.7030262724347792
0.7032867193859751
0.7035435321936659
0.7038924099701516
0.704271572275846
0.7044084583478699
0.7045865313796178
0.7052697503585689
0.7055810753188355
0.7059238961894794
0.7061007578400589
0.7063091154010156
0.7065804647827266
0.7067936678683567
0.7068917897429934
0.7071195294026437
0.7073823991161763
0.7077167403186417
0.708088634337326
0.7084617397371787
0.7090371457921464
0.7093363569407295
0.7097530720626429
0.7099153971392023
0.7102170310501221
0.7104859576694964
0.710786380199248
0.7109571849439857
0.7113024285769664
0.7117918265689809
0.7121552409194868
0.7125453056556964
0.7129220451990541
0.7131800693879133
0.7134477846261194
0.7137409388688607
0.7141794588518044
0.7144399058030003
0.7149353607008567
0.7153096774818778
0.715674303213552
0.7159650346939567
0.7162436523626778
0.7163345059503043
0.7166603674845913
0.71699228592472
0.7173266271271853
0.7177166918633949
0.7178717486529441
0.7179395859983719
0.7180825289762376
0.7182775613443424
0.7187657479551885
0.7191352192115362
0.7193690157770284
0.719597966817847
0.7200837306663566
0.7204204946311586
0.7205888766135597
0.7209728844439276
0.7212442338256386
0.7217372659611583
0.7221769973252704
0.7225682734426484
0.7229668178470364
0.7234828662247548
0.7236682075435128
0.7239322886382138
0.7241043047641199
0.7243356785672752
0.7247681416443773
0.7252090843896577
0.7256791002829787
0.7262181649028957
0.72659005892158
0.7269995057564833
0.7273399038647905
0.7277287572198318
0.7280170659378997
0.7281539520099236
0.7284955614993992
0.7290794472225453
0.729356853510098
0.7296669670891964
0.7299334709462341
0.7302363162383223
0.7306360720238787
0.7310370391906036
0.7314622339806954
0.7319407295421948
0.7326009322789472
0.7330273384502074
0.7333483544598209
0.7336996549986432
0.7341333294569136
0.7344192154126449
0.7347426541845951
0.7349607027948987
0.7353471333876032
0.7356972225452572
0.7360206613172074
0.7363998236229019
0.7367353762065356
0.7370515466914758
0.7374694731945575
0.737979464666434
0.7381866108462224
0.7385088382370043
0.7387838217622205
0.7391133174400124
0.739458561072993
0.7396863007326433
0.7399164631546303
0.7403150075590185
0.7408092510757065
0.7413592181261387
0.7417165755708028
0.7420254777687328
0.7423089409621274
0.7423997945497538
0.7426384366399194
0.7428467942008761
0.7432368589370857
0.7433955498701399
0.7435203221304802
0.743835281234252
0.7441829476295694
0.7446360041865333
0.7448128658371128
0.7452780362057604
0.7457783366282901
0.7460327266736442
0.7463137671047021
0.7465124336163119
0.7468734252044812
0.7471726363530643
0.7473010427569097
0.7474040101562197
0.7474888068380044
0.7477032213048029
0.7479830503546924
0.7482653021669187
0.7485875295577005
0.74907329340621
0.7494391305190526
0.7497516668604877
0.7500314959103772
0.7502241055161453
0.7505196825212234
0.7507340969880218
0.7510381536612785
0.7513409989533667
0.7515542020389968
0.7518558359499167
0.7521199170446176
0.7524276078613792
0.7528818757995116
0.7530914447416366
0.7533143388766136
0.7536208183122068
0.7539684847075241
0.7544397119820134
0.7549242644493546
0.7554257762530526
0.7557286215451409
0.7559818002093267
0.7561671415280846
0.7563427917974959
0.7565923363181766
0.7569230433771369
0.7572513276737605
0.7577346687599333
0.7583452048687832
0.7587243671744777
0.7590090417490406
0.759219822072334
0.759446350350816
0.7599684556343761
0.760232536729077
0.7605886827925727
0.760953308524247
0.7612488855293251
0.7615214462922045
0.7617903729115789
0.762044762956933
0.7622252587510175
0.7624881284645502
0.7627534209404194
0.763061111757181
0.7634172578206768
0.763740696592627
0.7640399077412102
0.7643391188897933
0.7646044113656627
0.7649048338954142
0.7652343295732061
0.7655807845873551
0.7658896867852851
0.7662191824630771
0.7664747838895996
0.766689198356398
0.7670174826530217
0.7674947668333527
0.7677782300267473
0.7679357095786332
0.7680665387448153
0.7683306198395162
0.7686746520913285
0.7689883998139319
0.7693227410163973
0.7696607163623678
0.7701610167848975
0.7705801546691475
0.7707873008489359
0.7709229755397915
0.7710949916656976
0.7714923246889173
0.7717539830212815
0.7719163080978408
0.7721513160445013
0.772314852502229
0.7726080067449703
0.7727267220994689
0.7729144861805637
0.7731616079389076
0.773595282397178
0.7738642090165523
0.7739235666938016
0.77402774547428
0.7741561518781254
0.7743003062371594
0.7745910377175641
0.7749350699693763
0.7751991510640772
0.7754850370198085
0.7758181668411056
0.775950207388456
0.7762675892545645
0.7764190119006086
0.7766758247082994
0.7768635887893941
0.7769568651393572
0.7771458406016204
0.7774959297592743
0.7776473524053185
0.7777939295266891
0.778095563437609
0.7783693355816568
0.7784916850796604
0.7785861728107919
0.7788211807574524
0.7790876846144901
0.7794014323370935
0.779647342714269
0.7797939198356398
0.7800701147420243
0.7803378299802303
0.7804747160522542
0.780693976043726
0.7809459433267434
0.7811954878474241
0.7814317071752529
0.7816969996511223
0.7820119587548939
0.7823753731053998
0.7827412102182424
0.7830767628018762
0.7832839089816646
0.783518916928325
0.7839465344807536
0.7844322983292631
0.7847714850564019
0.7851361107880761
0.7853287203938443
0.7856763867891615
0.786055549094856
0.7862748090863279
0.7867012152575881
0.7869749874016359
0.7872318002093267
0.7874219870527581
0.7875709869364654
0.787833856649998
0.7880216207310927
0.788097937744699
0.7883099294491608
0.78846498623871
0.7886115633600806
0.7888429371632361
0.7890949044462534
0.7892802457650114
0.7896242780168237
0.7899356029770903
0.790061586618599
0.7903317246191418
0.790651529247587
0.7908368705663449
0.7911203337597396
0.7912959840291507
0.7915649106485251
0.7919525526223979
0.7922469182463077
0.7924286254215607
0.7926454626506958
0.7928138446330969
0.7930294704810636
0.7931857386517812
0.7933492751095088
0.7935358278094352
0.7937647788502539
0.7939016649222778
0.7941584777299686
0.7943753149591037
0.7946587781524983
0.7949034771485056
0.7951711923867116
0.7955891188897933
0.7959828177695081
0.7962820289180913
0.7965679148738225
0.796696321277668
0.7968368414931969
0.7970512559599954
0.7971808737450091
0.797297166337171
0.7974546458890569
0.7977490115129666
0.7980239950381828
0.7982311412179711
0.798495222312672
0.7989918885916967
0.7993444005116874
0.7997271969608869
0.8001027251230763
0.800410415939838
0.8005642613482188
0.800788366864364
0.8010039927123309
0.8015042931348606
0.8019040489204171
0.8021850893514749
0.8023740648137381
0.802621186572082
0.8028028937473349
0.803057283792689
0.8032511047796256
0.803379511183471
0.8035696980269024
0.8038180311664147
0.8039900472923208
0.8042056731402877
0.8044103965577393
0.8045036729077024
0.8047326239485212
0.8048682986393767
0.8051214773035624
0.8053395259138659
0.8056242004884289
0.8059839806954296
0.8064673217816025
0.8066684110555491
0.8068622320424855
0.8070645326976005
0.8073177113617862
0.8074279470481064
0.8075902721246656
0.8079694344303601
0.8084091657944722
0.8088198240105439
0.8091093441097802
0.8093891731596697
0.8096738477342327
0.8098083110439198
0.8100154572237082
0.8103461642826685
0.8105520990812886
0.810807700507811
0.8110778385083537
0.811240163584913
0.8115030332984455
0.811655667325658
0.8119391305190526
0.8121256832189789
0.81229406520138
0.8125096910493468
0.8126708047447377
0.8128222273907819
0.8131299182075435
0.813512714656743
0.8137041128813428
0.8138531127650502
0.8139924215994108
0.8142104702097143
0.8144115594836608
0.8145750959413885
0.8148149494127224
0.815040266310036
0.815345534364461
0.8155841764546266
0.8157477129123542
0.8159197290382603
0.8162225743303485
0.816584777299686
0.8167143950846998
0.8168827770671008
0.8171844109780207
0.8175235977051595
0.8178191747102376
0.8181510931503663
0.8183788328100167
0.8186756211962631
0.8190135965422336
0.8193539946505407
0.8195938481218746
0.8197622301042757
0.8199197096561616
0.8200517502035121
0.8202685874326472
0.8205169205721595
0.8207761561421871
0.8209723998914602
0.8211298794433461
0.821410919874404
0.8216253343412024
0.8217767569872466
0.8219560414001628
0.822172878629298
0.8224212117688103
0.8228088537426833
0.8229760243439159
0.8231322925146335
0.8232691785866574
0.8235817149280924
0.8239184788928945
0.8240323487227197
0.8242758363375586
0.8244175679342559
0.824503575997209
0.8245689905803001
0.8247373725627011
0.8249953967515603
0.8252304046982207
0.8254230143039888
0.825615623909757
0.8258385180447338
0.8260844284219095
0.8262685583594992
0.8265072004496646
0.826648932046362
0.8267700701631973
0.827023248827383
0.8272594681552119
0.8275271833934178
0.8276495328914215
0.8278348742101794
0.8280480772958095
0.8283678819242548
0.8285822963910532
0.8286925320773734
0.8289154262123503
0.8290317188045122
0.8292836860875296
0.8294411656394154
0.829515059890685
0.8295477671822304
0.8297391654068302
0.8298821083846959
0.830095311470326
0.830383620188394
0.8308257743148428
0.8311322537504361
0.831252180486103
0.8314520583788813
0.8315610826840331
0.8317028142807303
0.8318021475365353
0.8320674400124045
0.8322128057526069
0.8323933015466914
0.832631943636857
0.8328051711439315
0.8330377563282553
0.8333224309028182
0.8336361786254216
0.8337706419351087
0.8339547718726984
0.8342358123037562
0.8344150967166725
0.8345604624568749
0.8348754215606465
0.8351867465209133
0.8354375024227624
0.8356603965577393
0.8358917703608947
0.8360492499127805
0.8362212660386866
0.8365059406132496
0.8366040624878862
0.8367554851339303
0.8370292572779781
0.837190370973369
0.837433858588208
0.8376458502926697
0.8378554192347948
0.8380274353607009
0.8381170775671589
0.8383363375586308
0.8386004186533318
0.8387130771019886
0.838882670465558
0.8390244020622553
0.8393175563049967
0.8395743691126876
0.8397960518664961
0.8400068321897896
0.8402587994728069
0.8403944741636624
0.8405253033298445
0.8406270593479862
0.8407481974648215
0.8411285711516843
0.8414726034034965
0.84168338372679
0.8419196030546188
0.8421424971895957
0.8423375295577005
0.8425979765088963
0.842843886886072
0.8431164476489514
0.8433369190215917
0.8434992440981509
0.8435743497305889
0.8437524227623368
0.8438214714889328
0.8439208047447377
0.8440007559018491
0.84426483699655
0.8444138368802574
0.8445264953289142
0.8445846416249951
0.8446609586386014
0.8449323080203125
0.8450667713299996
0.8452290964065589
0.8454495677791991
0.8456603481024926
0.8458723398069543
0.8461158274217933
0.8463992906151878
0.8465422335930535
0.8467457456293368
0.8469819649571656
0.8471491355583982
0.8474483467069814
0.8477511919990697
0.8479001918827771
0.8480940128697135
0.8482212078923906
0.8484622727448928
0.8487106058844052
0.848885044772648
0.8490522153738806
0.8493986703880296
0.849918352909253
0.850272076210412
0.8505058727759042
0.8507857018257937
0.8511055064542389
0.8511939372795286
0.8514992053339535
0.8518311237740822
0.8521909039810831
0.8525773345737877
0.8529019847269063
0.8531454723417452
0.8532278462611932
0.8534059192929411
0.85364940690778
0.8537996181726557
0.8540297805946427
0.8543847152769702
0.8545361379230143
0.8549019750358569
0.8550824708299415
0.8552351048571539
0.8555452184362523
0.8558347385354886
0.8560782261503276
0.8563350389580183
0.8565736810481839
0.8568535100980734
0.8571091115245959
0.8572823390316704
0.8573937860991588
0.8575403632205295
0.8577862735977052
0.8580794278404466
0.8583822731325348
0.8587154029538319
0.8589746385238594
0.8592544675737489
0.8594579796100321
0.859752345233942
0.8599740279877505
0.860167848974687
0.8604634259797651
0.8607590029848432
0.8609467670659379
0.8609927995503354
0.8611308970035275
0.8614361650579525
0.8617789859285964
0.8621230181804086
0.862292611543978
0.8625748633562043
0.862852269643757
0.8631757084157072
0.8633404562546032
0.8635912121564523
0.863837122533628
0.8639788541303253
0.8643168294762957
0.8645506260417878
0.8646741869209598
0.8650981703298833
0.8654325115323487
0.865714763344575
0.8659885354886228
0.8663895026553475
0.8667286893824864
0.8670654533472885
0.8672604857153933
0.8675415261464512
0.8677123308911889
0.8680914931968834
0.8684936717447765
0.8688268015660736
0.8692447280691553
0.8696287358995232
0.8698104430747762
0.870005475442881
0.8703131662596426
0.8704161336589525
0.8705009303407373
0.8706705237043068
0.8707868162964686
0.8709588324223747
0.8713816044501299
0.8716408400201574
0.8716723359305345
0.8718261813389154
0.872010311276505
0.8721992867387681
0.8724149125867349
0.8726038880489979
0.8728146683722914
0.8730327169825949
0.8732519769740668
0.8734179361941311
0.8736057002752258
0.8737692367329535
0.8740623909756948
0.8742852851106718
0.874460935380083
0.874649910842346
0.8748061790130636
0.8750908535876265
0.8753052680544249
0.875552389812769
0.8757147148893282
0.8759557797418305
0.8760817633833391
0.8762586250339187
0.8764476004961818
0.8766620149629802
0.8768473562817382
0.877186543008877
0.8775317866418576
0.8777958677365585
0.8781568593247276
0.8784972574330349
0.8786813873706245
0.8789660619451874
0.8791962243671745
0.8795305655696399
0.8797292320812498
0.8799048823506609
0.8800938578129239
0.8802876787998605
0.8803240202349111
0.8804657518316084
0.8806813776795751
0.8809939140210102
0.8811102066131721
0.881250726828701
0.8813621738961894
0.8814748323448462
0.881662596425941
0.8819727100050393
0.88221498623871
0.8824403031360236
0.8827043842307245
0.8829551401325736
0.8832143757026011
0.8835971721518006
0.8839884482691786
0.8844039520099236
0.8846510737682677
0.8849587645850293
0.8851925611505214
0.8853185447920301
0.8853851707562895
0.8855596096445323
0.8857667558243206
0.8860611214482305
0.8862525196728301
0.88634821878513
0.8865589991084235
0.8867940070550839
0.8870302263829127
0.8872216246075125
0.8873597220607047
0.8875789820521766
0.8878055103306586
0.8881895181610264
0.8884208919641818
0.8886437860991588
0.8888073225568864
0.8889926638756445
0.8892591677326821
0.889478427724154
0.8896371186572082
0.8899411753304648
0.8901192483622127
0.8904148253672908
0.8905395976276311
0.8907673372872814
0.8909090688839788
0.8910895646780633
0.8913318409117339
0.8915438326161956
0.8917897429933713
0.8919750843121294
0.8922682385548707
0.8924184498197465
0.8925662383222855
0.8926934333449625
0.8928278966546498
0.8929684168701787
0.8932022134356709
0.8933936116602705
0.8937061480017057
0.8939048145133155
0.894036855060666
0.8942851882001783
0.8943736190254681
0.8944874888552933
0.8946704074117146
0.8948181959142536
0.8949817323719812
0.8952252199868201
0.8954154068302516
0.8955801546691475
0.8956794879249526
0.895794569135946
0.8959435690196534
0.8961943249215025
0.896491113307749
0.8967576171647866
0.8970229096406559
0.8972288444392759
0.8974771775787882
0.8976395026553475
0.8977085513819436
0.8979338682792573
0.898142225840214
0.8982730550063961
0.8985601523432958
0.8987878920029461
0.8989841357522192
0.8992252006047214
0.8995583304260185
0.8997957611350157
0.8999411268752181
0.9000671105167267
0.9002136876380975
0.9004281021048959
0.900551662984068
0.9008557196573245
0.9010083536845369
0.9012712233980695
0.9015256134434236
0.9017836376322829
0.9019447513276737
0.9020683122068458
0.9021664340814823
0.9022742470054658
0.902457165561887
0.9026170678761096
0.9027745474279955
0.9029526204597433
0.9030422626662015
0.9031246365856495
0.9031924739310773
0.9032324495096329
0.9033681242004884
0.9037073109276272
0.9039471643989612
0.9041555219599178
0.9043626681397061
0.9044414079156491
0.9045710257006628
0.9048605457998992
0.905031350544637
0.9052457650114354
0.905673382563864
0.9058369190215917
0.9061010001162926
0.9063905202155289
0.9065782842966237
0.9067248614179944
0.9069477555529712
0.9071052351048572
0.9074032348722719
0.907489242935225
0.907534064038454
0.907695177733845
0.9079980230259332
0.9081785188200179
0.908333575609567
0.9085225510718301
0.9088169166957398
0.9090022580144979
0.9090664612164205
0.9091803310462457
0.9093680951273404
0.9095619161142768
0.9097315094778463
0.9099422898011397
0.9102209074698608
0.9104534926541846
0.9107575493274411
0.9109634841260612
0.911079776718223
0.9113898902973214
0.9116781990153894
0.9118066054192348
0.9119519711594372
0.9120416133658953
0.9121615401015623
0.9123117513664379
0.912455905725472
0.9127090843896577
0.9128944257084157
0.9130216207310927
0.9132408807225646
0.9134153196108075
0.9136563844633097
0.9138005388223437
0.9139168314145055
0.9141167093072838
0.9143323351552506
0.9145273675233554
0.9146594080707059
0.9147781234252045
0.9149586192192891
0.9151427491568787
0.915267521417219
0.9155025293638795
0.9157242121176881
0.9160258460286079
0.9163117319843392
0.9165382602628213
0.9167175446757375
0.916898040469822
0.9171173004612939
0.9172638775826647
0.9174165116098771
0.9175933732604566
0.917714511377292
0.9179349827499321
0.9181360720238787
0.9183989417374113
0.9185430960964454
0.918693307361321
0.9188289820521766
0.9190106892274296
0.9191342501066015
0.9193486645734
0.9194879734077606
0.9197629569329767
0.919904688529674
0.9199955421173005
0.9201045664224522
0.9201699810055433
0.9203117126022405
0.9203965092840253
0.9204691921541265
0.9205164360196922
0.9206266717060123
0.9207950536884134
0.9210470209714308
0.9211584680389192
0.9213026223979532
0.9214601019498392
0.9216054676900415
0.9217435651432337
0.9218307845873551
0.922050044578827
0.9223008004806761
0.9224255727410164
0.9224946214676125
0.9226242392526263
0.9227926212350274
0.9229064910648525
0.9230772958095903
0.9232311412179711
0.9235182385548707
0.9237193278288173
0.9239591813001512
0.9241178722332054
0.9242559696863977
0.9244001240454316
0.9245357987362872
0.9245915222700314
0.9248507578400589
0.9250784974997093
0.9252274973834167
0.9254164728456797
0.925575163778734
0.9257701961468388
0.9259434236539132
0.9260827324882739
0.9262002364616041
0.9262971469550723
0.9264836996549987
0.9267235531263325
0.926859227817188
0.9270930243826802
0.927274731557933
0.927435845253324
0.9276345117649339
0.9278501376129007
0.928053649649184
0.9281614625731675
0.9282777551653293
0.9283867794704811
0.9285297224483468
0.928671454045044
0.928918575803388
0.9290821122611156
0.9291959820909408
0.9293292340194597
0.9294661200914835
0.9295727216342986
0.9296672093654301
0.9298137864868008
0.9299700546575184
0.9301675097879598
0.9302765340931116
0.9303249893398458
0.9303916153041051
0.9305297127572973
0.930627834631934
0.9307368589370857
0.9308155987130287
0.9309973058882816
0.9311123870992751
0.9313328584719154
0.9315557526068923
0.9318634434236539
0.9321263131371865
0.9323928169942242
0.9326096542233593
0.9328107434973059
0.9329476295693298
0.9331547757491181
0.9333655560724116
0.9335448404853277
0.9336877834631934
0.9338210353917122
0.9340318157150056
0.9342147342714269
0.9343322382447572
0.9344533763615924
0.934506677133
0.9346181242004884
0.9347804492770477
0.9349027987750513
0.9352020099236346
0.935309822847618
0.9354757820676823
0.9356732371981238
0.9358464647051983
0.9361262937550878
0.9363031554056673
0.9364376187153545
0.9365878299802303
0.9366774721866884
0.9367428867697795
0.9368567565996047
0.9370699596852348
0.9371971547079118
0.9373885529325116
0.9376308291661821
0.9378791623056945
0.938052389812769
0.938138397875722
0.9382050238399814
0.9382934546652711
0.9384569911229989
0.9386556576346087
0.9388070802806527
0.9389318525409931
0.939048145133155
0.9391874539675156
0.9392431775012599
0.9393194945148661
0.9393752180486103
0.9395532910803582
0.9397446893049579
0.9398827867581502
0.9399627379152614
0.9400717622204132
0.9402207621041206
0.9403213067410939
0.940506648059852
0.9407549811993643
0.9408543144551692
0.9409936232895297
0.9411777532271194
0.9413437124471837
0.9415750862503391
0.9417059154165213
0.9418125169593363
0.9419433461255184
0.9421056712020778
0.942267996278637
0.9424557603597318
0.9426629065395201
0.942926987634221
0.943157150056208
0.9433279548009459
0.9434963367833469
0.943664718765748
0.9439203201922705
0.9440026941117184
0.944142002946079
0.9443261328836686
0.9444448482381672
0.9445599294491608
0.9446907586153429
0.9448034170639997
0.9449621079970539
0.9450941485444044
0.9452782784819941
0.9454309125092065
0.9455411481955266
0.9456707659805403
0.9458185544830794
0.9460426599992248
0.9461904485017638
0.9462958386634105
0.9464678547893166
0.9466519847269063
0.9467355700275226
0.9468300577586541
0.9468966837229135
0.9471038299027018
0.9472395045935574
0.9473679109974028
0.9476162441369151
0.947691349769353
0.947835504128387
0.9479736015815793
0.9481007966042563
0.9482934062100244
0.9483951622281661
0.948556275923557
0.9487186010001163
0.9487537310539985
0.9489015195565376
0.9490238690545413
0.9490820153506222
0.9492031534674574
0.9493654785440168
0.9495496084816064
0.9496671124549366
0.949754331899058
0.9498173237198124
0.9498282261503276
0.949936039074311
0.9501238031554057
0.9502558437027562
0.9503794045819282
0.9505090223669419
0.9506422742954607
0.9508094448966934
0.9509705585920843
0.951109867426445
0.9512830949335194
0.9514551110594255
0.951590785750281
0.9517628018761871
0.9519081676163895
0.9520075008721944
0.9522316063883397
0.9524460208551382
0.952785207582277
0.952867581501725
0.9529015001744389
0.9530141586230957
0.9531837519866652
0.9532612803814398
0.9533472884443928
0.9534454103190293
0.9535084021397837
0.9535701825793697
0.9536707272163429
0.9537276621312556
0.953842743342249
0.9538754506337946
0.9539469221227275
0.9540074911811451
0.9540910764817614
0.9541504341590107
0.9542800519440245
0.9545138485095166
0.9547367426444936
0.9548917994340427
0.9550008237391945
0.9551534577664069
0.9552721731209055
0.9553981567624142
0.9555580590766368
0.9556416443772532
0.9556949451486607
0.9557785304492771
0.9558887661355971
0.9560741074543552
0.9562606601542815
0.9562957902081637
0.9563624161724231
0.9564181397061674
0.9565513916346862
0.9567112939489087
0.9567694402449898
0.9568348548280808
0.9568615052137845
0.9569378222273908
0.9570323099585223
0.9570856107299298
0.9571776756987247
0.9572721634298562
0.9573496918246308
0.9575180738070318
0.9577118947939683
0.9578197077179517
0.9578826995387061
0.9580002035120363
0.9580571384269488
0.9580801546691475
0.958167374113269
0.9582570163197272
0.9584048048222662
0.9584871787417142
0.9586143737643912
0.9587585281234252
0.9587912354149707
0.958912373531806
0.9589511377291933
0.9590056498817692
0.9590868124200489
0.9592018936310424
0.9592939585998372
0.9594029829049889
0.9594780885374269
0.9595253324029926
0.95957136488739
0.9596343567081443
0.9596719095243633
0.9597639744931581
0.9598318118385859
0.9598960150405086
0.9599880800093034
0.9600304783501957
0.960106795363802
0.9601915920455867
0.9603018277319069
0.9603732992208396
0.960477478001318
0.9606107299298368
0.9607851688180796
0.960872388262201
0.9610395588634337
0.9611897701283095
0.9613109082451448
0.9614187211691282
0.9615447048106369
0.9616125421560646
0.9617070298871961
0.9618632980579137
0.9619747451254022
0.9620595418071869
0.9621782571616855
0.9623381594759081
0.9624653544985851
0.9626955169205722
0.9629208338178858
0.9631110206613172
0.9632224677288057
0.9633339147962942
0.9635664999806179
0.9638802477032213
0.9641358491297438
0.9644568651393572
0.9646179788347482
0.9647657673372872
0.9648905395976276
0.9649402062255301
0.9650225801449781
0.9651412954994767
0.9652345718494398
0.9653799375896422
0.9655652789084002
0.965670669070047
0.9658075551420707
0.9659274818777377
0.9660570996627514
0.9660910183354654
0.9661576442997247
0.9662436523626778
0.9663817498158701
0.9664883513586852
0.9665888959956584
0.9666555219599178
0.9666967089196418
0.9668166356553087
0.9668965868124201
0.9670298387409388
0.9671461313331008
0.9672248711090436
0.9673653913245727
0.9674756270108927
0.9675289277823003
0.9677493991549405
0.967888707989301
0.9679916753886111
0.9681721711826957
0.9682618133891537
0.9682884637748576
0.9684604799007637
0.9685731383494205
0.9686652033182153
0.9687330406636431
0.9687923983408924
0.9688796177850137
0.9690056014265225
0.9692503004225298
0.9694562352211498
0.9696064464860255
0.9697433325580493
0.9698317633833391
0.9700352754196224
0.9702630150792728
0.9704774295460713
0.9706167383804318
0.9707402992596038
0.9708602259952708
0.9709147381478467
0.9710128600224832
0.9711000794666046
0.9711751850990425
0.9712854207853626
0.9713702174671474
0.9715192173508548
0.9716246075125015
0.9717663391091987
0.9720025584370275
0.9721176396480211
0.9722145501414893
0.9723199403031361
0.9723732410745436
0.9724544036128232
0.9725682734426484
0.9726954684653254
0.9728069155328138
0.972892923595767
0.9729668178470364
0.9731206632554174
0.9732587607086095
0.9733859557312866
0.9735167848974687
0.9736318661084622
0.9737917684226848
0.9739201748265303
0.9740195080823352
0.9741551827731907
0.974279955033531
0.9743829224328411
0.9744943695003295
0.974605816567818
0.9747645075008722
0.9748880683800442
0.9750079951157111
0.9751182308020312
0.9752405803000349
0.9754053281389309
0.9754937589642206
0.9755943036011939
0.9757529945342481
0.9759322789471644
0.9760316122029693
0.9762278559522425
0.9763514168314145
0.9764240997015157
0.9764943598092801
0.9765949044462534
0.9766494165988293
0.976713619800752
0.9768044733883785
0.9769038066441834
0.9769958716129783
0.9770855138194363
0.9772018064115983
0.9773253672907702
0.9774004729232081
0.9775022289413497
0.9775627979997674
0.9776475946815522
0.9776657653990775
0.9777905376594178
0.9779237895879366
0.9780243342249099
0.9781430495794085
0.9782326917858666
0.9783489843780284
0.9784410493468233
0.9785633988448269
0.9786336589525914
0.9787208783967128
0.9789159107648177
0.9790842927472186
0.9791993739582122
0.9793108210257007
0.9795191785866574
0.9796306256541458
0.9797263247664457
0.979806275923557
0.9798619994573012
0.9799274140403923
0.9800049424351669
0.9801551537000427
0.9802908283908982
0.9803538202116525
0.9804180234135752
0.980530681862232
0.98061305578168
0.980695429701128
0.9808214133426367
0.98102492537892
0.9812284374152033
0.9813725917742373
0.9814549656936853
0.9815300713261232
0.981625770438423
0.981700876070861
0.9817989979454975
0.9819043881071442
0.9819964530759391
0.98205459937202
0.9821345505291313
0.9821830057758654
0.9822108675427376
0.982281127650502
0.9824071112920107
0.9824979648796371
0.9826287940458193
0.9827002655347521
0.9827705256425165
0.9829219482885607
0.9830176474008606
0.9831218261813389
0.9833398747916424
0.9833992324688917
0.9834319397604373
0.9835264274915688
0.9836633135635927
0.983743264720704
0.9838450207388456
0.9839504109004923
0.9840436872504554
0.9841393863627553
0.9842253944257084
0.9843126138698298
0.9844046788386246
0.9845197600496182
0.9845924429197194
0.9846954103190293
0.9847789956196457
0.9848541012520836
0.9849328410280265
0.9850140035663062
0.985044288095515
0.9851642148311819
0.9852368977012831
0.9852889870915222
0.9854064910648525
0.9855264178005194
0.9856548242043649
0.9857420436484863
0.9858074582315773
0.9858316858549444
0.9858825638640152
0.9859709946893049
0.9860097588866923
0.9860848645191301
0.9861587587703997
0.9862871651742451
0.9863622708066829
0.9863961894793968
0.9864773520176765
0.9865318641702524
0.9866178722332054
0.9866978233903168
0.9867862542156065
0.986884376090243
0.9869994573012366
0.9871205954180718
0.9871969124316781
0.9872708066829476
0.9873289529790286
0.9874270748536652
0.9875058146296081
0.9875712292126991
0.9876451234639687
0.9877880664418344
0.9878958793658177
0.9879503915183936
0.9880097491956429
0.988061838585882
0.9881127165949529
0.9881551149358453
0.9882241636624414
0.9882520254293135
0.9883368221110982
0.9884131391247044
0.9885427569097182
0.9886263422103345
0.9886893340310889
0.9887559599953483
0.9887886672868939
0.9888734639686785
0.9889473582199481
0.9890188297088809
0.989129065395201
0.9892526262743729
0.9893580164360197
0.9894500814048145
0.9895433577547776
0.989664495871613
0.9898655851455596
0.9899043493429468
0.9899673411637012
0.9900909020428732
0.990158739388301
0.9902338450207389
0.9903755766174361
0.9904930805907664
0.9905609179361942
0.9906372349498004
0.9907511047796256
0.9908601290847773
0.9909182753808582
0.9909909582509594
0.9910333565918518
0.991106039461953
0.9912041613365895
0.9912659417761756
0.9914113075163778
0.9915445594448967
0.99164510408187
0.9917129414272977
0.9917395918130015
0.9917698763422104
0.9919140307012443
0.9919733883784936
0.9920484940109315
0.9921332906927162
0.992225355661511
0.9923016726751173
0.9924288676977944
0.9925354692406094
0.9926420707834245
0.992740192658061
0.9928528511067178
0.9929400705508392
0.9930151761832772
0.9930830135287049
0.9931629646858162
0.9932610865604528
0.993374956390278
0.9934512734038842
0.9935590863278676
0.9936547854401675
0.993756541458309
0.9938486064271039
0.993979435593286
0.9940678664185758
0.9941829476295694
0.9942362484009769
0.9942980288405628
0.9943440613249602
0.9943961507151995
0.9944833701593209
0.9945693782222739
0.9946251017560181
0.9947728902585572
0.9948940283753925
0.9949739795325038
0.995091483505834
0.9952368492460364
0.9953446621700198
0.9954318816141412
0.9954839710043804
0.9955675563049967
0.9956899058030003
0.9957662228166065
0.9959370275613444
0.9960363608171493
0.9961247916424391
0.9961889948443617
0.9962677346203047
0.9963331492033958
0.9964857832306082
0.9965839051052447
0.996656587975346
0.9967583439934876
0.9968819048726596
0.9969812381284645
0.9970769372407644
0.9971629453037175
0.9972307826491452
0.9973058882815832
0.997356766290654
0.9974391402101019
0.9974972865061829
0.9975699693762841
0.9976547660580688
0.9976753595379307
0.9976995871612978
0.997768635887894
0.9978231480404698
0.9979927414040393
0.9981320502383998
0.9982628794045819
0.9983791719967438
0.9984470093421716
0.9985100011629259
0.9985972206070474
0.9986359848044346
0.9987098790557042
0.9988273830290344
0.9989339845718495
0.998987285343257
0.9990442202581695
0.9990720820250417
0.9991217486529441
0.9991617242314997
0.999213813621739
0.9992828623483351
0.9993422200255844
0.9994427646625577
0.9995118133891537
0.999567536922898
0.9995978214521068
0.9996196263131372
0.9996717157033763
0.9997492440981509
0.999811024537737
0.9999164146993836
1.0000472438655659
1.0001659592200642
1.0002325851843237
1.0003597802070008
1.0004675931309843
1.000539064619917
1.0005838857231462
1.0006989669341397
1.0008164709074698
1.0008988448269178
1.0009351862619684
1.000967893553514
1.001033308136605
1.001081763383339
1.0011592917781138
1.0012646819397604
1.001372494863744
1.001428218397488
1.0015057467922626
1.001565104469512
1.0016341531961082
1.0017322750707447
1.001832819707718
1.0018970229096407
1.001976974066752
1.0020326976004963
1.0021453560491531
1.0022870876458503
1.0024154940496957
1.0024675834399348
1.0025378435476993
1.002619006085979
1.0027304531534675
1.0028455343644609
1.0029085261852153
1.0029557700507812
1.003034509826724
1.0031495910377175
1.0032452901500175
1.0033700624103579
1.0034681842849944
1.0035481354421056
1.0036244524557119
1.003669273558941
1.0037322653796954
1.0037879889134396
1.0038425010660155
1.0039151839361167
1.0039830212815444
1.0040653952009924
1.004136866689925
1.004184110555491
1.00422893165872
1.0042676958561072
1.0043355332015351
1.0044421347443502
1.0045196631391247
1.004579020816374
1.0046117281079194
1.0046226305384347
1.0046347443501182
1.004695313408536
1.0047280207000815
1.0047788987091522
1.0048418905299066
1.0049073051129975
1.0049557603597317
1.0049848335077722
1.0050502480908632
1.0051289878668062
1.0051992479745706
1.0052816218940186
1.0053821665309919
1.0054378900647363
1.0054899794549754
1.0055360119393728
1.0055723533744234
1.0056183858588208
1.0056753207737334
1.0057201418769623
1.0058061499399156
1.005835223087956
1.0059127514827306
1.0059987595456836
1.0060678082722798
1.0061138407566772
1.0061574504787378
1.006205905725472
1.006237401635849
1.0062567837345429
1.0063040276001085
1.006350060084506
1.0063767104702097
1.0064215315734388
1.0064554502461527
1.0064869461565298
1.0065123851610653
1.0065475152149475
1.0065729542194828
1.0066286777532272
1.0066819785246346
1.0067267996278637
1.0067764662557661
1.0068188645966585
1.0068648970810559
1.0069000271349382
1.0069593848121874
1.007040547350467
1.0070768887855177
1.0071592627049657
1.007201661045858
1.007231945575067
1.0072779780594643
1.0073373357367135
1.007370043028259
1.00742092103733
1.0074778559522426
1.007503294956778
1.0075420591541653
1.0076450265534753
1.0077310346164283
1.0077831240066675
1.007857018257937
1.0079078962670078
1.0079260669845331
1.0079454490832267
1.0080072295228126
1.008070221343567
1.0080980831104391
1.008128367639648
1.008169554599372
1.0082301236577897
1.0082846358103656
1.0082979610032174
1.0083464162499516
1.008423944644726
1.0084966275148273
1.0085668876225917
1.0086419932550297
1.0087074078381206
1.0087546517036865
1.0088273345737877
1.008873367058185
1.0089399930224445
1.009034480753576
1.0090817246191417
1.0091023180990037
1.0091640985385897
1.0092125537853238
1.0092658545567315
1.009302195991782
1.0093445943326744
1.0094087975345971
1.0094826917858666
1.009521455983254
1.009545683606621
1.0095808136605031
1.0096268461449005
1.0096668217234561
1.009738293212389
1.0097806915532814
1.0098291468000156
1.0098909272396015
1.009940593867504
1.0099975287824166
1.0100447726479824
1.0100726344148545
1.0101198782804202
1.010146528666124
1.0101659107648175
1.0102107318680467
1.0102688781641276
1.010294317168663
1.0103754797069426
1.0103912276621312
1.010417878047835
1.0104566422452224
1.0104905609179362
1.0105293251153236
1.0105487072140171
1.0105632437880374
1.010595951079583
1.0106286583711284
1.0106807477613675
1.010764333061984
1.0108442842190952
1.0108854711788193
1.010925446757375
1.0109557312865838
1.0109932841028026
1.0110490076365468
1.0110914059774392
1.0111229018878165
1.0111434953676783
1.0111713571345504
1.0112113327131063
1.0112513082916619
1.0112888611078807
1.0113252025429313
1.0113797146955072
1.0114378609915882
1.011492373144164
1.0115420397720665
1.0116062429739892
1.0116583323642283
1.0116970965616157
1.0117261697096562
1.011756454238865
1.0118121777726092
1.011883649261542
1.011928470364771
1.0119696573244952
1.011990250804357
1.0120253808582393
1.0120762588673102
1.012113811683529
1.0121295596387176
1.0121549986432532
1.0122082994146606
1.012257966042563
1.0122930960964454
1.012316112338644
1.0123439741055162
1.0123706244912198
1.012415445594449
1.012460266697678
1.0124953967515602
1.0125135674690855
1.0125232585184323
1.0125486975229678
1.0125717137651664
1.0125874617203552
1.0126165348683955
1.0126310714424158
1.0126443966352676
1.012666201496298
1.0126807380703182
1.0127061770748538
1.0127207136488738
1.0127364616040624
1.012748575415746
1.0127522095592512
1.0127606892274295
1.0127667461332712
1.0127703802767765
1.0127740144202815
1.012786128231965
1.012793396518975
1.0127994534248168
1.0128091444741636
1.0128152013800054
1.0128236810481839
1.0128297379540256
1.0128394290033724
1.0128430631468774
1.0128454859092142
1.0128454859092142
1.0128539655773927
1.0128588111020662
1.0128660793890762
1.0128697135325813
1.0128769818195915
1.0128781932007598
1.0128830387254333
1.0128866728689383
1.012889095631275
1.01289272977478
1.012896363918285
1.0129012094429586
1.0129048435864636
1.0129096891111369
1.0129133232546421
1.0129145346358104
1.0129169573981471
1.0129181687793154
1.012923014303989
1.0129254370663257
1.012933916734504
1.012937550878009
1.0129411850215142
1.0129411850215142
1.0129436077838507
1.012947241927356
1.0129496646896925
1.0129496646896925
1.012954510214366
1.012958144357871
1.012961778501376
1.0129654126448813
1.0129678354072178
1.0129678354072178
1.0129726809318913
1.0129763150753963
1.012978737837733
1.0129811606000698
1.012986006124743
1.012986006124743
1.0129884288870799
1.0129896402682483
1.0129920630305849
1.01299569717409
1.0130005426987634
1.0130078109857736
1.0130102337481102
1.013016290653952
1.0130223475597937
1.0130284044656355
1.013033249990309
1.0130380955149825
1.013044152420824
1.0130502093266658
1.0130502093266658
1.0130502093266658
1.0130502093266658
1.013053843470171
1.0130586889948443
1.013061111757181
1.0130659572818546
1.013068380044191
1.0130708028065278
1.013081705237043
1.0130889735240531
1.0130901849052216
1.0130938190487266
1.0130986645734
1.0131022987169052
1.0131035100980734
1.0131071442415784
1.0131107783850835
1.0131132011474202
1.0131241035779355
1.0131277377214405
1.0131289491026088
1.0131289491026088
1.0131301604837772
1.0131313718649455
1.0131313718649455
1.0131313718649455
1.0131313718649455
1.0131313718649455
