0.0026489786285194957
0.003076971851079494
0.003275997506014802
0.003589506944762455
0.003821997090350602
0.004271125780691341
0.006548472434066147
0.009361250937886383
0.010967546489222673
0.011547010564211313
0.012436461499984149
0.013507325200875008
0.01480715646939056
0.015147085242864138
0.01643634877748932
0.017653399463863635
0.01901311455775795
0.02022664266616881
0.020813151897084364
0.02176424794721769
0.022350757178133247
0.022711821419387563
0.024547084538348547
0.025649651440910515
0.027627578967391497
0.02902075855193865
0.030068725496067043
0.03080142171246605
0.033013600673516906
0.03527333443707443
0.03672111398005516
0.0382992289076838
0.04119478799364527
0.042915567328793904
0.04404631485506353
0.045471197641281796
0.04714266088494204
0.048183582673143516
0.04902724009539141
0.049742323421973135
0.050010039347195855
0.050388716478267453
0.05122180616662498
0.05184177988819338
0.053116953110964725
0.0538161848367109
0.05582757685384472
0.05781431082523434
0.05845894259254693
0.059721786792446184
0.06154472088853506
0.06354730646076025
0.06454771860238197
0.06727595523507925
0.06841374791727578
0.06907775386338738
0.06996015964323331
0.07099755885347132
0.07231852558976762
0.07398998883342786
0.07458178193128859
0.07557867149494686
0.0765737997696234
0.07887756575772413
0.07997484879334092
0.08059306122592759
0.08148955731762733
0.08247587914739522
0.08425830359690435
0.0853837672562288
0.08776502995952558
0.08827404247524509
0.08909128056276705
0.09019384746532903
0.09130169823483618
0.09263323270502284
0.0937727866762011
0.09484365037709197
0.09583349478482332
0.09663488127150974
0.09750495802848357
0.10027018172979714
0.10149603886108009
0.10234850272823663
0.10391428863299317
0.10549064227164008
0.10681513158589982
0.1076270858064766
0.10905549117065834
0.11025492896721537
0.11108273478862771
0.11253932077651708
0.11366830701380498
0.11458946115124893
0.1156920280538109
0.11814550360535854
0.11848367108985039
0.1188746772437941
0.1194893670984173
0.12069761133988298
0.12164518481205286
0.1227459904256331
0.12373583483336445
0.12389082826375655
0.12432058277529827
0.12544252385665924
0.12698717429363504
0.1282693926723333
0.12884005030241333
0.12924338547922912
0.12981052053134565
0.131474938619079
0.132674376415636
0.13326616951349676
0.13729952128165476
0.1378472821549723
0.13867684926536636
0.13955044860030363
0.14021973841336044
0.14127122793545227
0.14161996315383452
0.14255520760313228
0.1430149040273634
0.14376873571154314
0.14492590257253868
0.14522884427739596
0.1458629083108182
0.1467083270220478
0.14726137176231052
0.14789719708471447
0.14851188693933767
0.1491072026151619
0.14941366689798263
0.14976240211636485
0.14992444070268385
0.15048276930989174
0.151602949102271
0.1527319353395589
0.15419732777235692
0.15621752623439938
0.15758780906218406
0.15800347326187197
0.1583592536361811
0.15892814997727936
0.16014872324161714
0.1616352511421959
0.16264094715076283
0.16334546274345416
0.16470517783734848
0.16555411912654155
0.16598739621604675
0.1674475047818996
0.1684408717675944
0.1700119415392961
0.17079043126922006
0.17235973975194005
0.17405409975236277
0.17537330519967734
0.17690034274683583
0.1775854841607282
0.1782688642856388
0.17922172162475386
0.18045462391196374
0.18149906827812867
0.182858783372023
0.18347699580460963
0.1840564598795983
0.18486136894424815
0.18568036832075185
0.18660328374717752
0.18720036071198345
0.18878023692859383
0.1891765269494827
0.1897771264922521
0.1910170739353889
0.1919487958067232
0.1926004727299627
0.19348640108777207
0.19542910283461848
0.19754088832371083
0.19806222986230243
0.19981295111014044
0.20064251822053453
0.20092432445761105
0.20218364607954686
0.20349228379297105
0.2042848638347488
0.20509505676634388
0.20637727514504214
0.20740058404342634
0.20836400911643177
0.20913193111246534
0.21029966570735126
0.21162239373262928
0.21275490254788065
0.21420092080187964
0.21585653244470432
0.21801763402528507
0.22070183843343913
0.22347234600169788
0.2256387314492238
0.22736655594029934
0.2289517160238549
0.22994156043158626
0.23082220492245045
0.2318930686233413
0.2331083580207339
0.2338604284159319
0.23463187298992896
0.23614482022523364
0.2368317229281077
0.2375080578970914
0.23806990908226278
0.23873215373939263
0.2391196373153729
0.23990517220122373
0.24095313914535213
0.24181793203538077
0.24410584642264596
0.24514148434390223
0.24598690305513188
0.24716872796187161
0.2487063332429205
0.24966623573796248
0.2504077383992701
0.2511034475470528
0.2518132470066894
0.2524261755723309
0.2532240394810538
0.2540536065914479
0.25473346413839504
0.2554256507082143
0.25588534713244543
0.256614520770881
0.2579002617275427
0.2585096677152207
0.2605474790670805
0.2614316461359081
0.26214849075147156
0.26273323869340537
0.26326867054385084
0.2645350373217135
0.2653998302117422
0.2660955393595249
0.26660983574218955
0.26758911241603056
0.26891536301927205
0.26919540796736685
0.2695071561171328
0.26982771071180733
0.27031734904872784
0.2707330132484157
0.2714780384876868
0.27250310867505273
0.27296985025521076
0.27428377183558017
0.275335261357672
0.27574916426837814
0.27624408647224385
0.276820027969269
0.2772691566596098
0.27838405258504384
0.2791185100904246
0.2800255739160147
0.28127608909304186
0.28188373379173814
0.282202527097431
0.282811933085109
0.2837683130021875
0.28462606073628927
0.2848884927945668
0.28558596323133123
0.2866039882627702
0.2870038008616226
0.28791086468721266
0.2888971865169806
0.290450643398865
0.29176104240127093
0.29212562922048874
0.2924990224846151
0.29307496398164035
0.2935575571626339
0.29457734348305464
0.2951022075996097
0.2967366837746536
0.29884142410781905
0.30024341013727485
0.3018902153351909
0.3030262467284057
0.3035581560008877
0.30394563957686793
0.30440533600109904
0.30522609666658446
0.30594998643807486
0.30655939242575286
0.30704022431776473
0.3075140110538496
0.30801069454669705
0.30851794577343483
0.30917666785260123
0.3097614157945351
0.3101400929256067
0.31040957013981113
0.31109823413166693
0.31171644656425357
0.31210569142921557
0.31253896851872076
0.3137207934254605
0.31454507666890935
0.31470007009930145
0.3154063469809746
0.31595763043225555
0.31646135908102985
0.31704434573398194
0.3174705776675602
0.31772068070296566
0.31811873201283625
0.31920192473659925
0.32029568519425256
0.32131371022569155
0.32244269646297946
0.3236121923468471
0.3242656305590684
0.3249507719729607
0.32596351313745453
0.32634923542445304
0.326823022160538
0.32721402831448165
0.32749759584053995
0.32792735035208165
0.32829369846028117
0.3287093626599691
0.3292183751756886
0.33074893530081056
0.3313107864859819
0.3319853601659839
0.33212097941757696
0.33234818569621993
0.33321650116421203
0.3335441009148135
0.33395624253653794
0.3344088938048421
0.33479989995878584
0.3350200610815019
0.3358161637012431
0.33650658898208063
0.33691873060380506
0.33810583937749
0.33904989027169646
0.34101725006428707
0.3418080688170831
0.3427380293994357
0.34365918353687963
0.34508935019004305
0.34591715601145545
0.3467132586311967
0.3477101481948549
0.3489906052845715
0.3493780888605517
0.3512820422498001
0.3517787257426475
0.3522331382999334
0.35318423435006674
0.35415998844594426
0.35538584557722724
0.3562770578019818
0.35687061218882427
0.357585695515406
0.358318391731805
0.3589260364305013
0.3601360419609487
0.3609726542272697
0.3621403888221556
0.3630034204232025
0.3638523617123956
0.3646026708186119
0.3653371283239926
0.3662054437919847
0.3675986233765319
0.3694550219632736
0.36976324753507606
0.36989006034176053
0.3707442854978988
0.37165311061247064
0.3731977610494464
0.3740960184301279
0.37492206296255853
0.37556141086292594
0.3764596682436074
0.3778810284518622
0.3785203763522296
0.3799910526519728
0.3805986973506691
0.3811887291595481
0.38210283814106516
0.3834872112807037
0.3841019011353269
0.385171003547236
0.3861238608863511
0.38707847951444785
0.38764737585554615
0.38804014329847153
0.38922725207215647
0.3895636582676666
0.3902576061264676
0.3916173212203619
0.3925772237154039
0.39447941581567053
0.39544812475562113
0.3965454077912379
0.3968025559825703
0.3975088328642434
0.39831550321787496
0.39961709577537224
0.4002652501206483
0.40092749477777817
0.40169365548483
0.40306217702363295
0.404157698770268
0.40562132991408434
0.40667105814719445
0.4076362445091816
0.40835132783576333
0.4089061338650078
0.4093799206010927
0.41007210717091197
0.4106216293332112
0.4112222288759806
0.4120782153211006
0.41243751827337316
0.4131772596456991
0.4142357943237179
0.41570470933447934
0.4166716569854482
0.41701158575892183
0.41788166251589565
0.41845936530190253
0.4190687712895806
0.41950909353501264
0.41999168671600623
0.42027877682002796
0.4207208603544418
0.4210132343254087
0.42117703420070945
0.4214341823920418
0.4220576786915736
0.4224328332446818
0.4231162133695924
0.4233398970702719
0.4236921548666176
0.4245076316651578
0.42515402472145214
0.4258585403141435
0.4268748040566008
0.42787169362025906
0.4285621189010966
0.42922260226924475
0.4295325891300289
0.42984962114674
0.4303128401489346
0.43077605915112915
0.4313925102947341
0.43302170260283285
0.43372269561756077
0.4345698756177721
0.4352391654308289
0.43568124896524274
0.43630298397579287
0.4378828601924032
0.43894667873736715
0.4393271171574205
0.43981499420535924
0.4402958260973711
0.44081188376901753
0.4411659028543449
0.4412874317940842
0.44160974767774047
0.44230193424755976
0.44318610131638736
0.4437338621897049
0.4442904295079311
0.44490864194051777
0.4460341055998422
0.4469024210678343
0.44737973038188267
0.4476492075960871
0.4480278847271587
0.4484875811513898
0.4489736969103469
0.449757470507216
0.4505570957049207
0.4514571143745839
0.452117597742732
0.4526318941253967
0.45301937770137696
0.453570661152658
0.4538049125872278
0.45414131878273795
0.4546380022755854
0.4554605242300525
0.45588147229668563
0.4561720849786708
0.45639929125731377
0.45664058784781053
0.4573239679727212
0.4577537224842629
0.4581922834407133
0.4584476703430639
0.4588510055198797
0.45963830169471226
0.46043264302547177
0.46126397142484754
0.46182758389900064
0.46203189342088113
0.4620988224021868
0.46237006090537297
0.46270294452291966
0.4628896411549829
0.46346734394098976
0.46372449213232214
0.464756607475615
0.46501727824491074
0.46610047096867374
0.46711321213316753
0.4675095021540564
0.4681083404078441
0.4685257658965137
0.4688128560005354
0.4689185333394391
0.4694733393686836
0.46994360352680503
0.4706780610321858
0.471065544608166
0.4718387504711448
0.4723354339639922
0.4727810400763695
0.47299415604315864
0.4733164719268149
0.47366520714519716
0.47401570365256107
0.4745106258564268
0.4749192449001878
0.4751270770000317
0.47557092182342725
0.47588619255115666
0.47628248257204553
0.47679677895471023
0.47756117837278034
0.4781864359612939
0.47869720976599517
0.4789103257327843
0.4794704156289739
0.48027180211566034
0.48060468573320697
0.48118943367514083
0.48196087824913786
0.4826354519291398
0.4828573743408376
0.4834738254844425
0.4839299993307102
0.48456582465311415
0.4850396113891991
0.48560674644131563
0.4863605781254954
0.4868149906827813
0.48726940324006723
0.4875899578347418
0.4879175575853433
0.4884071959222637
0.4888633697685314
0.4900733752989788
0.4905242652783013
0.4908236844051951
0.491161851889687
0.4914947355072336
0.4920319286466608
0.49255150889627064
0.49304114723319115
0.4938742369215487
0.4944149526389393
0.494825332971682
0.49539422931278027
0.4958398354251575
0.49625021575790024
0.4969283120158657
0.49743380195362175
0.4979762789599941
0.4983602399580109
0.49855750432396445
0.49887982020762073
0.4992426457378568
0.49969881958412443
0.500149709563447
0.5006199737215684
0.5012434700211003
0.5017348696470024
0.5022245079839229
0.5026366496056474
0.5034662167160414
0.5037797261547892
0.5041531194189155
0.5049386543047664
0.50527858307824
0.5055603893153165
0.505784073015996
0.5063600145130213
0.5070011237023704
0.5074414459478025
0.5077355812077511
0.5080596583803891
0.5084312903555338
0.508734232060391
0.5089860963847782
0.5092062575074943
0.5093154574243615
0.5095197669462419
0.5098156634951723
0.5106998305639999
0.5116544491920968
0.512404758298313
0.5127957644522567
0.5131973383400908
0.5136605573422853
0.514155479546151
0.514817724203281
0.5155486591306983
0.516256697301353
0.5170070064075694
0.518384334391281
0.5192456047033461
0.5206652036226191
0.5213133579678952
0.5218311769285233
0.522722389153278
0.522942550275994
0.5233476467417915
0.5236734852034113
0.5239165430828898
0.5240979558480078
0.5241983493199663
0.5244854394239881
0.5247232134365214
0.5249257616694202
0.525075471232867
0.525433012896158
0.5257799868255584
0.5260001479482744
0.5262326380938626
0.5268297150586685
0.5273457727303149
0.5280767076577322
0.5286632168886478
0.5289009909011811
0.5294047195499555
0.530419222003431
0.5310832279495425
0.5314020212552354
0.5316433178457323
0.5318670015464118
0.5321065368479267
0.5324077172638023
0.5328779814219238
0.5332408069521599
0.5337427743119525
0.5339171419211436
0.5341161675760788
0.5344032576801006
0.5349598249983267
0.5354089536886675
0.5358492759340996
0.5360588693229252
0.536411127119271
0.5368303138969224
0.5374467650405272
0.5383256482424097
0.5391393637519682
0.5398368341887326
0.540074608201266
0.5406364593864373
0.5413726781807998
0.5421599743556325
0.5426848384721875
0.5434333862894221
0.5442330114871268
0.5445747015495821
0.544963946414544
0.5455486943564778
0.5461986099907357
0.546792164377578
0.5473381639619139
0.5477203636709489
0.5480321118207149
0.5484125502407682
0.5492227431723633
0.5500470264158122
0.5511583997632827
0.5516832638798378
0.5525110697012502
0.5530253660839148
0.5535731269572324
0.5539553266662675
0.5544467262921696
0.5547285325292463
0.5550684613027198
0.5557817833403198
0.5567064600557272
0.5572612660849716
0.558030949369987
0.5588112003888926
0.5594945805138032
0.5606975408883237
0.5612347340277508
0.5616468756494754
0.5620167463356383
0.5625803588097914
0.5628339844231602
0.5636019064191938
0.5647608345691711
0.5651218988104254
0.5657084080413409
0.56658376866526
0.567316464881659
0.5676986645906941
0.5680526836760215
0.5686797025535167
0.5689579862126298
0.5694546697054772
0.5699319790195256
0.5702507723252185
0.5704568431360807
0.570740410662139
0.5710345459220876
0.5711807329075711
0.5719697903713854
0.5722938675440234
0.5724611899972876
0.5728574800181765
0.5735690407667948
0.5745377497067454
0.5756579294991246
0.5759608712039819
0.5761299549462279
0.5766882835534357
0.5770986638861785
0.5782822500818999
0.5787965464645646
0.5792245396871246
0.5797758231384056
0.5805472677124026
0.5816515959039463
0.582030273035018
0.5822979889602407
0.5825146275049933
0.5826801886692757
0.5829355755716263
0.5836506588982081
0.5842776777757034
0.585103722308134
0.5862397537013488
0.5871873271735186
0.5876857719553478
0.5881666038473596
0.5884572165293448
0.5887989065918001
0.5895562608539433
0.5901797571534751
0.5906905309581765
0.5916292979854376
0.5922774523307137
0.5929749227674781
0.5936336448466446
0.5939172123727028
0.5945935473416866
0.5950690953667532
0.595511178901167
0.5960025785270693
0.5962262622277488
0.5968004424357922
0.5979206222281714
0.5981883381533942
0.5988206408978347
0.5991165374467651
0.5993278921245725
0.5996396402743384
0.5999513884241043
0.6002719430187788
0.6007580587777359
0.6011666778214969
0.6014167808569023
0.6016122839338741
0.6019099417717862
0.6028170055973764
0.603831508050852
0.6044972752859452
0.6052757650158692
0.6055804680097082
0.606029596700049
0.6066425252656904
0.6068961508790593
0.607352324725327
0.6081202467213606
0.6084038142474189
0.6086521559938425
0.6089744718774989
0.6096331939566653
0.6100559033122801
0.6108026898405329
0.6122786500072213
0.6126907916289457
0.6134058749555275
0.614297087180282
0.6146352546647739
0.6154612991972045
0.6159738342908875
0.6170517431477052
0.6177932458090128
0.6186351419422791
0.6192956253104271
0.6196619734186267
0.6201146246869309
0.6204052373689161
0.6207187468076637
0.6211009465166988
0.621430307556282
0.621877674957641
0.6222598746666761
0.6226191776189487
0.6230330805296548
0.6234099963717447
0.6240528668500755
0.624685169594516
0.6250198145010445
0.6254020142100795
0.6255763818192707
0.6259392073495067
0.626215729719638
0.6269836517156716
0.6275772061025141
0.62817428306732
0.6286234117576607
0.6289879985768785
0.6291782177869052
0.6295005336705615
0.6300958493463856
0.6308620100534376
0.6318571383281141
0.6323362089311442
0.6331992405321911
0.6337293885156913
0.6341890849399224
0.6346258846073911
0.6352352905950691
0.6358376514268202
0.6364699541712607
0.6369208441505831
0.6377099016143974
0.638380952716436
0.6389199071448449
0.6395363582884498
0.6399220805754483
0.6403747318437525
0.6407357960850069
0.6411496989957131
0.6416868921351402
0.6422610723431836
0.6426062849836024
0.6429814395367105
0.6431910329255363
0.6436278325930048
0.6440364516367658
0.6443851868551481
0.6446423350464804
0.6448466445683609
0.6452570249011036
0.6460319920530642
0.6466026496831441
0.6472983588309268
0.6477457262322859
0.6485030804944291
0.6490261833220023
0.6495616151724478
0.6499473374594463
0.6504774854429466
0.6510921752975698
0.6517491360877544
0.6523180324288528
0.652770683697157
0.6530278318884892
0.6531810640298996
0.65347696057883
0.6538485925539747
0.6543628889366394
0.6548507659845781
0.6552805204961198
0.6558740748829623
0.6569044289372734
0.6572196996650028
0.6575244026588418
0.6576247961308004
0.657925976546676
0.6587608275240152
0.6592645561727895
0.6594424463599441
0.6595058527632863
0.6597700461105456
0.6603953036990591
0.6611737934289831
0.6615753673168171
0.6623080635332161
0.6626990696871599
0.6631570048224092
0.663521591641627
0.6638016365897218
0.6643899071096191
0.6645818876086275
0.6648689777126492
0.664948235716827
0.6654149772969851
0.6657901318500932
0.6662198863616349
0.66645942166315
0.6666531634511401
0.66703007929323
0.6675655111436753
0.6682753106033119
0.6688829553020083
0.6693743549279104
0.6701475607908892
0.6709559924335026
0.6715530693983085
0.6720937851156991
0.6728705135566413
0.6733636744715252
0.6737916676940853
0.6744327768834344
0.6752535375489198
0.6761324207508023
0.67687392341211
0.6774322520193178
0.6777862711046452
0.6782882384644379
0.678436186738903
0.6788095800030294
0.6792516635374433
0.6798593082361395
0.6805250754712329
0.6810922105233495
0.6814937844111835
0.6819341066566156
0.6827143576755212
0.6831793379666975
0.683831014889937
0.684000098632183
0.6842713371353691
0.684428091854743
0.6846975690689474
0.6850251688195489
0.6851625493601237
0.685419697551456
0.6855729296928664
0.6858653036638334
0.686236935638978
0.6864359612939134
0.6865891934353237
0.6866737353064467
0.6869273609198155
0.6874081928118274
0.6876160249116714
0.6877692570530817
0.6881743535188792
0.6885424629160605
0.6886270047871834
0.6888947207124062
0.6891201657020674
0.6893597010035825
0.689641507240659
0.6898810425421741
0.6902473906503735
0.6907229386754402
0.6912072931454155
0.6912865511495934
0.691684602459464
0.6919928280312664
0.6922041827090738
0.6927818854950807
0.6933067496116357
0.6936959944765978
0.6941962005474086
0.6947633355995252
0.6952952448720071
0.6956034704438095
0.6958764702359775
0.6961283345603646
0.6963784375957701
0.6966496760989562
0.6969508565148318
0.6972766949764516
0.6975056625440763
0.6978843396751478
0.6982365974714936
0.6984743714840269
0.6987015777626698
0.6988618550600071
0.6994694997587034
0.6999380026278431
0.7003237249148416
0.7008820535220496
0.701248401630249
0.7014474272851844
0.7016341239172476
0.7019916655805385
0.7026856134393394
0.7031611614644061
0.7034359225455558
0.7036490385123448
0.7039220383045127
0.7042408316102056
0.7046424054980397
0.7048731343546462
0.7050545471197641
0.7053891920262925
0.7056023079930817
0.7056604305294787
0.7057696304463459
0.7058805916521947
0.7060285399266599
0.7062117139807597
0.7064283525255123
0.706565733066087
0.7069972488666105
0.7074322872450974
0.7078708482015478
0.7082178221309483
0.7085295702807143
0.708816660384736
0.7091548278692278
0.7095933888256782
0.710093594896489
0.7104423301148712
0.7107857814663083
0.7114145616327854
0.7117104581817157
0.7120063547306461
0.7123550899490283
0.7127161541902827
0.7129398378909622
0.7130613668307014
0.713505211654097
0.7139314435876752
0.7143136432967102
0.7145672689100792
0.7150639524029265
0.7155447842949384
0.7157931260413621
0.7164113384739488
0.7172479507402698
0.7181638210107685
0.7192223556887872
0.7200272647534371
0.7206789416766767
0.7212178961050856
0.7216723086623714
0.722193650200963
0.7224490371033137
0.7228629400140199
0.7234177460432643
0.7242050422180969
0.7248408675405008
0.7251913640478648
0.7255242476654115
0.7259504795989897
0.726221718102176
0.7265986339442658
0.7268152724890183
0.7271041238820218
0.7272555947344505
0.7274370074995685
0.7277769362730421
0.7280059038406668
0.7281098198905888
0.7288160967722618
0.7291806835914796
0.7293110189761275
0.7296439025936742
0.729950366876495
0.7301951860449551
0.7303167149846944
0.7306865856708573
0.7309137919495003
0.7313118432593709
0.7317433590598944
0.7320938555672584
0.732349242469609
0.7326011067939961
0.7327103067108632
0.732958648457287
0.7331911386028751
0.7334623771060613
0.7335557254220929
0.7341739378546795
0.7347586857966134
0.7349788469193295
0.7353962724079991
0.7358964784788099
0.7361430589362519
0.736564007002885
0.7368563809738519
0.7371875033024169
0.7373970966912425
0.7375855546122875
0.7377986705790766
0.7382125734897828
0.738600057065763
0.7390368567332316
0.739397920974486
0.7397959722843566
0.7401834558603368
0.740558610413445
0.7408087134488504
0.7408897327420099
0.7411046099977808
0.7415009000186696
0.7419253706632662
0.742270583303685
0.7424414283349127
0.7426474991457749
0.7431477052165857
0.7433819566511556
0.7436056403518351
0.7438892078778934
0.7442203302064583
0.744657129873927
0.7448156458822824
0.7454144841360701
0.7459164514958627
0.7463285931175871
0.7465540381072484
0.746601592909755
0.7468816378578499
0.747094753824639
0.7474117858413502
0.7476742178996276
0.7477358630139882
0.7478485855088187
0.7485689527023457
0.7491537006442796
0.74935801016616
0.749616919646474
0.7497314034302864
0.7499181000623496
0.7501188870062667
0.7507318155719082
0.750946692827679
0.7516705825991694
0.7521003371107111
0.7523962336596415
0.7525723625578143
0.7528224655932197
0.7528488849279457
0.7530972266743694
0.7534036909571901
0.7542631999802736
0.754675341601998
0.7549518639721293
0.7552090121634617
0.7554626377768306
0.7555683151157343
0.7557215472571447
0.7562199920389738
0.7565264563217945
0.7567607077563644
0.7571094429747467
0.7576589651370459
0.7579284423512503
0.7581151389833135
0.7585625063846726
0.758747441727754
0.7588918674242557
0.759221228463839
0.7595928604389837
0.7598042151167911
0.7602216406054607
0.7606390660941303
0.7608962142854627
0.761276652705516
0.7618332200237422
0.7621379230175812
0.7624109228097491
0.7626486968222824
0.762800167674711
0.7629234579034321
0.762995670751683
0.7631154384024404
0.7632263996082893
0.7634201413962795
0.7638217152841136
0.7641774956584226
0.7643043084651071
0.7645526502115308
0.7651814303780078
0.7662769521246429
0.7666503453887693
0.7670431128316948
0.76738480289415
0.767638428507519
0.7683693634349362
0.7686159438923782
0.7689100791523268
0.769065072582719
0.7691672273436592
0.7692640982376543
0.7698136203999535
0.7703296780715999
0.770731251959434
0.770932038903351
0.7713547482589659
0.7716576899638231
0.7718954639763564
0.7720081864711871
0.7721895992363051
0.7724678828954182
0.7726792375732255
0.7728993986959416
0.7731406952864385
0.7734542047251861
0.7735898239767791
0.7740882687586083
0.7743471782389224
0.7746430747878528
0.7749178358690024
0.7754145193618498
0.7757474029793965
0.775964041524149
0.776113751087596
0.7763286283433668
0.7766139571584068
0.777093027761437
0.7775351112958507
0.7778750400693243
0.7784104719197698
0.7785918846848878
0.7787592071381519
0.7789142005685441
0.779025161774393
0.7791008972006073
0.7791660648929313
0.7793122518784147
0.7795236065562221
0.7798512063068236
0.7802686317954932
0.7805786186562774
0.7809784312551298
0.7816142565775337
0.7820704304238013
0.7823029205693895
0.782611146141192
0.7828788620664147
0.7830884554552404
0.783479461609184
0.7840465966613006
0.7841910223578024
0.7845749833558191
0.7849800798216167
0.7852213764121134
0.7854168794890853
0.785672266391436
0.7860333306326902
0.7864859819009944
0.7869668137930063
0.7874018521714932
0.7881010838972393
0.7884093094690419
0.7885554964545253
0.7888144059348393
0.789147289552386
0.7894660828580788
0.7898940760806389
0.7899768566627801
0.7901388952490991
0.7903044564133815
0.7905387078479514
0.7906708045215811
0.7908486947087356
0.7910336300518171
0.7911040816110863
0.7912238492618437
0.7914440103845598
0.7918156423597045
0.7919107519647178
0.7920375647714023
0.7920956873077993
0.7921414808213243
0.7922119323805934
0.7922806226508808
0.7925078289295238
0.7928230996572532
0.7930802478485856
0.7932546154577766
0.7935117636491089
0.7940471954995544
0.7942884920900511
0.7945702983271278
0.7948362529633687
0.7956587749178359
0.7958349038160087
0.7965394194087001
0.7970660448142368
0.7973091026937154
0.7977300507603484
0.7978868054797222
0.7979871989516808
0.7981175343363287
0.7984222373301677
0.7988467079747642
0.7992359528397263
0.7995283268106932
0.7998911523409292
0.8005815776217667
0.8013213189940926
0.8017704476844334
0.8021861118841213
0.8023217311357144
0.8024996213228689
0.8028712532980136
0.8034278206162397
0.8039562073107583
0.8046254971238151
0.8050288323006309
0.8054867674358803
0.8057580059390664
0.8059464638601114
0.8061983281844985
0.8064537150868492
0.806675637498547
0.8070243727169292
0.8071828887252848
0.807388959536147
0.8077958172909262
0.8081850621558881
0.8085144231954714
0.808789184276621
0.8090146292662822
0.8093369451499385
0.8095535836946911
0.8099410672706714
0.8102369638196018
0.8105575184142763
0.8108675052750605
0.8110612470630506
0.8112497049840955
0.8114258338822684
0.8115121370423731
0.8115596918448797
0.8116090079363681
0.8116354272710941
0.8117921819904679
0.8119542205767869
0.8121074527181973
0.8123100009510961
0.8124773234043603
0.8127045296830032
0.8129035553379386
0.8130233229886961
0.8131906454419603
0.8132998453588274
0.8135587548391415
0.8138106191635286
0.8140994705565321
0.8143125865233213
0.8144834315545488
0.8146243346730871
0.8147634765026437
0.8152178890599296
0.8153024309310526
0.815506740452933
0.8157392305985213
0.8158361014925163
0.8159840497669815
0.8161725076880264
0.8162940366277657
0.8166057847775315
0.8170390618670368
0.8173913196633824
0.8174811454014506
0.8176660807445321
0.8178316419088145
0.8179320353807731
0.8180218611188412
0.8181028804120007
0.8185660994141953
0.8186893896429163
0.8188373379173814
0.8191596538010377
0.8194168019923701
0.8196246340922141
0.8199804144665231
0.8202005755892392
0.8203555690196314
0.8205545946745666
0.8206866913481963
0.8207747557972827
0.820927987938693
0.8210935491029755
0.8212925747579108
0.8216236970864758
0.8223581545918565
0.8228601219516491
0.823133121743817
0.8233004441970811
0.8236368503925913
0.8239767791660649
0.824255062825178
0.8245615271079987
0.8248785591247099
0.8251797395405854
0.8254985328462782
0.8257803390833548
0.8261167452788649
0.8264302547176126
0.8267825125139582
0.8269885833248204
0.8270590348840896
0.8275574796659187
0.827872750393648
0.8280206986681132
0.8283394919738061
0.8286036853210653
0.8287181691048777
0.8288344141776718
0.828943614094539
0.8293328589595009
0.829753807026134
0.8300726003318268
0.8304688903527158
0.8307119482321943
0.830895122286294
0.8310501157166861
0.8312297671928224
0.8314058960909952
0.8317722441991947
0.8320434827023809
0.8322248954674989
0.8327867466526703
0.833293997879408
0.8335441009148135
0.833787158794292
0.8340372618296974
0.8343278745116827
0.8345744549691246
0.8348897256968539
0.8353194802083957
0.8357633250317913
0.8360592215807217
0.8362881891483464
0.8364907373812451
0.8367108985039612
0.8370173627867818
0.8373854721839631
0.8377060267786377
0.8380107297724767
0.8381375425791612
0.8383400908120598
0.8385761035356115
0.8386588841177527
0.8387346195439671
0.8387839356354555
0.8388473420387976
0.8389442129327928
0.8392806191283029
0.8395271995857448
0.8396892381720639
0.839875934804127
0.8402546119351987
0.840680843868777
0.8408745856567671
0.8412884885674732
0.8415879076943671
0.8417587527255947
0.841899655844133
0.8420581718524885
0.8421990749710268
0.8423892941810535
0.8426094553037695
0.8428260938485221
0.842891261540846
0.8431589774660687
0.8434196482353645
0.8436081061564095
0.8437771898986555
0.8441224025390742
0.8441946153873251
0.844279157258448
0.8443548926846624
0.8447318085267522
0.8450453179654999
0.8452337758865448
0.845420472518608
0.845485640210932
0.8461848719366781
0.8464349749720835
0.8467872327684293
0.8469052391302051
0.8469598390886386
0.8470408583817981
0.8471077873631038
0.8474776580492668
0.8478580964693201
0.8482367736003917
0.8485573281950662
0.8490029343074436
0.8494696758876016
0.8498677271974722
0.8501336818337132
0.8502992429979956
0.8504154880707897
0.8507149071976835
0.8509421134763265
0.8512432938922021
0.851671287114762
0.8518615063247887
0.8522049576762257
0.8523581898176361
0.8526241444538771
0.8529129958468806
0.8531824730610851
0.853402634183801
0.8536721113980055
0.8545175301092351
0.8548398459928914
0.8550670522715343
0.8552220457019265
0.8553559036645378
0.8555003293610396
0.8556447550575413
0.8559283225835996
0.8560709869911196
0.8561643353071512
0.8562664900680914
0.8562876255358721
0.8563105222926346
0.8567068123135235
0.856872373477806
0.8570608313988509
0.8571647474487729
0.8572616183427679
0.8573355924800006
0.8573954763053794
0.8575451858688262
0.8577054631661635
0.857812901794049
0.8579608500685142
0.8580119274489842
0.8580453919396371
0.8581651595903946
0.8583712304012568
0.8584716238732154
0.8585737786341556
0.8586547979273151
0.8587816107339996
0.8590669395490396
0.8591779007548884
0.8592835780937922
0.8594297650792756
0.8596499262019917
0.8599105969712875
0.860257570900688
0.8606697125224124
0.8608405575536401
0.8610131638738494
0.8611875314830405
0.861372466826122
0.8615838215039294
0.8617405762233032
0.8619572147680559
0.8624803175956292
0.8628801301944815
0.8631777880323936
0.8638541230013773
0.8643966000077496
0.8646801675338079
0.8651416252470208
0.8655203023780924
0.8656929086983017
0.8659025020871275
0.8661032890310445
0.8662582824614365
0.8664608306943353
0.8666351983035264
0.8668641658711511
0.8669786496549635
0.8670966560167392
0.8672234688234237
0.8673414751851996
0.8675440234180983
0.8678839521915719
0.8682872873683877
0.86854443555972
0.8686800548113132
0.8688350482417052
0.8689953255390425
0.8691010028779462
0.8692665640422287
0.8693933768489132
0.8694955316098534
0.8696117766826474
0.8697192153105329
0.8698794926078701
0.8700873247077141
0.8701894794686543
0.8703920277015531
0.8705980985124153
0.8707407629199353
0.8710894981383176
0.8713959624211383
0.8715051623380055
0.8716707235022879
0.8720000845418712
0.8723241617145091
0.8725971615066771
0.8726940324006721
0.8728366968081921
0.8731396385130494
0.8736750703634948
0.8741259603428173
0.8747265598855867
0.8750066048336815
0.8752267659563975
0.8753835206757714
0.8754980044595837
0.8759894040854859
0.8763821715284114
0.8768330615077338
0.8771906031710247
0.8772874740650197
0.8775851319029319
0.877771828534995
0.8781117573084686
0.8782773184727511
0.8784692989717595
0.8786595181817861
0.8787880922774524
0.8789378018408992
0.8791368274958345
0.879691633525079
0.8805705167269614
0.8807307940242988
0.8809421487021062
0.8811094711553703
0.8812627032967807
0.8813877548144834
0.8815022385982958
0.8816343352719254
0.8817153545650849
0.8819636963115086
0.8822226057918227
0.8823300444197081
0.8824427669145387
0.8825114571848262
0.882888373026916
0.8831860308648282
0.8833286952723481
0.8834238048773615
0.8834872112807036
0.8837144175593467
0.8839891786404963
0.8842128623411758
0.8843643331936044
0.8844066041291659
0.8845175653350148
0.8846919329442059
0.8848398812186711
0.8849772617592458
0.8851040745659303
0.8852396938175234
0.8853506550233723
0.8853999711148607
0.8854492872063491
0.8856007580587777
0.8857839321128775
0.8858984158966898
0.8861995963125654
0.8864919702835323
0.8868917828823847
0.887013311822124
0.8876473758555461
0.8882937689118404
0.8886900589327293
0.8889119813444271
0.889158561801869
0.889405142259311
0.8894720712406168
0.8895354776439589
0.8896464388498079
0.8897327420099125
0.8897926258352913
0.8898437032157615
0.8899705160224458
0.8900127869580073
0.8906133865007767
0.891117115149551
0.891240405378272
0.8913496052951392
0.8914464761891343
0.8915609599729466
0.8916736824677772
0.8917564630499184
0.8918885597235481
0.8920312241310681
0.8922531465427659
0.8924556947756647
0.8925807462933674
0.8927991461271017
0.8930175459608359
0.8932024813039174
0.8935247971875737
0.8936762680400024
0.8938277388924311
0.8940760806388547
0.8943455578530591
0.8944670867927984
0.8946203189342088
0.8946784414706058
0.8948070155662721
0.8949567251297189
0.895092344381312
0.8951557507846543
0.8952244410549417
0.8953072216370829
0.8954639763564567
0.8956084020529584
0.895663002011392
0.8957404987265881
0.8958338470426197
0.8959377630925417
0.8962953047558325
0.896719775400429
0.8970790783527016
0.8971653815128063
0.8975880908684212
0.8981182388519214
0.8982926064611125
0.8983595354424182
0.898451122469468
0.89855503851939
0.898639580390513
0.8988157092886858
0.8989953607648221
0.8991979089977209
0.8995008507025781
0.8996435151100982
0.8997738504947461
0.8999006633014305
0.8999957729064438
0.900092643800439
0.9001595727817446
0.9002493985198128
0.9004308112849307
0.9005294434679075
0.9007971593931303
0.9010314108277001
0.9012233913267086
0.90140832666979
0.9015439459213831
0.9016584297051955
0.9017341651314098
0.9018151844245693
0.9021181261294265
0.9022467002250927
0.9024228291232655
0.9026711708696893
0.9027874159424834
0.9029054223042592
0.9029776351525101
0.9030639383126147
0.9031150156930848
0.903139673738829
0.9031643317845732
0.903204841431153
0.9032576801006048
0.9032929058802394
0.9033281316598739
0.9036363572316765
0.9038935054230087
0.9039357763585703
0.9041488923253594
0.904280988998989
0.9044007566497465
0.9047530144460922
0.9048992014315757
0.9049766981467717
0.9051070335314196
0.905240891494031
0.905499800974345
0.9055684912446325
0.9056389428039016
0.9057287685419697
0.9057780846334581
0.905908420018106
0.9060951166501693
0.9062113617229633
0.906239542346671
0.906362832575392
0.9065460066294917
0.9066270259226512
0.9067679290411895
0.9070426901223392
0.9073174512034887
0.9075834058397297
0.9076732315777979
0.9077577734489208
0.9079920248834907
0.9082262763180606
0.9083847923264161
0.9086084760270957
0.9088920435531539
0.9090558434284547
0.909578946256028
0.9097357009754018
0.9099664298320083
0.9101390361522176
0.9102746554038107
0.91039618434355
0.9105828809756132
0.9106709454246996
0.9107502034288774
0.9108136098322196
0.9109263323270502
0.9109844548634473
0.911083087046424
0.9112926804352497
0.9113719384394275
0.9116273253417781
0.911784080061152
0.9119337896245988
0.9120165702067401
0.9121874152379678
0.9123723505810493
0.9124604150301356
0.9126488729511806
0.912802105092591
0.9130522081279964
0.913080388751704
0.9132212918702424
0.9134819626395381
0.9136457625148389
0.9137549624317061
0.9139346139078424
0.9142234653008458
0.914598619853954
0.9148240648436151
0.9149209357376102
0.9151516645942166
0.9152133097085772
0.9154052902075855
0.9155761352388132
0.9157927737835657
0.9161855412264912
0.9163105927441939
0.9164761539084764
0.9165518893346907
0.9167879020582423
0.9170063018919766
0.9171225469647707
0.9172652113722907
0.9174166822247194
0.9175188369856596
0.9175329272975135
0.9175998562788191
0.9178217786905168
0.9181546623080635
0.9183008492935469
0.9183730621417978
0.9184487975680121
0.9184981136595005
0.9185914619755322
0.9186883328695272
0.9188979262583529
0.918987751996421
0.9191022357802334
0.9191585970276487
0.9192325711648813
0.9193541001046206
0.9194263129528715
0.9194967645121406
0.9196447127866058
0.9198278868407055
0.919908906133865
0.9200568544083302
0.9202224155726126
0.9203298542004981
0.9204584282961643
0.9206046152816477
0.9207173377764784
0.9208371054272358
0.9208934666746512
0.9210343697931894
0.9212122599803441
0.9212650986497959
0.9213196986082295
0.9214412275479688
0.9215733242215983
0.9216895692943924
0.9218287111239489
0.9218586530366384
0.921964330375542
0.922191536654185
0.9224451622675539
0.9225208976937682
0.9227357749495391
0.922982355406981
0.9231162133695924
0.9232254132864596
0.9232888196898018
0.9234719937439015
0.9236727806878186
0.9237520386919964
0.9238876579435894
0.9240426513739816
0.9241448061349218
0.9241835544925198
0.9242610512077158
0.9243561608127292
0.9244530317067242
0.9245780832244269
0.9246731928294403
0.9248334701267776
0.9250113603139322
0.9252156698358126
0.9253178245967529
0.9254463986924191
0.9256753662600438
0.9257440565303312
0.925796895199783
0.9258550177361801
0.9259888756987914
0.9263164754493929
0.9266000429754512
0.9267110041813
0.9268871330794729
0.9270861587344081
0.9272059263851657
0.9273891004392655
0.9274947777781691
0.9275951712501277
0.9277765840152458
0.9278259001067342
0.9278699323312773
0.9279069193998937
0.9279579967803637
0.928021403183706
0.9281147514997375
0.9282257127055864
0.9283877512919054
0.9285110415206265
0.9285991059697128
0.9286906929967628
0.9287312026433425
0.9287787574458491
0.9290711314168161
0.9292331700031351
0.9293494150759292
0.9294550924148328
0.9296329826019875
0.9301173370719628
0.9303286917497702
0.9303533497955143
0.9304132336208931
0.9305294786936872
0.9306228270097188
0.9306968011469514
0.9307971946189099
0.9309081558247588
0.9310085492967173
0.9312709813549949
0.9313520006481544
0.931464723142985
0.9315827295047607
0.9317130648894086
0.9317958454715499
0.9318856712096181
0.9319244195672161
0.9319913485485217
0.9321234452221514
0.9323488902118127
0.932436954660899
0.9325179739540586
0.9326289351599074
0.9326870576963044
0.9327663157004823
0.9329847155342166
0.9330815864282116
0.9331467541205356
0.9332947023950008
0.9335219086736437
0.9338160439335924
0.9339534244741672
0.9341383598172487
0.9344818111686857
0.9345980562414797
0.9348481592768852
0.934978494661533
0.9351546235597059
0.9354963136221612
0.9355984683831015
0.935660113497462
0.9358961262210136
0.9361374228115104
0.9362853710859755
0.9365706999010156
0.936813757780494
0.9369810802337583
0.9370779511277534
0.9371624929988763
0.9372470348699993
0.9373527122089029
0.9374284476351172
0.9375077056392951
0.9375852023544912
0.9376398023129247
0.9378670085915677
0.9379568343296358
0.9380308084668684
0.9380642729575213
0.9381928470531874
0.9383636920844151
0.9384905048910995
0.9386226015647291
0.9386860079680713
0.9387652659722492
0.9388938400679153
0.9389413948704219
0.9390206528745998
0.9391069560347044
0.9391932591948091
0.9392478591532427
0.9393641042260368
0.9395102912115202
0.9395965943716249
0.9396881813986748
0.9398273232282314
0.9399365231450985
0.9400598133738195
0.9401901487584674
0.9402324196940289
0.9402729293406086
0.9403345744549692
0.9403856518354392
0.940542406554813
0.940788987012255
0.9409351739977385
0.9410249997358067
0.94112010934082
0.9411923221890709
0.9412381157025957
0.9413737349541889
0.9416678702141376
0.9417066185717355
0.9418809861809266
0.9424481212330432
0.9427792435616081
0.9429800305055251
0.9430857078444289
0.9432424625638027
0.9434661462644822
0.9436070493830204
0.9437232944558146
0.9437638041023942
0.9438095976159192
0.9439135136658412
0.943966352335293
0.9440103845598363
0.9441143006097582
0.9442375908384792
0.944316848842657
0.9445757583229711
0.9447149001525277
0.9447712613999429
0.9449244935413533
0.9450213644353483
0.9451693127098135
0.9453489641859498
0.9454863447265247
0.9455726478866293
0.9456290091340447
0.9457065058492407
0.9457963315873088
0.9459918346642807
0.9462384151217227
0.9464409633546215
0.946722769591698
0.9467738469721682
0.9468495823983825
0.9469147500907064
0.9469957693838659
0.9470538919202629
0.9473920594047548
0.9475681883029277
0.9477284656002649
0.9479750460577069
0.9481564588228248
0.9483044070972901
0.9484629231056456
0.9487482519206857
0.9488345550807903
0.948920858240895
0.9490282968687804
0.9491234064737938
0.9492643095923321
0.9493558966193819
0.949479186848103
0.949549638407372
0.949854341401211
0.9501255799043973
0.9502101217755202
0.950262960444972
0.9503052313805336
0.9503439797381316
0.9505817537506649
0.9507772568276367
0.9509304889690471
0.9509428179919192
0.9511347984909276
0.9514923401542185
0.9516649464744279
0.9517301141667518
0.9518428366615824
0.9520154429817917
0.9521721977011656
0.9524152555806441
0.9524663329611143
0.9524892297178768
0.9525438296763103
0.9526318941253967
0.9526864940838303
0.952811545601533
0.9528379649362589
0.9528731907158935
0.9529313132522905
0.9529823906327607
0.953019377701377
0.9530546034810116
0.9531056808614816
0.95315499695297
0.9531937453105681
0.9532553904249286
0.9533786806536496
0.9534702676806994
0.9535724224416396
0.9536728159135982
0.953810196454173
0.9539105899261315
0.9539651898845651
0.9540162672650352
0.9540884801132861
0.9541571703835735
0.954199441319135
0.9544196024418511
0.9546203893857681
0.9546591377433661
0.954704931256891
0.9548581633983014
0.9549550342922964
0.9550254858515657
0.9551998534607568
0.9553953565377286
0.9557264788662935
0.9559607303008634
0.9561210075982006
0.9561615172447804
0.9562566268497937
0.9564186654361128
0.956501446018254
0.9565349105089068
0.956637065269847
0.956728652296897
0.9568026264341295
0.9569276779518323
0.9570932391161148
0.9571654519643656
0.9571848261431646
0.9572693680142875
0.9573556711743922
0.9574666323802411
0.9575670258521997
0.9576145806547064
0.9576638967461948
0.9577801418189889
0.9579122384926184
0.9580390512993029
0.9580866061018095
0.9581147867255172
0.958232793087293
0.9582856317567449
0.9582997220685987
0.9583507994490688
0.958459999365936
0.9586678314657799
0.9587136249793049
0.9587911216945009
0.9588439603639528
0.9588897538774777
0.958933786102021
0.9589672505926737
0.9590007150833266
0.9590923021103764
0.9591838891374264
0.9592402503848416
0.9593124632330925
0.9594058115491241
0.9594498437736673
0.9594656953745029
0.9594885921312654
0.9595220566219181
0.9595678501354431
0.9596259726718401
0.9596805726302737
0.9597281274327804
0.9597703983683419
0.9598461337945562
0.9600222626927291
0.9601156110087606
0.9604661075161246
0.9605841138779004
0.9606633718820782
0.9606985976617127
0.960774333087927
0.9608306943353424
0.9608747265598856
0.9609064297615567
0.9609522232750817
0.9609645522979537
0.9610085845224969
0.9610508554580585
0.9611530102189987
0.9612428359570668
0.9612551649799389
0.9612903907595735
0.961352035873934
0.9613855003645868
0.9614172035662579
0.9616408872669374
0.9620107579531004
0.9620935385352416
0.9621305256038579
0.9621868868512732
0.9622203513419261
0.962253815832579
0.9623471641486105
0.9624581253544594
0.9625620414043814
0.9626377768305957
0.9629706604481424
0.9631890602818767
0.9632207634835478
0.9633599053131043
0.9634021762486659
0.9634955245646974
0.963680459907779
0.9637650017789019
0.963932324232166
0.9641436789099734
0.964244072381932
0.9644307690139952
0.964587523733369
0.9646755881824555
0.9648129687230302
0.9649080783280436
0.9650014266440752
0.9650630717584356
0.9651088652719606
0.9652057361659557
0.9653765811971834
0.9653906715090371
0.9654399876005255
0.9655104391597947
0.96556680040721
0.9656108326317532
0.9656214003656436
0.9656812841910224
0.9660423484322767
0.9661480257711804
0.9661603547940525
0.9662325676423034
0.9663100643574994
0.966403412673531
0.966507328723453
0.9667644769147853
0.9668719155426707
0.9669846380375013
0.9670885540874233
0.967162528224656
0.9672153668941078
0.9672805345864317
0.9674126312600614
0.9674460957507142
0.9674936505532209
0.9675764311353621
0.9676257472268505
0.9676415988276861
0.9677279019877908
0.9678511922165117
0.9679234050647626
0.9680132308028307
0.9680731146282096
0.9680977726739537
0.9681294758756248
0.968238675792492
0.9683320241085236
0.9685803658549473
0.9687195076845039
0.9689114881835122
0.9689238172063843
0.9689502365411102
0.9690858557927033
0.9691633525078994
0.969249655668004
0.9693218685162549
0.9693729458967251
0.9694028878094144
0.9694363523000673
0.9694944748364643
0.9697128746701986
0.9699224680590243
0.9700052486411656
0.970066893755526
0.9700827453563616
0.9701496743376673
0.9701743323834114
0.9702377387867537
0.9703152355019498
0.970533635335684
0.9708964608659201
0.9709669124251893
0.9710444091403853
0.9710902026539102
0.9711765058140149
0.9713772927579319
0.9715164345874885
0.9715727958349039
0.9715939313026846
0.9716661441509354
0.971720744109369
0.9717454021551132
0.9717630150449305
0.9717859118016929
0.9719567568329206
0.9720659567497878
0.9721082276853492
0.9721469760429473
0.9722368017810155
0.9723495242758461
0.9725256531740188
0.9726260466459774
0.972673601448484
0.9727176336730272
0.9728374013237848
0.9731121624049345
0.9734926008249878
0.9735595298062935
0.9736370265214895
0.9738501424882786
0.973938206937365
0.9741883099727705
0.9743732453158519
0.9745458516360613
0.9748382256070283
0.9748769739646262
0.9749051545883339
0.9749879351704751
0.9749896964594569
0.975164064068648
0.9752098575821729
0.975287354297369
0.9754000767921996
0.9754828573743408
0.9755955798691714
0.9757100636529838
0.97583863774865
0.9760235730917315
0.9760781730501651
0.9762631083932465
0.9764110566677117
0.9764920759608712
0.9765977532997749
0.9767051919276604
0.9767685983310026
0.9767914950877651
0.9768513789131438
0.9769130240275042
0.9769693852749196
0.9770098949214994
0.9772036367094895
0.9773339720941374
0.9773920946305344
0.9776650944227023
0.9777690104726243
0.9779380942148702
0.9779874103063586
0.9780226360859932
0.9780508167097008
0.9782692165434351
0.9784136422399369
0.9784559131754984
0.9785703969593107
0.9788645322192594
0.978950835379364
0.9789983901818707
0.9790388998284505
0.9790565127182678
0.9791111126767014
0.9791480997453176
0.979204460992733
0.9792643448181116
0.9793347963773809
0.9793488866892347
0.9794105318035952
0.9794492801611931
0.9794598478950836
0.9794704156289739
0.9795003575416633
0.9795443897662065
0.9796113187475122
0.9796447832381651
0.9797698347558678
0.9798807959617166
0.9799864733006203
0.9800305055251636
0.9800586861488711
0.9800833441946154
0.98011856997425
0.9801784537996288
0.9802172021572267
0.9802841311385324
0.9803704342986371
0.9803986149223448
0.9804567374587418
0.9805712212425541
0.9806733760034944
0.9808195629889779
0.9808706403694479
0.9808829693923201
0.9809058661490826
0.9809516596626074
0.9810150660659497
0.9811207434048534
0.9813056787479348
0.981557543072322
0.9815874849850115
0.9816579365442806
0.9817407171264217
0.9817900332179101
0.9818499170432889
0.9818745750890332
0.9819591169601561
0.9820418975422973
0.982077123321932
0.9821563813261097
0.982219787729452
0.9822338780413058
0.9822426844862144
0.9822726263989038
0.9824769359207842
0.9825808519707062
0.9826196003283043
0.9826636325528475
0.9828151034052761
0.9828697033637097
0.9829894710144672
0.9830511161288277
0.9831585547567131
0.9831779289355121
0.9832272450270005
0.983250141783763
0.98325718693969
0.9832677546735803
0.9833029804532148
0.9835266641538943
0.9837010317630855
0.9839123864408928
0.9839810767111803
0.9840268702247053
0.9840568121373946
0.9841043669399013
0.984125502407682
0.9841765797881522
0.9842364636135309
0.9842611216592752
0.9842981087278915
0.9843421409524347
0.9844407731354115
0.9845851988319132
0.9846274697674746
0.9846662181250726
0.9846926374597986
0.9847120116385976
0.984838824445282
0.9849075147155695
0.9849445017841857
0.9851347209942124
0.9852104564204267
0.9852580112229334
0.9853249402042391
0.9854975465244484
0.9856349270650233
0.9856683915556761
0.9856930496014203
0.9857159463581828
0.9857388431149452
0.9857687850276347
0.9857899204954154
0.9859149720131181
0.9859907074393324
0.9860259332189669
0.986045307397766
0.9860593977096198
0.9861316105578707
0.9861862105163043
0.98625313949761
0.9862760362543724
0.9863588168365136
0.9864821070652346
0.9864997199550519
0.9865155715558874
0.9868713519301966
0.9869171454437216
0.986978790558082
0.9870210614936435
0.987082706608004
0.9871848613689442
0.9871971903918163
0.9872605967951585
0.987283493551921
0.9874032612026785
0.9874208740924959
0.9874543385831487
0.987530074009363
0.9875600159220524
0.9875776288118697
0.9876040481465956
0.9876956351736454
0.9877872222006954
0.9878206866913481
0.9878664802048731
0.9879474994980326
0.9880390865250825
0.9880901639055526
0.9881183445292603
0.988146525152968
0.9881711831987121
0.9882187380012188
0.9883402669409581
0.988412479789209
0.98844418299088
0.9885516216187655
0.9886238344670163
0.9887048537601758
0.9887365569618469
0.988775305319445
0.9888299052778786
0.9888510407456593
0.9889021181261294
0.9889496729286361
0.988969047107435
0.9890042728870697
0.9890324535107773
0.989067679290412
0.9891398921386627
0.9892332404546944
0.9893935177520317
0.9895062402468623
0.9896031111408573
0.9896489046543823
0.9896682788331813
0.9897070271907793
0.9897510594153225
0.9897845239059754
0.9898109432407013
0.9898426464423724
0.989877872222007
0.9898884399558974
0.9899025302677511
0.9900804204549057
0.990182575215846
0.9902283687293709
0.9902847299767862
0.9903129106004939
0.9903252396233659
0.9903798395817995
0.9904555750080138
0.9905471620350638
0.9905788652367349
0.9905947168375704
0.9906546006629492
0.9906986328874924
0.9907250522222183
0.990746187689999
0.9908518650289028
0.9909047036983546
0.9909311230330805
0.9910244713491121
0.9911248648210707
0.9912323034489561
0.9914137162140741
0.9915017806631605
0.9915475741766855
0.9916620579604978
0.9917008063180959
0.9917237030748584
0.9917413159646756
0.991771257877365
0.9918064836569995
0.991829380413762
0.9918381868586706
0.9918698900603418
0.9919421029085926
0.991972044821282
0.9919984641560079
0.9921217543847289
0.9921957285219615
0.9922485671914134
0.9922785091041028
0.99229612199392
0.9923172574617007
0.9924423089794034
0.9926589475241561
0.9926747991249917
0.9926959345927724
0.9927364442393521
0.9928773473578903
0.9929196182934519
0.9929407537612326
0.9930006375866114
0.9930252956323555
0.9930323407882825
0.9930376246552277
0.9930605214119902
0.9931098375034786
0.9931485858610766
0.9931750051958025
0.9932155148423822
0.9932736373787793
0.993301818002487
0.9933123857363773
0.993359940538884
0.9934127792083358
0.993625895175125
0.9937174822021748
0.9937562305597729
0.9937949789173709
0.9938125918071882
0.9938372498529324
0.993884804655439
0.9939094627011832
0.9939834368384158
0.994073262576484
0.9940943980442647
0.9941261012459358
0.9941789399153876
0.9942124044060405
0.9942317785848396
0.9943092753000355
0.9944572235745007
0.9944977332210805
0.9945135848219161
0.994532959000715
0.9945540944684959
0.9947073266099062
0.994786584614084
0.9948411845725176
0.9948799329301156
0.9949045909758598
0.9949398167554944
0.9949627135122568
0.9949908941359644
0.9950049844478183
0.9950278812045807
0.9950507779613432
0.9950930488969048
0.9951194682316307
0.9951353198324662
0.9951529327222834
0.9951705456121007
0.9951846359239546
0.9952321907264613
0.9952568487722054
0.9952973584187852
0.9954065583356524
0.9954840550508484
0.9955034292296474
0.9955756420778983
0.9956055839905876
0.9956320033253137
0.9956584226600396
0.9957024548845828
0.9957640999989432
0.9958098935124682
0.9958292676912672
0.9958521644480296
0.9958662547598834
0.9958961966725729
0.9959102869844266
0.9959243772962805
0.9959367063191527
0.9959455127640613
0.9959578417869334
0.9959648869428602
0.995986022410641
0.9959948288555497
0.9960106804563852
0.9960230094792573
0.9960370997911111
0.9960652804148188
0.9961075513503803
0.9961374932630697
0.9961621513088138
0.9962044222443753
0.9962625447807724
0.9963030544273521
0.9963329963400415
0.9963470866518953
0.9963717446976396
0.996394641454402
0.996414015633201
0.9964580478577442
0.9965003187933057
0.9965214542610864
0.9965496348847941
0.996621847733045
0.9966641186686064
0.9967063896041679
0.9967733185854736
0.9968138282320533
0.9968472927227062
0.9969089378370667
0.9969705829514272
0.9970480796666232
0.9971114860699655
0.9971361441157096
0.9971836989182163
0.9972030730970153
0.9972101182529423
0.9972101182529423
0.9972189246978509
0.9972277311427595
0.9972594343444307
0.9972840923901748
0.9973228407477729
0.9973510213714805
0.9973985761739872
0.9974179503527861
0.9974602212883477
0.9974778341781649
0.9975148212467813
0.9976839049890271
0.9977878210389491
0.9978089565067298
0.9978160016626568
0.997847704864328
0.9978794080659991
0.9979111112676702
0.9979498596252682
0.9979745176710123
0.9980185498955556
0.9980449692302815
0.998152407858167
0.9982404723072533
0.998261607775034
0.9982792206648514
0.9983514335131022
0.9983796141368099
0.9984060334715358
0.9984130786274628
0.9984430205401521
0.9984940979206223
0.9985398914341471
0.9985944913925807
0.9986402849061057
0.998657897795923
0.9987001687314845
0.9987653364238084
0.9988040847814065
0.9988252202491872
0.9988639686067852
0.9989097621203101
0.9989608395007803
0.9989960652804148
0.9990471426608849
0.999066516839684
0.9990982200413551
0.9991651490226607
0.9991950909353501
0.9992444070268385
0.9992655424946193
0.9992849166734182
0.9993747424114864
0.9994540004156642
0.9994716133054815
0.9994980326402074
0.9995015552181709
0.9995156455300247
0.9995543938876227
0.9996089938460563
0.9996794454053254
0.99971467118496
0.9997252389188503
0.9997446130976494
0.9997639872764484
0.9998080195009916
0.9998203485238637
0.999845006569608
0.9998802323492425
0.9999225032848039
0.9999489226195298
0.9999735806652741
1.0000070451559269
1.0000563612474154
1.0000951096050132
1.0001197676507576
1.0001743676091912
1.0002095933888258
1.0002360127235517
1.000258909480314
1.0002958965489304
1.0003293610395831
1.0003540190853275
1.000389244864962
1.000401573887834
1.0004438448233957
1.0004526512683043
1.0004773093140484
1.0004825931809935
1.000538954428409
1.0006393479003675
1.0006516769232394
1.0006622446571298
1.000693947858801
1.000720367193527
1.000739741372326
1.0008207606654855
1.0008700767569738
1.0009070638255901
1.0009370057382796
1.0009475734721698
1.0009722315179141
1.0010162637424573
1.0010726249898725
1.0011131346364524
1.0011325088152514
1.0011765410397946
1.0014882891895605
1.001523514969195
1.0015516955929027
1.0015657859047566
1.0015763536386468
1.0015851600835555
1.001608056840318
1.001653850353843
1.0016714632436603
1.0016961212894044
1.001726063202094
1.0017841857384908
1.0018652050316503
1.0019233275680475
1.001944463035828
1.001977927526481
1.0020272436179694
1.0020783209984394
1.0021047403331653
1.0021346822458548
1.0021505338466903
1.002166385447526
1.0021734306034529
1.002178714470398
1.002192804782252
1.0022209854059596
1.002249166029667
1.0022967208321738
1.002340753056717
1.0023742175473698
1.0024182497719132
1.0024693271523832
1.0025186432438715
1.0025415400006341
1.0025767657802687
1.0025855722251773
1.0026296044497205
1.0026542624954646
1.0026701140963001
1.002705339875935
1.0027211914767704
1.0027388043665877
1.0027476108114963
1.0027634624123318
1.002788120458076
1.0029554429113403
1.0030258944706094
1.003066404117189
1.0031192427866409
1.003163275011184
1.003203784657764
1.003274236217033
1.0033570167991743
1.0033869587118638
1.003430990936407
1.0034697392940048
1.0034926360507674
1.0035032037846578
1.0035349069863289
1.0035965521006893
1.0037568293980266
1.003786771310716
1.0038008616225698
1.003813190645442
1.003858984158967
1.0039523324749986
1.0040562485249205
1.004117893639281
1.0042323774230932
1.0042764096476364
1.004396177298394
1.0044666288576631
1.0044754353025718
1.0044948094813708
1.0045423642838776
1.0046163384211102
1.004630428732964
1.0046445190448177
1.0046533254897263
1.004714970604087
1.0047378673608494
1.0047431512277945
1.0047484350947398
1.004766047984557
1.0048206479429906
1.0048523511446616
1.0048910995022597
1.0049122349700406
1.0049492220386567
1.0049967768411634
1.0050302413318162
1.0050372864877433
1.0050566606665423
1.005090125157195
1.005090125157195
1.0050936477351584
1.0050989316021037
1.005128873514793
1.005167621872391
1.0051781896062815
1.0051905186291537
1.0052169379638796
1.0052574476104592
1.0052891508121304
1.005317331435838
1.0053490346375091
1.0053807378391801
1.0054159636188147
1.0054388603755773
1.0054582345543763
1.0054899377560473
1.00551283451281
1.0055498215814263
1.0056519763423664
1.005711860167745
1.0058069697727585
1.005842195552393
1.0058774213320276
1.0059091245336989
1.0059690083590775
1.006011279294639
1.0060271308954745
1.0060482663632553
1.0061116727665975
1.006173317880958
1.0061909307707753
1.0062208726834647
1.0062737113529165
1.0062930855317156
1.0063054145545876
1.0063124597105146
1.0063247887333866
1.0063283113113501
1.006381149980802
1.006412853182473
1.0064375112282173
1.0064692144298883
1.006523814388322
1.0065308595442488
1.0065608014569383
1.0065801756357373
1.0066048336814815
1.0066382981721342
1.0066471046170429
1.006678807818714
1.0066999432864947
1.0067069884424218
1.0067122723093669
1.006717556176312
1.0067263626212206
1.0067334077771477
1.006743975511038
1.0067545432449283
1.0067739174237273
1.0067880077355813
1.0068126657813254
1.006828517382161
1.0068549367168869
1.0068707883177224
1.006874310895686
1.0068901624965214
1.0069024915193936
1.0070310656150596
1.0070927107294203
1.0071208913531278
1.0071561171327625
1.0071966267793422
1.007203671935269
1.007210717091196
1.0072265686920316
1.00727588478352
1.0073040654072276
1.0073199170080631
1.0073533814987161
1.0073815621224236
1.0074079814571495
1.0074344007918756
1.0074643427045649
1.0074995684841994
1.007508374929108
1.0075242265299438
1.0075559297316148
1.0075982006671762
1.007677458671354
1.0076985941391348
1.007730297340806
1.0077549553865501
1.007767284409422
1.0077796134322943
1.0077901811661847
1.0078025101890569
1.0078183617898924
1.0078254069458192
1.0078447811246183
1.0078764843262893
1.007892335927125
1.0079134713949056
1.0079293229957411
1.007943413307595
1.0079627874863941
1.0079804003762114
1.0079874455321383
1.0080138648668642
1.008035000334645
1.0080526132244623
1.0080561358024256
1.0080631809583525
1.008086077715115
1.0080948841600237
1.0081019293159506
1.008105451893914
1.008105451893914
1.0081142583388227
1.0082058453658727
1.008228742122635
1.0082674904802331
1.0082851033700504
1.0083080001268128
1.0083168065717214
1.0083573162183013
1.0084066323097896
1.0084242451996068
1.0084541871122963
1.0084718000021136
1.0084788451580404
1.008501741914803
1.0085228773825836
1.0085387289834191
1.008573954763054
1.0086197482765786
1.0086479289002863
1.0086584966341767
1.008670825657049
1.0086813933909393
1.00870252885872
1.0087166191705739
1.0087324707714094
1.0087553675281717
1.0087712191290075
1.0088082061976236
1.0088117287755871
1.0088205352204958
1.0088205352204958
1.0088293416654044
1.008852238422167
1.0088680900230025
1.008878657756893
1.0088945093577284
1.0089050770916188
1.0089209286924543
1.0089596770500524
1.008980812517833
1.0090037092745956
1.0090177995864493
1.0090230834533946
1.0090635930999743
1.0090706382559012
1.009091773723682
1.0090935350126637
1.009104102746554
1.0091604639939693
1.0091763155948048
1.0092097800854578
1.0092291542642569
1.0092379607091655
1.0092467671540741
1.009259096176946
1.0092643800438914
1.0093031284014893
1.00932426386927
1.0093365928921423
1.0093542057819596
1.0093647735158497
1.0093788638277037
1.0093911928505757
1.009401760584466
1.00941585089632
1.0094176121853018
1.009442270231046
1.0094510766759546
1.009461644409845
1.0094774960106805
1.0094845411666074
1.009512721790315
1.0095215282352237
1.0095461862809678
1.0095549927258765
1.0095567540148582
1.009563799170785
1.009570844326712
1.0096148765512554
1.0096148765512554
1.009628966863109
1.0096377733080177
1.0096518636198715
1.00966067006478
1.0096694765096887
1.0096800442435792
1.0096835668215427
1.0097117474452504
1.0097117474452504
1.0097223151791408
1.0097293603350677
1.0097381667799763
1.0097416893579396
1.0097487345138667
1.009766347403684
1.009766347403684
1.009778676426556
1.009798050605355
1.0098350376739713
1.0098561731417521
1.0098614570086972
1.0098720247425876
1.0098984440773136
1.0099107731001857
1.0099231021230577
1.0099459988798203
1.0099724182145462
1.010005882705199
1.010032302039925
1.0100745729754863
1.0100851407093767
1.010097469732249
1.010102753599194
1.0101186052000295
1.0101309342229017
1.010141501956792
1.010153830979664
1.0101661600025362
1.010199624493189
1.0102084309380976
1.0102295664058785
1.010238372850787
1.0102418954287506
1.0102683147634766
1.0102947340982025
1.0102964953871842
1.0103053018320929
1.0103123469880197
1.0103176308549648
1.0103281985888553
1.0103387663227457
1.0103510953456178
1.0103634243684898
1.0103775146803438
1.0104180243269234
1.0104356372167407
1.0104602952624848
1.010477908152302
1.0104972823311011
1.0105096113539733
1.010518417798882
1.010530746821754
1.010543075844626
1.01055716615648
1.0105624500234252
1.0105747790462973
1.0105871080691693
1.0106011983810232
1.0106064822479683
1.0106117661149134
1.0106135274038952
1.0106170499818588
1.010620572559822
1.0106557983394568
1.0106769338072374
1.0106980692750183
1.0107702821232691
1.010782611146141
1.0107843724351229
1.0107878950130864
1.0107914175910497
1.0108125530588306
1.010823120792721
1.0108266433706845
1.010861869150319
1.01089357235199
1.0109182303977342
1.010939365865515
1.0109499335994054
1.0109569787553323
1.010958740044314
1.0109763529341314
1.0109886819570033
1.0109922045349669
1.010997488401912
1.0110080561358024
1.0110186238696928
1.0110327141815467
1.0110450432044187
1.0110520883603455
1.0110732238281264
1.0110890754289619
1.0111049270297976
1.0111137334747062
1.01112782378656
1.011147197965359
1.0111648108551763
1.0111824237449936
1.0111877076119387
1.0111894689009204
1.0112017979237926
1.0112264559695368
1.011244068859354
1.011289862372879
1.0113057139737145
1.0113109978406598
1.0113180429965867
1.0113321333084404
1.011355030065203
1.011360313932148
1.011381449399929
1.011400823578728
1.011425481624472
1.0114501396702162
1.011457184826143
1.0114730364269786
1.0114800815829057
1.0114941718947594
1.0114959331837412
1.011497694472723
1.0115047396286498
1.0115205912294853
1.0115505331421748
1.011575191187919
1.0115875202107911
1.0115980879446815
1.0116016105226449
1.0116033718116266
1.0116104169675535
1.011613939545517
1.0116368363022794
1.0116438814582063
1.011645642747188
1.0116509266141334
1.011665016925987
1.0116808685268226
1.0116843911047861
1.011691436260713
1.0117020039946034
1.0117037652835852
1.0117125717284938
1.0117196168844207
1.0117249007513658
1.011737229774238
1.0117513200860917
1.0117583652420188
1.0117689329759092
1.0117865458657265
1.0117935910216533
1.011795352310635
1.0118006361775802
1.0118164877784157
1.011821771645361
1.0118376232461965
1.011867565158886
1.0118710877368493
1.0118746103148129
1.0118781328927762
1.0118834167597215
1.0118851780487033
1.0118922232046301
1.011893984493612
1.0118957457825934
1.011904552227502
1.0119151199613925
1.0119274489842647
1.0119397780071366
1.0119521070300088
1.0119626747638992
1.0119714812088079
1.0119802876537165
1.0119890940986251
1.0119979005435338
1.0119996618325156
1.0120137521443693
1.0120278424562232
1.0120313650341866
1.01203488761215
1.01203488761215
1.0120472166350223
1.012056023079931
1.0120595456578942
1.0120648295248396
1.0120736359697482
1.0120771585477115
1.0120824424146568
1.0120965327265106
1.0121176681942914
1.0121264746392
1.0121317585061451
1.012133519795127
1.0121476101069806
1.012158177840871
1.0121634617078163
1.0121705068637432
1.01217755201967
1.0121810745976336
1.012184597175597
1.0121898810425423
1.0122022100654142
1.0122127777993046
1.0122180616662497
1.0122268681111584
1.0122321519781037
1.0122374358450488
1.012249764867921
1.0122638551797747
1.0122726616246833
1.0122761842026469
1.0122797067806104
1.0122990809594092
1.0123026035373728
1.01232021642719
1.0123290228720987
1.0123378293170073
1.0123536809178428
1.01236072607377
1.0123642486517332
1.0123677712296968
1.0123677712296968
1.0123783389635872
1.0123818615415505
1.0123818615415505
1.0123836228305323
1.012385384119514
1.0123941905644227
1.0124100421652582
1.0124135647432217
1.0124258937660937
1.012438222788966
1.012443506655911
1.0124593582567467
1.0124593582567467
1.0124664034126736
1.012469925990637
1.0124716872796187
1.0124716872796187
1.0124734485686004
1.0124734485686004
1.0124734485686004
1.012482255013509
1.01250339048129
1.0125104356372168
1.01251395821518
1.0125262872380523
1.0125368549719427
1.0125421388388878
1.012547422705833
1.01255446786176
1.0125632743066686
1.0125650355956504
1.0125685581736137
1.012573842040559
1.0125826484854676
1.012593216219358
1.0125985000863031
1.0126090678201936
1.0126108291091753
1.0126108291091753
1.0126108291091753
1.012612590398157
1.0126178742651022
1.0126231581320473
1.0126302032879744
1.0126372484439012
1.0126495774667732
1.012651338755755
1.0126566226227003
1.0126583839116818
1.0126583839116818
1.0126601452006636
1.0126671903565905
1.012670712934554
1.0126742355125176
1.0126795193794627
1.0126830419574262
1.0126830419574262
1.0126848032464077
1.0126918484023348
1.0127006548472435
1.0127112225811339
1.012716506448079
1.012721790315024
1.0127270741819694
1.0127288354709512
1.0127305967599327
1.0127305967599327
1.0127341193378963
1.012735880626878
1.0127411644938231
1.012742925782805
1.0127464483607684
1.01274820964975
1.0127517322277135
1.012755254805677
1.0127587773836404
1.0127587773836404
1.012762299961604
1.0127640612505857
1.0127693451175308
1.012774628984476
1.0127781515624394
1.0127781515624394
1.0127799128514212
1.012786958007348
1.0127904805853116
1.012794003163275
1.0128045708971654
1.0128063321861471
1.0128168999200375
1.0128204224980009
1.0128221837869826
1.0128239450759644
1.0128257063649462
1.0128292289429095
1.012832751520873
1.0128345128098548
1.0128415579657817
1.0128433192547635
1.0128450805437452
1.0128468418327268
1.0128538869886539
1.0128609321445807
1.0128626934335625
1.0128626934335625
1.0128626934335625
1.0128697385894894
1.0128697385894894
1.0128697385894894
1.0128750224564345
1.0128767837454162
1.012878545034398
1.012878545034398
1.012883828901343
1.0128855901903249
1.0128926353462517
1.012897919213197
1.0128996805021788
1.0129014417911604
1.012910248236069
1.012917293391996
1.0129190546809776
1.0129225772589412
1.0129225772589412
1.0129278611258863
1.0129278611258863
1.012929622414868
1.0129384288597767
1.0129454740157036
1.012956041749594
1.0129595643275575
1.0129613256165393
1.0129648481945026
1.012970132061448
1.0129789385063566
1.0129824610843199
1.0129859836622834
1.0129877449512652
1.0129912675292285
1.0130000739741372
1.0130000739741372
1.0130000739741372
1.0130000739741372
1.013001835263119
1.0130035965521007
1.0130053578410825
1.0130106417080276
1.0130124029970093
1.0130159255749729
1.0130159255749729
1.0130159255749729
1.0130247320198815
1.013026493308863
1.0130300158868266
1.0130317771758084
1.0130352997537717
1.0130352997537717
1.0130388223317353
1.0130388223317353
1.013040583620717
1.013040583620717
1.0130458674876621
1.013047628776644
1.013047628776644
1.0130493900656257
1.0130511513546074
1.0130564352215525
1.0130581965105343
1.0130617190884976
1.0130652416664612
1.0130687642444247
1.0130687642444247
1.0130740481113698
1.0130758094003516
1.0130775706893334
1.0130810932672967
1.0130810932672967
1.0130810932672967
1.0130810932672967
1.0130810932672967
1.0130810932672967
1.0130810932672967
1.0130810932672967
1.0130810932672967
1.0130810932672967
1.0130810932672967
