0.00214172740178172
0.002789881747057767
0.0031967395018370243
0.005338466903618744
0.008450664534332806
0.009121715636371323
0.009449315386972803
0.010104514888175762
0.010615288692876996
0.011076746406089832
0.011552294431156497
0.011957390896954027
0.012637248443901185
0.013022970730899702
0.013313583412884886
0.013785608859988094
0.014405582581556487
0.016230277966627096
0.017082741833783638
0.017880605742506595
0.01995364287400091
0.021133706491758927
0.021848789818340656
0.02307816952758707
0.024022220421793486
0.025248077553076443
0.026190367158301132
0.02753599194034162
0.028425442876114454
0.030325873687399387
0.03284627822025271
0.035505824582662576
0.03688315256637417
0.03805969360616874
0.039748769739646264
0.04165976828482156
0.04265665784847983
0.04485650778665859
0.045515229865825006
0.0481888665400887
0.04916109805800277
0.0501932134012956
0.050834322590644736
0.05414202329833065
0.05669765361081854
0.059284987124977546
0.060637657062944945
0.061137863133755806
0.06262439103433456
0.06388371265627037
0.06468862172092024
0.06523462130525604
0.06643934296875825
0.06747145831205109
0.0685141413892343
0.07084961057900614
0.07264436405138737
0.07431758858402934
0.07518238147405798
0.07592740671332908
0.07719025091322834
0.0789127915373587
0.0809541254671819
0.08164455074801943
0.08197567307658436
0.08297432392922437
0.08395007802510189
0.08488003860745448
0.08569903798395818
0.0862520827242209
0.08710102401341398
0.08783019765184953
0.0886967518308599
0.08965489303692013
0.09065354388956014
0.09155180127024161
0.09207138151985149
0.09322326451390185
0.09424833470126777
0.09628086218618234
0.09844020247778133
0.10139564538912157
0.10334010842494971
0.10503975229231761
0.10680808642997291
0.1086680075946781
0.11007527749107907
0.11129232817745338
0.1128633979491551
0.11380921013234326
0.11499808019500991
0.11555640880221782
0.11619047283564003
0.1166783498835788
0.11748149765924694
0.11776330389632349
0.11841850339752645
0.12025728909445088
0.12139860435461088
0.12263502921978421
0.12430649246344445
0.1254090593660064
0.12667542614386912
0.12732710306710862
0.12769345117530814
0.12855119890940986
0.12918526294283209
0.12961501745437382
0.13035475882669972
0.1311596678913496
0.13173560938837478
0.13215655745500787
0.13291391171715108
0.13395307221637082
0.13464878136415354
0.1355646516346523
0.13610536735204293
0.137933585315077
0.13968078398495154
0.14040819633440538
0.14105987325764488
0.14180842107487943
0.1424442463972834
0.1428916137986424
0.14310649105441325
0.1435802777904982
0.14431121271791547
0.14487658648105028
0.14532571517139103
0.1459192695582335
0.14713808153358954
0.1481772420328093
0.14917413159646756
0.15011113733474707
0.15090900124347
0.15296266419616533
0.15398245051658604
0.15464469517371593
0.15531574627575445
0.15630735197246753
0.15700306112025025
0.15773751862563098
0.15819897633884383
0.15865338889612973
0.15932267870918654
0.1605925680650127
0.16177087039378898
0.16274134062272133
0.16389850748371687
0.1654449192096744
0.16698076320174157
0.168981587484985
0.16984109650806847
0.17077281837940278
0.17113564390963884
0.17198810777679538
0.1725305847831677
0.17354332594766153
0.1747145831205109
0.17568505334944326
0.17617293039738202
0.17715396836020472
0.17770172923352226
0.1782318772170225
0.1784044835372319
0.17869157364125363
0.17908610237316078
0.18003191455634893
0.1807628494837662
0.1819975130599578
0.1825382287773484
0.18300497035750643
0.18429247260314988
0.1867617997555331
0.1875579023752743
0.1884808178017
0.18949355896619383
0.19207560861340764
0.19442869069299676
0.19614770873916368
0.1965404761820891
0.19731192075608614
0.1982154620037128
0.1998411317338481
0.20086972449917748
0.2019758139797029
0.20277720046638933
0.20352750957260562
0.20516726961459475
0.2059475206335004
0.20778454504144314
0.20811214479204462
0.20870217660092363
0.2090491505303241
0.20951060824353696
0.21040358175727325
0.21138990358704113
0.21258229622767125
0.21321636026109347
0.21335550209065002
0.21384690171655224
0.21435767552125348
0.21518195876470236
0.21576494541765445
0.21633384175875273
0.21642014491885742
0.21749981506465693
0.2186710722375063
0.21939672329797838
0.21995681319416802
0.22037423868283765
0.22133061859991615
0.22199990841297296
0.22347234600169788
0.22368898454645048
0.22421560995198725
0.22462070641778478
0.22567219593987664
0.22668845968233392
0.22791607810259862
0.22836344550395762
0.22891296766625688
0.22971435415294328
0.23059852122177094
0.231532004382087
0.23229111993321191
0.23299563552590327
0.23420387976736895
0.23498765336423807
0.2354667239672682
0.23597749777196944
0.23832177340664992
0.23930809523641783
0.2404969652990845
0.24198349319966325
0.24266687332457385
0.2438539820982588
0.24416044638107953
0.24488081357460645
0.24530352293022126
0.24584423864761187
0.24649239299288792
0.24714406991612742
0.2484157205609353
0.24943198430339258
0.24984588721409876
0.25039717066537975
0.25086215095655606
0.25133946027060444
0.2520915306658025
0.2529950719134291
0.2539584969864346
0.2547545996061758
0.2554115603963605
0.25600687607218464
0.2565352627667032
0.2585572225177274
0.2593409961145965
0.25979188609391896
0.2608275240151753
0.2617416329966923
0.2632581028099604
0.2648080371138814
0.2655741978209333
0.2665975067193175
0.2674869576550903
0.26834470538919203
0.26894178235399796
0.2701975813979703
0.27116100647097574
0.27164712222993276
0.2722706185294646
0.2731706371991278
0.2734718176150034
0.27416576547380433
0.2747892617733362
0.27572802880059744
0.2761736349129747
0.27690280855141025
0.27731495017313473
0.2785795556620157
0.2797543354128285
0.28139585674379936
0.282669268677589
0.28428613196281566
0.28540278917723144
0.2869333493023534
0.28755508431290355
0.2881539225666912
0.28922302497860036
0.2897901600307169
0.29112697836784873
0.29178570044701513
0.292039326060384
0.29263992560315344
0.2934941507592917
0.2943342856035761
0.29550025890948034
0.2972439350013914
0.29825491487690353
0.29943673978364327
0.30105536435785163
0.3016682929234931
0.303225272383341
0.3042926135062684
0.30614196693708323
0.30704374689572816
0.3073942434030921
0.30793495912048274
0.30888429388163435
0.3094655192456047
0.30981601575296863
0.31046593138722645
0.3109062536326585
0.3114469693500491
0.3123258525519316
0.31283838764561456
0.3132082583317775
0.3140061222405005
0.31619364315580717
0.31766608074453206
0.3184868414100175
0.31884262178432665
0.31942560843727874
0.3197408791650081
0.3198958725954002
0.3201512594977508
0.32080293642099034
0.3220147032404195
0.32268927692042143
0.3231753926793785
0.32357168270026737
0.3240648436151513
0.3246848173367197
0.3260269195407967
0.32668388033098145
0.32696392527907625
0.32731266049745844
0.3277318472751098
0.3292641686892135
0.3310606834505765
0.33267754673580313
0.3338611329315246
0.3347875709359137
0.3356664541377962
0.33676725975137645
0.33757921397195323
0.3380582845749834
0.33894421293279275
0.33972094137373493
0.34154387546982384
0.34447466033541985
0.34726101950451416
0.34793559318451617
0.3487369796712026
0.34949081135538235
0.35008964960917
0.35069024915193936
0.35189320952645986
0.3528460668655749
0.3535664340591018
0.3542181109823413
0.3547605879887137
0.35592303871665437
0.35763677289587614
0.35883797198141487
0.3599246872831413
0.3604900610462761
0.3613442862024144
0.36271280774121734
0.3641077486147462
0.3646784062448262
0.3654287153510425
0.36584790212869384
0.36654184998749484
0.3674242557673408
0.36874346121465534
0.36897419007126175
0.3694497380963284
0.37032157614228395
0.37122159481194716
0.371767594396283
0.3722783682009842
0.37300754183941975
0.3735059866212489
0.3739709669124252
0.37438310853414963
0.375087624126841
0.37564947531201237
0.37671681643493976
0.3775375771004252
0.37847986670564987
0.3792882983482632
0.3798431043775076
0.3804014329847155
0.3811006647104617
0.38156388371265626
0.38212573489782764
0.38258190874409526
0.38296763103109377
0.3834132371434711
0.3843872299503669
0.38483811992968936
0.385229126083633
0.3861626092439491
0.3875786855852587
0.3880383820094898
0.38845580749815944
0.39084411535738317
0.392770965503394
0.39364808741629476
0.39507120891353126
0.3961156532796962
0.39652603361243893
0.39709845253150067
0.39788750999531497
0.39939341207469276
0.4005276821789258
0.40093982380065024
0.4014488363163698
0.40201244879052284
0.40266412571376237
0.40283497074499003
0.4033298929488557
0.40365573141047545
0.4041982084168478
0.40483227245027
0.4053025366083915
0.4057305298309515
0.40621136172296335
0.4075569865050038
0.4098396170253238
0.4111306418489307
0.4126559181071075
0.41344145299295837
0.4143203361948408
0.41509530334680134
0.4156641996878996
0.4160235026401722
0.41734799195443195
0.41774780455328425
0.4179679656760003
0.4184012427655055
0.41875702313981467
0.4191674034725574
0.4197362998136556
0.42037740900300474
0.4210061891694818
0.4214694081716764
0.4216737176935568
0.42209466576018995
0.4228502587333514
0.42335398738212576
0.42386299989784526
0.4241571351577939
0.42451996068802994
0.42543935353649215
0.4256912178608793
0.4261984690876171
0.42669867515842796
0.42718302962840327
0.42763039702976224
0.4282891191089287
0.42909226688459684
0.42959599553337113
0.43009267902621856
0.4305594206063766
0.4307478785274215
0.4311811556169267
0.43169369071060965
0.43233127732199533
0.4330903928731203
0.43389001807082495
0.43424755973411583
0.4352779137884269
0.4364562161172032
0.43721180909036467
0.43776837640859084
0.43827738892431034
0.4391175237685948
0.4401866261805039
0.4405124646421237
0.44096687719940963
0.4414565155363301
0.4415357735405079
0.4416467347463568
0.4421592698400397
0.44264890817696023
0.4436281848508012
0.4442041263478264
0.44466558406103923
0.44560963495524564
0.4464392020656397
0.44762631083932464
0.44840127799128515
0.4489243808188585
0.4494650965362491
0.44991070264862637
0.45026824431191725
0.450528915081213
0.4509868502164624
0.4517125012769345
0.45237826851202784
0.453077500237774
0.45355304826284065
0.45432273154785596
0.4550536664752733
0.4555133628995044
0.45603294314911424
0.45682200061292855
0.4574384517565335
0.4581165480144989
0.4582680188669276
0.45898662477147273
0.45979857899204957
0.46067393961596853
0.46163031953304706
0.462532099491692
0.4631767312590046
0.4636240986603636
0.4640890789515399
0.46499790406611174
0.4656020261868446
0.46615330963812557
0.4666975479334796
0.46743024414987866
0.46770324394204654
0.46814004360951517
0.4683883853559389
0.46862263679050875
0.4692707911357848
0.4704473321755794
0.4710391252734401
0.47156751196795865
0.4724587241927132
0.47351021371480506
0.47432392922436356
0.47551456057601194
0.47653786947439614
0.4773656752958085
0.47784122332087514
0.4783202939239053
0.47894379022343714
0.47952853816537094
0.47977687991179463
0.4803017440283497
0.4809780789973334
0.48172486552558624
0.48216342648203664
0.482640735796085
0.48302821937206525
0.48333996752183117
0.4835530834886203
0.4837556317215191
0.48401982506877833
0.48504841783410774
0.48565782382178574
0.48612984926888897
0.4864662554643991
0.4870228227826252
0.4878400608701472
0.4882733379596524
0.48863087962294327
0.4892667049453472
0.48952385313667957
0.4898673044881166
0.49061409101636944
0.4911706583345956
0.49202488349073387
0.49240356062180546
0.49266423139110127
0.49291785700447016
0.4931380181271862
0.4936945854454124
0.49426348178651064
0.49483413941659066
0.49536780997805435
0.4961392545520514
0.49673985409482074
0.4972206859868326
0.4976610082322647
0.4981700207479842
0.4987653364238084
0.4996160390019832
0.5003029417048572
0.50099865085264
0.5017331083580208
0.5020536629526953
0.5026102302709214
0.5029413525994864
0.5031562298552573
0.5035525198761461
0.503786771310716
0.5041249387952079
0.5047290609159407
0.5052239831198064
0.5055727183381886
0.5057611762592336
0.5064445563841442
0.5069500463219002
0.5072706009165748
0.5076545619145916
0.5083044775488493
0.5088134900645689
0.50913052208128
0.51032291472191
0.512300842248391
0.512859170855599
0.5130352997537718
0.513229041541762
0.5139124216666725
0.5145165437874054
0.5149304466981115
0.5153196915630736
0.5161633489853215
0.5172113159294498
0.5177731671146212
0.5184600698174953
0.5190747596721185
0.5195925786327465
0.5200205718553066
0.520821958341993
0.5214472159305066
0.5219086736437194
0.5222080927706132
0.5225198409203792
0.5228122148913461
0.5236012723551604
0.5241067622929164
0.5248042327296809
0.525140638925191
0.5255157934782991
0.5262414445387713
0.5272647534371554
0.5276399079902636
0.5280661399238419
0.5282387462440512
0.5284272041650961
0.5285857201734517
0.5287688942275515
0.5288005974292226
0.5290066682400848
0.5293377905686497
0.5295685194252562
0.5298573708182597
0.5302325253713678
0.530588305745677
0.5308489765149728
0.5318176854549234
0.5330206458294439
0.5336494259959208
0.5345793865782734
0.5352821408819831
0.5357841082417757
0.5362948820464769
0.5365784495725352
0.5369025267451731
0.5371209265789075
0.5372952941880986
0.5378835647079959
0.538628589947267
0.5389896541885213
0.5394563957686793
0.5397346794277924
0.5401503436274804
0.5404480014653924
0.5407844076609025
0.5410996783886319
0.5414325620061786
0.5422022452911939
0.542642567536626
0.5429913027550082
0.5435707668299968
0.5443827210505736
0.5456913587639979
0.5466072290344967
0.5472483382238458
0.5478154732759623
0.5486644145651554
0.5492738205528334
0.5498057298253154
0.5499818587234881
0.550404568079103
0.5509435225075119
0.5511636836302279
0.5514719092020304
0.5523120440463148
0.5528069662501806
0.5530676370194764
0.5533688174353519
0.5536453398054832
0.5538848751069984
0.554769042175826
0.5554735577685173
0.5558927445461687
0.5561269959807386
0.5567117439226724
0.557252459640063
0.5578935688294121
0.558517065128944
0.5590067034658645
0.5594364579774062
0.559924335025345
0.560514366834224
0.5610233793499435
0.5612100759820067
0.5620836753169439
0.5628921069595573
0.5633641324066605
0.5637727514504215
0.5640404673756442
0.5643803961491177
0.5649528150681795
0.5657876660455188
0.5663107688730921
0.566622517022858
0.5668409168565923
0.5671491424283948
0.5673974841748185
0.5676563936551325
0.5680720578548205
0.5687413476678772
0.5695761986452165
0.5703441206412501
0.5724277255066348
0.5732978022636086
0.5736148342803197
0.5738843114945241
0.5745166142389646
0.5750080138648669
0.5752158459647108
0.5754536199772442
0.5757706519939553
0.5760859227216847
0.576316651578291
0.5767217480440886
0.5770704832624708
0.5775865409341172
0.578035669624458
0.5788352948221627
0.5793654428056629
0.5797529263816431
0.5800770035542812
0.5803447194795038
0.5807251578995573
0.5811073576085922
0.5816322217251473
0.582334976028857
0.5830271625986763
0.5833248204365883
0.5839500780251019
0.584494316320456
0.5850473610607186
0.5851724125784213
0.585817044345734
0.5861393602293903
0.5864458245122111
0.5871045465913775
0.5878795137433379
0.5882441005625557
0.5885329519555591
0.5887425453443849
0.5893308158642822
0.5900212411451197
0.5906112729539986
0.5914108981517033
0.5922510329959878
0.5930717936614732
0.5939911865099354
0.5950268244311917
0.5960924042651374
0.5965450555334416
0.597087532539814
0.597489106427648
0.5979611318747512
0.5982746413134988
0.5986709313343878
0.5991764212721438
0.5999425819791957
0.6011490649316796
0.6016563161584174
0.6020420384454159
0.602644399277167
0.6030635860548184
0.6032573278428085
0.6036536178636974
0.6038913918762308
0.6043158625208273
0.6048724298390534
0.6051753715439107
0.6058305710451136
0.6065826414403117
0.6073769827710712
0.6081589950789585
0.6084654593617793
0.6094059876780222
0.6100594258902435
0.6105842900067986
0.6109805800276875
0.6114948764103522
0.6119316760778208
0.6122504693835137
0.6124952885519739
0.6129497011092598
0.6135168361613763
0.6138620488017951
0.6141509001947986
0.6144520806106741
0.6146422998207007
0.6149646157043571
0.6153855637709902
0.6155634539581447
0.6160072987815403
0.6165268790311501
0.6170605495926138
0.6177316006946524
0.6181366971604499
0.6186597999880232
0.6190191029402958
0.6192921027324637
0.6194611864747096
0.6197394701338227
0.6200071860590455
0.6204545534604045
0.6217103525043768
0.6219939200304351
0.622383164895397
0.6224694680555017
0.6226279840638573
0.6230436482635452
0.6235015833987946
0.6238696927959758
0.6243117763303896
0.6248366404469446
0.625490078659166
0.6262086845637111
0.6266437229421981
0.6273182966222
0.6283680248553101
0.6289915211548419
0.6291940693877407
0.6292662822359916
0.6294512175790731
0.6297259786602227
0.6301381202819472
0.6304991845232014
0.630846158452602
0.6311984162489477
0.6316968610307767
0.6319082157085841
0.6320315059373052
0.6329579439416942
0.6334669564574138
0.6342718655220637
0.6351754067696903
0.6356879418633733
0.635774245023478
0.6362268962917822
0.6367834636100084
0.6373505986621248
0.6380551142548162
0.6382365270199343
0.6387631524254711
0.6394130680597289
0.6399256031534118
0.6400418482262059
0.6405772800766513
0.6412412860227629
0.6416745631122681
0.6422047110957684
0.6428863299316973
0.6434235230711244
0.6441033806180715
0.6447955671878908
0.645514173092436
0.646130624236041
0.6465762303484182
0.6470429719285762
0.6475872102239303
0.6479412293092577
0.6481948549226266
0.6486615965027845
0.6489944801203312
0.649455937833544
0.649994892261953
0.6505109499335994
0.6510217237383006
0.6517949296012794
0.6524483678135007
0.652666767647235
0.6528939739258779
0.6533607155060359
0.6538767731776823
0.6543382308908952
0.6550938238640567
0.6556274944255204
0.6561594036980023
0.6565697840307451
0.6569748804965426
0.6573324221598335
0.6575596284384764
0.6579946668169633
0.659461820538743
0.6599902072332616
0.6606630196242819
0.6616916123896112
0.662256986152746
0.6627272503108675
0.6633454627434542
0.6637699333880507
0.6640587847810542
0.6645713198747372
0.6650134034091509
0.6652705516004833
0.6656756480662809
0.6661036412888408
0.6666073699376152
0.6667870214137515
0.6670564986279559
0.6672713758837268
0.6676024982122917
0.6680040721001258
0.6681537816635726
0.6682559364245129
0.6684796201251925
0.6685430265285346
0.6686363748445663
0.6686909748029999
0.6689217036596062
0.6692616324330798
0.6696614450319321
0.6701211414561633
0.6705597024126136
0.6710757600842601
0.6715618758432171
0.671769707943061
0.672340365573141
0.6727031911033771
0.6730959585463026
0.6736542871535104
0.6742478415403529
0.6744644800851055
0.675362737465787
0.6761500336406195
0.6765604139733623
0.6769478975493425
0.6779183677782749
0.6785401027888249
0.6789134960529514
0.6795405149304466
0.6801763402528507
0.6806466044109721
0.681081642789459
0.6814532747646037
0.6817227519788082
0.6822828418749978
0.6828658285279499
0.6834629054927558
0.6843488338505652
0.6853527685701504
0.6856433812521355
0.6859445616680111
0.6862439807949049
0.6869167931859251
0.6878855021258758
0.6885178048703163
0.689278681710423
0.6898475780515212
0.6902632422512092
0.6913129704843193
0.6919576022516318
0.6927114339358116
0.6933032270336723
0.6944515874497592
0.6951191159738342
0.6956545478242797
0.695957489529137
0.6961758893628713
0.6967817727725859
0.6974898109432407
0.6979424622115449
0.6984461908603192
0.698992190444655
0.6992792805486767
0.6993814353096169
0.6995839835425157
0.6997742027525424
0.6998886865363547
0.7002286153098284
0.7006812665781326
0.7009542663703004
0.7010405695304052
0.7011092598006925
0.7015090723995449
0.7020286526491547
0.7025270974309838
0.7031417872856071
0.7036825030029977
0.7039995350197088
0.7042831025457671
0.7044609927329216
0.7045772378057157
0.7049541536478056
0.7052095405501563
0.7054543597186165
0.7059933141470254
0.70636494612217
0.7065217008415439
0.7065745395109957
0.7068721973489078
0.7070624165589345
0.7072596809248881
0.7074974549374214
0.7077880676194066
0.707876132068493
0.7080099900311043
0.7083182156029069
0.70859649926202
0.708913531278731
0.7092922084098027
0.7096092404265137
0.7099738272457315
0.7101798980565938
0.7102415431709542
0.7104793171834876
0.7109636716534629
0.711176787620252
0.711338826206571
0.7114198454997305
0.7116188711546658
0.7119041999697058
0.712194812651691
0.7124959930675666
0.7128834766435468
0.7132463021737828
0.7134506116956634
0.7135879922362381
0.7138345726936801
0.7141287079536288
0.7143048368518016
0.7144298883695044
0.7148156106565029
0.7150569072469997
0.7155430230059566
0.716008003297133
0.7163056611350451
0.7166332608856466
0.7167318930686234
0.7171634088691468
0.7177164536094095
0.7183417111979231
0.7189299817178204
0.7192294008447142
0.7197084714477443
0.7207053610114026
0.7213447089117699
0.7218660504503616
0.7224050048787705
0.7229281077063439
0.7233455331950135
0.7235956362304189
0.7239919262513077
0.7242860615112564
0.7244569065424841
0.7246664999313097
0.724884899765044
0.7252706220520425
0.7257074217195112
0.7260420666260397
0.7261794471666144
0.7265898274993571
0.727031911033771
0.727518026792728
0.7282841874997799
0.7290732449635942
0.7294343092048485
0.7295276575208801
0.7298041798910114
0.7299891152340929
0.7303096698287674
0.730876804880884
0.7311797465857414
0.7314527463779092
0.7317715396836021
0.7319705653385373
0.7321819200163447
0.7325218487898183
0.7327085454218816
0.732978022636086
0.7333566997671576
0.7338463381040781
0.734489208582409
0.7348308986448643
0.7351937241751003
0.7355512658383911
0.7357414850484179
0.7362276008073748
0.736590426337611
0.7369268325331211
0.7373336902879003
0.7379149156518706
0.7381350767745867
0.7385965344877996
0.7393045726584544
0.7398664238436257
0.7404265137398154
0.7407417844675447
0.7411644938231595
0.741550216110158
0.7418144094574173
0.7420979769834756
0.7424977895823279
0.7426545443017017
0.7429081699150707
0.7432551438444711
0.7436074016408168
0.7440741432209749
0.7445813944477127
0.7449107554872958
0.745227787504007
0.7454955034292297
0.7460009933669857
0.7464430769013995
0.7469626571510094
0.7473624697498618
0.7477481920368603
0.748177946548402
0.7485302043447477
0.7488190557377511
0.7491677909561333
0.7494865842618261
0.7498229904573362
0.7501206482952484
0.7504130222662153
0.7506173317880958
0.7508586283785926
0.7511263443038153
0.7513817312061659
0.7516917180669501
0.7520157952395882
0.7523398724122262
0.7525459432230884
0.7528066139923841
0.7532187556141087
0.7539937227660691
0.7546277867994914
0.7549201607704582
0.7554133216853423
0.7560597147416365
0.7565405466336483
0.7570143333697333
0.7575374361973066
0.7580693454697887
0.7583229710831575
0.75848853224744
0.7586593772786676
0.758728067548955
0.759020441519922
0.759156060771515
0.7593744606052494
0.7595224088797146
0.760077214908959
0.7603889630587249
0.7604083372375239
0.7605140145764276
0.760868033661755
0.761218530169119
0.7614721557824878
0.7616694201484414
0.7622259874666676
0.762683922601917
0.763111915824477
0.7633637801488642
0.764026024805994
0.7645227082988414
0.7648714435172237
0.7655689139539881
0.7657538492970696
0.7658912298376443
0.7661237199832325
0.7664689326236513
0.766794771085271
0.7671065192350369
0.767553886636396
0.7678990992768148
0.7680382411063713
0.7681615313350922
0.7683182860544661
0.768467995617913
0.7687357115431357
0.7688501953269481
0.769026324225121
0.7691725112106044
0.7692869949944167
0.7693327885079416
0.7696163560339999
0.7698277107118073
0.7699104912939486
0.770102471792957
0.77023809104455
0.7704811489240285
0.7705727359510784
0.7708968131237165
0.7712860579886784
0.7717070060553115
0.7719817671364612
0.772099773498237
0.7725066312530162
0.7729381470535397
0.7733872757438804
0.7736902174487377
0.7740054881764671
0.7741921848085302
0.7747698875945371
0.7751608937484809
0.7754603128753748
0.7757896739149579
0.7759605189461856
0.7761243188214864
0.7763286283433668
0.7765135636864483
0.7766121958694251
0.7769538859318804
0.7771247309631081
0.7774787500484355
0.7778345304227445
0.7782907042690123
0.7787151749136088
0.7790128327515209
0.7790850455997718
0.779303445433506
0.7795993419824364
0.7799163739991475
0.7801611931676078
0.7803690252674518
0.7804729413173737
0.780834005558628
0.7812056375337727
0.7815825533758626
0.7819858885526784
0.7821038949144542
0.7823768947066221
0.782572397783594
0.7828066492181638
0.7831465779916374
0.7833191843118468
0.7836045131268867
0.7839585322122142
0.7842438610272542
0.7843794802788473
0.7846436736261065
0.7848462218590053
0.7850804732935752
0.7855137503830804
0.7856616986575455
0.785892427514152
0.7860121951649095
0.7861689498842833
0.7863609303832917
0.786760742982144
0.7868893170778102
0.787091865310709
0.7873754328367673
0.7874511682629816
0.787669568096716
0.7878104712152542
0.7881116516311297
0.788291303107266
0.7886488447705569
0.7888954252279988
0.7890151928787564
0.7891525734193312
0.7894502312572433
0.7899574824839811
0.7903097402803267
0.7906602367876907
0.791086468721269
0.7914246362057609
0.7916712166632028
0.7919054680977726
0.7921555711331781
0.7923915838567297
0.7926205514243544
0.792837189969107
0.7932475703018497
0.7934483572457668
0.793608634543104
0.7938657827344364
0.7940771374122437
0.7942145179528186
0.7943906468509915
0.7945843886389815
0.7948996593667109
0.7951744204478606
0.7953892977036314
0.7958630844397163
0.7959863746684374
0.7962135809470803
0.7964090840240522
0.7966908902611287
0.7969709352092235
0.7971858124649944
0.7973443284733499
0.7974200638995642
0.7980189021533519
0.7983306503031178
0.7987850628604037
0.799361004357429
0.7998981974968561
0.8005445905531504
0.8010764998256323
0.8014868801583751
0.8017774928403603
0.8020011765410398
0.8022142925078289
0.8027162598676215
0.8030174402834971
0.8034278206162397
0.8036444591609924
0.803919220242142
0.8040389878928995
0.8042309683919079
0.8045339100967652
0.8047188454398467
0.8048438969575494
0.8050728645251741
0.8053106385377075
0.8055642641510763
0.8058407865212077
0.8058865800347326
0.8060450960430882
0.8063603667708176
0.806687966521419
0.807038463028783
0.8072991337980788
0.8074453207835622
0.8079120623637203
0.8083647136320244
0.8086377134241923
0.8088754874367257
0.8091308743390763
0.8096028997861795
0.8097807899733341
0.8099111253579819
0.8102686670212729
0.8105346216575139
0.8107424537573578
0.8110048858156353
0.8113025436535474
0.8117833755455592
0.8120123431131839
0.8123117622400777
0.8125812394542822
0.8128278199117241
0.8129792907641529
0.8130673552132393
0.8131730325521429
0.8133121743816994
0.8135710838620136
0.8138000514296383
0.8139849867727198
0.8140448705980985
0.8142016253174723
0.8143125865233213
0.8144059348393529
0.8144869541325124
0.8145714960036353
0.8147458636128264
0.814962502157579
0.8152795341742901
0.8156124177918368
0.8159646755881824
0.8163222172514734
0.8165459009521528
0.817452964777743
0.8183987769609311
0.8189606281461025
0.81908039579686
0.8195682728447987
0.8197990017014052
0.820013878957176
0.8206391365456897
0.8208663428243326
0.8210037233649073
0.8211534329283543
0.8216096067746219
0.8219107871904975
0.8224832061095593
0.8225871221594812
0.8227227414110743
0.8228372251948867
0.8229288122219365
0.8230908508082555
0.8233515215775513
0.8237707083552027
0.824085979082932
0.824339604696301
0.8249261139272165
0.8253153587921784
0.825778577794373
0.826063906609413
0.8262875903100926
0.8265341707675345
0.8268441576283188
0.8273073766305132
0.8278251955911414
0.828288414593336
0.8286723755913528
0.8290757107681686
0.8294561491882219
0.8296393232423217
0.8299774907268135
0.830220548606292
0.8307647869016461
0.8311980639911513
0.8315767411222229
0.8318409344694822
0.8319783150100569
0.8321315471514673
0.8323340953843661
0.8327074886484925
0.8328254950102684
0.8328994691475009
0.8332270688981024
0.833281668856536
0.833332746237006
0.8338699393764333
0.8341993004160164
0.8342961713100115
0.8343842357590979
0.8344353131395681
0.8346484291063572
0.8351926674017113
0.8352983447406149
0.8356100928903809
0.8361067763832283
0.8362564859466752
0.8364766470693913
0.8365647115184777
0.8366615824124728
0.8368570854894446
0.8370384982545627
0.8371547433273567
0.8371987755518999
0.8373572915602555
0.8377659106040164
0.837982549148769
0.8383119101883523
0.838644793805899
0.8387680840346199
0.8388667162175967
0.8391273869868925
0.8394585093154574
0.839837186446529
0.8400749604590624
0.8401735926420392
0.8404712504799512
0.8407372051161922
0.840946798505018
0.8411669596277339
0.8413360433699799
0.8415245012910249
0.8418415333077359
0.8421515201685201
0.8423435006675285
0.8425161069877379
0.8429123970086267
0.8433351063642416
0.8438247447011621
0.8442650669465942
0.8445785763853418
0.8447934536411127
0.8450136147638287
0.8452601952212707
0.8454821176329685
0.8456952335997576
0.8458396592962594
0.8459118721445102
0.8463222524772529
0.846769619878612
0.8470144390470722
0.8471447744317201
0.8473473226646189
0.8473966387561073
0.8474653290263947
0.8475903805440974
0.8478950835379364
0.8482121155546475
0.8483988121867108
0.8485168185484865
0.8488532247439966
0.8490857148895848
0.8493093985902643
0.8493992243283325
0.8494908113553823
0.8500033464490653
0.8503661719793013
0.8506233201706337
0.8509297844534545
0.8512274422913665
0.8515374291521507
0.8517505451189399
0.8519425256179483
0.8521556415847373
0.8523493833727275
0.852631189609804
0.8528460668655748
0.8530609441213458
0.8532828665330435
0.8535505824582662
0.8541265239552914
0.8543942398805141
0.8547958137683482
0.8550846651613517
0.8553453359306474
0.8555848712321625
0.8566768704008342
0.8575258116900273
0.8577882437483048
0.8579837468252766
0.858071811274363
0.858136978966687
0.8582549853284628
0.8583853207131107
0.858441681960526
0.858623094725644
0.8586900237069497
0.8587957010458533
0.8588432558483601
0.8590458040812589
0.8595301585512342
0.8598577583018356
0.8602170612541082
0.8605693190504539
0.8610501509424657
0.861379511982049
0.8616172859945823
0.8618321632503532
0.8620153373044529
0.862235498427169
0.8625789497786059
0.8627445109428884
0.8628308141029931
0.8630544978036726
0.8631355170968321
0.8632024460781378
0.8634595942694702
0.8636462909015333
0.8637237876167294
0.8637995230429437
0.8639721293631532
0.8641306453715086
0.8643102968476449
0.8644740967229457
0.8650341866191353
0.8654005347273348
0.8655590507356904
0.8657668828355344
0.8659359665777803
0.8661437986776243
0.8662864630851442
0.8664097533138653
0.8666070176798188
0.8669310948524568
0.867811739343321
0.8687575515265091
0.8690006094059877
0.8693246865786257
0.8696152992606109
0.8699481828781576
0.8702652148948686
0.8704131631693338
0.870580485622598
0.8707196274521546
0.870807691901241
0.8709345047079254
0.8711035884501713
0.8712709109034356
0.8714488010905901
0.871521013938841
0.8716971428370138
0.8720476393443778
0.8722501875772766
0.872623580841403
0.8728419806751373
0.8732435545629713
0.8734249673280894
0.8736486510287689
0.8739938636691876
0.8741946506131046
0.8743971988460034
0.8745786116111215
0.8747283211745684
0.8747970114448558
0.874925585540522
0.8750523983472064
0.8751933014657447
0.8752989788046484
0.8754645399689308
0.875515617349401
0.8755755011747798
0.8756864623806286
0.8757850945636054
0.875936565416034
0.8760422427549378
0.8761267846260608
0.8762183716531106
0.8764033069961921
0.8765565391376025
0.8767661325264281
0.8770637903643402
0.8773403127344716
0.8776274028384933
0.8778915961857526
0.8782702733168242
0.8784604925268509
0.8787528664978178
0.8790205824230405
0.8792231306559393
0.8794080659990208
0.8795577755624676
0.8797550399284212
0.8799452591384479
0.8803098459576657
0.8806110263735412
0.8807677810929151
0.8808452778081111
0.8809174906563619
0.8812292388061279
0.8813366774340133
0.8814529225068074
0.881688935230359
0.8820059672470701
0.8822860121951649
0.882603044211876
0.8828830891599708
0.8830750696589792
0.8832177340664992
0.8834924951476488
0.883724985293237
0.8839398625490079
0.8844312621749101
0.8847148297009684
0.8849261843787758
0.8852132744827975
0.8855743387240518
0.886254196270999
0.8865765121546553
0.886824853901079
0.887018595689069
0.8872281890778948
0.8873479567286523
0.887453634067556
0.8878375950655728
0.8879115692028053
0.8881000271238503
0.8882779173110049
0.8883818333609269
0.888406491406671
0.8885685299929901
0.8886689234649486
0.8888591426749752
0.8889753877477693
0.8893523035898592
0.889574226001557
0.8898842128623412
0.8901202255858928
0.8903949866670424
0.8905235607627086
0.8905904897440142
0.8906644638812469
0.8907719025091323
0.890896954026835
0.8910713216360261
0.8912950053367056
0.891525734193312
0.8917018630914849
0.8918286758981693
0.8918920823015115
0.8919325919480913
0.8921087208462641
0.8922038304512775
0.8923641077486147
0.8928643138194257
0.8933381005555106
0.8935970100358246
0.8937308679984359
0.8939985839236587
0.8942522095370276
0.8945093577283599
0.8946238415121722
0.8947629833417288
0.8949443961068468
0.8950201315330611
0.8953406861277358
0.89555908596147
0.8958127115748389
0.8959360018035599
0.896013498518756
0.8961878661279471
0.8963868917828823
0.8964767175209505
0.8966299496623609
0.8968518720740587
0.8969399365231451
0.8969874913256518
0.8972041298704043
0.8974260522821021
0.8976920069183432
0.8977606971886305
0.8979526776876389
0.8981270452968301
0.8984933934050295
0.8986748061701476
0.8987945738209051
0.8989460446733337
0.8991010381037259
0.8991345025943787
0.8992912573137525
0.8994867603907244
0.8996223796423174
0.89983901818707
0.9000063406403342
0.9000521341538592
0.9001789469605436
0.9004202435510404
0.9005664305365239
0.9006809143203361
0.9008676109523994
0.9009398238006503
0.901103623675951
0.9012797525741238
0.9014594040502601
0.9016196813475974
0.9017271199754828
0.9018151844245693
0.9019772230108883
0.9020705713269199
0.9021832938217506
0.9023647065868685
0.9024316355681742
0.9026588418468172
0.9028631513686977
0.9030181447990898
0.9031819446743905
0.9032471123667145
0.9033175639259836
0.9033862541962709
0.903613460474914
0.9038829376891184
0.9039921376059855
0.9041559374812863
0.9042246277515738
0.904365530870112
0.9043937114938196
0.9045134791445771
0.9046402919512616
0.9048287498723065
0.9049185756103747
0.9051774850906887
0.9053166269202453
0.905422304259149
0.9054857106624913
0.905526220309071
0.9056459879598285
0.9056671234276092
0.9060158586459914
0.9062430649246345
0.9064438518685515
0.9065565743633821
0.9066692968582127
0.90682957415555
0.9071430835942976
0.9073667672949771
0.9075481800600952
0.9077313541141949
0.9078511217649524
0.9079867410165455
0.9080853731995223
0.9081910505384261
0.9082861601434393
0.9083777471704892
0.9084922309543016
0.9086031921601505
0.9086806888753466
0.9088550564845377
0.9090329466716922
0.9091280562767056
0.9092777658401524
0.9094627011832339
0.9095525269213021
0.9096599655491875
0.909760359021146
0.9100439265472043
0.9106797518696083
0.9108153711212014
0.9109985451753011
0.9111500160277297
0.9115357383147282
0.9116572672544675
0.9117224349467915
0.9118157832628231
0.9119056090008912
0.9119778218491421
0.9121521894583332
0.9122155958616754
0.9122737183980725
0.9123829183149396
0.9127351761112853
0.9129500533670561
0.9131614080448636
0.9133569111218354
0.9134220788141594
0.9135013368183371
0.9135453690428803
0.9136369560699302
0.9138342204358838
0.9139786461323856
0.9140966524941613
0.9141917620991746
0.9142181814339005
0.9143432329516032
0.9146303230556251
0.9147694648851815
0.9148540067563046
0.9148998002698294
0.9150318969434591
0.9151076323696734
0.9151833677958877
0.9153313160703529
0.9154722191888912
0.9155232965693613
0.9158244769852368
0.9160851477545326
0.9161520767358383
0.9162471863408517
0.9164444507068052
0.9165677409355263
0.9166998376091559
0.9167526762786077
0.9168495471726028
0.9170115857589218
0.9172106114138571
0.9173374242205415
0.9175382111644586
0.9176174691686364
0.9176932045948507
0.9177161013516132
0.9177618948651382
0.9178164948235716
0.9181722751978808
0.9184505588569939
0.9186178813102581
0.9187006618923993
0.9187570231398147
0.9188010553643579
0.9188591779007549
0.918910255281225
0.9190317842209643
0.9191674034725573
0.9194721064663963
0.919584828961227
0.9198454997305228
0.9201396349904715
0.9204883702088537
0.9207226216434236
0.920881137651779
0.9210343697931894
0.9211576600219105
0.9212756663836862
0.921374298566663
0.9214905436394571
0.9216173564461415
0.921686046716429
0.9217388853858808
0.9218339949908941
0.9219396723297978
0.9220206916229573
0.9221756850533495
0.9223518139515223
0.9224980009370057
0.9226406653445257
0.9227727620181554
0.9228238393986254
0.9228713942011322
0.9229295167375292
0.9230440005213415
0.9231725746170077
0.923209561685624
0.9233117164465643
0.9233610325380527
0.9234614260100111
0.923533638858262
0.923656929086983
0.9238031160724665
0.9240285610621277
0.9242399157399351
0.9243720124135647
0.9244864961973771
0.9245569477566462
0.9247471669666729
0.9248915926631747
0.9249972700020783
0.9250377796486581
0.9250870957401465
0.9251240828087628
0.9252544181934107
0.9253953213119489
0.9255467921643776
0.9256507082142995
0.925835643557381
0.9261667658859459
0.9265912365305425
0.9268325331210393
0.9269804813955045
0.927119623225061
0.9271935973622937
0.9272887069673069
0.9273802939943568
0.9274930164891875
0.9276427260526343
0.927729029212739
0.9277501646805197
0.927832945262661
0.9279333387346196
0.9280971386099203
0.9283666158241247
0.9286096737036033
0.9287188736204705
0.9287787574458491
0.9289760218118027
0.9291820926226649
0.9292789635166601
0.9293423699200023
0.9294709440156684
0.9299429694627717
0.930238866011702
0.930323407882825
0.930381530419222
0.9306298721656457
0.9308694074671607
0.9309662783611559
0.9310772395670047
0.931140645970347
0.9311653040160911
0.9312604136211045
0.9316725552428289
0.9319332260121247
0.9320794129976082
0.9321516258458591
0.9322643483406896
0.9324668965735884
0.9325743352014738
0.9327046705861217
0.9328631865944773
0.9329530123325455
0.9330498832265405
0.9331027218959924
0.933241863725549
0.9334954893389178
0.9336945149938531
0.9338618374471173
0.9341207469274314
0.9344324950771973
0.9345276046822106
0.9345962949524981
0.9347512883828901
0.9348270238091044
0.9349062818132823
0.934973210794588
0.9350295720420032
0.935089455867382
0.9351616687156329
0.935328991168897
0.9355491522916131
0.9357041457220052
0.9357728359922926
0.935848571418507
0.9359665777802827
0.9360211777387163
0.936061687385296
0.9364139451816418
0.9370620995269178
0.9371589704209129
0.9372787380716704
0.9373879379885375
0.9374583895478067
0.9376503700468151
0.9377947957433168
0.9379321762838916
0.9380131955770511
0.9380871697142837
0.9382104599430047
0.9384376662216477
0.9386789628121445
0.9388850336230067
0.9390382657644171
0.9391597947041563
0.9392143946625898
0.9393095042676032
0.9393658655150185
0.9394891557437395
0.9395596073030086
0.939674091086821
0.9397445426460901
0.9397868135816516
0.9398731167417563
0.9401108907542897
0.9404613872616535
0.9405670646005573
0.9405970065132466
0.9406568903386254
0.9407220580309493
0.9407713741224377
0.9409897739561721
0.941255728592413
0.9413226575737188
0.9413895865550245
0.9414582768253118
0.9414987864718916
0.9415234445176358
0.9415604315862521
0.9415974186548683
0.9417770701310046
0.9418439991123103
0.9419162119605612
0.941969050630013
0.9420465473452091
0.9421804053078204
0.9422455730001444
0.9423318761602492
0.9424023277195183
0.9424974373245316
0.9426806113786314
0.9428232757861513
0.9428637854327311
0.9429025337903291
0.9429694627716348
0.9430311078859953
0.9431191723350817
0.9432776883434373
0.9434133075950304
0.9435277913788427
0.9435788687593128
0.9436810235202531
0.9438201653498096
0.9439135136658412
0.9440473716284525
0.9441107780317948
0.9441953199029177
0.9443080423977483
0.9444101971586886
0.944582803478898
0.9447518872211439
0.9448205774914313
0.9448927903396822
0.9449685257658965
0.9450196031463667
0.945146415953051
0.9453630544978037
0.9454440737909632
0.9455338995290313
0.9456695187806244
0.9457751961195281
0.9459284282609385
0.9460182539990066
0.9461362603607825
0.9462137570759784
0.9462982989471015
0.9463581827724802
0.9464409633546215
0.9465783438951962
0.9466928276790086
0.9467509502154057
0.9467914598619854
0.9468531049763459
0.9469992919618293
0.9470891176998975
0.9471877498828742
0.9472793369099242
0.947351549758175
0.9474008658496634
0.9476404011511784
0.9476685817748861
0.9477231817333197
0.9477566462239726
0.9478728912967667
0.9479979428144694
0.9480437363279943
0.9481089040203182
0.9481511749558797
0.9481793555795873
0.9482568522947834
0.9483061683862718
0.9483466780328516
0.9484048005692486
0.9485245682200061
0.9486637100495626
0.9488733034383884
0.948940232419694
0.949024774290817
0.9491973806110263
0.949283683771131
0.9493506127524367
0.9494739029811577
0.949549638407372
0.9496553157462757
0.9497645156631429
0.9498631478461197
0.9499494510062244
0.9499723477629869
0.9500199025654935
0.9502664830229355
0.9503228442703509
0.9503369345822047
0.9504179538753641
0.9505359602371399
0.9506169795302994
0.9506874310895685
0.9507332246030935
0.9508001535843992
0.9508670825657048
0.9509445792809009
0.951022075996097
0.9511330372019459
0.9512510435637217
0.9513373467238264
0.9514289337508762
0.951527565933853
0.9515645530024693
0.951612107804976
0.9516984109650807
0.9518534043954728
0.9518939140420525
0.9519890236470658
0.9520541913393898
0.952136971921531
0.9522549782833069
0.9523817910899913
0.9525297393644565
0.9527322875973553
0.9527816036888437
0.9529172229404367
0.9530598873479568
0.9532095969114036
0.9533064678053987
0.9533804419426313
0.9534033386993938
0.9534315193231014
0.953524867639133
0.953621738533128
0.9536957126703607
0.9538330932109355
0.9541483639386649
0.9541888735852446
0.9542945509241483
0.9545481765375172
0.9546591377433661
0.9547366344585622
0.9548669698432101
0.9549479891363696
0.9549990665168396
0.9550642342091636
0.9551540599472318
0.9552139437726106
0.9552791114649345
0.9553231436894777
0.9553583694691122
0.9554147307165276
0.9555521112571024
0.9555908596147005
0.956119246309219
0.956223162359141
0.9562848074735014
0.9563605428997157
0.9564292331700032
0.9564556525047291
0.9564891169953819
0.9565137750411261
0.9565595685546511
0.9566176910910481
0.9566863813613354
0.9567145619850431
0.956748026475696
0.9568079103010747
0.956883645727289
0.9569188715069237
0.9569664263094303
0.9569858004882293
0.9570368778686994
0.9570703423593523
0.9571161358728772
0.9571601680974204
0.9573820905091182
0.9575846387420169
0.9578312191994589
0.9579228062265088
0.9580443351662481
0.9582010898856219
0.9582768253118362
0.9583155736694342
0.9583384704261967
0.9583825026507399
0.9584371026091735
0.9584864187006619
0.9585674379938214
0.9586079476404011
0.9586484572869809
0.9586819217776338
0.9587136249793049
0.958738283025049
0.9587594184928298
0.9589003216113681
0.9589496377028565
0.9589831021935094
0.9592913277653118
0.9597351725887073
0.9597880112581592
0.9598302821937207
0.9598778369962273
0.9599130627758619
0.9599764691792041
0.9600927142519982
0.9601561206553404
0.9601983915909019
0.9602670818611893
0.9603762817780565
0.9604097462687093
0.9604396881813987
0.9607179718405118
0.9607901846887626
0.9608483072251597
0.9608641588259952
0.9609029071835933
0.9609310878073009
0.9609962554996249
0.9613309004061532
0.9613978293874589
0.9617324742939873
0.9619350225268861
0.962007235375137
0.9622908029011952
0.9624774995332585
0.9626412994085591
0.9628385637745127
0.9628914024439645
0.9632207634835478
0.9633845633588486
0.9634691052299715
0.9635818277248022
0.9637033566645414
0.9637826146687192
0.9638953371635498
0.9640186273922707
0.964185949845535
0.9642317433590599
0.9644272464360317
0.9647777429433957
0.9648869428602629
0.9649714847313858
0.9650577878914905
0.9651300007397414
0.9653712973302382
0.9654857811140505
0.9656214003656436
0.9657041809477849
0.9657464518833463
0.9657834389519626
0.9658309937544692
0.9660353032763498
0.9661744451059063
0.9663294385362984
0.9663576191600061
0.9664122191184397
0.9664632964989097
0.966526702902252
0.9666077221954115
0.96670811566737
0.9667803285156209
0.9670339541289897
0.967220650761053
0.9673087152101394
0.9673192829440298
0.9674425731727507
0.9675746698463804
0.9677965922580781
0.9678282954597492
0.9679322115096712
0.9680396501375567
0.9680977726739537
0.9682016887238757
0.9682562886823093
0.9683056047737977
0.9683690111771399
0.9685134368736416
0.9685521852312396
0.9687476883082115
0.9689291010733295
0.9692144298883695
0.9694786232356287
0.9695085651483182
0.9695297006160989
0.9695525973728614
0.9695702102626786
0.9696230489321305
0.969716397248162
0.9697586681837236
0.9698995713022619
0.9699964421962569
0.9701620033605394
0.9702535903875893
0.9703486999926025
0.9703751193273286
0.9704772740882688
0.9705582933814283
0.9706216997847705
0.9706569255644051
0.9707432287245098
0.9708400996185048
0.9708612350862855
0.9708982221549018
0.9709404930904634
0.9710215123836228
0.9711166219886361
0.971234628350412
0.9713033186206994
0.9713262153774619
0.971396666936731
0.9714178024045117
0.9714776862298905
0.9715340474773058
0.9716608602839902
0.9716978473526066
0.9718669310948524
0.9719303374981947
0.9720958986624771
0.9723988403673345
0.9724516790367863
0.972518608018092
0.9725326983299458
0.9725432660638361
0.97255735637569
0.9725784918434707
0.9726084337561601
0.9727035433611735
0.9728514916356387
0.9729325109287982
0.9729554076855605
0.9729765431533414
0.9730047237770489
0.9731702849413315
0.973348175128486
0.9733851621971024
0.9735348717605492
0.9735700975401838
0.973691626479923
0.9739047424467122
0.9740456455652504
0.9742446712201858
0.9743168840684366
0.9744155162514134
0.9744208001183586
0.9744613097649384
0.9744912516776277
0.9745617032368968
0.9746638579978372
0.9747008450664534
0.9747237418232159
0.9748575997858273
0.9749967416153839
0.9751270770000317
0.9751992898482825
0.9752574123846796
0.9753683735905285
0.9754863799523043
0.9755885347132446
0.9757012572080752
0.9757558571665087
0.9758210248588327
0.9758650570833759
0.9759319860646816
0.9760905020730372
0.9763247535076071
0.9763529341313146
0.9764040115117848
0.9764656566261453
0.9765607662311586
0.9765889468548663
0.9766259339234825
0.976655875836172
0.9768460950461986
0.9768742756699063
0.977011656210481
0.9770944367926223
0.9771279012832752
0.9771490367510559
0.9771930689755991
0.9772371012001423
0.9772476689340327
0.9772617592458865
0.9773057914704297
0.9773920946305344
0.9775365203270361
0.9777003202023369
0.977770771761606
0.9779469006597789
0.9781371198698056
0.978244558497691
0.9782815455663072
0.9783273390798322
0.9783572809925216
0.978387222905211
0.9784242099738273
0.9784611970424435
0.9785069905559685
0.9785369324686579
0.9785932937160732
0.9786232356287625
0.9786478936745068
0.9786866420321048
0.9787201065227576
0.9787711839032277
0.9787940806599902
0.9788011258159172
0.9788204999947161
0.9788398741735151
0.9788522031963872
0.9788856676870401
0.9789437902234371
0.9790424224064139
0.9791480997453176
0.9792696286850568
0.979320706065527
0.9793541705561798
0.9794369511383211
0.9794721769179556
0.979502118830645
0.9795725703899142
0.9796077961695487
0.9797064283525255
0.9797557444440139
0.9798156282693927
0.9798984088515339
0.9799459636540405
0.9799917571675655
0.9802700408266786
0.9805483244857917
0.9806293437789512
0.980727975961928
0.980793143654252
0.9808371758787952
0.9809710338414065
0.9810238725108583
0.9810819950472554
0.9811383562946707
0.9812000014090312
0.9813937431970213
0.9814589108893452
0.981499420535925
0.9816297559205729
0.9817301493925314
0.9818182138416178
0.9819027557127408
0.9819379814923754
0.9819608782491378
0.9819784911389551
0.9820348523863704
0.9821211555464752
0.9822268328853788
0.9822550135090865
0.982277910265849
0.9823413166691912
0.9824188133843872
0.982524490723291
0.9825967035715418
0.9826706777087744
0.9827657873137877
0.9828538517628741
0.9831145225321699
0.983230767604964
0.9832783224074707
0.9833100256091418
0.9833329223659043
0.9833628642785937
0.9834368384158262
0.9834808706403695
0.9835002448191684
0.9835337093098213
0.9835460383326934
0.9835759802453827
0.9836147286029808
0.9836763737173413
0.9837133607859576
0.9837204059418845
0.9837344962537383
0.9837538704325374
0.9837732446113363
0.9837873349231901
0.9838137542579161
0.9838366510146785
0.9838648316383862
0.9839599412433996
0.9840391992475773
0.984067379871285
0.9840832314721205
0.9841343088525907
0.9841941926779695
0.9843439022414163
0.9845446891853334
0.984819450266483
0.9848476308901907
0.9848828566698252
0.9849180824494598
0.9849462630731675
0.9849744436968751
0.9849779662748386
0.9849973404536376
0.9850149533434549
0.9850589855679981
0.985066030723925
0.9850713145908702
0.985104779081523
0.9852844305576594
0.9853936304745264
0.985435901410088
0.9854957852354668
0.9855468626159368
0.985597939996407
0.985656062532804
0.9856965721793838
0.9857071399132741
0.9857458882708722
0.9858850301004287
0.9859519590817344
0.9859730945495151
0.9860136041960949
0.9860382622418391
0.9860734880214737
0.9861368944248159
0.9861791653603773
0.9861967782501946
0.9862689910984455
0.9863658619924406
0.9864398361296731
0.9864909135101433
0.9865455134685769
0.986570171514321
0.9865895456931201
0.9866018747159921
0.9866106811609008
0.986674087564243
0.9867251649447132
0.9867639133023112
0.9867832874811102
0.9868097068158361
0.9868995325539043
0.9869893582919724
0.9871196936766203
0.9872042355477433
0.9873081515976653
0.9873662741340623
0.9873979773357334
0.9874560998721305
0.9874807579178746
0.9875124611195457
0.9875582546330707
0.9876058094355773
0.9877273383753166
0.987750235132079
0.9877608028659695
0.9878013125125492
0.9878365382921838
0.9878594350489462
0.9879545446539596
0.9880126671903566
0.9880637445708267
0.9881271509741689
0.9881694219097304
0.9882257831571457
0.9882592476477986
0.9882803831155793
0.9883191314731773
0.9883561185417936
0.9883913443214282
0.98844418299088
0.9884846926374597
0.9885428151738568
0.9886291183339615
0.9887700214524998
0.9888668923464948
0.988976092263362
0.9890694405793936
0.9891134728039368
0.9891310856937541
0.9891592663174618
0.9891892082301511
0.9892332404546944
0.989280795257201
0.9893582919723971
0.9895185692697344
0.989670040122163
0.9897105497687427
0.9897193562136514
0.9897404916814322
0.9897616271492129
0.9897950916398657
0.9899236657355319
0.9900293430744356
0.9900716140099971
0.9901033172116682
0.9901491107251931
0.9901896203717728
0.9902001881056632
0.9902442203302064
0.9902900138437314
0.9903692718479091
0.9904467685631052
0.9905242652783013
0.9905418781681186
0.9906017619934974
0.9906422716400771
0.9906669296858213
0.9908483424509393
0.990915271432245
0.9909276004551171
0.9909452133449344
0.9909575423678064
0.990973393968642
0.9910297552160573
0.9910914003304178
0.9911424777108879
0.9911970776693215
0.9912569614947003
0.9912833808294262
0.9913150840310974
0.991323890476006
0.9913362194988781
0.9913503098107319
0.9914031484801837
0.9914542258606539
0.9914947355072337
0.9915211548419596
0.9916145031579912
0.9917677352994015
0.9918240965468168
0.9919156835738667
0.9919967028670262
0.9920090318898983
0.9920160770458252
0.9920830060271308
0.9921446511414914
0.992400038043842
0.9924722508920929
0.9925550314742341
0.9925867346759052
0.992600824987759
0.9926166765885946
0.9926695152580465
0.9926888894368454
0.9927065023266628
0.9927276377944435
0.9927663861520415
0.9928632570460366
0.9929460376281778
0.9929847859857758
0.9930341020772643
0.9930693278568988
0.9930957471916247
0.9931450632831131
0.9931838116407111
0.9932912502685965
0.9933845985846281
0.9935184565472396
0.993560727482801
0.9935801016616
0.9936910628674489
0.9937844111834805
0.9938249208300602
0.9938425337198775
0.993884804655439
0.9939587787926716
0.9940292303519408
0.9940591722646301
0.9941014432001917
0.994215926984004
0.9942881398322548
0.9943216043229077
0.99443608810672
0.9945347202896968
0.9946403976286006
0.9947672104352849
0.9948464684394628
0.9948852167970608
0.9949151587097501
0.9949345328885492
0.9949644748012385
0.9950085070257817
0.9950208360486539
0.9950578231172701
0.9950648682731971
0.9950930488969048
0.9951282746765393
0.9951793520570094
0.9952269068595161
0.9952762229510045
0.9952903132628583
0.9953237777535111
0.9953413906433284
0.9953801390009265
0.9954100809136158
0.9954118422025976
0.995596777545679
0.9956355259032771
0.9956566613710578
0.9957764290218153
0.9958539257370114
0.9958644934709018
0.995901480539518
0.9959455127640613
0.9960212481902756
0.9960723255707457
0.9961956157994667
0.9963981640323655
0.9964386736789452
0.9965390671509037
0.9965672477746114
0.9966570735126795
0.9967592282736197
0.9968208733879803
0.9969018926811397
0.9969441636167012
0.9970287054878242
0.9970692151344039
0.9970956344691299
0.9971326215377462
0.9971942666521066
0.997296421413047
0.9973263633257363
0.9973563052384257
0.9973792019951881
0.9974179503527861
0.997497208356964
0.997548285737434
0.9975711824941965
0.9975887953840138
0.997613453429758
0.9976416340534657
0.997697995300881
0.9977596404152415
0.9978512274422914
0.9980150273175921
0.9982545626191072
0.9982827432428149
0.9983672851139378
0.9984324528062617
0.998469439874878
0.9985293237002568
0.9986420461950875
0.9986860784196306
0.99871602033232
0.9987318719331556
0.9987530074009363
0.9988005622034429
0.998832265405114
0.9988534008728949
0.9988710137627121
0.9989379427440178
0.9989766911016158
0.9990260071931042
0.9991581038667339
0.9992391231598934
0.9992532134717471
0.9992690650725827
0.9992849166734182
0.9993307101869432
0.9993571295216691
0.9994134907690845
0.9994434326817738
0.9994645681495545
0.9995050777961343
0.9995702454884583
0.9996125164240197
0.9996213228689284
0.9996283680248553
0.9996547873595812
0.9996794454053254
0.9997058647400514
0.9997375679417224
0.9997745550103387
0.9997868840332108
0.9997939291891378
0.9998802323492425
0.9998978452390598
0.9999119355509136
0.9999136968398953
0.999941877463603
0.9999894322661096
1.0000352257796346
1.000045793513525
1.0000616451143605
1.0001091999168672
1.0001497095634468
1.000169083742246
1.0002025482328987
1.0002113546778073
1.0002219224116977
1.0002747610811495
1.000375154553108
1.0004825931809935
1.0005160576716463
1.000551283451281
1.0005935543868425
1.0006270188774953
1.0006569607901847
1.0006886639918557
1.000693947858801
1.0006974704367644
1.0007150833265817
1.0007555929731615
1.0008207606654855
1.0008401348442844
1.0009158702704988
1.0009510960501333
1.000984560540786
1.0010004121416218
1.0010197863204207
1.0010673411229274
1.0011184185033974
1.0011959152185936
1.0012681280668445
1.00128397966768
1.0013051151354608
1.0013385796261136
1.0013896570065837
1.0014636311438163
1.0014794827446518
1.001497095634469
1.0015323214141036
1.00156930848272
1.0016291923080987
1.0016450439089344
1.0016785083995872
1.0016908374224593
1.0017102116012582
1.0017172567571853
1.001736630935984
1.0017524825368198
1.0018123663621985
1.0018335018299793
1.00185463729776
1.0018757727655407
1.0018951469443398
1.0019039533892484
1.0019338953019377
1.0019479856137916
1.0019620759256453
1.0019726436595358
1.002062469397604
1.0021399661128
1.0021804757593797
1.002198088649197
1.0022297918508682
1.0022738240754114
1.0022914369652287
1.0023319466118084
1.002360127235516
1.0024076820380228
1.0024200110608947
1.0024270562168218
1.002444669106639
1.0024534755515477
1.0024781335972919
1.00251688195489
1.0025468238675792
1.0026384108946291
1.0026965334310263
1.002742326944551
1.0028110172148386
1.0028955590859614
1.0029149332647604
1.00294487517745
1.0029994751358835
1.0030364622044998
1.0030699266951526
1.0030787331400612
1.0030945847408967
1.003112197630714
1.0031368556764582
1.0031861717679467
1.003196739501837
1.0032213975475812
1.003249578171289
1.003274236217033
1.003320029730558
1.003346449065284
1.0033746296889916
1.0034080941796444
1.0034380360923338
1.0034486038262243
1.0034679780050233
1.0034961586287308
1.003513771518548
1.0035718940549452
1.0035965521006893
1.0036353004582874
1.003663481081995
1.0036740488158855
1.0036846165497757
1.003702229439593
1.0037445003751546
1.0037462616641364
1.0037568293980266
1.0038026229115515
1.0038396099801679
1.0038748357598024
1.0038854034936928
1.003897732516565
1.0039382421631446
1.0039840356766696
1.0040086937224137
1.0040897130155733
1.0041284613731714
1.0041478355519704
1.0041672097307695
1.004176016175678
1.0042200484002213
1.0042323774230932
1.0042764096476364
1.00433100960607
1.0043556676518144
1.0043996998763576
1.004436686944974
1.0044719127246085
1.0044895256144257
1.0045353191279507
1.0045740674855486
1.0045899190863843
1.0045934416643476
1.0046022481092562
1.0046128158431467
1.0046216222880553
1.004681506113434
1.0047449125167762
1.004746673805758
1.0048083189201185
1.0048364995438261
1.004869964034479
1.0048981446581866
1.0049104736810588
1.0049157575480039
1.0049439381717116
1.004973880084401
1.0050179123089442
1.0050390477767248
1.005046092932652
1.0050584219555239
1.0050954090241402
1.0051764283172997
1.005213415385916
1.0052345508536968
1.005259208899441
1.0052873895231487
1.0053014798350024
1.0053208540138014
1.0053226153027832
1.0053314217476919
1.0054001120179792
1.0054511893984495
1.0054811313111387
1.0055163570907732
1.0055498215814263
1.005648453764403
1.0057030537228364
1.0057594149702518
1.005796402038868
1.0058263439515576
1.0058386729744295
1.005868614887119
1.0059020793777718
1.0059267374235161
1.0059478728912967
1.0059549180472236
1.005960201914169
1.0059672470700958
1.0059936664048217
1.0060024728497303
1.0060130405836207
1.0060200857395476
1.0060288921844562
1.006050027652237
1.0060641179640908
1.006081730853908
1.0060922985877985
1.0061979759267021
1.0062684274859712
1.0063054145545876
1.0063283113113501
1.0063688209579298
1.0064410338061807
1.0064674531409066
1.006472737007852
1.0064868273197056
1.0064938724756325
1.0065079627874864
1.0065396659891575
1.0065608014569383
1.0065801756357373
1.00661364012639
1.0066171627043536
1.006640059461116
1.0066541497729697
1.006666478795842
1.006678807818714
1.0066946594195496
1.0067105110203851
1.006782723868636
1.0068232335152159
1.006833801249106
1.0068725496067041
1.0068813560516128
1.0068884012075396
1.0068954463634667
1.0069024915193936
1.0069306721431013
1.0069676592117176
1.0070257817481145
1.0070310656150596
1.0070539623718222
1.007068052683676
1.0070962333073836
1.0071244139310913
1.0071684461556345
1.007198388068324
1.0072283299810134
1.0072565106047209
1.0072653170496295
1.0072829299394468
1.0073058266962094
1.007346336342789
1.0073586653656612
1.0073621879436248
1.007372755677515
1.0073886072783507
1.0074132653240948
1.0074414459478025
1.007462581415583
1.0074819555943821
1.0074942846172543
1.0075013297731812
1.0075118975070716
1.0075524071536512
1.007573542621432
1.0075788264883772
1.0075788264883772
1.0075841103553225
1.007619336134957
1.0076334264468108
1.0076369490247743
1.0076475167586647
1.0076598457815367
1.0076686522264453
1.0076739360933906
1.0077074005840434
1.007735581207751
1.0077531940975684
1.0077637618314588
1.0077690456984039
1.0078218843678557
1.0078747230373075
1.0078870520601797
1.0079169939728692
1.007924039128796
1.0079258004177778
1.0079398907296315
1.007975116509266
1.0079839229541747
1.0080173874448277
1.0080297164676997
1.0080438067795536
1.0080561358024256
1.0080843164261333
1.008137155095585
1.0081600518523477
1.0081935163430005
1.0082058453658727
1.0082269808336533
1.008260445324306
1.0082727743471782
1.008313283993758
1.0083502710623742
1.00836612266321
1.0083696452411732
1.0083766903971003
1.008390780708954
1.0084048710208078
1.0084207226216435
1.0084453806673876
1.008475322580077
1.008494696758876
1.008533445116474
1.0085581031622182
1.0085827612079625
1.0085950902308345
1.0086003740977798
1.0086021353867614
1.0086127031206518
1.0086232708545422
1.008637361166396
1.008656735345195
1.0086778708129758
1.0087254256154825
1.0087359933493727
1.0087571288171535
1.0087905933078063
1.0088082061976236
1.0088293416654044
1.00884519326624
1.008864567445039
1.0088733738899476
1.008903315802637
1.0089332577153265
1.0089790512288512
1.0089966641186685
1.0090125157195042
1.009019560875431
1.0090354124762666
1.0090371737652484
1.009104102746554
1.009142851104152
1.0091551801270242
1.0091745543058233
1.0091851220397134
1.0091974510625856
1.0092027349295307
1.0092097800854578
1.0092309155532384
1.0092450058650924
1.009280231644727
1.0092978445345442
1.0093172187133432
1.009331309025197
1.0093489219150142
1.0093665348048315
1.009370057382795
1.009382386405667
1.0094246573412287
1.0094440315200277
1.0094528379649363
1.0094634056988265
1.0095056766343882
1.009512721790315
1.009532095969114
1.009544424991986
1.0095567540148582
1.0095796507716206
1.0095937410834745
1.00960959268431
1.0096254442851456
1.0096536249088532
1.00970117971136
1.0097258377571041
1.0097346442020128
1.00975225709183
1.009766347403684
1.0097998118943368
1.0098156634951723
1.0098209473621176
1.0098332763849895
1.0098649795866608
1.0098878763434231
1.0099160569671308
1.0099248634120395
1.0099319085679663
1.0099495214577836
1.009960089191674
1.0099618504806558
1.0099812246594548
1.0099953149713086
1.0100129278611258
1.0100305407509431
1.0100481536407604
1.0100551987966873
1.010056960085669
1.0100780955534499
1.0100851407093767
1.010102753599194
1.0101097987551209
1.0101186052000295
1.0101344568008652
1.0101608761355911
1.0101784890254084
1.0101978632042075
1.0102049083601343
1.010206669649116
1.0102172373830063
1.0102242825389334
1.0102418954287506
1.010291211520239
1.0102964953871842
1.0103070631210744
1.0103317211668188
1.010356379212563
1.0103722308133984
1.010375753391362
1.0103827985472889
1.0103845598362706
1.0103898437032157
1.010407456593033
1.0104321146387771
1.0104567726845215
1.010477908152302
1.0104902371751743
1.0104955210421194
1.010504327487028
1.0105148952209184
1.010530746821754
1.0105395532666628
1.0105395532666628
1.0105483597115714
1.0105589274454616
1.0105677338903702
1.0105712564683338
1.010583585491206
1.0105923919361146
1.0106276177157492
1.0106575596284384
1.0106751725182557
1.010680456385201
1.0106892628301096
1.0106980692750183
1.0107139208758538
1.010738578921598
1.0107632369673423
1.0107755659902142
1.0107896563020682
1.0108055079029037
1.0108143143478123
1.010816075636794
1.0108213595037392
1.0108266433706845
1.0108372111045747
1.0108583465723555
1.0108724368842092
1.0108759594621728
1.0108918110630083
1.0109076626638438
1.0109164691087527
1.0109481723104237
1.010971069067186
1.0110080561358024
1.0110151012917294
1.0110221464476563
1.0110274303146014
1.0110379980484918
1.0110468044934005
1.0110608948052542
1.0110679399611813
1.0110785076950715
1.0110996431628523
1.011108449607761
1.0111190173416513
1.0111313463645235
1.0111313463645235
1.0111771398780482
1.0112017979237926
1.0112229333915732
1.0112282172585185
1.011238784992409
1.0112405462813905
1.0112493527262991
1.0112616817491713
1.011295146239824
1.011335655886404
1.0113567913541845
1.0113585526431663
1.0113691203770567
1.0113832106889107
1.0113973010007644
1.011406107445673
1.0114166751795635
1.0114730364269786
1.0114994557617047
1.0115012170506863
1.0115117847845767
1.0115258750964307
1.0115329202523575
1.0115382041193026
1.0115470105642113
1.0115575782981017
1.0115628621650468
1.0115699073209738
1.0115839976328276
1.0115910427887544
1.0116350750132976
1.0116474040361698
1.011652687903115
1.0116614943480235
1.0116755846598775
1.0117231394623842
1.0117389910632197
1.0117477975081284
1.0117530813750735
1.0117530813750735
1.0117583652420188
1.0117654103979457
1.0117689329759092
1.0117795007097994
1.0117812619987812
1.011788307154708
1.0117935910216533
1.0118041587555437
1.011814726489434
1.0118358619572148
1.0118393845351783
1.0118464296911052
1.011867565158886
1.011872849025831
1.0118746103148129
1.011879894181758
1.0118816554707397
1.0118887006266666
1.011904552227502
1.0119115973834292
1.0119344941401915
1.0119433005851002
1.0119485844520453
1.011964436052881
1.011976765075753
1.011990855387607
1.011996139254552
1.0120031844104789
1.0120049456994606
1.0120190360113146
1.0120260811672415
1.0120313650341866
1.0120331263231683
1.01203488761215
1.0120401714790952
1.0120436940570587
1.012056023079931
1.012066590813821
1.012066590813821
1.0120753972587297
1.012080681125675
1.0120912488595655
1.0120965327265106
1.0121141456163278
1.0121211907722547
1.0121264746392
1.0121423262400355
1.0121599391298528
1.0121705068637432
1.0121757907306883
1.0121934036205056
1.0122004487764324
1.012203971354396
1.0122074939323595
1.0122110165103229
1.0122145390882864
1.0122145390882864
1.0122163003772682
1.012223345533195
1.0122268681111584
1.0122391971340305
1.0122515261569027
1.0122620938907931
1.012281468069592
1.012288513225519
1.012300842248391
1.012334306739044
1.012339590605989
1.0123483970508977
1.01236072607377
1.0123677712296968
1.0123765776746054
1.012392429275441
1.0123994744313678
1.0124047582983131
1.0124223711881304
1.0124452679448928
1.0124611195457283
1.0124734485686004
1.0124857775914726
1.0124998679033264
1.0125069130592532
1.0125174807931436
1.0125262872380523
1.0125333323939791
1.0125403775499062
1.0125439001278695
1.01255446786176
1.0125579904397235
1.0125615130176868
1.0125632743066686
1.0125632743066686
1.0125703194625955
1.012573842040559
1.012586171063431
1.0125914549303763
1.0125967387973214
1.0125967387973214
1.012600261375285
1.01260554524223
1.0126108291091753
1.0126161129761204
1.012624919421029
1.0126302032879744
1.0126337258659377
1.0126372484439012
1.012639009732883
1.0126460548888099
1.0126460548888099
1.012651338755755
1.0126548613337185
1.0126619064896454
1.0126671903565905
1.0126671903565905
1.012670712934554
1.0126724742235358
1.0126742355125176
1.0126759968014991
1.0126812806684444
1.0126848032464077
1.012690087113353
1.0127006548472435
1.0127041774252068
1.0127094612921521
1.0127129838701154
1.012716506448079
1.012721790315024
1.0127235516040058
1.0127270741819694
1.0127323580489145
1.0127323580489145
1.0127323580489145
1.012735880626878
1.0127376419158598
1.0127394032048413
1.0127446870717867
1.0127464483607684
1.0127499709387318
1.0127517322277135
1.012762299961604
1.012767583828549
1.0127711064065126
1.0127799128514212
1.0127851967183663
1.012786958007348
1.0127922418742932
1.0127957644522567
1.0127957644522567
1.012801048319202
1.012801048319202
1.0128028096081836
1.0128063321861471
1.012813377342074
1.0128186612090193
1.0128186612090193
1.0128204224980009
1.0128239450759644
1.0128257063649462
1.0128292289429095
1.0128397966768
1.0128468418327268
1.0128556482776354
1.0128679773005076
1.0128732611674527
1.0128750224564345
1.0128750224564345
1.0128820676123613
1.0128873514793066
1.01289087405727
1.0128926353462517
1.0128926353462517
1.0128943966352335
1.0128943966352335
1.0128996805021788
1.0129067256581057
1.012910248236069
1.012910248236069
1.0129120095250508
1.0129137708140326
1.0129225772589412
1.0129260998369047
1.0129313837038498
1.0129349062818134
1.0129401901487585
1.0129401901487585
1.0129419514377402
1.0129419514377402
1.0129472353046853
1.0129525191716306
1.0129525191716306
1.012956041749594
1.0129578030385757
1.0129648481945026
1.0129648481945026
1.0129666094834844
1.012975415928393
1.0129789385063566
1.0129824610843199
1.0129877449512652
1.012994790107192
1.0129965513961738
1.0130000739741372
1.0130035965521007
1.0130106417080276
1.0130159255749729
1.0130194481529362
1.0130194481529362
1.013021209441918
1.013021209441918
1.013021209441918
1.0130229707308998
1.013026493308863
1.0130317771758084
1.0130317771758084
1.0130317771758084
1.0130335384647902
1.0130335384647902
1.0130370610427535
1.013040583620717
1.0130423449096988
1.0130441061986803
1.013047628776644
1.013047628776644
1.0130493900656257
1.0130493900656257
1.013052912643589
1.0130546739325708
1.0130581965105343
1.013059957799516
1.0130634803774794
1.0130652416664612
1.013067002955443
1.013072286822388
1.0130740481113698
1.0130758094003516
1.013079331978315
1.0130810932672967
1.0130810932672967
1.0130810932672967
1.0130810932672967
1.0130810932672967
1.0130810932672967
