0.0007280400821800984
0.001454868783191844
0.0021380877621428847
0.0028637050819862774
0.0032949567779199133
0.00402663100360507
0.004764362135131992
0.005212573167422569
0.005771019886033259
0.006628677753227119
0.007075677404349343
0.007676522463852386
0.00843605845640966
0.008743749273171298
0.009711642826685274
0.01065530875683219
0.011577169825948754
0.012701331550180254
0.013237973407760593
0.013579582897236113
0.014334273365119976
0.014684362522773966
0.015072004496646897
0.01612227196960887
0.016578962670077916
0.017115604527658253
0.018044733883784938
0.018977497383416676
0.019492334379966662
0.02009802496414312
0.02079456913594604
0.0219223650036826
0.022869665077334574
0.023443859751133854
0.023957485366515485
0.024603151529247587
0.02530090708221886
0.02591265457223708
0.026505019963561655
0.027080426018529287
0.027620702019614685
0.028077392720083732
0.02895927821064465
0.029641285808427335
0.03011251308291662
0.030719415048261426
0.031251211381168355
0.03180481257510563
0.0322300073651975
0.03291201496298019
0.03337960809396442
0.03369698996007288
0.034168217234562155
0.034770273675233554
0.03515791564910649
0.035808427336511996
0.036300248090863275
0.03711793037950149
0.03774905996821336
0.038197271000503935
0.038965286661239676
0.03930326200721014
0.03967394464472613
0.040575212233980695
0.040724212117688105
0.04098102492537892
0.04112881342791797
0.04158429274721867
0.04234382873977594
0.04302462495639028
0.043718746365856494
0.044101542815056016
0.04455096522851494
0.0451384850951661
0.04564726518587433
0.04584835445982091
0.046267492344071015
0.04670237818350971
0.04698584137690429
0.047424361359848045
0.047957369073923325
0.04875203512036283
0.04936499399154941
0.05004700158933209
0.050592123115090905
0.05156365081210994
0.051918585494437335
0.052959161918052486
0.05352972244834671
0.05421173004612939
0.05457272163429856
0.05520385122301043
0.055755029654611
0.056060297709035936
0.05620081792456487
0.056914321432724735
0.057654475326588364
0.058220190332209175
0.05869989727487692
0.05942672597588867
0.060056644183432185
0.06090339962011086
0.06144246424002791
0.061948821568399426
0.0625048455246734
0.06343760902430515
0.06438733186029383
0.06467806334069853
0.06571379423964027
0.06592094041942861
0.06637884250106602
0.0666441349769353
0.06719046788386246
0.06769682521223398
0.0682698085048649
0.0687277105865023
0.06921589719734852
0.06978161220296934
0.0701607745086638
0.07067561150521379
0.0715986839554987
0.07208687056634493
0.07271073186804668
0.07348601581579253
0.0742867387680738
0.07528855099430166
0.07566650191882777
0.07612924952513858
0.07711894793968291
0.07758411830833042
0.07802263829127418
0.07851809318913051
0.07909349924409816
0.07964467767569873
0.0799693278288173
0.08122431871923091
0.08200808233515525
0.08280759390626817
0.08357318680466722
0.08401534093111603
0.08464404775749118
0.0852400472923208
0.0856543396518975
0.08609407101600962
0.08641508702562313
0.08704742799550336
0.0876070860952824
0.08827940264371827
0.08935510912121565
0.08963857231461023
0.09032784819940304
0.09050955537465596
0.09110070938481218
0.09152953831840911
0.09200197697406676
0.09250591154010156
0.0928087568321898
0.09361795945264953
0.09438112958871187
0.09480026747296197
0.09534175485521572
0.09613520952048688
0.09671424971895957
0.0972484688142032
0.09771485056401907
0.09839443539946506
0.09894682521223398
0.09919152420824127
0.09960339380548126
0.09983234484629996
0.10015457223708184
0.10094439275884792
0.1015779451098965
0.10182143272473543
0.10195710741559096
0.1023035624297399
0.10259308252897624
0.10321815521184634
0.10331748846765128
0.10340834205527774
0.10387230104275691
0.10421027638872737
0.10476145482032795
0.1053259584447804
0.10575357599720898
0.10625266503857038
0.10675054269876343
0.107301721130364
0.10764817614451293
0.1086390859402256
0.1092774838159476
0.10960213396906617
0.1102187269837578
0.11080382408807225
0.11121327092297555
0.11174022173120905
0.1119267744311354
0.11204306702329728
0.11254821297050045
0.11334772454161336
0.11381895181610265
0.11459060162034346
0.1152120401597085
0.11574868201728883
0.11649247005465752
0.11704728262976315
0.11777289994960655
0.11812541186959724
0.11875896422064582
0.11905090708221887
0.11940584176454626
0.11992794704810637
0.12037373531806024
0.12070444237702059
0.12123745009109586
0.12206361204791255
0.12303877388843663
0.1235851067953638
0.12409994379191379
0.12497092685195953
0.12524348761483894
0.1259460886924836
0.12653360855913479
0.12751240454316393
0.12797757491181144
0.1285323874869171
0.12882675311082684
0.1295245086637981
0.13014352444082644
0.13059900376012715
0.13154751521494748
0.13202964491995192
0.1324911811450944
0.13294787184556345
0.13382370043028258
0.13428523665542505
0.1352797805946428
0.13566499980617902
0.1363930398883591
0.1367455518083498
0.13776795751443965
0.13819072954219483
0.138654688529674
0.13906413536457726
0.1394493545761135
0.1396322731325348
0.14015558979726325
0.14068859751133853
0.14179216575570802
0.14249597821452106
0.14343237585765786
0.14414466798464937
0.1448000251967283
0.1451501143543823
0.14536816296468583
0.14547597588866923
0.14623914602473156
0.14660498313757414
0.14676367407062837
0.14712951118347095
0.1476758440903981
0.14801139667403188
0.14869703841531962
0.14986480986161183
0.15091144319106872
0.15150259720122494
0.15185632050238398
0.15211797883474823
0.1526437182618134
0.15319974221808738
0.15359222971663372
0.15417005853393806
0.15463280614024888
0.15549530953211613
0.15607313834942046
0.1566231053998527
0.1577339419312323
0.1584050470984998
0.15876725006783735
0.1591003798891344
0.15965519246424004
0.16038323254642012
0.1607006144125286
0.16155827227972244
0.1618938248633562
0.16204403612823196
0.1625528162189402
0.16299860448889406
0.16337897817575686
0.16379690467883862
0.16448739194479978
0.16533414738147847
0.16606339884482693
0.16654795131216807
0.16688834942047526
0.16714031670349266
0.16754612939489089
0.16810821025700662
0.16896223398069543
0.16962607086095283
0.17019663139124705
0.17047888320347326
0.1707405415358375
0.17109668759933325
0.17158366282901114
0.17233108500988487
0.1727163042214211
0.17299734465247896
0.17367450672558823
0.17462301818040857
0.17519963561654456
0.17580653758188935
0.1764618947939683
0.17692100825677404
0.1775036825987518
0.17795795053688412
0.17840737295034306
0.17873202310346165
0.17916085203705856
0.17967811179594526
0.18030681862232043
0.1808119645695236
0.18124442764662557
0.18142734620304687
0.18220747567546614
0.183126913982246
0.18379196224367175
0.18429105128503315
0.185045741752917
0.1853449529015002
0.18565143233709347
0.18597244834670698
0.18644367562119626
0.18691974842035897
0.1875230162421987
0.1878936988797147
0.1883976334457495
0.18900695817343102
0.18921289297205102
0.1895993235647556
0.19025710353917122
0.1906096154591619
0.19083250959413886
0.191564183819824
0.19227041904097375
0.19268471140055046
0.19323588983215104
0.19364412528588595
0.19408991355583982
0.1945926367407063
0.19494030313602356
0.19542243284102803
0.19612503391867273
0.19634187114780788
0.1970311470326007
0.19765016280962902
0.1984254467573749
0.19912077954800947
0.19994936426716284
0.2002958192813118
0.2010359731751754
0.20193239523975656
0.20239998837074077
0.20283002868550606
0.20328550800480677
0.20365619064232274
0.2041952552622398
0.2046192386711633
0.204909970151568
0.20548537620653565
0.20588392061092375
0.20623279838740938
0.2066749525138582
0.20684818002093266
0.20715223669418925
0.20772885413032524
0.20826549598790556
0.20874641431174168
0.20968523471721517
0.21041085203705856
0.2109269004147769
0.21155318447881535
0.21209588324223747
0.21290872000620228
0.21311828894832732
0.2136028414156685
0.21398200372136295
0.214335727022522
0.21482027948986315
0.21551803504283443
0.2156113113927976
0.2161467418692096
0.21670639996898863
0.21713280614024888
0.21764279761212543
0.21836599216963212
0.21906495910377174
0.21971668217234563
0.22021940535721207
0.22073908787843546
0.22140292475869286
0.22172030662480133
0.2220812982129705
0.2224362328952979
0.2229510698918479
0.22319334612551847
0.2235192076598054
0.2242811664146994
0.22440230453153467
0.2251218649455363
0.2252454258247083
0.22595892933286815
0.2263514168314145
0.2268068961507152
0.22751070860952824
0.22786079776718224
0.22831264294297787
0.22850040702407257
0.22888199209210372
0.22948283715160678
0.22975903205799125
0.23035260883048417
0.23084927510950887
0.23115333178276543
0.23149736403457766
0.23192498158700625
0.23222540411675777
0.23267846067372175
0.23330353335659185
0.233788085823933
0.23426537000426406
0.2346481664534636
0.23515573516300345
0.23565966972903826
0.23624597821452106
0.2368528801798659
0.23757365197503585
0.2381175621196263
0.23877291933170525
0.2390854556731403
0.23922718726983758
0.23947188626584487
0.2398752761949064
0.2404591619180525
0.24090495018800637
0.2411072508431213
0.2420000387641974
0.24255121719579797
0.2434173547311703
0.24382074466023182
0.24437071171066402
0.24516780051944023
0.24564508469977128
0.24601940148079235
0.24633799472806917
0.24692430321355197
0.24761842462301817
0.24825197697406676
0.24890370004264062
0.24903695197115944
0.24971774818777379
0.25008358530061636
0.250741365275032
0.2514815191688956
0.25188369771678876
0.2520666162732101
0.2522592258789782
0.2525172500678373
0.25289762375470015
0.25315443656239095
0.25339913555839827
0.2538001027251231
0.25462868744427647
0.25505630499670506
0.2556619955808815
0.256580222506493
0.2572440593867504
0.25786792068845216
0.2582301236577897
0.2588031069504206
0.2590393262782494
0.2597952281273016
0.2603803252316161
0.26067469085552586
0.2610393165872001
0.26142574717990463
0.26155899910842345
0.2621186572082025
0.2626019982943753
0.26276674613327133
0.2632488758382758
0.2638497208977788
0.26446873667480714
0.26524523200372135
0.2656256056905842
0.26614044268713416
0.2665026456564717
0.266833352715432
0.26726218164902893
0.2678145714617979
0.2684856766290654
0.26901020467496223
0.2693554483079428
0.26970674884676515
0.26996356165445595
0.2703075939062682
0.27072309764701324
0.2711058940962127
0.2715383571733147
0.2718872349498004
0.27207136488739003
0.272359673605458
0.27279819358840174
0.27293265689808893
0.2732682094817227
0.2736631197426057
0.27411496491840137
0.2743511842462302
0.27478364732333216
0.2751688665348684
0.27575759778268794
0.27628454859092144
0.27698836104973446
0.2776049540644261
0.2781888397875722
0.2787569775555297
0.2794123347676086
0.27991869209598014
0.2802772609218126
0.28112280497732295
0.281517715238206
0.28211492615420397
0.2827339419312323
0.28316761638950266
0.2836267298523084
0.28409190022095593
0.2849592491374966
0.2851966798464938
0.28545228127301625
0.28580479319300695
0.28652919913168196
0.286985889832151
0.2875879462728224
0.28843591309066946
0.28937352211497464
0.2900046517036865
0.29052191146257317
0.2907859925572741
0.2911154882350661
0.29182899174322596
0.29206884521455984
0.2924528530449277
0.29292044617591195
0.29339773035624295
0.2939755591735473
0.29441165639415434
0.29454611970384154
0.2949785827809435
0.29524993216265455
0.2957405415358375
0.29623841919603056
0.2965194596270884
0.2969180040314765
0.29737106058844054
0.2975018897546226
0.29770661317207425
0.2978168488583944
0.2982456777919913
0.29862484009768575
0.2989773520176765
0.29944615652982903
0.2999513024770322
0.3005485133930302
0.30104033414738146
0.3013213745784393
0.3018483253866729
0.3020663739969764
0.30249762569291005
0.3029070725278133
0.30322203163158507
0.3036811450943908
0.30408211226111564
0.30458362406481376
0.3050730220568283
0.30558422490987325
0.3060069969376284
0.30640554134201653
0.30702940264371825
0.3074691340078304
0.3077610768694034
0.30821534480753576
0.3085399949606543
0.3089724580377563
0.30949940884598987
0.309922180873745
0.3103885626235609
0.3108016436019692
0.31120261076869404
0.31167626080552
0.31254724386556576
0.313203812458813
0.313344332674342
0.31384099895336665
0.31438248633562044
0.3146853316277087
0.3148985347133388
0.3153685506066597
0.3158700624103578
0.31625649300306236
0.3165363220529519
0.3167567934255921
0.3170063379462728
0.31739155715780903
0.3179051827731907
0.3181801662984068
0.3186174749001822
0.31898815753769816
0.3198530836919022
0.3202685874326472
0.32078705857270223
0.32138184672636355
0.3218603422878629
0.3225072198317634
0.3228076423615149
0.323309154165213
0.32383004806760474
0.3241256250726829
0.3244187793154243
0.3248427627243478
0.3253345834786991
0.3258227700895453
0.3262734038841726
0.32682215955343646
0.32713954141954493
0.32784093111602125
0.328711914176067
0.32907532852657284
0.32932487304725355
0.32974158816916693
0.3301873764391208
0.3305968232740241
0.331186765903012
0.33162528588595575
0.33211104973446526
0.3325132282823584
0.3327942687134163
0.3332715528937473
0.3339196418188161
0.3341110400434159
0.3345241210218242
0.3348572508431213
0.3354871690506648
0.33585906306934915
0.3364514284606737
0.3372557855564601
0.3376785575842152
0.3380322808853743
0.33849866263519013
0.33882694693181376
0.33919399542582473
0.3394011416056131
0.33984087296972515
0.3402200352754196
0.3407057991239291
0.3411237256270109
0.34156951389696477
0.34194504205915416
0.3424271717641586
0.3429141469938365
0.3435961545916192
0.34414975578555645
0.3447057797418304
0.3450643485676629
0.3453550800480676
0.34576573826413926
0.3460855428925844
0.34660401403263946
0.34695410319029346
0.3474556149939915
0.347896557739272
0.348431988215684
0.34909945923944646
0.34992077567158975
0.35048770205837887
0.35086444160173663
0.3511794007055084
0.3513441485444044
0.3518250668682405
0.352451350932279
0.35271422064581154
0.3529589196418188
0.35333444780400824
0.3538056750784975
0.3541327479939528
0.3547057312865837
0.3551466740318642
0.35540712098306004
0.35561547854401676
0.35589046206923286
0.3562575105632438
0.3567771930844672
0.3571478757219832
0.35749554211730045
0.3582623463968678
0.3587299395278521
0.3592738496724425
0.3596421095476218
0.35998614179943406
0.3603338081947513
0.3609031573438772
0.3611066693801605
0.3613998236229019
0.3618625712292127
0.36266329418149396
0.36316601736636045
0.36361543977981936
0.36408545567314027
0.36435801643601967
0.3649285769663139
0.3652895685544831
0.3658807225646393
0.36646097414428036
0.3672023394193123
0.36792189983331397
0.36835678567275265
0.3687819804628445
0.3691078419971314
0.36962510175601815
0.3699012966624026
0.3702610768694034
0.37071655618870414
0.37108845020738845
0.37155967748187774
0.37195095359925573
0.3723555549094856
0.3727129123541497
0.3729188471527697
0.3732398631623832
0.37352211497460946
0.3741205372717758
0.37476983757801297
0.3751695933635694
0.3754239834089235
0.3757801294724193
0.37606601542815055
0.37647425088188546
0.3769479009187115
0.37748575415746016
0.3778443229832926
0.3780793309299531
0.37826588362987945
0.3786062817381866
0.3790169399542582
0.37953783385665
0.38006357328371515
0.38060748342830564
0.38128343412024657
0.3819254661394736
0.38236398612241734
0.38244151451719194
0.38270075008721943
0.3832749447610187
0.38374496065433966
0.38428160251192
0.38482551265651044
0.385125935186262
0.385685593286041
0.38622223514362136
0.3869781369926736
0.387233738419196
0.3878854614877699
0.38811320114742026
0.38823555064542387
0.388572314610226
0.3889526882970888
0.3894263383339148
0.3897631022987169
0.3902125247121758
0.39092723960150405
0.3911755727410164
0.3912724832344846
0.3917521901771524
0.39201869403419004
0.39266436019692214
0.39315496957010504
0.39350505872775904
0.39383697716788774
0.3943324320657441
0.3946425456448424
0.39503987866806217
0.3954771872698376
0.395815162615808
0.3958757316742257
0.3961761542039772
0.39661951971159437
0.39704471450168627
0.3973729987983099
0.3978563398844827
0.3984220548901035
0.39887874559057257
0.3995195662286312
0.39985875295577006
0.4003420940419429
0.40088237004302824
0.4014880606272047
0.4018805481257511
0.4022706128619607
0.40274547427995505
0.4031343276349963
0.4036491646315463
0.40423183897352405
0.4045298387409389
0.40497199286738766
0.40520942357638484
0.4056297728418033
0.40620275613443424
0.4064280730317479
0.40679148738225374
0.40713915377757104
0.4077751288909563
0.4080888766135597
0.40851770554715666
0.40881812807690815
0.40926270496569367
0.4095861437376439
0.41032872039384427
0.41078419971314495
0.41113792301430396
0.4115207194635035
0.4120464588905687
0.4123056944605962
0.41271877543900454
0.41302404349342947
0.41353524634647437
0.4137872136294918
0.4141494165988293
0.41458672520060474
0.41502282242121175
0.4153232449509633
0.4155207000814048
0.41566243167810213
0.41585988680854363
0.4162184556343761
0.41658186998488195
0.41702765825483584
0.41735594255145947
0.4176248691708338
0.4179555762297942
0.41829718571926966
0.4192069329767027
0.41969511958754896
0.41990832267317907
0.42020874520293056
0.4206121351319921
0.42098766329418147
0.4215037116718998
0.4219216381749816
0.4221057681125712
0.4225309629026631
0.4230918323836105
0.4232420436484863
0.4237665716943831
0.424463115866186
0.424919806566655
0.42543827770671006
0.42565026941117184
0.42585862697212856
0.42648854517967205
0.4273898127689266
0.427493991549405
0.4280015602589448
0.42835891770360895
0.4287199092917781
0.4289004050858627
0.42906636430592704
0.42919477070977247
0.4295557622979416
0.4298210547738109
0.42990221731209055
0.43008271310617513
0.4301662984067915
0.4303540624878862
0.43066296468581616
0.4310578749466992
0.43130499670504324
0.43194945148660696
0.43247640229484047
0.43304090591929295
0.43337403574058997
0.43374835252161104
0.43414931968833587
0.43449940884598987
0.43483859557312865
0.4353679691436989
0.4357301721130364
0.43615052137845484
0.436816781021049
0.4373437318292825
0.4376599023142226
0.43799303213551966
0.4384763732216925
0.4388688607202388
0.43926134821878515
0.4397761852153351
0.44023893282164595
0.44036976198782807
0.44061203822149864
0.44078405434740475
0.4411874442764663
0.4416756308873125
0.44220379307671437
0.44285188200178316
0.4430541826568981
0.4432758654107067
0.443462418110633
0.44365987324107453
0.44391184052409194
0.4441323118967322
0.4444533279063457
0.44482279916269335
0.44507718920804745
0.44543212389037484
0.4457470829941466
0.446328545954956
0.44673435864635425
0.44695483001899444
0.4475253905492887
0.44794452843353877
0.4485744466410823
0.4491607551265651
0.44925403147652826
0.4500329495677792
0.4504860061247432
0.45097540411675774
0.45137879404581926
0.4516247044229949
0.45200507810985774
0.45233336240648137
0.45275855719657326
0.4532806624801333
0.4537264507500872
0.45391663759351863
0.45417102763887274
0.4546265069581734
0.45500688064503625
0.45530245765011435
0.4556840427181455
0.45602080668294764
0.4566034810249254
0.4572152285149436
0.45736907392332443
0.4575883339147963
0.4580171628483932
0.4584326665891383
0.45882878823118967
0.4591716091018335
0.459406617048494
0.45963435670814434
0.45999777105865025
0.4605695429701128
0.4609862580920262
0.46141750978795987
0.4617918265689809
0.46218915959220064
0.462605874714114
0.4628760127146567
0.4631267686165058
0.46345384153196106
0.4636282804202039
0.4639190119006086
0.4642872717757879
0.46471852347172155
0.4649850273287592
0.4653775148273055
0.46577242508818856
0.4660764817614451
0.4664144571074156
0.4666833837267899
0.46684934294685426
0.4673351067953638
0.4678911307516378
0.4683078458735512
0.468791186959724
0.46931208086211573
0.4697275846028608
0.4700934217157034
0.47061310423692676
0.4708166162732101
0.47116185990619064
0.4715822091716091
0.47221455014148933
0.4727729968601
0.47329146800015504
0.473740890413614
0.4739819552661162
0.47430297127572973
0.47472695468465326
0.4748202310346164
0.47539805985192074
0.47591289684847077
0.47613215683994264
0.47622422180873747
0.4763550509749196
0.4767669205721596
0.47700192851882
0.4772853917122146
0.47759308252897625
0.4780945943326743
0.47863244757142304
0.4792078536263907
0.4793798697522968
0.4799431619955809
0.48028113734155137
0.48062153544985853
0.48104794162111875
0.4815482420436485
0.4822326724037679
0.48266271271853317
0.4830091677326821
0.4834646470519828
0.4840194596270884
0.48450764623793463
0.48502490599682135
0.48542345040120943
0.4855663933790751
0.4858328972361127
0.4859625150211265
0.48617450672558826
0.4864410105826259
0.4869449451486607
0.4874827983874094
0.48775414776912046
0.48805457029887195
0.48830653758188935
0.4887087161297825
0.489232032794511
0.4898340892351824
0.4901284548590921
0.4904179749583285
0.4906929584835446
0.4909303891925418
0.4913967709423576
0.49196733147265187
0.4923549734465248
0.49263116835290927
0.49302486723262395
0.493481557933093
0.4938825250998178
0.49421323215877816
0.49443128076908166
0.4949012966624026
0.4951096542233593
0.4955009303407373
0.4958037756328255
0.4963331492033957
0.4969364170252355
0.4971702135907276
0.49735918905299065
0.4975978311431562
0.4977395627398535
0.498081172229329
0.4985717816025119
0.49911448036593403
0.49978800829553827
0.5001913982245998
0.5003634143505059
0.5005487556692638
0.5009921211768811
0.5011508121099353
0.5013688607202388
0.5017686165057953
0.5021586812420049
0.5023561363724464
0.5025172500678373
0.5027873880683801
0.5030563146877544
0.5032949567779199
0.5033930786525564
0.5037904116757762
0.5044360778385083
0.5048358336240648
0.5050999147187657
0.5053458250959414
0.5057019711594372
0.5057952475094003
0.5061223204248556
0.5065705314571461
0.5070090514400899
0.5074209210373299
0.5078061402488662
0.5082083187967593
0.5085959607706323
0.5089218223049192
0.5095020738845603
0.510142894522619
0.5104530081017172
0.5107219347210916
0.5111931619955808
0.5115771698259488
0.5119199906965927
0.5122616001860681
0.5125826161956817
0.5131107783850836
0.5135432414621856
0.5138133794627282
0.5142131352482847
0.514704956002636
0.5149375411869597
0.5150150695817343
0.5153724270263984
0.5156280284529209
0.5160447435748343
0.5163003450013568
0.5167194828856069
0.5170501899445672
0.5173154824204365
0.5176183277125247
0.5178884657130675
0.5180665387448153
0.5184578148621933
0.5187509691049347
0.5188951234639687
0.5193348548280808
0.5196728301740512
0.5201985696011164
0.5205147400860565
0.5207037155483196
0.521058650230647
0.5213833003837656
0.5215613734155135
0.521807283792689
0.5224166085203706
0.5226940148079234
0.523121632360352
0.5234644532309959
0.5240119975190913
0.524196127456681
0.5243560297709036
0.5251058747141141
0.5254414272977478
0.5256522076210413
0.5260798251734697
0.5265050199635617
0.5270549870139939
0.5272245803775633
0.5278048319572043
0.5284965306043339
0.52887448152886
0.5292924080319417
0.5294947086870566
0.5298799278985928
0.5303281389308835
0.5307339516222817
0.5312439430941582
0.5317163817498158
0.531929584835446
0.532386275535915
0.5325292185137807
0.5327872427026399
0.5333032910803582
0.5338229736015816
0.5341294530371749
0.534174274140404
0.5343729406520138
0.5346673062759235
0.5350573710121332
0.5353905008334302
0.5357829883319766
0.5363014594720317
0.5368320444237702
0.5371009710431446
0.5374546943443036
0.537912596425941
0.5382966042563089
0.5386176202659224
0.5391373027871458
0.5396763674070628
0.5400627979997674
0.5403632205295189
0.5407011958754894
0.5411833255804939
0.5414268131953328
0.5418314145055627
0.542265088963833
0.5427229910454704
0.5432632670465558
0.5436327383029035
0.5438398844826918
0.5442166240260495
0.5447060220180641
0.5450391518393611
0.5453310947009342
0.5457684033027096
0.5462311509090204
0.546346232120014
0.5466321180757452
0.5468695487847424
0.5473528898709152
0.5478023122843741
0.5483050354692406
0.5487278074969958
0.5491287746637206
0.5496375547544288
0.5499210179478234
0.550393456603481
0.5505557816800403
0.550911927743536
0.5512680738070318
0.5514812768926619
0.552126943055394
0.5526102841415669
0.5527580726441059
0.5531214869946117
0.5538519498391286
0.5544588518044734
0.5548016726751173
0.5548634531147033
0.5551626642632864
0.5555987614838934
0.5558567856727527
0.556225045547932
0.5567956060782262
0.5571214676125131
0.5578058979726325
0.5583086211574989
0.5586696127456681
0.5589797263247664
0.5594751812226227
0.5595502868550607
0.5599391402101019
0.5602213920223281
0.56043338372679
0.5608755378532387
0.5611808059076637
0.5613407082218863
0.5615405861146645
0.5617404640074427
0.5618882525099818
0.562071171066403
0.5621801953715548
0.5627592355700275
0.5632764953289142
0.5633310074814901
0.5638446330968717
0.5642141043532194
0.5644709171609101
0.5646296080939645
0.5649191281932008
0.5650475345970462
0.5654618269566228
0.5657598267240377
0.565970607047331
0.5664793871380394
0.5668137283405047
0.5669324436950033
0.5672449800364383
0.5675017928441292
0.5677598170329883
0.5680965809977905
0.5682286215451409
0.5684490929177811
0.5688052389812769
0.5690681086948095
0.5691613850447726
0.5696762220413226
0.5702770671008257
0.5708415707252781
0.5711516843043765
0.5713479280536496
0.5716289684847076
0.5719221227274489
0.5721559192929411
0.5724502849168508
0.5726223010427569
0.5730547641198589
0.5734000077528395
0.5737052758072644
0.5741813486064271
0.5748597220607047
0.5754399736403458
0.5756955750668682
0.5759184692018452
0.5760771601348994
0.576340029848432
0.5764308834360584
0.5766671027638872
0.5769869073923325
0.5773236713571346
0.5776265166492228
0.5780359634841261
0.5783400201573826
0.5786355971624607
0.5789081579253401
0.5793600031011358
0.5796495232003721
0.5801183277125247
0.5803993681435826
0.5807591483505834
0.5812618715354498
0.5816204403612824
0.5818397003527542
0.5821776756987247
0.5826004477264798
0.5828427239601504
0.583167374113269
0.5834908128852192
0.5835489591813001
0.5839184304376478
0.5842527716401132
0.5847615517308214
0.5853660309338296
0.5858372582083188
0.5859583963251541
0.5863581521107105
0.586737314416405
0.5873696553862853
0.587766988409505
0.5879450614412529
0.5881158661859907
0.5882987847424119
0.5885543861689344
0.5888075648331201
0.5892388165290537
0.5897451738574253
0.590039539481335
0.590427181455208
0.5908075551420707
0.5910801159049502
0.5914871399775168
0.5918663022832112
0.5921449199519324
0.5923302612706904
0.5925616350738458
0.5927663584912974
0.5930328623483351
0.5932133581424197
0.593630073264333
0.5939898534713339
0.5944077799744156
0.5948487227196961
0.5953320638058689
0.5957075919680583
0.5962405996821336
0.5963132825522347
0.5965688839787572
0.5969201845175796
0.597172151800597
0.5975985579718572
0.5978226634880025
0.5980903787262085
0.5985264759468155
0.5988826220103113
0.5991697193472109
0.59942047524906
0.5996554831957205
0.599938946389115
0.6002975152149475
0.6006778889018103
0.6008959375121138
0.6013744330736132
0.6016130751637787
0.6018032620072101
0.6019752781331162
0.6024113753537234
0.602492537892003
0.6027905376594178
0.6030364480365934
0.6032835697949374
0.6037838702174672
0.6040091871147808
0.6042635771601349
0.6047529751521494
0.6051430398883592
0.6055755029654611
0.6057463077101989
0.6060854944373377
0.6064077218281195
0.6067214695507229
0.6070146237934644
0.6073247373725627
0.6077559890684964
0.6080648912664264
0.6084065007559019
0.6085445982090941
0.6088171589719735
0.609093353878358
0.6093756056905841
0.6098456215839051
0.6102138814590844
0.6106463445361864
0.6107868647517153
0.6112605147885413
0.6114058805287437
0.6119316199558088
0.6121775303329845
0.6126802535178509
0.6130121719579796
0.6134519033220918
0.6139219192154126
0.6141387564445479
0.614520341512579
0.6147650405085863
0.6152229425902237
0.6155403244563321
0.6157486820172888
0.6160999825561112
0.6164294782339031
0.6166669089429003
0.6168692095980153
0.6169455266116215
0.6172725995270768
0.6174264449354576
0.6177341357522192
0.6179994282280885
0.6182053630267085
0.6185481838973524
0.6187795577005079
0.6191599313873706
0.6193937279528627
0.619926735666938
0.6201641663759352
0.6203737353180603
0.6205942066907004
0.6210157673372872
0.6213234581540489
0.6215221246656588
0.6218164902895685
0.6222138233127883
0.6225239368918867
0.6228812943365508
0.62324955421173
0.6235572450284916
0.6238443423653913
0.6241423421328062
0.6244064232275071
0.6245772279722448
0.6249394309415823
0.6254421541264488
0.6257486335620421
0.6260635926658139
0.6265105923169361
0.626791632747994
0.6271392991433112
0.6275063476373222
0.6277062255301004
0.6279024692793735
0.6281326317013606
0.6284306314687754
0.6286632166530992
0.6290702407256658
0.6295487362871651
0.6297716304221421
0.6301035488622708
0.6305420688452146
0.631003605070357
0.6313645966585262
0.6317716207310927
0.6320926367407063
0.6323712544094274
0.6325953599255727
0.6329139531728496
0.6332482943753149
0.6335838469589488
0.6338442939101446
0.6341398709152227
0.6346898379656549
0.635022967786952
0.6352809919758111
0.6356359266581385
0.635887893941156
0.6361471295111835
0.6364136333682211
0.6366268364538512
0.6368751695933635
0.6370544540062798
0.6374857057022134
0.6376843722138233
0.6379617785013761
0.6384305830135287
0.6388061111757181
0.6392155580106214
0.6395947203163158
0.6399423867116332
0.640446321277668
0.6409078575028104
0.6411998003643835
0.6416867755940613
0.6419411656394154
0.6424160270574097
0.6426413439547234
0.6429962786370508
0.6435304977322944
0.6439726518587433
0.6442573264333062
0.6444244970345389
0.6447067488467652
0.6451489029732139
0.645687967593131
0.6461919021591658
0.6464002597201225
0.6465008043570958
0.6467636740706284
0.6469829340621003
0.6473075842152188
0.6475098848703338
0.64789510408187
0.6481725103694228
0.6485407702446021
0.6486679652672791
0.6488848024964143
0.6490253227119432
0.649113753537233
0.649381468775439
0.6497860700856689
0.6500089642206458
0.6503917606698453
0.6509235570027523
0.6512348819630189
0.651691572663488
0.6520646780633407
0.6521591657944722
0.6526291816877932
0.6531246365856495
0.6534383843082529
0.653548619994573
0.6536964084971121
0.6540150017443889
0.6540416521300927
0.6540816277086483
0.654458367252006
0.6549077896654649
0.6551391634686203
0.6555037892002946
0.6557097239989146
0.6559798619994573
0.6562451544753266
0.6565516339109199
0.6568411540101562
0.6571815521184634
0.6575607144241579
0.6580089254564484
0.6582378764972672
0.6589695507229523
0.6593378105981316
0.6596176396480211
0.659775119199907
0.6598732410745436
0.6599992247160522
0.6603856553087568
0.6607006144125286
0.6609998255611118
0.6612590611311393
0.6614032154901732
0.6615667519479009
0.6618780769081676
0.6620622068457572
0.662335978989805
0.6624995154475326
0.6626315559948831
0.6629767996278637
0.663279644919952
0.6634577179516998
0.6637472380509362
0.6638962379346436
0.6641142865449471
0.664395326976005
0.664481335038958
0.6646581966895375
0.6648483835329689
0.6649780013179827
0.6652033182152963
0.6654019847269063
0.6656273016242199
0.6658841144319106
0.6659895045935574
0.66604643950847
0.6662887157421405
0.6664982846842656
0.6667696340659767
0.6671185118424623
0.6673426173586076
0.667714511377292
0.6681118444005116
0.6683274702484785
0.6686085106795364
0.6688871283482576
0.6690131119897662
0.6692105671202078
0.6693438190487266
0.6695703473272085
0.6697411520719464
0.6700960867542738
0.670460712485948
0.6706981431949451
0.6710555006396093
0.6713280614024887
0.6714092239407683
0.6716030449277047
0.6717968659146413
0.6721033453502345
0.6723880199247975
0.6727041904097376
0.6730894096212738
0.6733014013257356
0.6736696612009149
0.6739676609683296
0.6742886769779431
0.674463115866186
0.6746496685661123
0.6749185951854867
0.6752565705314572
0.6755460906306935
0.6757726189091755
0.6760912121564523
0.6763964802108773
0.6769391789742993
0.6773680079078963
0.6779107066713184
0.6784885354886228
0.6789549172384386
0.6792674535798736
0.6794891363336822
0.6797180873745009
0.680154184595108
0.6804473388378494
0.680796216614335
0.6810275904174904
0.6811487285343257
0.6814624762569291
0.681953085630112
0.6821723456215839
0.6823964511377292
0.6827223126720161
0.6830021417219057
0.6832613772919331
0.683555742915843
0.6837192793735706
0.6839361166027057
0.684379482110323
0.6849573109276272
0.6851535546769004
0.6854006764352444
0.6859603345350235
0.6862244156297244
0.6864485211458696
0.6868252606892274
0.6871596018916928
0.687606601542815
0.6880608694809474
0.688385519634066
0.6885757064774973
0.6888434217157033
0.6894091367213242
0.6897144047757491
0.689999079350312
0.6903879327053534
0.6905999244098151
0.6907634608675427
0.691090533782998
0.6913182734426484
0.6915932569678644
0.6918658177307438
0.6921298988254448
0.6923188742877079
0.6926011260999341
0.6929972477419855
0.6932855564600535
0.6936005155638253
0.6938464259410009
0.6940366127844323
0.6942062061480017
0.6943576287940458
0.6945732546420126
0.69482522192503
0.6951413924099702
0.6954151645540179
0.695579912392914
0.6959081966895375
0.6960971721518006
0.6963406597666395
0.696661675776253
0.6970323584137691
0.6973049191766485
0.6976610652401442
0.6978888048997945
0.6982606989184789
0.698762210722177
0.6991268364538512
0.6993751695933635
0.6996053320153506
0.699915445594449
0.7001395511105942
0.7005550548513393
0.7008336725200605
0.7010832170407412
0.7016041109431329
0.7021455983253867
0.702414524944761
0.7026362076985696
0.702723427142691
0.703135296739931
0.703423605457999
0.7037107027948987
0.7041407431096639
0.7044690274062876
0.7047621816490289
0.7050698724657906
0.7053654494708687
0.7057494573012366
0.7060680505485134
0.7063684730782649
0.70668827770671
0.7070504806760476
0.7073618056363143
0.7075786428654495
0.7078039597627631
0.7080426018529287
0.7083381788580068
0.7084629511183471
0.7086325444819165
0.708871186572082
0.7092164302050626
0.7094490153893863
0.7096089177036089
0.709938413381401
0.7100813563592666
0.7103430146916309
0.7106301120285304
0.7109596077063225
0.7111049734465248
0.7113000058146296
0.7115652982904989
0.7117906151878125
0.7120498507578401
0.7121843140675272
0.712313931852541
0.7125828584719154
0.7129341590107376
0.7132648660696981
0.7134695894871497
0.7138572314610226
0.7141261580803969
0.7145307593906268
0.7149935069969376
0.7152103442260728
0.7152781815715006
0.7154368725045548
0.7157663681823467
0.7160086444160174
0.7161661239679032
0.7165150017443889
0.7170976760863667
0.7173932530914447
0.7177166918633949
0.7179856184827693
0.718296943443036
0.7184956099546459
0.7188154145830911
0.719103723301159
0.7193169263867891
0.7195434546652711
0.7200255843702756
0.7203235841376904
0.7205065026941118
0.7208444780400822
0.7211061363724464
0.7213375101756018
0.7214634938171105
0.7216415668488584
0.7218874772260341
0.7220340543474048
0.7223272085901461
0.7225779644919952
0.7228311431561809
0.7230758421521882
0.7234404678838625
0.7236960693103849
0.7240812885219211
0.7245924913749661
0.7247560278326938
0.7251715315734387
0.7255410028297864
0.7257578400589216
0.7259637748575416
0.7261697096561616
0.7266203434507889
0.7267959937202
0.7269752781331162
0.727249050277164
0.7275967166724813
0.7278801798658758
0.7281079195255262
0.7284034965306043
0.7288710896615885
0.7292793251153235
0.7296245687483041
0.7298753246501531
0.730197552040935
0.7305694460596194
0.7309449742218087
0.7313592665813854
0.7317541768422685
0.7320352172733263
0.7323404853277513
0.7326130460906307
0.7328904523781835
0.733228427724154
0.7334598015273094
0.7335118909175485
0.733767492344071
0.7341345408380819
0.7345258169554599
0.7348940768306392
0.7351278733961313
0.7354779625537853
0.7356693607783851
0.7358837752451836
0.736221750591154
0.7365439779819359
0.7368516687986976
0.7371218067992402
0.7374198065666551
0.7376657169438307
0.7378401558320735
0.7380073264333062
0.7381345214559832
0.7383986025506842
0.7386263422103345
0.7388322770089545
0.7390539597627631
0.7391617726867465
0.739417374113269
0.7396390568670775
0.7397771543202698
0.7400460809396442
0.7403137961778501
0.7405342675504903
0.7407777551653293
0.7408879908516495
0.741109673605458
0.7414767220994689
0.7417262666201496
0.7419903477148506
0.7422750222894134
0.742661452882118
0.7430030623715936
0.7436378261038106
0.7438292243284103
0.7442011183470946
0.7445645326976005
0.7450212233980695
0.7454137108966159
0.7456135887893941
0.7458183122068458
0.7459866941892468
0.7462725801449781
0.7466057099662752
0.7470527096173973
0.747401587393883
0.7476341725782067
0.7479830503546924
0.7481053998526961
0.7483949199519324
0.7486771717641586
0.7489255049036709
0.7491011551730822
0.749416114276854
0.7497371302864674
0.7499830406636431
0.7504021785478932
0.7507873977594294
0.7514306411598248
0.7518764294297786
0.7521635267666783
0.7524348761483893
0.7526444450905144
0.7527776970190332
0.7531059813156569
0.7533676396480211
0.7536111272628601
0.7540338992906152
0.7543004031476528
0.754603248439741
0.7547934352831724
0.7551786544947087
0.755543280226383
0.7557661743613598
0.7560169302632089
0.7563827673760515
0.7566395801837423
0.756947271000504
0.7572125634763732
0.7573651975035857
0.7575360022483234
0.757647449315812
0.7579345466527115
0.7582713106175136
0.7583948714966856
0.7586456273985347
0.7587849362328953
0.7590381148970811
0.7593070415164554
0.7596716672481296
0.760150162809629
0.7605438616893437
0.7611713571345505
0.7616074543551575
0.7620193239523976
0.7623306489126642
0.7627255591735473
0.7630865507617165
0.7635408186998488
0.763847298135442
0.7639575338217622
0.7642276718223049
0.7644735821994806
0.7647098015273094
0.7648842404155521
0.7652985327751289
0.7654729716633717
0.7657612803814398
0.7659926541845951
0.7662131255572353
0.7664348083110439
0.7668139706167384
0.7671931329224329
0.7676062139008412
0.7681573923324417
0.7683924002791023
0.7686370992751095
0.768892700701632
0.7690417005853394
0.769452358801411
0.76990178121487
0.7702336996549987
0.7705668294762957
0.7708030488041245
0.770993235647556
0.7711616176299569
0.7714184304376478
0.7716425359537931
0.7719090398108307
0.7720362348335078
0.7721064949412723
0.7724432589060743
0.7728357464046207
0.7730671202077761
0.7732415590960189
0.7735977051595146
0.7738569407295421
0.7742809241384657
0.7747170213590727
0.7748817691979688
0.7750683218978951
0.7751894600147304
0.7753408826607745
0.7756013296119704
0.7759162887157421
0.7761452397565608
0.7764250688064503
0.7765995076946932
0.7767848490134511
0.7772221576152266
0.7775371167189983
0.7777212466565879
0.7781197910609761
0.778445652595263
0.7787557661743614
0.7790864732333217
0.77929361941311
0.7794692696825212
0.7797684808311044
0.7799574562933674
0.7801573341861456
0.7804989436756212
0.7807048784742412
0.7809641140442687
0.7814450323681048
0.7817575687095398
0.7819804628445168
0.7822760398495949
0.7825534461371477
0.7828199499941854
0.7831409660037989
0.7835164941659883
0.7840155832073497
0.7843680951273404
0.784713338760321
0.785111883164709
0.785355370779548
0.7856303543047641
0.7858181183858588
0.7861415571578091
0.7865994592394464
0.7869895239756561
0.7873165968911113
0.7875770438423072
0.7878459704616816
0.7880167752064193
0.7882081734310191
0.7883159863550026
0.7886454820327945
0.7887872136294918
0.7889531728495561
0.7890803678722332
0.7893517172539443
0.7896497170213591
0.7899428712641005
0.7902336027445052
0.7903244563321317
0.7904710334535023
0.7906042853820212
0.7907448055975501
0.7909216672481296
0.7911833255804939
0.7914534635810365
0.7918047641198589
0.7921500077528395
0.7924843489553048
0.792845340543474
0.7931239582121952
0.793397730356243
0.7936036651548629
0.7938374617203551
0.7940470306624802
0.7941378842501066
0.7943450304298949
0.7947823390316704
0.7950258266465093
0.795295964647052
0.7957417529170059
0.7959622242896461
0.7962045005233167
0.7965158254835834
0.7967459879055704
0.7968683374035741
0.7969870527580727
0.7971881420320193
0.7974049792611544
0.7976484668759933
0.7978144260960577
0.7980700275225802
0.7983389541419544
0.7985582141334263
0.7987520351203629
0.7990415552195992
0.7993334980811723
0.7995164166375935
0.7998652944140792
0.80012937550878
0.8004322208008683
0.80063694421832
0.8009191960305462
0.8011263422103345
0.8013322770089545
0.8016569271620732
0.8018434798619994
0.8021475365352561
0.8023280323293406
0.8025824223746947
0.8028440807070589
0.8030269992634802
0.8032087064387332
0.8034352347172152
0.8037041613365895
0.8038725433189906
0.8041136081714928
0.8043583071675001
0.8046066403070125
0.8048380141101679
0.8050536399581346
0.8052983389541419
0.8056072411520719
0.8059597530720627
0.8063243788037369
0.8067144435399465
0.8069143214327248
0.8071905163391092
0.8074994185370392
0.8077089874791642
0.8079476295693298
0.8082165561887041
0.808411588556809
0.8086151005930923
0.8088937182618134
0.8091820269798814
0.8093298154824204
0.8095539209985657
0.8097671240841958
0.8099791157886576
0.8100978311431561
0.8102855952242509
0.8103764488118773
0.8105775380858239
0.8107144241578478
0.8108791719967438
0.8110899523200372
0.8113467651277281
0.8116374966081328
0.8117755940613249
0.811916114276854
0.8121099352637904
0.8122516668604877
0.8124685040896228
0.8125690487265961
0.8128779509245261
0.8131468775439005
0.8134448773113153
0.8136435438229251
0.8137610477962554
0.8139439663526766
0.8141959336356941
0.8143921773849673
0.8146344536186378
0.8148234290809009
0.8149809086327867
0.8151819979067333
0.8152934449742218
0.8155672171182695
0.8159100379889135
0.8161002248323449
0.8162540702407257
0.8165314765282785
0.8168888339729425
0.8174375896422065
0.8176883455440556
0.8178106950420592
0.818043280226383
0.8182237760204675
0.8184030604333837
0.8185847676086366
0.8187083284878086
0.8188924584253983
0.8191395801837423
0.8192667752064193
0.8196956041400163
0.8201292785982867
0.8202504167151219
0.820542359576695
0.820772521998682
0.8210257006628677
0.8214387816412762
0.8217488952203744
0.8219245454897857
0.8222431387370625
0.82239940690778
0.8227688781641276
0.8230838372678994
0.8232437395821219
0.8234581540489204
0.8236810481838973
0.8239863162383223
0.8241474299337133
0.8243642671628484
0.8245580881497848
0.8248209578633174
0.8250281040431058
0.8253394290033725
0.8257391847889289
0.8260371845563438
0.8263097453192232
0.8265580784587355
0.8266586230957088
0.8267785498313758
0.8269941756793425
0.8274181590882661
0.8277900531069504
0.8280359634841261
0.8282673372872814
0.8284987110904368
0.8285956215839051
0.8287397759429391
0.8290111253246502
0.8291528569213474
0.8292970112803815
0.8294847753614761
0.8296810191107493
0.829951157111292
0.8302830755514207
0.8306670833817886
0.8310934895530488
0.8313612047912547
0.8315998468814203
0.8317440012404543
0.8320020254293135
0.8322019033220918
0.8324187405512269
0.8326913013141063
0.8329360003101136
0.8331988700236461
0.8333708861495522
0.8334653738806838
0.8336700972981355
0.8339341783928363
0.8341522270031398
0.834344836608908
0.8345447145016862
0.8347506493003063
0.8349953482963135
0.8351516164670311
0.835456884521456
0.8356167868356785
0.8358578516881808
0.8360940710160096
0.8362794123347677
0.8365216885684382
0.836778501376129
0.8370934604799007
0.8373054521843625
0.8375986064271039
0.8379147769120441
0.838161898670388
0.8383387603209675
0.8384162887157421
0.838635548707214
0.8388330038376556
0.8390595321161375
0.839380548125751
0.8397015641353646
0.8398481412567352
0.8398784257859441
0.8401001085397527
0.8402915067643525
0.840554376477885
0.8409032542543706
0.8410994980036438
0.8412436523626778
0.8414447416366244
0.8416228146683723
0.8419220258169554
0.842243041826569
0.8424138465713067
0.8425737488855293
0.8427251715315734
0.8429759274334225
0.8433066344923829
0.8434217157033763
0.8437669593363569
0.8440576908167616
0.8443193491491259
0.8445870643873319
0.8447663488002481
0.8450074136527503
0.8452557467922627
0.8454471450168625
0.845665193627166
0.8457596813582975
0.8460116486413148
0.8462151606775982
0.8464089816645346
0.8466500465170369
0.8467820870643873
0.847220607047331
0.8474822653796953
0.8478505252548746
0.8481921347443501
0.8483544598209094
0.848476809318913
0.8488353781447455
0.8491878900647362
0.8494459142535954
0.8498698976625189
0.850107328371516
0.8504731654843587
0.8507178644803659
0.8510837015932086
0.851445904562546
0.851747538473466
0.8520976276311198
0.8523859363491879
0.8526597084932357
0.8529128871574214
0.8531285130053883
0.8533489843780284
0.8536263906655812
0.8538953172849556
0.8540624878861883
0.8543350486490677
0.854665755708028
0.8549964627669884
0.8552811373415513
0.8554979745706865
0.855736616660852
0.8560818602938326
0.8563338275768501
0.8564452746443385
0.8566306159630965
0.8567226809318913
0.8569189246811645
0.8571357619102996
0.8573235259913944
0.8575960867542738
0.8577438752568128
0.8581072896073186
0.858307167500097
0.8585336957785789
0.8588183703531418
0.8590461100127922
0.8593344187308601
0.8594943210450827
0.8597329631352483
0.859896499592976
0.8601145482032795
0.8603229057642362
0.860521572275846
0.8607371981238129
0.8610230840795441
0.8612169050664806
0.8614567585378144
0.8616735957669497
0.8618419777493507
0.8619691727720278
0.8622574814900957
0.8624827983874094
0.8626717738496724
0.8628716517424506
0.8631526921735085
0.8634070822188626
0.8636747974570687
0.8639110167848975
0.8641181629646858
0.8643737643912083
0.8645578943287979
0.8647129511183471
0.8649297883474822
0.865014585029267
0.8650860565181998
0.8652374791642439
0.8653586172810792
0.8655875683218979
0.8659291778113735
0.8662417141528085
0.8664428034267551
0.8666208764585029
0.8669624859479784
0.8672774450517502
0.8674591522270031
0.8676057293483739
0.8677934934294685
0.8679848916540683
0.8681896150715199
0.8683386149552274
0.8685057855564601
0.8686693220141877
0.8689212892972051
0.8690121428848315
0.8691235899523201
0.8692738012171958
0.8694651994417956
0.869778947164399
0.8699582315773152
0.8701714346629453
0.8704561092375083
0.8707795480094584
0.8710448404853277
0.8713537426832577
0.8716456855448308
0.8719170349265418
0.8721532542543706
0.8724233922549134
0.8726511319145637
0.872854643950847
0.8729975869287127
0.8731417412877467
0.8733331395123464
0.8736432530914447
0.8739679032445633
0.8743083013528705
0.8745445206806993
0.8748086017754002
0.8750533007714075
0.875288308718068
0.8753428208706439
0.8755741946737993
0.875909747257433
0.8761156820560531
0.8764463891150134
0.8767383319765865
0.877062982129705
0.87726528278482
0.8775136159243323
0.8777958677365585
0.8781096154591619
0.8783179730201186
0.8785093712447184
0.878748013334884
0.8789503139899988
0.8791610943132923
0.879376720161259
0.8795632728611854
0.879829776718223
0.880179865875877
0.8802610284141567
0.8804863453114703
0.8806765321549017
0.8807940361282319
0.8811053610884987
0.8812737430708997
0.8815039054928868
0.881744970345389
0.8818515718882041
0.8820175311082684
0.8821604740861341
0.8824802787145792
0.8826740997015157
0.8828352133969066
0.8829696767065938
0.8833234000077529
0.8835535624297399
0.8838539849594914
0.884158041632748
0.8843651878125364
0.8845808136605031
0.8847867484591232
0.885022967786952
0.8851986180563631
0.8855147885413033
0.8857594875373105
0.8860538531612203
0.8863312594487731
0.8866086657363259
0.8868315598713029
0.8870108442842191
0.8870847385354886
0.8872301042756909
0.887357299298368
0.8875923072450285
0.8878382176222042
0.8880320386091406
0.8882646237934644
0.8884887293096096
0.8887758266465093
0.8890265825483583
0.8891210702794898
0.8893076229794162
0.8894602570066287
0.889749777105865
0.8899569232856533
0.8902294840485327
0.8904220936543009
0.8906607357444664
0.8908884754041168
0.8911210605884405
0.891277328759158
0.8914893204636198
0.8917776291816878
0.8921434662945303
0.892434197774935
0.8926183277125247
0.8927358316858549
0.8929175388611079
0.8931804085746404
0.8934178392836376
0.8936722293289917
0.8938878551769586
0.8940235298678141
0.8942609605768113
0.8944099604605187
0.8945674400124045
0.8948072934837384
0.8949950575648331
0.895090756677133
0.8952288541303253
0.8952773093770593
0.895478398651006
0.8956661627321006
0.8957594390820638
0.8959399348761484
0.8960610729929837
0.8962052273520177
0.8963566499980617
0.8964438694421832
0.8965637961778501
0.8967055277745474
0.8968799666627902
0.897133145326976
0.8973669418924681
0.8974226654262123
0.8975377466372059
0.8976467709423577
0.8978418033104625
0.8980283560103888
0.8980986161181532
0.898166453463581
0.8984050955537466
0.8985868027289995
0.8986897701283095
0.8988278675815017
0.8989199325502966
0.8990652982904989
0.8992397371787417
0.899422655735163
0.8995777125247122
0.8997630538434702
0.9000125983641508
0.9001979396829088
0.9004777687327984
0.9005952727061286
0.9007164108229639
0.900781825406055
0.9009623212001395
0.9011670446175912
0.9013281583129821
0.9015401500174439
0.9017545644842424
0.9018163449238283
0.9019071985114548
0.9021119219289064
0.9023348160638834
0.9025225801449781
0.902745474279955
0.9031306934914912
0.9032542543706632
0.9033572217699732
0.9034553436446099
0.9036576442997247
0.9039677578788231
0.9040404407489243
0.9042294162111874
0.9044595786331744
0.9046957979610032
0.9048762937550878
0.905038618831647
0.9051876187153545
0.9053838624646277
0.905666114276854
0.9059023336046828
0.9061736829863938
0.9063662925921618
0.9064910648525022
0.906637641973873
0.906802389812769
0.9070313408535876
0.9072736170872582
0.9075982672403767
0.9077399988370741
0.907918071868822
0.9081118928557584
0.9082790634569912
0.9083408438965771
0.9085552583633756
0.9087648273055007
0.9090398108307167
0.9092457456293368
0.909408070705896
0.9095631274954452
0.9097448346706981
0.9099992247160522
0.9102124278016823
0.9104728747528782
0.9107369558475792
0.9109101833546537
0.9111536709694926
0.9114238089700353
0.9116600282978641
0.9118671744776524
0.912068263751599
0.9122693530255456
0.9124195642904214
0.9125855235104857
0.9127199868201729
0.9129210760941194
0.9130700759778269
0.9132590514400899
0.9134116854673024
0.9135170756289491
0.913620043028259
0.9138041729658487
0.9138756444547815
0.9140670426793813
0.9142051401325736
0.914361408303291
0.9145140423305036
0.9146763674070628
0.9148205217660969
0.9149901151296662
0.9150858142419661
0.9152747897042292
0.9155013179827112
0.9156539520099236
0.9158344478040082
0.9160137322169245
0.916170000387642
0.9164074310966391
0.9166073089894173
0.9167623657789665
0.9169077315191689
0.9170858045509168
0.9175000969104935
0.9177896170097298
0.9179713241849827
0.9182669011900608
0.9184280148854518
0.9187029984106679
0.9189634453618638
0.9191766484474939
0.9193062662325077
0.9194649571655619
0.9196733147265186
0.9198465422335931
0.9201009322789472
0.9203468426561228
0.9204946311586618
0.9206375741365275
0.9208047447377602
0.9209610129084778
0.9211245493662054
0.9212420533395356
0.9213898418420746
0.92151097995891
0.9216296953134085
0.9218259390626817
0.922005223475598
0.9220694266775207
0.9221336298794434
0.9222063127495446
0.9223771174942823
0.9226012230104276
0.9227211497460945
0.922877417916812
0.9230542795673916
0.9232287184556344
0.9234334418730861
0.9235158157925341
0.9236272628600225
0.923800490367097
0.9239349536767841
0.9240621486994611
0.9242377989688724
0.9243964899019266
0.9245709287901694
0.9247817091134628
0.9249355545218436
0.9250421560646587
0.9251548145133155
0.9252226518587433
0.9253777086482924
0.9255049036709695
0.9256829767027174
0.9258889115013373
0.926114228398651
0.9261978136992673
0.926320163197271
0.9264376671706013
0.9265697077179517
0.926728398651006
0.9268628619606931
0.9270251870372523
0.9272190080241889
0.9273764875760747
0.9276320890025972
0.9277847230298096
0.9278549831375741
0.9279615846803891
0.9280342675504903
0.9281965926270497
0.9283867794704811
0.9285902915067643
0.9286932589060743
0.9289621855254487
0.9292214210954762
0.9294503721362949
0.9297822905764236
0.9299530953211613
0.9301493390704345
0.9302208105593673
0.9302571519944179
0.930360119393728
0.9304485502190177
0.9306787126410048
0.9309561189285576
0.9311584195836725
0.9313716226693026
0.9315678664185758
0.9317241345892934
0.9319373376749235
0.9322038415319611
0.932282581307904
0.9324327925727798
0.9325539306896151
0.932670223281777
0.9328264914524945
0.9330300034887777
0.9331668895608016
0.9333086211574989
0.9333813040276001
0.9334709462340582
0.9337277590417491
0.9339288483156957
0.9341468969259992
0.934366156917471
0.9345454413303873
0.9347186688374617
0.93481557933093
0.9348955304880412
0.9350905628561461
0.9352044326859712
0.9353764488118773
0.9355109121215646
0.9356490095747567
0.9357798387409388
0.9359167248129627
0.9360148466875994
0.9361153913245727
0.9362207814862193
0.9362934643563205
0.9364836511997519
0.9366617242314997
0.9368276834515641
0.9370130247703221
0.9371281059813157
0.9372032116137535
0.937311024537737
0.9374527561344342
0.9375872194441214
0.9376453657402023
0.9377943656239097
0.9379760727991627
0.9381517230685739
0.9383588692483622
0.9384800073651975
0.938718649455363
0.938945177733845
0.9390396654649765
0.939130519052603
0.9392867872233206
0.9394551692057216
0.9395181610264759
0.9397325754932744
0.9398597705159515
0.9399251850990425
0.9399930224444702
0.9400220955925107
0.9400802418885917
0.940160193045703
0.9402413555839826
0.9403237295034307
0.9405442008760708
0.9407174283831453
0.9409488021863007
0.9411462573167423
0.9412904116757762
0.9414309318913052
0.9415896228243594
0.941749525138582
0.9419627282242121
0.942103248439741
0.9422728418033105
0.942490890413614
0.9427258983602744
0.9429124510602008
0.9430626623250765
0.9432310443074776
0.9433739872853433
0.943499970926852
0.9437458813040276
0.9438221983176338
0.9439578730084893
0.944162596425941
0.9443527832693724
0.9444799782920494
0.9446059619335582
0.9447876691088111
0.9449936039074311
0.945295237818351
0.945604140016281
0.9458209772454161
0.9460341803310462
0.9462098306004574
0.9464412044036128
0.9466326026282126
0.9468458057138427
0.9470178218397488
0.9470602201806412
0.947172878629298
0.9473352037058572
0.9475471954103191
0.9476731790518277
0.9479118211419932
0.9481516746133272
0.9483236907392333
0.9485514303988836
0.9486931619955808
0.9488409504981199
0.9490178121486995
0.9491692347947436
0.9493897061673838
0.9495047873783773
0.9497058766523239
0.9498451854866845
0.9499420959801528
0.9501492421599411
0.9503285265728573
0.9505041768422685
0.9506774043493429
0.9507767376051479
0.9508675911927743
0.950965713067411
0.9511038105206032
0.9512443307361321
0.9513945420010078
0.9515072004496646
0.9516004767996279
0.9517397856339884
0.9518645578943288
0.9519578342442919
0.9520789723611273
0.9521649804240803
0.9523297282629763
0.9524714598596736
0.9526568011784317
0.9527803620576036
0.9529293619413111
0.9530480772958095
0.9531074349730588
0.9532564348567663
0.9534587355118812
0.953571393960538
0.9538173043377137
0.9541056130557817
0.9542231170291119
0.9543151819979068
0.9544641818816142
0.9547246288328101
0.9548990677210528
0.9551025797573361
0.9551631488157538
0.955407847811761
0.9555701728883204
0.9557373434895531
0.9558633271310617
0.9559868880102338
0.9561261968445943
0.9562194731945575
0.9564908225762686
0.9566943346125518
0.9568069930612086
0.9569584157072528
0.957154659456526
0.9574211633135636
0.9576913013141063
0.9578766426328643
0.9580002035120363
0.9581310326782184
0.9583066829476296
0.9584605283560104
0.9586543493429468
0.9587621622669302
0.95885059309222
0.9590504709849983
0.9592031050122107
0.9592636740706284
0.9594199422413459
0.9595834786990736
0.9597603403496531
0.9599226654262123
0.9600195759196806
0.9600631856417413
0.960206128619607
0.9603030391130751
0.9603478602163042
0.9603999496065434
0.9605295673915571
0.9607342908090089
0.9608808679303795
0.9609765670426794
0.9610553068186223
0.9611170872582083
0.9612067294646665
0.9613230220568283
0.961493826801566
0.9616973388378494
0.9618923712059542
0.9620474279955034
0.9622085416908943
0.9624108423460093
0.9625138097453192
0.9626446389115013
0.9627754680776834
0.9628869151451719
0.9629692890646199
0.963014110167849
0.9630867930379502
0.9631861262937551
0.9632878823118968
0.9633920610923751
0.9634817032988332
0.9635301585455673
0.9636949063844633
0.963875402178548
0.9639698899096795
0.9641152556498818
0.9642630441524208
0.9643962960809397
0.9644532309958522
0.96452106834128
0.9646143446912432
0.9647379055704152
0.9649547427995503
0.9651122223514362
0.9652345718494398
0.96535207582277
0.9654453521727333
0.9655422626662015
0.9657009535992557
0.9658136120479125
0.9659565550257782
0.9660764817614451
0.9662569775555298
0.9663902294840485
0.9665271155560724
0.9667027658254835
0.9669462534403225
0.9671788386246463
0.9673205702213435
0.9673823506609296
0.9675034887777648
0.9676185699887584
0.9678002771640113
0.9679153583750049
0.9680546672093654
0.9681394638911501
0.9682375857657867
0.9683502442144435
0.9685258944838547
0.9687269837578013
0.968894154359034
0.9691134143505059
0.9691982110322905
0.9693496336783347
0.9695277067100826
0.9696633814009381
0.9697675601814164
0.9699298852579757
0.9700764623793464
0.9702194053572121
0.9703708280032562
0.9705464782726674
0.9706966895375432
0.9707899658875063
0.9709413885335504
0.9710504128387022
0.9711703395743692
0.9712381769197969
0.9713472012249487
0.9715773636469357
0.9717530139163468
0.9718656723650037
0.9720570705896034
0.9722193956661628
0.9723708183122068
0.9725828100166686
0.9727790537659418
0.9729219967438074
0.9730310210489592
0.9731170291119122
0.9732587607086095
0.9733641508702562
0.9734550044578827
0.9735131507539636
0.9736766872116913
0.9737760204674962
0.9738983699654998
0.97400860565182
0.9741079389076249
0.9742436135984804
0.9743914021010195
0.9744919467379928
0.9746264100476799
0.9748238651781215
0.9750067837345427
0.9751436698065666
0.9752829786409273
0.9753641411792069
0.9754913362018839
0.9756052060317091
0.975762685583595
0.9758765554134201
0.9760001162925922
0.9761357909834477
0.9762266445710741
0.9763780672171183
0.976462863898903
0.9765730995852231
0.9766918149397217
0.976816587200062
0.9769389366980656
0.9770661317207427
0.9771376032096756
0.9772308795596387
0.9772817575687095
0.9773362697212854
0.9773956273985347
0.9774198550219018
0.9774816354614878
0.977616098771175
0.9777917490405861
0.9778123425204481
0.9779213668255998
0.978052195991782
0.9781733341086173
0.9783283908981665
0.9784919273558941
0.9786276020467496
0.9788311140830329
0.9789122766213125
0.9789764798232352
0.9790249350699693
0.979123056944606
0.9791848373841919
0.979312032406869
0.9794198453308525
0.9795082761561422
0.9795870159320851
0.9796427394658294
0.9797553979144862
0.9798535197891227
0.9799964627669884
0.9801442512695274
0.9802520641935109
0.9802859828662247
0.9803295925882854
0.9804689014226461
0.980506454238865
0.9805948850641547
0.9806627224095825
0.980839584060162
0.9810515757646238
0.9811836163119743
0.9812659902314222
0.9814040876846145
0.9815470306624802
0.9816197135325813
0.9817384288870799
0.9818547214792418
0.98195163197271
0.9820933635694072
0.9822096561615692
0.9822859731751754
0.9823538105206032
0.9824507210140714
0.9825633794627282
0.9827014769159205
0.982840785750281
0.9829534441989378
0.9831024440826452
0.9831981431949451
0.98329747645075
0.9834428421909525
0.9835458095902624
0.9836899639492964
0.9837941427297748
0.9838862076985696
0.9839794840485327
0.9841030449277047
0.9842193375198667
0.9843017114393147
0.9843513780672171
0.9844228495561499
0.9844785730898942
0.984594865682056
0.9846808737450091
0.9847741500949723
0.9848541012520836
0.9849534345078885
0.9850806295305655
0.9851993448850641
0.9853168488583944
0.9854585804550917
0.9855712389037485
0.9857008566887623
0.9858389541419544
0.9859528239717796
0.9860666938016048
0.986156336008063
0.9862144823041439
0.9863368318021475
0.9864058805287437
0.9865221731209055
0.9865488235066093
0.9865791080358182
0.986691766484475
0.9868371322246773
0.9869400996239873
0.9871036360817149
0.9872368880102338
0.98732047331085
0.9873434895530488
0.9874173838043183
0.9875179284412916
0.9876536031321471
0.9877662615808039
0.98782804202039
0.9878825541729659
0.9879600825677405
0.9880291312943366
0.9880836434469125
0.9881793425592124
0.9882156839942629
0.9882762530526805
0.9883525700662867
0.9884482691785866
0.9885900007752839
0.9886735860759003
0.9887268868473078
0.9888310656277862
0.9888964802108773
0.9889534151257898
0.988988545179672
0.9890697077179517
0.9891520816373996
0.989228398651006
0.989314406713959
0.9894682521223398
0.9895457805171144
0.9896923576384851
0.989771097414428
0.9898449916656976
0.9899503818273443
0.9900836337558631
0.9901926580610149
0.9903307555142071
0.9904773326355778
0.9905681862232042
0.9906663080978408
0.9907511047796256
0.9908698201341242
0.9910139744931581
0.9911435922781718
0.9912199092917782
0.9912816897313641
0.9913701205566539
0.9914488603325968
0.9915312342520448
0.9916426813195333
0.9916947707097724
0.9917783560103888
0.9918849575532038
0.9919830794278405
0.9920242663875645
0.9920981606388339
0.9921708435089351
0.9922108190874908
0.9923162092491375
0.9924215994107842
0.9925633310074815
0.9926675097879598
0.9927450381827344
0.9927789568554483
0.9928298348645191
0.9929582412683645
0.993069688335853
0.9931629646858162
0.9932780458968097
0.9933725336279412
0.9934427937357057
0.9935166879869752
0.9935481838973524
0.9936632651083459
0.9936983951622281
0.9937553300771408
0.9938389153777571
0.9938922161491647
0.993979435593286
0.9940739233244176
0.9941138989029732
0.9941999069659263
0.9942423053068187
0.994308931271078
0.9943779799976742
0.9945185002132031
0.9946541749040586
0.9947450284916851
0.9948177113617862
0.9948940283753925
0.9950369713532581
0.9951266135597162
0.995194450905144
0.9952416947707098
0.9952756134434236
0.9953676784122185
0.995482759623212
0.9955639221614917
0.9956632554172966
0.9957650114354383
0.9958510194983913
0.9959539868977013
0.9960133445749506
0.996100564019072
0.9962168566112338
0.9963258809163856
0.9964215800286855
0.9965124336163119
0.9965415067643525
0.9966044985851068
0.996643262782494
0.9966723359305345
0.9967171570337636
0.9967922626662015
0.9968770593479862
0.9970284819940303
0.9970987421017948
0.9971932298329264
0.9972453192231655
0.9973216362367717
0.9973652459588325
0.9974137012055665
0.9974488312594487
0.9975227255107183
0.9976365953405435
0.9977589448385471
0.9978401073768267
0.9978885626235608
0.9979055219599178
0.997998798309881
0.9981417412877467
0.9982350176377098
0.9983500988487033
0.9984421638174982
0.9985269604992829
0.9985814726518587
0.9987062449121991
0.9988080009303407
0.9989109683296508
0.9990018219172772
0.9990381633523278
0.9990999437919138
0.9991338624646277
0.9992041225723921
0.9992925533976819
0.9993555452184363
0.9994245939450324
0.9995348296313524
0.9996135694072954
0.9996801953715548
0.9997952765825484
0.999921260224057
0.9999878861883165
1.0000351300538823
1.0001550567895492
1.000260446951196
1.0003585688258325
1.0003852192115361
1.0004518451757956
1.0005136256153817
1.000586308485483
1.0007098693646548
1.00082373919448
1.000909747257433
1.0009933325580493
1.0010926658138544
1.0011786738768074
1.0012477226034036
1.001325250998178
1.0014233728728146
1.0014766736442222
1.0015045354110943
1.0015263402721246
1.0015990231422258
1.0017080474473776
1.0017237954025662
1.001778307555142
1.001877640810947
1.0019830309725937
1.002025429313486
1.0021199170446176
1.0022240958250959
1.0022846648835135
1.002347656704268
1.0024433558165677
1.0025354207853627
1.002611737798969
1.0026614044268713
1.002721973485289
1.0027595263015079
1.0028297864092723
1.0028649164631547
1.0029339651897506
1.0030284529208822
1.003113249602667
1.0032380218630073
1.0033058592084352
1.003394290033725
1.0034742411908362
1.0035711516843044
1.0036741190836145
1.0037782978640928
1.0038534034965305
1.0039285091289685
1.004012094429585
1.0041199073535683
1.004215606465868
1.0043088828158313
1.0043839884482693
1.004476053417064
1.004558427336512
1.004616573632593
1.004698947552041
1.0047595166104586
1.004805549094856
1.0048685409156104
1.0049351668798698
1.0049811993642672
1.005041768422685
1.0051132399116176
1.00516290653952
1.0052464918401365
1.005299792611544
1.0053858006744971
1.0054415242082413
1.005477865643292
1.0055190526030158
1.0055614509439081
1.0056401907198511
1.005687434585417
1.00577344264837
1.0058509710431445
1.005921231150909
1.005958783967128
1.0059914912586736
1.0060593286041013
1.006095670039152
1.0061501821917278
1.006209539868977
1.0062931251695935
1.0063864015195565
1.0064397022909641
1.0064857347753615
1.0065693200759778
1.0066541167577625
1.0067304337713687
1.0067946369732914
1.0068406694576888
1.0069181978524635
1.0069908807225647
1.007040547350467
1.0070611408303292
1.0071277667945886
1.007173799278986
1.0072234659068884
1.0073082625886731
1.0073603519789123
1.0074027503198046
1.0074548397100438
1.0075360022483235
1.007613530643098
1.007668042795674
1.0077613191456372
1.007823099585223
1.0078836686436408
1.0079454490832267
1.0079745222312673
1.0080459937202
1.0080944489669341
1.0081513838818468
1.0082204326084427
1.0083149203395743
1.0084045625460325
1.0084978388959958
1.0085826355777803
1.0086371477303562
1.0086528956855447
1.0087110419816259
1.0087619199906965
1.0088237004302827
1.0088757898205218
1.0089363588789395
1.0089848141256734
1.0090974725743302
1.009175000969105
1.0092319358840176
1.00928160251192
1.0093167325658021
1.0093748788618833
1.0094269682521224
1.0094717893553513
1.0095263015079272
1.0095880819475134
1.009614732333217
1.0096668217234561
1.0097080086831802
1.009779480172113
1.009841260611699
1.0099212117688103
1.0099636101097027
1.0099987401635848
1.0100387157421407
1.0101004961817266
1.0101356262356087
1.0101719676706593
1.0102349594914137
1.0103306586037135
1.0103779024692794
1.010400918711478
1.0104203008101718
1.0104505853393806
1.0105014633484515
1.0105450730705121
1.0105911055549095
1.0106431949451486
1.010661365662674
1.0107146664340816
1.0107740241113308
1.0108333817885802
1.0108697232236306
1.0109266581385432
1.0109629995735938
1.0109957068651394
1.0110381052060318
1.0110477962553786
1.011125324650153
1.0111604547040354
1.0112137554754428
1.0113094545877428
1.0113264139240996
1.0113906171260223
1.0114548203279452
1.0115081210993526
1.011567478776602
1.0116135112609994
1.0116631778889018
1.0117213241849827
1.011794007055084
1.0118679013063534
1.0119199906965926
1.0119381614141179
1.011986616660852
1.0120059987595458
1.0120532426251114
1.0120907954413303
1.0121162344458658
1.0121392506880644
1.0121634783114315
1.0122010311276506
1.0122361611815327
1.0122664457107415
1.0123064212892972
1.0123342830561692
1.0123863724464084
1.012432404930806
1.0124493642671628
1.0124675349846881
1.012494185370392
1.012529315424274
1.0125438519982943
1.0125644454781564
1.0125959413885335
1.0126274372989108
1.0126492421599411
1.0126552990657829
1.0126637787339614
1.0126952746443385
1.012707388456022
1.0127243477923789
1.0127352502228941
1.0127497867969144
1.0127558437027562
1.0127631119897662
1.012769168895608
1.0127740144202815
1.0127837054696283
1.012793396518975
1.0128018761871536
1.012810355855332
1.0128164127611738
1.0128321607163624
1.0128430631468774
1.0128503314338877
1.0128527541962244
1.0128624452455712
1.0128697135325813
1.0128769818195915
1.0128818273442648
1.0128854614877698
1.0128939411559483
1.0128987866806218
1.0129048435864636
1.0129109004923054
1.0129145346358104
1.0129181687793154
1.0129193801604839
1.012926648447494
1.0129278598286622
1.0129290712098307
1.012937550878009
1.0129387622591774
1.0129423964026825
1.012947241927356
1.012950876070861
1.0129520874520292
1.0129569329767028
1.0129593557390395
1.012961778501376
1.0129642012637128
1.0129690467883863
1.0129738923130596
1.0129775264565648
1.0129799492189013
1.012986006124743
1.0129944857929216
1.0130005426987634
1.0130065996046052
1.0130150792727837
1.0130150792727837
1.0130175020351204
1.0130199247974572
1.0130235589409622
1.0130235589409622
1.0130284044656355
1.0130308272279722
1.013033249990309
1.0130356727526457
1.0130393068961507
1.013040518277319
1.0130453638019925
1.0130526320890025
1.0130550548513393
1.0130562662325076
1.0130586889948443
1.0130586889948443
1.0130586889948443
1.0130599003760128
1.013064745900686
1.0130659572818546
1.0130708028065278
1.0130720141876963
1.0130756483312013
1.0130768597123696
1.0130792824747064
1.0130841279993799
1.0130889735240531
1.0130901849052216
1.0130986645734
1.0131059328604102
1.013108355622747
1.0131107783850835
1.013111989766252
1.0131168352909252
1.013119258053262
1.013122892196767
1.013122892196767
1.0131253149591037
1.0131277377214405
1.0131301604837772
1.0131301604837772
1.0131313718649455
1.0131313718649455
1.0131313718649455
1.0131313718649455
1.0131313718649455
