0.0010102918944063263
0.0014875760747373725
0.0018328197077179518
0.0024191281932007596
0.0026093150366321666
0.0033046478272667364
0.004008460286079776
0.004887923014303989
0.005206516261580804
0.005836434469124316
0.006376710470209714
0.007188335853006164
0.007596571306741094
0.007970888087762144
0.008546294142729775
0.009002984843198822
0.009250106601542815
0.009668033104624569
0.010478447106252665
0.010852763887273714
0.011316722874752879
0.011886072023878745
0.012107754777687328
0.012880615963096484
0.013855777803620576
0.014297931930069388
0.015124093886886071
0.015728573089894175
0.01616345892933287
0.016839409621273792
0.017441466061945188
0.018192522386323993
0.018597123696553863
0.01912892002946079
0.01960378144745513
0.020263984184207467
0.02096052835601039
0.02148990192658061
0.021663129433655077
0.022078633174400123
0.02284422607279916
0.02339661588556809
0.023798794433461255
0.024340281815715004
0.024502606892274296
0.025434159010737683
0.02605317478776602
0.026479580959026243
0.027075580493855875
0.027504409427452806
0.028077392720083732
0.028981083071675
0.02945594448966934
0.03013795208745203
0.030692764662557662
0.03144866651160988
0.03189445478156375
0.03239354382292515
0.03293260844284219
0.033316616273210066
0.034253013916346865
0.03515791564910649
0.03568365507617165
0.036205760359731755
0.03699558088149785
0.037713929914331125
0.03830144978098229
0.03848073419389852
0.039735725084312126
0.04059701709501105
0.04118090281815715
0.04192469085552584
0.042398340892351824
0.04315666550374075
0.04370542117300461
0.04460668876225918
0.0452850622165368
0.04575750087219444
0.04638984184207466
0.046910735744466414
0.04779262123502733
0.04856305965809978
0.04912150637671047
0.04957456293367446
0.05014875760747374
0.05060423692677443
0.05178654494708687
0.052445536302670855
0.0528816335232779
0.05321839748808001
0.05366176299569717
0.054467331472651856
0.05522202194053572
0.055856785672752644
0.056638126526340274
0.05681377679575145
0.05728621545140908
0.05812570260107765
0.05861146644958716
0.05970534364460984
0.060615090902042874
0.061074204364848624
0.06168231771136179
0.06251332519285188
0.06288037368686282
0.06347273907818739
0.06418866534868395
0.06540852618521534
0.06614020041090049
0.06713595573128658
0.06812686552699926
0.06877495445206808
0.06929342559212312
0.07005417296584875
0.07059202620459744
0.07079432685971238
0.0710584079544133
0.0714545295964647
0.07206748846765128
0.0729517967205489
0.07328734930418265
0.07395724309028182
0.07436063301934333
0.07494815288599449
0.07549933131759506
0.07622616001860681
0.07679429778656433
0.07742058185060278
0.077867581501725
0.07808078458735512
0.07864044268713416
0.07908865371942474
0.07949567779199132
0.07983849866263519
0.08041875024227624
0.0809675059115401
0.0821122611156336
0.08270583788812652
0.08324732527038027
0.08408560103888049
0.08465010466333295
0.08568704694344303
0.0864053959762763
0.086922655735163
0.08752592355700275
0.0878154436562391
0.08787843547699345
0.08831453269760049
0.08863433732604567
0.08924366205372718
0.08976334457495058
0.09024668566112339
0.0909844167926503
0.09145079854246618
0.09179361941311005
0.0920007655928984
0.09270336667054309
0.09309343140675272
0.09320487847424119
0.09348107338062565
0.09408555258363376
0.0945785847191534
0.09512734038841726
0.09581419351087336
0.09648893282164593
0.09695410319029345
0.09727875334341203
0.09798498856456177
0.09849134589293329
0.09896741869209598
0.09959249137496608
0.10034233631817653
0.10066092956545335
0.10138048997945498
0.10188079040198472
0.1024065298290499
0.10270331821529635
0.1031806023956274
0.1036385044772648
0.10453734930418265
0.10507035701825794
0.1054059096018917
0.10590257588091638
0.10641741287746637
0.1070982090940807
0.10759729813544211
0.10815089932937938
0.10855307787727256
0.10936833740357406
0.10984562158390511
0.11027081637399698
0.11086075900298484
0.11147008373066636
0.11200551420707834
0.11253488777764857
0.11300853781447455
0.11381168352909253
0.11426231732371982
0.11468266658913827
0.11543008877001201
0.11597884443927589
0.1165263887273714
0.11674201457533821
0.1169249331317595
0.11753910338411443
0.1182114199325503
0.1187722894134977
0.11918294762956932
0.11951123192619297
0.11996428848315696
0.12043672713881459
0.1210024421444354
0.12135858820793115
0.12207936000310114
0.12222593712447184
0.12290915610342287
0.12342278171880451
0.12373531806023956
0.12423319572043261
0.12459782145210684
0.125082373919448
0.1256638368802574
0.12626225917742373
0.12676255959995347
0.12729314455169205
0.1282465015311858
0.128899435980928
0.12920954956002637
0.12937672016125906
0.1297595166104586
0.13000421560646586
0.13059900376012715
0.13099754816451525
0.13170984029150676
0.1321871244718378
0.13303993681435825
0.1337970500445788
0.13456869984881964
0.13519619529402643
0.1354130325231616
0.13571224367174478
0.13599570686513937
0.13630097491956428
0.13675160871419156
0.13737062449121992
0.1380187134162887
0.13905444431523045
0.13971101290847773
0.14023311819203782
0.14064741055161453
0.1412288735124239
0.14194358840175214
0.1424414660619452
0.14286666085203706
0.14341662790246928
0.14375702601077645
0.14431547272938713
0.14487513082916617
0.14538027677636933
0.14586119510020545
0.14624883707407837
0.14654199131681978
0.1473051614528821
0.1478587626468194
0.14839055897972633
0.14930030623715937
0.1495026068922743
0.15009133814009382
0.15072367910997403
0.151444450905144
0.15181392216149164
0.15214584060162034
0.1522342714269101
0.15282300267472962
0.15370246540295382
0.15413856262356088
0.15457829398767298
0.15482420436484862
0.15532571616854673
0.15573152885994496
0.15641353645772765
0.1569344303601194
0.1573971779664302
0.15754738923130596
0.15804647827266735
0.1586885102918944
0.15933781059813157
0.1599338101329612
0.16061702911191222
0.1611657847811761
0.16181508508741327
0.16263155599488313
0.16300950691940924
0.16381628677753227
0.16439774973834168
0.16486049734465247
0.16524813931852542
0.16576176493390704
0.1662850815986355
0.16678053649649183
0.16717181261386982
0.16761154397798195
0.16826932395239758
0.16876720161259062
0.16931353451951778
0.16989742024266388
0.17027900531069504
0.1708592568903361
0.17155701244330737
0.17213847540411675
0.1726521010194984
0.1729755397914486
0.17320691359460402
0.17355579137108967
0.17407426251114472
0.1744703841531961
0.17476232701476915
0.1754273752761949
0.17628018761871536
0.17699490250804356
0.17743584525332404
0.17783075551420707
0.1781178528511067
0.17827048687831917
0.17871869791060976
0.17955576229794162
0.1799240221731209
0.1802426154203977
0.18077683451564136
0.18099609450711324
0.18184406132496025
0.18221474396247625
0.1827877272551072
0.18303363763228284
0.1831523529867814
0.18365023064697444
0.18399062875528163
0.18441461216420513
0.1848991646315463
0.18534858704500523
0.1858743264720704
0.18653331782765437
0.18673561848276932
0.18687613869829825
0.1874612358026127
0.18773016242198706
0.1881226499205334
0.1888252509981781
0.18963445361863782
0.18987794123347676
0.1903709733689964
0.1905538919254177
0.1914103384114432
0.19220863860138776
0.19264352444082644
0.19293183315889445
0.19343576772492926
0.19411050703570182
0.19465078303678723
0.1952710101949839
0.19560898554095438
0.19604871690506648
0.19642787921076094
0.19688699267356669
0.1973037077954801
0.1978597317517541
0.1983067314028763
0.19878401558320735
0.19897420242663877
0.19951690119006085
0.19974100670620615
0.19980399852696049
0.20038425010660155
0.20083972942590222
0.20143209481722682
0.20164529790285693
0.20199780982284762
0.2025199151064077
0.2027258499050277
0.20335092258789783
0.20370222312672015
0.2044605477381091
0.20477550684188084
0.20533031941698648
0.20581123774082258
0.20616980656665504
0.20679487924952514
0.2072128057526069
0.20803169942241345
0.20836846338721557
0.20856470713648875
0.20893660115517307
0.20935089351474978
0.20962951118347095
0.21018553513974494
0.21080455091677328
0.21150836337558632
0.21188631430011243
0.2124471837810598
0.21297655735163004
0.21335935380082954
0.21393718261813388
0.21461434469124316
0.2149656452300655
0.21532057991239292
0.2159129453037175
0.21616854673023994
0.2165174245067256
0.2170213590727604
0.21769730976470134
0.2182327402411133
0.21898621932782883
0.21940777997441563
0.2199771291235415
0.2204398767298523
0.22102012830949336
0.22160159127030274
0.2222302980966779
0.2225186068147459
0.2225828100166686
0.22263005388223436
0.22300073651975036
0.22324058999108423
0.22368032135519633
0.22410793890762493
0.22463246695352174
0.22522846648835135
0.22566577509012675
0.2260812788308718
0.2264519614683878
0.22695468465325425
0.2274780013179827
0.2279516513548087
0.22830295189363103
0.2287257239213862
0.22909398379656548
0.22935200798542466
0.229806275923557
0.23045921037329922
0.23124055122688686
0.23172873783773307
0.23233079427840447
0.2329473872930961
0.23338590727603986
0.23376628096290267
0.23436833740357405
0.23501884909097956
0.2354064910648525
0.23607396208861495
0.23647008373066636
0.23683592084350893
0.23708304260185292
0.2373386440283754
0.23813694421831996
0.23851610652401442
0.23888073225568865
0.23931077257045394
0.2400218533162771
0.2409788444392759
0.2414573400007753
0.24211148583168585
0.24260572934837385
0.24271838779703067
0.2431036070085669
0.24343431406752722
0.2440630208939024
0.24455847579175874
0.2451254021785479
0.24583890568670777
0.24607512501453657
0.2467692464240028
0.24737493700817925
0.24755422142109548
0.24809570880334922
0.2483924971895957
0.24896911462573168
0.24927438268015661
0.24964385393650423
0.2502398534713339
0.25059721091599796
0.2508818854905609
0.25100181222622786
0.25156510446951197
0.25215989262317323
0.252763160445013
0.2532949567779199
0.25364625731674223
0.2542555820444238
0.25435976082490214
0.25468319959685237
0.2551289878668062
0.2555977923789588
0.2559575725859596
0.2565620517889677
0.2570029945342482
0.2572876691088111
0.2580617416753886
0.2585874811024538
0.259034480753576
0.25929492770477186
0.2596958948714967
0.2603670000387642
0.26093513780672173
0.2614729910454704
0.26200842152188236
0.2625050878009071
0.26289999806179015
0.2633215587083769
0.26369950963290306
0.26421676939178973
0.2650150695817343
0.26562923983408926
0.266067759817033
0.2665559464278792
0.2671446776756987
0.26762317323719814
0.26767647400860567
0.2678291080358181
0.2682845873551188
0.268810326782184
0.26906835097104315
0.2694850660929565
0.27016222816606583
0.2706370895840602
0.27089753653525606
0.27129365817730744
0.27195991781990153
0.27251836453851225
0.2729435593286041
0.273389347598558
0.2740265340931116
0.27482241152071946
0.2752996957010505
0.2759768577741598
0.2764880606272047
0.2768841822692561
0.2776667345040121
0.278400831492034
0.27886236771717643
0.2795286273597705
0.27966430205062603
0.2799635131992092
0.2803366185990619
0.2807387971469551
0.28121729270845447
0.28155405667325656
0.28191989378609916
0.2825389095631275
0.2830840310888863
0.2838423557002752
0.28424574562933674
0.2847424119083614
0.285252403380238
0.2857587607086095
0.28605433771368766
0.28652677636934526
0.28708037756328253
0.28750557235337443
0.28779872659611583
0.28842258789781755
0.2888029615846804
0.2891264003566306
0.2895964162499515
0.29011852153351164
0.29031355390161645
0.29060549676318953
0.29089865100593093
0.2912233011590495
0.29140137419079737
0.2918047641198589
0.29231960111640887
0.29294103965577395
0.2932887060510912
0.2937623560879172
0.2940736810481839
0.29477628212582857
0.29518815172306856
0.29574902120401597
0.29606761445129276
0.29645767918750243
0.2968307845873551
0.297050044578827
0.2975018897546226
0.29788468620382214
0.29822871845563437
0.2989979454975385
0.2998798309880994
0.3004261638950266
0.30067086289103384
0.30127291933170525
0.30177927666007676
0.3021172520060472
0.3027580726441059
0.3035648525022289
0.3042832015350622
0.30506090824514476
0.3056351029189441
0.30624927317129896
0.3070257685002132
0.3076411501337365
0.308538783579486
0.3089906287552816
0.3097889289452262
0.3101789936814358
0.3105133348839012
0.31126317982711166
0.3118179924022173
0.3126986665116099
0.3134933325580494
0.3144297302011862
0.31465141295499477
0.31500877039965886
0.3154424448579292
0.3157852657285731
0.3165363220529519
0.3171068825832461
0.31799240221731206
0.31848180020932665
0.31868046672093653
0.3192498158700624
0.3196737992789859
0.3199936039074311
0.3204357580338799
0.32058718067992403
0.32080280652789084
0.3212074078381207
0.32163623677171765
0.3219330251579641
0.3222504070240726
0.3225871709888747
0.3228512520835756
0.3229312032406869
0.32309716246075126
0.32340606465868127
0.32382277978059465
0.3241789258440904
0.324380015118037
0.32479551885878205
0.3253878842501066
0.32577310346164284
0.32604808698685894
0.32644178586657363
0.3268694034190022
0.32735153312400667
0.32811106911656396
0.32834849982556114
0.3284950769469318
0.32881851571888204
0.32965436872504555
0.3304114819552661
0.33098446524789704
0.33152231848664576
0.33189905803000347
0.33220917160910185
0.332323041438927
0.3327664069465442
0.3329977807496996
0.33332727642749155
0.33379244679613906
0.3342709423576385
0.3344441698647129
0.3347906248788619
0.33511769779431716
0.3354459820909408
0.33595355080048067
0.3360807458231577
0.3367421599410784
0.3374895821219522
0.3379692890646199
0.33892506880645035
0.33945201961468385
0.3398844826917859
0.34032905958057136
0.3407627340388417
0.34130179865875876
0.341687017870295
0.3423641799434043
0.3429323177113618
0.34319276466255766
0.343811780439586
0.34440172306857386
0.3448353975268442
0.34529935651432336
0.345668827770671
0.34598499825561113
0.34641382718920805
0.34732963135248285
0.3476300538822344
0.3483568825832461
0.34895530488041243
0.3494640849711207
0.34998013334883904
0.35033870217467145
0.3505373686862813
0.3507130189556925
0.35108249021204013
0.35164578245532424
0.35185171725394426
0.35203463581036554
0.3524658875062992
0.35321936659301467
0.35379961817265576
0.354167878047835
0.3544925282009536
0.35476387758266464
0.35491287746637207
0.3551454626506958
0.35533201535062214
0.3556057874946699
0.35618482769314264
0.35648161607938905
0.35731868046672094
0.3577366069698027
0.3581630131410629
0.35844768771562585
0.3589092239407683
0.359550044578827
0.3600261173779897
0.3603483447687716
0.3605457998992131
0.36104125479706944
0.36153186417025235
0.3619134492382835
0.3624137496608133
0.36289224522231267
0.36320720432608444
0.36346280575260687
0.364273219754235
0.3647444470287243
0.3652120401597085
0.3659606737217506
0.3665675756870954
0.3669225103694228
0.3671793231771136
0.3674761115633601
0.3678249893398457
0.36815933054231115
0.3688207446602318
0.369144183432182
0.3696541749040586
0.3702404833895414
0.3707650114354382
0.3714930515176183
0.3720963193394581
0.3723301159049502
0.37284737566383686
0.3732762045974338
0.3737353180602396
0.3742126022405706
0.37462568321897893
0.3751732275070745
0.3758516009613521
0.3763894542001008
0.37688369771678876
0.37733433151141604
0.37783342055277747
0.37831191611427684
0.37859901345117647
0.3789212408419584
0.3794481916501919
0.3800102725123076
0.3807031825406055
0.38117804395859983
0.38179705973562816
0.3821847017095011
0.382609896499593
0.382939392177385
0.38310777415978603
0.3831986277474125
0.38361655425049423
0.38390607434973056
0.38453235841376904
0.38485943132922434
0.38510049618172654
0.3856553087568322
0.3860926173586076
0.38644028375392486
0.3868533647323332
0.38728703919060353
0.38805626623250766
0.38882307051207504
0.38956322440593866
0.39003202891809124
0.39024280924138466
0.39060864635422726
0.39097084932356474
0.3912167597007404
0.3915971333876032
0.39190240144202815
0.39246811644764895
0.3926934333449626
0.3930241404039229
0.393419050664806
0.39371099352637906
0.3939556925223863
0.39437725316897315
0.39482425282009537
0.39535726053417064
0.39582000814048146
0.3961846338721557
0.39675882854595496
0.3970241210218242
0.39752563282552233
0.3980174535798736
0.3986098189711982
0.3990749893398457
0.3995232003721363
0.3996988506415475
0.39999685040896227
0.40023670388029614
0.40052258983602745
0.40095263015079274
0.4012772803039113
0.4015244020622553
0.40212040159708495
0.40255407605535526
0.40290779935651433
0.40333299414660617
0.40345534364460983
0.40403680660541924
0.4043566112338644
0.4048787165174245
0.4052603015854557
0.4060307400085281
0.4065261949063845
0.4067696825212234
0.4072990560917936
0.40784417761755243
0.408436543008877
0.40881328255223476
0.40927966430205065
0.4097617940070551
0.41020273675233554
0.4108108500988487
0.41157886575958447
0.41192895491723847
0.4123129627476063
0.41269575919680584
0.41300708415707255
0.41346135209520485
0.4137411811450944
0.4142681319533279
0.41458672520060474
0.4151270012016901
0.41574359421638174
0.41610943132922434
0.41646073186804666
0.41698404853277515
0.4175897391169516
0.4177968852967399
0.4184401286971353
0.41873812846455016
0.41925054269876344
0.41952310346164284
0.4197350951661046
0.4203940865216886
0.42106155754545105
0.4220367193859751
0.4224376865526999
0.42268601969221226
0.4229476780245765
0.4233026127069039
0.42375688064503625
0.4242741404039229
0.42482895297902856
0.42523961119510023
0.42548794433461257
0.4257617164786603
0.42607667558243206
0.42641343954723415
0.42708817885800676
0.42751821917277205
0.42782954413303875
0.42834195836725203
0.4288846571306741
0.4291148195526612
0.42946733147265187
0.4298525506841881
0.43029349342946854
0.430549094855991
0.43085194014807926
0.4314709559251076
0.4320172888320347
0.43229711788192426
0.4326556867077567
0.43306028801798657
0.4334818486645734
0.43392036864751715
0.43433708376943053
0.4346060103888049
0.43500940031786645
0.4355630015118037
0.4361311392797612
0.4365793503120518
0.4369597239989146
0.43726983757801297
0.43771199170446173
0.4379784955614994
0.4383516009613521
0.4387089584060162
0.43914505562662326
0.4395084699771291
0.43987309570880334
0.4405199732527038
0.4409924119083614
0.4413945904562546
0.4420257200449665
0.4423515815792534
0.4428712641004768
0.44327344264837
0.4435738651781215
0.4438282552234756
0.44417713299996125
0.4444278889018103
0.4449294007055084
0.44531340853587625
0.44544302632089
0.44571800984610616
0.44589002597201227
0.44642787921076094
0.4471571306741094
0.447485414970733
0.4479166666666667
0.4484617881924255
0.4488167228747529
0.4493170232972826
0.4497482749932163
0.4500402178547893
0.45032610381052063
0.4505938190487266
0.4508033879908516
0.4513703143776408
0.4518027774547428
0.45230065511493583
0.45292088227313254
0.45338362987944336
0.4537652149474745
0.45428610884986625
0.45463619800752025
0.4550347424119084
0.4553278966546498
0.455877863705082
0.4566131720742722
0.45684333449625925
0.45738118773500797
0.4579602279334806
0.458311528472303
0.4586919021591658
0.4590032271194325
0.4595253324029926
0.459942047524906
0.46044719347210916
0.46080333953560493
0.4609474938946389
0.46142598945613833
0.46192871264100477
0.4623514846687599
0.4628953948133504
0.4635022967786952
0.4640522638291274
0.4642036864751715
0.46444959685234716
0.46502863705081987
0.4656694576888786
0.46600137612900727
0.466213367833469
0.4664871399775168
0.46682996084816064
0.46739567585378144
0.4678499437919138
0.4683042117300461
0.4687039675156026
0.46920184517579566
0.4695192270419041
0.46985477962553784
0.4700413323254642
0.4703671938597511
0.4708190390355468
0.4712272744892817
0.471599168507966
0.4722424119083614
0.47264580183742294
0.4730055820444238
0.4733338663410474
0.4736294433461255
0.47428480055820443
0.47477298716905064
0.4750503934566035
0.4754998158700624
0.4759637748575416
0.476260563243788
0.4768032620072101
0.4772320909408071
0.4776451719192154
0.4780945943326743
0.4783102201806412
0.4786772686746521
0.4795761135015699
0.48021087723378686
0.4804749583284878
0.48059488506415476
0.48106974648214906
0.48137743729891075
0.4816027541962244
0.4819492092103733
0.48246646896926
0.4830321839748808
0.48341013489940693
0.4839467767569873
0.48431140248866145
0.48479110943132925
0.4849643369384037
0.48543677559406134
0.4857820192270419
0.4861090921424972
0.4861890432996085
0.4866929778656433
0.48702005078109856
0.4875179284412916
0.48793343218203666
0.4881999360390743
0.48868206574407874
0.48914481335038956
0.48988133310074816
0.49023747916424393
0.4908116738380432
0.49109029150676436
0.4914779334806373
0.49170082761561423
0.49185103888049
0.49212965654921115
0.49238404659456525
0.4929412819320076
0.493275623134473
0.49370808621157497
0.4940908826607745
0.49443370353141836
0.4948710121331938
0.4952986296856224
0.49561843431406755
0.4958897836957786
0.4962519866651161
0.49679105128503315
0.49729256308873127
0.49797941621118735
0.4982616680234136
0.49874137496608134
0.49889279761212546
0.49919564290421364
0.49950454510214365
0.5000581462960809
0.5008588692483622
0.5012077470248478
0.5018194945148661
0.5023197949373959
0.5028600709384812
0.5030442008760708
0.5031108268403303
0.5033930786525564
0.504208338178858
0.504678354072179
0.5049799879830988
0.5055226867465209
0.5060060278326938
0.5064057836182502
0.5067498158700624
0.5070175311082684
0.5072828235841377
0.5074269779431717
0.5077528394774586
0.5081949936039074
0.5085838469589488
0.5090296352289025
0.5097710005039345
0.5102882602628213
0.5109957068651394
0.5112682676280188
0.5117818932434004
0.5121755921231151
0.5125014536574021
0.5129278598286623
0.5133784936232896
0.5138945420010078
0.5142955091677327
0.5147098015273094
0.5149654029538319
0.515532329340621
0.5159538899872078
0.516541409853859
0.5167049463115866
0.5171156045276583
0.5175904659456526
0.5180871322246773
0.518439644144668
0.5187497577237663
0.5190707737333798
0.5192851882001783
0.5197128057526069
0.5202094720316316
0.5205014148932047
0.5207630732255689
0.5209811218358724
0.5211870566344924
0.5213602841415669
0.5217079505368841
0.5221525274256696
0.5227570066286777
0.523170087607086
0.5233457378764973
0.523681290460131
0.524068932434004
0.5244517288832035
0.5249447610187231
0.5253021184633873
0.5254850370198085
0.5258448172268093
0.526221556770167
0.5265546865914641
0.5269314261348219
0.5271749137496609
0.5277539539481335
0.5281549211148583
0.5284129453037175
0.5286649125867349
0.529145830910571
0.5294874404000465
0.5299610904368725
0.530113724464085
0.5303753827964492
0.5305837403574059
0.5307533337209753
0.530862358026127
0.5312003333720975
0.5315443656239097
0.5320301294724192
0.5322106252665039
0.5323838527735784
0.5326661045858045
0.5330210392681319
0.5335903884172578
0.5339380548125751
0.5342832984455557
0.5345764526882971
0.5347472574330349
0.5350004360972206
0.5353856553087568
0.5357357444664108
0.5360579718571927
0.536471052835601
0.5368708086211575
0.537105816567818
0.5374450032949568
0.5376703201922705
0.5380470597356282
0.5383632302205683
0.5389434818002093
0.5394050180253518
0.5395624975772376
0.5398362697212854
0.5400773345737877
0.540452862735977
0.5407230007365198
0.5410646102259953
0.5414837481102454
0.5418168779315424
0.542141528084661
0.5423026417800519
0.5425848935922781
0.5431772589836027
0.5436315269217351
0.5440470306624802
0.5443220141876962
0.5444564774973835
0.5448404853277513
0.545213590727604
0.5454873628716518
0.545872582083188
0.5462687037252394
0.5465400531069504
0.5469725161840524
0.547561247431872
0.5480845640966003
0.5484867426444936
0.5489809861611815
0.5492620265922394
0.5496024247005465
0.5501075706477497
0.5503958793658177
0.5507253750436097
0.5508852773578323
0.5511009032057991
0.5514037484978873
0.5516714637360933
0.5519040489204171
0.5524128290111253
0.5527302108772338
0.5531929584835446
0.5534085843315114
0.5536557060898554
0.5539452261890917
0.5541608520370586
0.5544273558940962
0.5546950711323022
0.5550572741016397
0.5553564852502229
0.5558822246772881
0.55610148466876
0.5565424274140404
0.5568864596658526
0.5571662887157421
0.5576871826181339
0.5582856049153002
0.558947019033221
0.5593673682986394
0.5596980753575997
0.5601147904795131
0.5605981315656859
0.5609712369655386
0.561178383145327
0.5614594235763849
0.5617574233437996
0.5621293173624841
0.56219109780207
0.5623255611117571
0.5625266503857038
0.562887641973873
0.5633564464860255
0.563821616854673
0.5640396654649765
0.5643340310888864
0.5646938112958871
0.5651783637632283
0.5656568593247276
0.5659621273791526
0.5662371109043687
0.5665956797302012
0.5669748420358957
0.5671129394890879
0.5674811993642671
0.5677876787998605
0.5682661743613598
0.5685774993216266
0.5690705314571461
0.5697755552971275
0.5702685874326472
0.5706174652091328
0.5711383591115246
0.5716386595340543
0.5720166104585804
0.5725556750784975
0.5727761464511377
0.573065666550374
0.5734969182463077
0.5739572430902818
0.5743412509206497
0.5747531205178896
0.5752304046982207
0.5756119897662519
0.5758966643408149
0.5764611679652673
0.5767264604411365
0.5769396635267667
0.5772994437337675
0.5777658254835834
0.5782733941931232
0.5786477109741442
0.5789772066519363
0.5794666046439508
0.579807002752258
0.5801292301430399
0.5804441892468116
0.5806973679109974
0.581108026127069
0.5813236519750359
0.5815768306392216
0.5820613831065627
0.5824914234213281
0.5829469027406288
0.5834992925533977
0.5836591948676203
0.5838081947513277
0.5841473814784665
0.5844054056673257
0.5849965596774819
0.5853175756870954
0.5855053397681901
0.5857766891499011
0.5861703880296159
0.5864538512230104
0.5868099972865062
0.5871237450091096
0.5875428828933597
0.5877572973601581
0.5882042970112804
0.588525313020894
0.5888996298019149
0.5892751579641043
0.5897875721983177
0.5902369946117766
0.5905737585765787
0.590780904756367
0.591258188936698
0.5919002209559251
0.5922333507772222
0.5927082121952165
0.5929698705275808
0.5933781059813157
0.5935283172461914
0.5938432763499631
0.594141276117378
0.5944029344497422
0.5950049908904136
0.5955186165057953
0.5960915997984262
0.5965894774586192
0.5970752413071287
0.5975719075861534
0.5979425902236695
0.5982829883319766
0.598624597821452
0.598888678916153
0.5991491258673489
0.599485889832151
0.5998965480482227
0.6000952145598325
0.6003496046051866
0.6008317343101911
0.6011321568399426
0.6015331240066675
0.6020939934876148
0.6026948385471179
0.6029225782067682
0.6029879927898593
0.6034131875799511
0.6038238457960228
0.6042817478776602
0.6044428615730512
0.6048486742644493
0.6053295925882854
0.605571868821956
0.6056736248400977
0.6058480637283405
0.6060273481412567
0.6062526650385703
0.6065688355235105
0.6069661685467302
0.6072702252199869
0.607923159669729
0.6083422975539792
0.6086681590882661
0.6087590126758925
0.6090473213939606
0.6095149145249448
0.6097051013683762
0.6098771174942823
0.6102962553785324
0.6108086696127457
0.61128353103074
0.6113852870488816
0.6117196282513471
0.6122078148621933
0.6125627495445207
0.6130182288638214
0.6132556595728186
0.6134034480753576
0.6138019924797458
0.6141811547854402
0.6146778210644649
0.6152350564019072
0.6154773326355778
0.6157571616854673
0.6160769663139125
0.6162816897313641
0.6164948928169942
0.6169540062798
0.6174240221731209
0.6178528511067178
0.618213842694887
0.6183725336279412
0.6187977284180332
0.6189503624452456
0.6192047524905997
0.6195051750203512
0.6197014187696244
0.6201193452727062
0.6203785808427337
0.6207347269062294
0.6209891169515835
0.6214736694189247
0.6216638562623561
0.6218104333837268
0.6222271485056402
0.6225372620847386
0.6229261154397798
0.6233779606155755
0.623637196185603
0.6238092123115091
0.623987285343257
0.6241483990386479
0.6243858297476451
0.6247383416676358
0.6248546342597977
0.6251259836415087
0.6253609915881692
0.6256953327906346
0.6261665600651238
0.6263579582897236
0.6266765515370004
0.6268861204791255
0.627207136488739
0.6276492906151878
0.6282598267240377
0.628693501182308
0.6291538260262821
0.6297377117494283
0.63025860565182
0.6306050606659689
0.6311186862813506
0.6314699868201729
0.631827344264837
0.63221498623871
0.6327710101949839
0.6330132864286545
0.633231335038958
0.6338685215335117
0.6342767569872466
0.6347952281273016
0.6351247238050937
0.6354639105322324
0.6357740241113308
0.636241617242315
0.6364487634221033
0.6367491859518548
0.6370120556653874
0.6373682017288832
0.6376989087878435
0.637992063030585
0.6383130790401985
0.6386910299647246
0.6390435418847152
0.6393597123696554
0.6396334845137032
0.6399230046129395
0.6403239717796643
0.6407116137535372
0.6410689711982014
0.6412543125169593
0.6417606698453309
0.6420853199984494
0.6424765961158274
0.6430810753188355
0.643381497848587
0.6437703512036284
0.6441834321820367
0.6445310985773539
0.6447576268558359
0.6450750087219445
0.6456213416288715
0.6457812439430941
0.6460695526611622
0.6463348451370314
0.6466813001511804
0.6469623405822382
0.6473245435515758
0.6478514943598093
0.6483760224057061
0.6485444043881071
0.6489986723262395
0.6494480947396984
0.6498502732875916
0.65027062255301
0.6506497848587045
0.6508847928053649
0.6512058088149785
0.6513439062681707
0.6517654669147576
0.6519023529867815
0.6523638892119239
0.6524874500910959
0.6528302709617397
0.6530204578051712
0.6532663681823467
0.6536600670620615
0.654042863511261
0.654145830910571
0.6542609121215646
0.6548254157460169
0.6552506105361089
0.6556297728418033
0.656061024537737
0.65645593479862
0.6567963329069272
0.6570155928983991
0.657225161840524
0.6576394542001008
0.6580355758421522
0.6583178276543784
0.6589380548125751
0.6591754855215722
0.6595255746792262
0.6598962573167423
0.6604026146451137
0.6608350777222157
0.6610640287630345
0.6613838333914797
0.661865963096484
0.6621930360119394
0.6625491820754351
0.6627817672597589
0.6631863685699888
0.663547360158158
0.6637569291002829
0.6640331240066675
0.6643432375857657
0.66470786331744
0.6649864809861612
0.6652457165561887
0.665720577974183
0.6660803581811838
0.666396528666124
0.6666036748459123
0.6668302031243943
0.6673801701748265
0.6675388611078807
0.6681069988758382
0.6684352831724619
0.6689913071287359
0.6693995425824708
0.6699228592471993
0.6703734930418266
0.6709416308097841
0.6714346629453037
0.671885296739931
0.6722232720859015
0.6725564019071986
0.6729682715044385
0.6732178160251192
0.6734879540256619
0.6737350757840059
0.6739458561072993
0.6743528801798658
0.6748241074543552
0.6750385219211537
0.6753086599216963
0.6756296759313098
0.6760754642012637
0.6764098054037291
0.6764788541303253
0.6767623173237198
0.6770433577547776
0.677312284374152
0.6774855118812265
0.6775921134240416
0.677947048106369
0.6782729096406559
0.678633901228825
0.6789088847540412
0.6792553397681901
0.679502461526534
0.6797083963251541
0.6800609082451448
0.6802874365236268
0.6805054851339303
0.6807198996007288
0.6808907043454665
0.6810251676551538
0.6812807690816761
0.6814661104004341
0.681647817575687
0.68182952475094
0.6821929391014458
0.6827017191921542
0.6830045644842424
0.6833776698840951
0.6834915397139202
0.6838040760553553
0.6841481083071675
0.684366156917471
0.6847126119316199
0.6849936523626778
0.6852165464976547
0.6855969201845176
0.6859736597278754
0.686322537504361
0.6865405861146645
0.6867731712989883
0.6872855855332015
0.6875993332558049
0.68770593479862
0.688121438539365
0.6883770399658875
0.6886944218319959
0.6891438442454549
0.6894612261115634
0.6897519575919681
0.6899215509555374
0.6900257297360158
0.6903370546962825
0.6906774528045897
0.6910590378726208
0.691358249021204
0.6916950129860061
0.6919457688878552
0.6922934352831724
0.6925599391402101
0.6928954917238439
0.6932128735899523
0.693520564406714
0.6938864015195565
0.694138368802574
0.6944969376284064
0.6946423033686088
0.6951002054502462
0.6956320017831531
0.696242537892003
0.6965914156684886
0.6970032852657285
0.6973570085668876
0.6976695449083227
0.6980971624607513
0.6984969182463077
0.6989536089467767
0.6993061208667675
0.6996101775400241
0.7000075105632438
0.7002146567430322
0.7003697135325813
0.7007076888785517
0.7009959975966198
0.7012830949335194
0.7016234930418266
0.7017833953560492
0.7018742489436757
0.7022243381013296
0.7025344516804279
0.7027670368647517
0.703337597395046
0.703736141799434
0.7043030681862232
0.704625295577005
0.7048845311470326
0.70513649843005
0.705363026708532
0.7055059696863977
0.705688888242819
0.7059747741985503
0.7062400666744195
0.7066313427917975
0.7069075376981819
0.70709287901694
0.7073400007752839
0.7076174070628367
0.7080389677094235
0.7083599837190371
0.7087427801682367
0.7091582839089816
0.7094429584835446
0.7097785110671784
0.7100801449780982
0.7102255107183005
0.7102909253013916
0.7105126080552002
0.7108433151141605
0.7111013393030198
0.7113169651509865
0.711802728999496
0.7123732895297903
0.7125453056556964
0.7129995735938287
0.7133714676125131
0.7136549308059077
0.7139468736674807
0.7141540198472691
0.7145465073458154
0.7147754583866341
0.7150613443423653
0.7152575880916385
0.7153569213474436
0.7154974415629725
0.7156197910609761
0.7157942299492189
0.7159444412140946
0.7162860507035702
0.7164447416366244
0.7166591561034229
0.7170237818350971
0.7171788386246463
0.7173363181765322
0.7174804725355661
0.7176985211458696
0.7179468542853821
0.7182824068690158
0.7184653254254371
0.7186870081792457
0.7191836744582704
0.7196718610691165
0.7199359421638175
0.7201333972942591
0.7202836085591348
0.7206458115284723
0.7209946893049579
0.7212781524983525
0.7214114044268713
0.7217820870643873
0.7221527697019033
0.7223599158816917
0.7224325987517929
0.7226554928867698
0.7230116389502655
0.7233253866728689
0.7234331995968524
0.7236972806915533
0.7239722642167694
0.7242351339303019
0.7244107841997132
0.7247366457340001
0.7249752878241656
0.7250758324611389
0.7252793444974222
0.7254113850447726
0.7256052060317091
0.7259565065705315
0.7260618967321781
0.7261733437996666
0.7262593518626197
0.7264144086521689
0.726511319145637
0.7267196767065938
0.726816587200062
0.7268759448773113
0.7270055626623251
0.7272587413265108
0.7274210664030701
0.7276245784393535
0.7278583750048455
0.7280958057138427
0.7284192444857929
0.728739049114238
0.7289425611505214
0.7291363821374578
0.7292078536263906
0.7295397720665193
0.7297348044346241
0.7300025196728301
0.7302120886149552
0.7305864053959763
0.7307935515757646
0.7311472748769237
0.7314404291196651
0.7316499980617901
0.731893485676629
0.7322484203589564
0.732483428305617
0.7327390297321394
0.7330891188897933
0.7332720374462147
0.7334488990967942
0.7336511997519092
0.7339685816180176
0.734237508237392
0.7347923208124976
0.7352829301856805
0.7355494340427181
0.7359176939178974
0.73628353103074
0.7365427666007676
0.736843189130519
0.7370539694538124
0.7373677171764159
0.737790489204171
0.7379079931775012
0.7382144726130946
0.7386978136992673
0.7391775206419351
0.7393955692522386
0.7397214307865255
0.7399867232623949
0.7403549831375741
0.7409594623405822
0.7414464375702601
0.741813486064271
0.7421793231771137
0.7426808349808117
0.7432659320851261
0.7435966391440865
0.7439624762569291
0.7443258906074349
0.7447559309222003
0.7451229794162112
0.7457153448075358
0.7459963852385937
0.7464773035624297
0.7467813602356863
0.7470624006667442
0.7472344167926503
0.7475530100399271
0.7477795383184092
0.7481138795208745
0.7483355622746831
0.7486238709927511
0.7488831065627786
0.7490757161685467
0.7493179924022173
0.7494209598015273
0.7495626913982246
0.7497177481877738
0.7498631139279761
0.7500520893902392
0.7503718940186843
0.7507183490328333
0.7512852754196224
0.7516777629181688
0.752025429313486
0.7522022909640655
0.7524154940496957
0.7528297864092725
0.7532259080513238
0.7536632166530992
0.7539054928867698
0.754101736636043
0.7543234193898515
0.7544833217040742
0.7545560045741753
0.7547873783773307
0.7552428576966314
0.7556111175718107
0.7558679303795015
0.7561417025235493
0.7565475152149475
0.7568200759778269
0.7571059619335582
0.757338547117882
0.7574415145171919
0.7577528394774586
0.7579381807962167
0.7581804570298872
0.758516009613521
0.7590683994262899
0.7592961390859402
0.759552951893631
0.7600060084505951
0.7604324146218553
0.7605063088731248
0.7607388940574485
0.7610683897352405
0.7614414951350932
0.7617927956739156
0.7622167790828391
0.7627013315501803
0.7630804938558747
0.763489940690778
0.7639587452029306
0.7643197367910998
0.7648672810791952
0.7650829069271621
0.7653154921114859
0.7654657033763616
0.7657031340853587
0.7659514672248711
0.766339109198744
0.7666904097375664
0.7669629705004458
0.7673627262860022
0.7675771407528007
0.7679817420630306
0.7684251075706477
0.7688333430243827
0.7693554483079428
0.7698278869636004
0.7700350331433887
0.7703802767763693
0.7708139512346397
0.7711083168585494
0.7714620401597085
0.7716267879986045
0.7717697309764702
0.7720786331744002
0.7723935922781718
0.7725607628794046
0.7730307787727255
0.7732270225219987
0.7734947377602047
0.773681290460131
0.7738436155366903
0.7741585746404621
0.7743863143001124
0.7745740783812071
0.7747121758343993
0.774999273171299
0.7752996957010505
0.7755359150288793
0.775823012365779
0.7761210121331937
0.7763717680350428
0.7764577760979959
0.7765704345466528
0.7767594100089158
0.7768914505562662
0.7770646780633407
0.777165222700314
0.7775322711943249
0.7778230026747296
0.7781125227739659
0.7783414738147847
0.7786600670620615
0.7788417742373144
0.7793372291351708
0.7795879850370198
0.7797466759700741
0.7800689033608559
0.7805159030119782
0.7807206264294297
0.7810089351474978
0.7813129918207543
0.7815370973368997
0.781727284180331
0.7819816742256852
0.7822566577509013
0.782616437957902
0.782942299492189
0.783165193627166
0.783312982129705
0.7834837868744428
0.7837636159243323
0.7840482904988952
0.7844432007597782
0.7848259972089778
0.7851324766445711
0.7854365333178277
0.7857684517579564
0.7859840776059231
0.7862166627902469
0.786388678916153
0.7865885568089312
0.7867629956971741
0.7870840117067877
0.7875503934566035
0.7878653525603753
0.7880761328836686
0.7883462708842114
0.7885861243555452
0.7888296119703841
0.788983457378765
0.7891942377020584
0.7893965383571733
0.7895528065278908
0.7897066519362717
0.7898859363491879
0.7900846028607977
0.7901693995425825
0.790284480753576
0.7904468058301353
0.7905364480365934
0.790819911229988
0.7910246346474397
0.7911687890064736
0.7912293580648913
0.7914389270070163
0.7916848373841919
0.7918520079854247
0.7921391053223243
0.7923668449819746
0.7926103325968136
0.7928283812071171
0.7931566655037408
0.7932584215218824
0.7935285595224251
0.7938277706710083
0.7941075997208977
0.7942989979454975
0.794475859596077
0.7946733147265186
0.794867135713455
0.7950791274179169
0.7952668914990115
0.7954728262976315
0.7957780943520565
0.7958701593208513
0.7961415087025623
0.7963571345505291
0.7966163701205566
0.7968295732061867
0.7969507113230221
0.7971142477807497
0.7973310850098849
0.7976569465441719
0.7979416211187348
0.7981935884017521
0.7983353199984494
0.7986878319184402
0.7988550025196728
0.7991190836143738
0.7994485792921657
0.799747790440749
0.8000530584951738
0.8002577819126255
0.8005012695274645
0.8006187735007947
0.8007859441020274
0.8009833992324689
0.8011941795557623
0.8012729193317052
0.801484911036167
0.8016096832965074
0.8017623173237198
0.8020215528937473
0.8024709753072062
0.8028440807070589
0.8031432918556421
0.803482478582781
0.8039137302787146
0.8041160309338296
0.8041560065123852
0.804354673023995
0.8045218436252277
0.8046611524595884
0.804824688917316
0.8050730220568283
0.8052632089002597
0.8053443714385393
0.8054727778423848
0.8056484281117959
0.805861631197426
0.8060796798077295
0.8061887041128813
0.8063268015660736
0.8064854924991278
0.8068040857464046
0.8071578090475636
0.8075454510214366
0.8076920281428073
0.8077828817304338
0.8079815482420436
0.8084624665658797
0.808765311857968
0.808988205992945
0.8092171570337636
0.8092837829980231
0.8094921405589798
0.8096520428732024
0.8098240589991085
0.8099718475016475
0.8101305384347017
0.810375237430709
0.8106393185254099
0.8108828061402489
0.8110911637012056
0.8114000658991356
0.8116968542853821
0.8121281059813157
0.8123958212195217
0.8125629918207543
0.8128791623056945
0.813162625499089
0.813488487033376
0.813673828352134
0.8138155599488313
0.8140772182811955
0.8142940555103306
0.814501201690119
0.8147386323991161
0.8150790305074234
0.8154339651897508
0.8155975016474784
0.8157998023025933
0.8161402004109005
0.8163691514517192
0.816560549676319
0.8167422568515719
0.8169845330852424
0.817178354072179
0.8175829553824088
0.817717418692096
0.8179536380199248
0.8182855564600535
0.818499970926852
0.8188318893669807
0.8190814338876613
0.8193903360855913
0.8198979047951312
0.8202310346164282
0.8205980831104392
0.8207737333798504
0.821043871380393
0.8214242450672559
0.8216495619645695
0.8218130984222972
0.8220444722254526
0.8222128542078536
0.822444228011009
0.822687715625848
0.8229215121913401
0.8230765689808892
0.8231916501918828
0.8233491297437686
0.823511454820328
0.8236471295111835
0.8238772919331705
0.8241316819785246
0.8243339826336396
0.8246283482575494
0.8248621448230414
0.8249893398457185
0.8251528763034461
0.825347908671551
0.8255429410396558
0.8257961197038415
0.826031127650502
0.8263376070860953
0.8265241597860217
0.8267143466294531
0.8267591677326821
0.8270838178858007
0.8274048338954142
0.8276640694654417
0.8279281505601427
0.8282043454665271
0.8284817517540799
0.8287082800325619
0.8289772066519363
0.8292836860875296
0.8295332306082103
0.8297270515951467
0.8299111815327364
0.8301389211923867
0.8303194169864713
0.8304841648253672
0.8307688393999302
0.8309965790595806
0.8312449121990929
0.8314084486568205
0.8316337655541342
0.8318590824514478
0.832117106640307
0.8323545373493042
0.8324611388921193
0.8326997809822848
0.8329590165523123
0.8331310326782184
0.8332485366515486
0.8333309105709966
0.8334350893514749
0.8336543493429468
0.8338336337558631
0.8340965034693957
0.834279422025817
0.8344756657750901
0.8348027386905454
0.8351213319378222
0.8353078846377485
0.8356507055083925
0.8357924371050898
0.83590994107842
0.8360977051595146
0.8362745668100942
0.8363920707834245
0.8365556072411521
0.8367869810443075
0.8369202329728263
0.8370607531883553
0.8372824359421638
0.8376555413420165
0.8377972729387138
0.8380128987866806
0.8381546303833779
0.8383012075047486
0.8387760689227429
0.8390001744388882
0.8393187676861651
0.8395683122068458
0.8397790925301392
0.8400056208086212
0.8401982304143892
0.8404841163701205
0.8407239698414545
0.8409323274024111
0.841151587393883
0.8413878067217119
0.8416845951079583
0.8417948307942784
0.8420601232701477
0.8422999767414816
0.8426718707601659
0.8429480656665503
0.8432363743846184
0.8434919758111409
0.8436506667441951
0.8440225607628794
0.8442224386556576
0.8444186824049308
0.8445894871496685
0.844721527697019
0.8448511454820328
0.8451006900027135
0.8452521126487577
0.8454229173934954
0.8455852424700546
0.8458154048920417
0.8461206729464666
0.8464210954762181
0.8466221847501647
0.846760282203357
0.8470607047331085
0.8473054037291158
0.8475997693530255
0.8477948017211303
0.8480952242508819
0.8484101833546537
0.8486330774896306
0.8488184188083886
0.8489795325037796
0.8491987924952514
0.849407150056208
0.8496530604333837
0.8498020603170912
0.850186068147459
0.8505373686862814
0.8507166530991975
0.8509843683374035
0.8510425146334845
0.8511503275574679
0.8512872136294918
0.8514531728495561
0.8515985385897585
0.8516554735046711
0.8518492944916075
0.8520055626623251
0.8521848470752413
0.8522587413265108
0.8524646761251309
0.8527990173275962
0.8529128871574214
0.8530800577586541
0.8533380819475133
0.8535791468000155
0.8537499515447533
0.8538529189440632
0.854047951312168
0.8541751463348451
0.854517967205489
0.8547299589099507
0.8550182676280188
0.8552351048571539
0.8553610884986627
0.8554822266154979
0.855530681862232
0.8555803484901345
0.8557862832887545
0.8560116001860681
0.8561412179710819
0.8562381284645502
0.8563653234872272
0.8566390956312749
0.856786884133814
0.857009778268791
0.8572387293096096
0.8574398185835562
0.8576893631042369
0.8578298833197658
0.8579219482885607
0.8580624685040896
0.8582478098228477
0.8583713707020196
0.8584912974376866
0.858688752568128
0.8587796061557545
0.8589031670349265
0.859038841725782
0.8591393863627553
0.8592508334302438
0.8593501666860488
0.8594446544171803
0.8596227274489282
0.8597898980501608
0.8600321742838315
0.8602368977012831
0.8604258731635461
0.8606705721595534
0.8608437996666279
0.8611514904833896
0.8614373764391209
0.8616772299104547
0.8618892216149164
0.8619510020545025
0.8620890995076947
0.8622380993914021
0.8623665057952475
0.8625615381633523
0.8626608714191573
0.8628074485405279
0.8629697736170873
0.8631696515098655
0.8634143505058728
0.8636505698337016
0.8639740086056518
0.8640793987672986
0.8643095611892856
0.8646802438268015
0.8649697639260379
0.8651236093344188
0.8653864790479513
0.8656008935147498
0.8658722428964608
0.8660430476411985
0.8661932589060743
0.866257462107997
0.8664403806644183
0.866607551265651
0.8667093072837927
0.866912819320076
0.8670824126836454
0.8672507946660465
0.8674858026127069
0.8678928266852735
0.8680890704345466
0.8682453386052642
0.8683943384889716
0.8685166879869752
0.8686511512966624
0.8688001511803698
0.8689467283017405
0.8691223785711517
0.8693283133697717
0.8695499961235803
0.8697946951195875
0.8699727681513354
0.870005475442881
0.870046662402605
0.8701314590843896
0.8701932395239756
0.8704234019459627
0.8705348490134511
0.870630548125751
0.8708243691126876
0.8709685234717215
0.8710811819203783
0.8712725801449781
0.8714227914098539
0.8717171570337636
0.8719642787921076
0.8721811160212428
0.8724100670620615
0.8725590669457689
0.8727843838430825
0.8729794162111874
0.8731514323370935
0.8734797166337172
0.8738334399348762
0.8742949761600186
0.874571171066403
0.8747916424390433
0.87510296739931
0.8753840078303678
0.8756347637322169
0.8758406985308369
0.8761205275807264
0.8763567469085553
0.8764815191688956
0.876716527115556
0.8768800635732837
0.8769575919680583
0.8772301527309377
0.8774009574756755
0.8775099817808272
0.877660193045703
0.8777050141489321
0.877807981548242
0.8779606155754545
0.8781011357909835
0.8783167616389502
0.8784451680427957
0.8786196069310385
0.8787395336667054
0.8789200294607901
0.8790181513354266
0.8790532813893088
0.8792313544210567
0.8792761755242857
0.8794615168430437
0.879685622359189
0.8798200856688763
0.8800538822343683
0.8802525487459782
0.8804705973562817
0.8807843450788851
0.8808982149087103
0.881003605070357
0.8811925805326201
0.8813258324611389
0.8815257103539171
0.8816613850447726
0.8818939702290964
0.8820829456913595
0.88221498623871
0.8823979047951312
0.8825832461138892
0.8829054735046711
0.8831429042136683
0.8832107415590961
0.8834360584564097
0.8836213997751676
0.8837219444121409
0.8838975946815522
0.8840369035159127
0.8841943830677986
0.8844390820638058
0.8848097647013219
0.8850496181726557
0.885339138271892
0.8855281137341552
0.885661365662674
0.8859145443268597
0.8861156336008063
0.886307031825406
0.88654688529674
0.8866692347947436
0.8868315598713029
0.8869636004186533
0.887106543396519
0.8872603888048998
0.8874299821684692
0.8876322828235841
0.8878176241423421
0.8880296158468038
0.8881749815870063
0.8883324611388921
0.8884426968252123
0.8885214366011551
0.8886280381439702
0.888884850951661
0.8891440865216885
0.8893560782261504
0.8895317284955615
0.8897352405318448
0.8900247606310812
0.8902767279140985
0.8903627359770516
0.8905662480133348
0.8907431096639145
0.8909296623638407
0.8911477109741442
0.8913488002480908
0.8914856863201147
0.8915692716207311
0.8917945885180447
0.89201142574718
0.8922585475055239
0.8925044578826995
0.8927491568787068
0.892986587587704
0.8931525468077683
0.8933487905570415
0.8935050587277591
0.8937255301003992
0.8939108714191573
0.8940731964957166
0.894156781796333
0.8943808873124782
0.8945032368104818
0.8946910008915765
0.8948012365778967
0.8949005698337016
0.8951161956816684
0.8951949354576113
0.8954989921308679
0.8956625285885955
0.8959459917819902
0.8961882680156608
0.8963530158545567
0.896539568554483
0.8967939585998372
0.8970144299724774
0.897198559910067
0.897318486645734
0.8974153971392023
0.89758620188394
0.897861185409156
0.8980380470597357
0.898224599759662
0.8984947377602047
0.8985892254913362
0.8987963716711246
0.8989550626041788
0.8991670543086405
0.8993972167306276
0.8996334360584564
0.8997533627941233
0.8999823138349421
0.9001204112881342
0.9003578419971314
0.9004789801139668
0.9006267686165058
0.9007697115943715
0.901028947164399
0.9012869713532581
0.9017303368608753
0.9019253692289801
0.902107076404233
0.9023154339651898
0.9026170678761096
0.9029114335000193
0.9030846610070938
0.903236083653138
0.9034577664069465
0.9037145792146374
0.9038211807574524
0.9039665464976547
0.9042257820676823
0.9043493429468543
0.9045916191805249
0.9047842287862929
0.904883562042098
0.905199732527038
0.9054335290925302
0.9057073012365779
0.9058708376943055
0.9060670814435787
0.9062027561344342
0.906476528278482
0.906637641973873
0.9068593247276815
0.9070810074814901
0.9072506008450595
0.907427462495639
0.9077509012675893
0.9080149823622902
0.9082051692057216
0.9084704616815908
0.908807225646393
0.9091173392254913
0.9092590708221886
0.9094686397643137
0.9096636721324185
0.9098138833972943
0.9100900783036787
0.9102669399542582
0.9106461022599527
0.9109307768345156
0.9110737198123813
0.9111718416870179
0.9112614838934759
0.9113777764856379
0.9115110284141567
0.9116442803426755
0.9118950362445245
0.9120597840834206
0.9122390684963367
0.912298426173586
0.9124668081559871
0.9126981819591425
0.912916230569446
0.9130676532154902
0.9133147749738342
0.9134334903283328
0.9136709210373299
0.913818709539869
0.9139919370469435
0.9141118637826103
0.914337180679924
0.9144486277474125
0.9146085300616351
0.9148071965732449
0.9150143427530333
0.9151645540179091
0.9152517734620305
0.9153547408613405
0.9154443830677986
0.9154988952203744
0.9155740008528124
0.9157314804046982
0.9159204558669612
0.916067032988332
0.9162402604954064
0.9165140326394542
0.9166933170523704
0.9168665445594449
0.9170470403535295
0.9172675117261697
0.9174031864170252
0.9175461293948909
0.917755698337016
0.9179361941311005
0.9180585436291041
0.9182874946699229
0.9185321936659302
0.9187647788502539
0.9189174128774664
0.9191160793890762
0.919324436950033
0.9195630790401985
0.9196951195875489
0.9198283715160678
0.9200379404581928
0.9201820948172268
0.9204873628716518
0.9206375741365275
0.9209622242896461
0.9211293948908787
0.9213692483622127
0.9215037116718998
0.921658768461449
0.921847743923712
0.9221227274489282
0.9223141256735279
0.9224292068845215
0.9226133368221111
0.9227344749389463
0.9228798406791487
0.922976751172617
0.9230918323836105
0.923302612706904
0.9233789297205102
0.9235945555684769
0.9236769294879249
0.923800490367097
0.9240185389774005
0.9241118153273636
0.9242341648253672
0.9243322867000039
0.9244570589603442
0.9245672946466643
0.9246666279024692
0.9247671725394425
0.9248398554095437
0.9250033918672714
0.9252505136256154
0.9255049036709695
0.9256417897429934
0.9258719521649804
0.9259967244253208
0.9261869112687522
0.9263456022018064
0.9264618947939683
0.9266278540140327
0.9267683742295616
0.9268979920145753
0.9271027154320269
0.9272807884637748
0.9275097395045936
0.9277326336395705
0.9278804221421095
0.9280415358375005
0.9282208202504167
0.9284291778113735
0.9285624297398922
0.9286581288521921
0.9287211206729464
0.9288507384579602
0.9289440148079234
0.9290990715974726
0.9292710877233787
0.929515786719386
0.9297156646121641
0.9298888921192386
0.9300403147652828
0.9301190545412257
0.9302305016087142
0.930446127456681
0.9306980947396984
0.9308386149552274
0.931019110749312
0.9312056634492383
0.9313667771446292
0.9314806469744544
0.9316635655308757
0.931805297127573
0.931956719773617
0.9321202562313448
0.9322971178819243
0.9325527193084467
0.9327634996317401
0.9328979629414274
0.9330675563049967
0.93327106834128
0.9334309706555026
0.9335811819203783
0.9337253362794123
0.9339300596968639
0.9340584661007094
0.9342062546032485
0.934407343877195
0.9345006202271582
0.9345599779044075
0.9345938965771213
0.934692018451758
0.9348688801023375
0.9350760262821258
0.9353243594216382
0.935667180292282
0.9358379850370198
0.9360414970733031
0.9361323506609296
0.9363164805985192
0.936524838159476
0.9366629356126681
0.9368143582587123
0.9369342849943791
0.9371208376943055
0.9372831627708649
0.9374055122688685
0.9374709268519595
0.9376429429778657
0.9376986665116098
0.9377870973368997
0.9379651703686476
0.938121438539365
0.9382534790867155
0.9384533569794937
0.9386592917781137
0.9388833972942591
0.9389681939760437
0.9391256735279296
0.9392468116447649
0.9393788521921154
0.9394479009187114
0.9395581366050316
0.9396950226770555
0.9397664941659883
0.939789510408187
0.9399433558165678
0.9400087703996589
0.9401371768035043
0.9402764856378649
0.9403661278443229
0.9405490464007443
0.940633843082529
0.9407113714773035
0.9407719405357212
0.9408894445090514
0.9409875663836881
0.9411135500251967
0.9412916230569446
0.9414733302321976
0.9416453463581037
0.9418609722060705
0.9420136062332829
0.9421541264488119
0.9422801100903205
0.9425223863239912
0.942700459355739
0.9429281990153894
0.9431377679575145
0.943338857231461
0.9435169302632089
0.9437264992053339
0.9439166860487653
0.9441020273675234
0.9442619296817459
0.9444157750901268
0.9445381245881304
0.9446895472341745
0.9448155308756833
0.9449269779431717
0.9450941485444044
0.9453097743923712
0.945587180679924
0.9457785789045238
0.9459627088421134
0.9461444160173663
0.9462582858471915
0.9463188549056092
0.9464363588789394
0.9466023180990037
0.9467113424041556
0.9468494398573477
0.9469790576423616
0.9470747567546614
0.9471571306741093
0.9472491956429042
0.9473654882350661
0.9474745125402179
0.947711943249215
0.9478875935186262
0.9481516746133272
0.9482146664340815
0.9483539752684421
0.9484726906229407
0.9487706903903554
0.9489632999961236
0.9491341047408614
0.9492092103732992
0.9493170232972826
0.9494611776563167
0.9496016978718456
0.9497591774237314
0.949956632554173
0.9500729251463348
0.9501601445904563
0.9502388843663991
0.9503745590572548
0.9505417296584874
0.9507549327441175
0.9509766154979261
0.9511982982517347
0.9514563224405939
0.951631972710005
0.9518294278404466
0.951940874907935
0.9520922975539792
0.9522558340117068
0.9524581346668217
0.9526192483622127
0.9528094352056441
0.9528905977439237
0.9530408090087995
0.9532915649106485
0.9535253614761406
0.9537397759429391
0.9538609140597744
0.9540074911811451
0.9541673934953677
0.9542933771368763
0.9543757510563243
0.9544108811102067
0.9544835639803078
0.9545986451913013
0.9547609702678606
0.9549572140171337
0.9550638155599488
0.9551607260534171
0.9552612706903904
0.9554260185292863
0.9555629046013102
0.9556380102337481
0.9557652052564252
0.9558427336511998
0.9560547253556615
0.9561855545218436
0.9563599934100865
0.9564714404775749
0.9565320095359926
0.9567403670969492
0.9568796759313098
0.9570274644338489
0.957154659456526
0.9572394561383106
0.9573739194479979
0.957528976237547
0.9577894231887428
0.9579517482653022
0.958064406713959
0.958212195216498
0.9583527154320269
0.9584992925533977
0.9586761542039772
0.9588263654688529
0.9589487149668566
0.9590335116486414
0.9591328449044463
0.9591752432453386
0.9593024382680156
0.9593678528511067
0.9594259991471876
0.9596634298561848
0.9598063728340505
0.9599105516145289
0.9601092181261387
0.960254583866341
0.9603430146916309
0.9605332015350622
0.960679778656433
0.9607984940109315
0.9609499166569756
0.9610831685854945
0.9611752335542892
0.9612588188549056
0.961346038299027
0.9615204771872699
0.9616815908826608
0.961802728999496
0.9619541516455402
0.9620789239058806
0.9622424603636082
0.9624023626778307
0.9625113869829826
0.9626179885257976
0.9626749234407102
0.9628336143737644
0.9629281021048959
0.9630056304996705
0.9631195003294957
0.9632103539171222
0.9633690448501764
0.9634732236306547
0.9636004186533318
0.9637809144474163
0.9639844264836996
0.964150385703764
0.9642678896770942
0.9643490522153739
0.9643926619374346
0.9645186455789433
0.9646385723146103
0.9647403283327519
0.9648481412567352
0.9649462631313719
0.965015311857968
0.9651425068806451
0.965283027096174
0.9654417180292282
0.9655483195720432
0.9656634007830368
0.9657506202271582
0.965904465635539
0.9659517095011048
0.9660619451874249
0.966134628057526
0.9662327499321627
0.9663635790983448
0.966481083071675
0.9665719366593015
0.9666761154397798
0.9667948307942784
0.9670140907857503
0.9672067003915183
0.9673326840330271
0.9674138465713067
0.9675507326433306
0.9677627243477924
0.9679032445633213
0.9680146916308098
0.9681770167073691
0.9683320734969183
0.9684665368066054
0.9686506667441951
0.9688408535876265
0.9689244388882429
0.9690298290498895
0.9691739834089235
0.9693702271581967
0.969556779858123
0.9696900317866418
0.9698438771950226
0.9700110477962554
0.9702375760747374
0.9703272182811955
0.9705101368376168
0.9706736732953444
0.9708263073225569
0.9709183722913517
0.9710092258789782
0.9710782746055743
0.97112551847114
0.9712115265340932
0.971393233709346
0.9715398108307167
0.9716985017637709
0.9718414447416366
0.9719783308136605
0.9721527697019033
0.9723587045005233
0.9726034034965306
0.9728129724386556
0.9730055820444238
0.9731146063495756
0.9731739640268249
0.9732793541884716
0.9734041264488119
0.9735373783773307
0.9737530042252975
0.973926231732372
0.9740461584680389
0.9741515486296857
0.974300548513393
0.9744095728185448
0.97452344264837
0.9746130848548281
0.9748432472768152
0.9750152634027213
0.9751061169903477
0.9751424584253983
0.9752563282552235
0.9753617184168701
0.9754222874752878
0.9755191979687561
0.9756161084622242
0.9756887913323254
0.9757651083459317
0.9758402139783696
0.975923799278986
0.976034034965306
0.9761454820327945
0.9762048397100438
0.9762956932976703
0.9763550509749196
0.9764265224638524
0.9764592297553979
0.9765597743923712
0.9766409369306509
0.9766821238903749
0.976751172616971
0.9768432375857657
0.9770104081869985
0.9772187657479552
0.9773071965732449
0.9774053184478816
0.9774428712641005
0.9775967166724813
0.9777239116951584
0.9778583750048455
0.977990415552196
0.9780982284761794
0.9781915048261426
0.978306586037136
0.9783925941000892
0.9785476508896384
0.9786748459123153
0.9788347482265379
0.9789437725316897
0.9790842927472186
0.979209065007559
0.9793108210257007
0.9793786583711285
0.9795119102996472
0.9796500077528395
0.9797553979144862
0.9798753246501531
0.980015844865682
0.9801539423188743
0.9802520641935109
0.9803962185525449
0.9805585436291041
0.9806724134589293
0.9807632670465558
0.9808795596387176
0.9809692018451758
0.9810636895763073
0.9811908845989844
0.9812986975229678
0.9814065104469512
0.9814937298910726
0.9815664127611737
0.9816245590572548
0.9817638678916153
0.9818462418110633
0.9819043881071442
0.9820436969415048
0.982174526107687
0.9823065666550375
0.9824894852114587
0.9825924526107687
0.98267240376788
0.9827790053106951
0.9828456312749545
0.9829425417684227
0.9830612571229213
0.9831399968988642
0.9832623463968678
0.9833713707020196
0.9835421754467574
0.9836633135635927
0.9838365410706671
0.9839952320037214
0.9840812400666744
0.9841733050354693
0.9843053455828197
0.9844240609373183
0.9845209714307865
0.98462878435477
0.9847426541845951
0.9848347191533899
0.9849364751715316
0.9850830522929023
0.9852163042214211
0.9853156374772261
0.9853883203473273
0.9855058243206575
0.9856196941504826
0.9857880761328837
0.9859031573438772
0.9860182385548707
0.9860800189944567
0.9861333197658643
0.986184197774935
0.9862532465015312
0.9863465228514944
0.9864410105826259
0.9865112706903904
0.9865997015156801
0.9867172054890103
0.9868165387448153
0.9869921890142265
0.9870745629336745
0.9871969124316781
0.9872853432569678
0.9873652944140792
0.9874416114276854
0.9874949121990929
0.9876087820289181
0.9877371884327635
0.98782804202039
0.9879007248904912
0.9879588711865721
0.9880509361553669
0.9881199848819631
0.9881866108462224
0.9882738302903439
0.9883440903981083
0.9883743749273172
0.9883998139318525
0.9884179846493778
0.988487033375974
0.9885742528200954
0.9886747974570687
0.9887426348024965
0.9888322770089545
0.9889170736907392
0.9889691630809784
0.9890575939062681
0.9891096832965074
0.9891629840679149
0.9892259758886692
0.9893580164360197
0.9895227642749157
0.9896099837190371
0.9896923576384851
0.9898062274683103
0.9899249428228089
0.9900376012714657
0.9901599507694693
0.9902653409311161
0.9903549831375741
0.990447048106369
0.990550015505679
0.9906517715238206
0.9907450478737838
0.9908734542776292
0.9909849013451176
0.9910951370314378
0.9912150637671047
0.9913689091754855
0.9915276001085398
0.9916184536961662
0.9916923479474358
0.9918159088266078
0.9919116079389076
0.9920073070512075
0.9920848354459821
0.9921587296972516
0.992184168701787
0.9922350467108578
0.9923259002984843
0.9923792010698919
0.992472477419855
0.9925403147652828
0.9926529732139396
0.992818932434004
0.9928891925417684
0.9930006396092569
0.9930999728650618
0.9932029402643718
0.9933265011435438
0.9934730782649145
0.993526379036322
0.9935748342830562
0.993683858588208
0.9937480617901306
0.9938364926154204
0.993958842113424
0.9940242566965151
0.9940957281854479
0.9942532077373338
0.9943222564639299
0.9944433945807652
0.99453545954956
0.9946747683839207
0.9947631992092104
0.9948564755591736
0.9949764022948405
0.9950527193084467
0.995132670465558
0.9951823370934605
0.9953192231654844
0.9954694344303601
0.9955518083498082
0.9956220684575726
0.9956899058030003
0.9957589545295965
0.9958788812652634
0.9959891169515835
0.9960642225840214
0.9961320599294492
0.996220490754739
0.99629317362484
0.9963537426832577
0.996454287320231
0.9965802709617397
0.9967001976974067
0.9968177016707369
0.9969473194557507
0.9970587665232391
0.997150831492034
0.9972356281738186
0.9972852948017211
0.9973628231964957
0.9974294491607552
0.9975142458425398
0.9976050994301663
0.9977092782106447
0.9977250261658333
0.9977650017443889
0.9978703919060355
0.9979454975384735
0.9980133348839012
0.9981126681397061
0.9982144241578478
0.9982931639337908
0.9983706923285653
0.9985027328759158
0.9985802612706904
0.9986505213784549
0.9987316839167345
0.998784984688142
0.9988806838004419
0.9989788056750785
0.9990611795945264
0.9991605128503315
0.999262268868473
0.9993591793619413
0.9994015777028337
0.9994512443307362
0.9995663255417296
0.9996450653176726
0.9997359189052991
0.9998122359189053
0.9998752277396596
0.9999515447532659
1.000041186959724
1.0001562681707175
1.000247121758344
1.0003403981083072
1.000415503740745
1.0004615362251426
1.0005705605302941
1.000658991355584
1.0007377311315269
1.0008079912392913
1.0008637147730357
1.0008843082528975
1.0009242838314534
1.0009860642710393
1.0010672268093188
1.001136275535915
1.0012065356436795
1.0012889095631274
1.0013615924332286
1.0013882428189325
1.0014294297786563
1.0015009012675893
1.0015529906578284
1.0016329418149397
1.0016983563980308
1.0018098034655192
1.0019091367213242
1.0019793968290887
1.0020266406946545
1.0021138601387758
1.0022265185874326
1.0022992014575338
1.0023706729464665
1.0024796972516183
1.0025766077450866
1.0026008353684537
1.0026626158080396
1.002749835252161
1.0028261522657673
1.0028927782300268
1.0029436562390976
1.0030320870643874
1.0030781195487848
1.0031532251812225
1.0032307535759972
1.0032804202038996
1.003343412024654
1.0033991355583982
1.0034536477109741
1.0035069484823818
1.0035747858278095
1.0036402004109004
1.0037492247160522
1.0038388669225105
1.0039006473620964
1.0040169399542582
1.0041489805016086
1.0042143950846998
1.0043209966275148
1.0044033705469628
1.0044772647982323
1.0045281428073032
1.0046807768345156
1.0047280207000815
1.0048152401442028
1.0048830774896307
1.0049678741714152
1.0050441911850214
1.0051217195797961
1.0052028821180758
1.0052670853199985
1.0053664185758033
1.0054221421095477
1.005485133930302
1.0055759875179284
1.005608694809474
1.00566320696205
1.0057213532581308
1.0057879792223903
1.005855816567818
1.0059079059580571
1.0059490929177812
1.0059769546846533
1.0060314668372292
1.0060774993216266
1.0061429139047176
1.0061744098150949
1.0062664747838896
1.0063464259410009
1.0064275884792806
1.0065026941117183
1.0065729542194828
1.0066795557622978
1.0067607183005776
1.0068212873589952
1.0069218319959685
1.0069896693413962
1.0070284335387836
1.0071204985075783
1.007205295189363
1.0072452707679187
1.0073022056828314
1.0073845796022793
1.007465742140559
1.0075154087684615
1.0075565957281853
1.007592937163236
1.0076220103112765
1.0076765224638524
1.0077213435670815
1.007740725665775
1.0077685874326472
1.0077928150560143
1.0078182540605496
1.0078642865449472
1.0079466604643952
1.0079890588052873
1.0080459937202
1.0080920262045974
1.0081744001240454
1.0082458716129783
1.0083391479629413
1.0084033511648642
1.008478456797302
1.0085329689498779
1.0085680990037602
1.0086032290576423
1.0086759119277435
1.0087364809861612
1.0088140093809357
1.0088685215335116
1.0089363588789395
1.0089908710315152
1.0090441718029228
1.0091083750048455
1.0091737895879367
1.0091931716866303
1.0092707000814047
1.009309464278792
1.0093240008528124
1.0093930495794086
1.0094802690235298
1.009532358413769
1.0096086754273752
1.0096583420552778
1.0096849924409814
1.0097322363065473
1.0097673663604294
1.0098315695623523
1.0098666996162344
1.0098848703337597
1.0099333255804939
1.0099914718765748
1.0100156994999419
1.0100423498856457
1.010067788890181
1.0101162441369151
1.010178024576501
1.0101998294375314
1.0102155773927202
1.0102918944063264
1.0103585203705858
1.0103997073303097
1.0104542194828856
1.010492983680273
1.0105232682094818
1.0105511299763539
1.0106092762724348
1.0106480404698222
1.0106880160483778
1.0107522192503005
1.0107873493041826
1.0107970403535296
1.0108321704074117
1.0108794142729776
1.0109375605690585
1.0109884385781291
1.0110308369190215
1.0110732352599139
1.011097462883281
1.0111374384618366
1.0111919506144125
1.0112391944799783
1.0112731131526922
1.0113470074039617
1.0114003081753693
1.0114318040857464
1.011447552040935
1.0115008528123426
1.0115795925882856
1.011653486839555
1.0117104217544677
1.0117806818622321
1.0118448850641548
1.011896974454394
1.0119345272706128
1.011986616660852
1.0120520312439432
1.0121126003023608
1.0121598441679265
1.0122107221769974
1.012233738419196
1.0122603888048998
1.0122930960964454
1.0123100554328022
1.0123488196301895
1.0123803155405666
1.0124033317827654
1.0124384618366478
1.0124663236035198
1.0124820715587084
1.0125087219444122
1.0125438519982943
1.0125632340969881
1.0125886731015235
1.0126019982943752
1.0126225917742373
1.0126431852540994
1.0126601445904562
1.012683160832655
1.0126952746443385
1.0126989087878435
1.0127134453618638
1.0127243477923789
1.012731616079389
1.0127364616040624
1.0127497867969144
1.0127558437027562
1.012765534752103
1.0127715916579447
1.0127849168507965
1.01279703066248
1.0128018761871536
1.012810355855332
1.012817624142342
1.0128188355235106
1.012827315191689
1.012830949335194
1.0128357948598674
1.0128430631468774
1.0128466972903827
1.0128539655773927
1.0128575997208977
1.0128636566267395
1.012868502151413
1.0128781932007598
1.0128878842501066
1.01289272977478
1.012896363918285
1.0128975752994533
1.0129036322052951
1.0129060549676319
1.0129145346358104
1.0129218029228204
1.0129242256851572
1.0129290712098307
1.0129314939721672
1.012937550878009
1.0129387622591774
1.0129399736403457
1.0129448191650192
1.0129460305461875
1.0129496646896925
1.0129520874520292
1.012954510214366
1.0129569329767028
1.0129605671202078
1.0129629898825445
1.0129666240260495
1.0129702581695545
1.0129775264565648
1.012986006124743
1.012986006124743
1.0129884288870799
1.0129908516494166
1.0129981199364266
1.0130053882234369
1.013009022366942
1.0130114451292787
1.013012656510447
1.0130138678916154
1.013016290653952
1.0130199247974572
1.0130199247974572
1.0130235589409622
1.0130271930844672
1.013029615846804
1.0130344613714772
1.0130393068961507
1.0130417296584875
1.0130453638019925
1.0130477865643293
1.0130502093266658
1.0130562662325076
1.0130586889948443
1.0130623231383493
1.0130659572818546
1.0130695914253596
1.0130720141876963
1.0130720141876963
1.0130732255688646
1.0130744369500329
1.0130744369500329
1.0130756483312013
1.0130792824747064
1.0130853393805481
1.0130865507617164
1.0130889735240531
1.0130901849052216
1.0130926076675582
1.0130962418110634
1.0130998759545684
1.0131071442415784
1.013108355622747
1.013111989766252
1.013111989766252
1.0131168352909252
1.0131216808155987
1.0131265263402722
1.0131265263402722
1.0131289491026088
1.0131289491026088
1.0131301604837772
1.0131301604837772
1.0131301604837772
1.0131301604837772
1.0131301604837772
1.0131313718649455
