0.0026525012064829525
0.003647629481159492
0.005563911893279978
0.007450252392711082
0.008080793848169844
0.008672586946030583
0.00924500586509231
0.010071050397522922
0.010985159379039957
0.011691436260713041
0.01254390012786958
0.01398639580390513
0.014673298506779201
0.015361962498635001
0.015969607197331294
0.017692147821461657
0.019113508029716467
0.01960314636663696
0.021637435140533248
0.02245643451703695
0.023640020712758426
0.0245629361391841
0.025452387074956936
0.026787444123107056
0.0284342493210231
0.030382234934814695
0.03210829813690851
0.03312456187936579
0.03351204545534604
0.034161961089603815
0.035091921671956405
0.03794344853337466
0.03921333788920083
0.04071571739061515
0.042228664625919836
0.04441266296326304
0.04645223560410451
0.046827390157212656
0.04833505352557216
0.04999947161330548
0.050379910033358816
0.05188228953477313
0.052872133942504486
0.05421423614658152
0.05580468009708225
0.056463402176248664
0.05876364558638594
0.05946816117907729
0.060593624838401736
0.061874081928118274
0.06372695793689653
0.06457061535914443
0.06579999506839085
0.06661194928896763
0.0675401485823385
0.06882941211696368
0.06908479901931429
0.0694018310360254
0.07000066928981305
0.07072632035028516
0.07149952621326391
0.07224807403049847
0.07252107382266638
0.07361307299133799
0.07442854978987823
0.07487063332429204
0.07586400030998686
0.0777591472543266
0.07937072667260808
0.08099463511376166
0.0818788021825893
0.08309937544692708
0.08386025228703374
0.08505088363868213
0.08675757266197694
0.08731061740223965
0.08808734584318187
0.08881651948161742
0.08947876413874731
0.09039815698720952
0.09240250384841643
0.09430821852664655
0.09522232750816358
0.09624387511756603
0.09712804218639369
0.09894921499350084
0.10048858156353145
0.10097645861147021
0.10235554788416355
0.10395655956855465
0.10512957803038575
0.10642940929890131
0.10765702771916599
0.1106970125016292
0.11241074668085091
0.11364364896806078
0.11452077088096152
0.11517597038216448
0.11634722755501387
0.11756251695240645
0.11855940651606471
0.11927977370959163
0.12109742393873532
0.12215948119471755
0.12310705466688741
0.12544780772360445
0.12704881940799556
0.12805979928350764
0.128621650468679
0.12922048872246664
0.12974359155003998
0.13017862992852688
0.13040407491818812
0.1308866680991817
0.13142386123860886
0.13187651250691307
0.13241018306837676
0.13301606647809133
0.1335726337963175
0.13405170439934763
0.13523176801710565
0.13572316764300785
0.13628854140614266
0.13711106336060983
0.13795648207183944
0.13957686793502957
0.140682957415555
0.1416886534241219
0.14311001363237671
0.1441139483519619
0.1444609222813624
0.1455353085602167
0.14622044997410905
0.147141604111553
0.1478302681034088
0.14831286128440238
0.1492745250684261
0.15233564531867003
0.1539102376683352
0.1553245527206631
0.15579481687878458
0.15746451883346307
0.15882071134939393
0.1594001754243826
0.16013463292976332
0.16088670332496133
0.16213017334606158
0.16260572137112825
0.1630495661945238
0.1636695399160922
0.1640992944276339
0.16477562939661763
0.16507504852351146
0.1658535382534354
0.16707235022879144
0.16804634303568725
0.1687015425368902
0.16974598690305512
0.1702585219967381
0.17090667634201415
0.17162175966859586
0.17185072723622055
0.17284233293293363
0.17392200307873315
0.17455254453419192
0.1754138148462571
0.17767707118777806
0.18017634025285065
0.18204859044042793
0.1832691637047657
0.18393845351782248
0.184428091854743
0.18560991676148272
0.18616472279072716
0.18723734778059975
0.1879788504419074
0.1885178048703163
0.18941606225099777
0.1903425002553869
0.1913217769292279
0.19207208603544418
0.19243667285466196
0.1938650782188437
0.19464532923774935
0.19539035447702047
0.19593459277237454
0.19711641767911428
0.19917536449875478
0.20011765410397947
0.20054036345959428
0.20160065942659475
0.20292867131881798
0.2046318377641493
0.20664146849230142
0.20881137651779078
0.21006893685074485
0.21097600067633496
0.21216839331696508
0.21267916712166632
0.2132234054170204
0.2140670628392683
0.21513088138423223
0.21618765477326926
0.21698727997097395
0.218024679181212
0.21850727236220555
0.2193297943166727
0.220793425460489
0.22164588932764553
0.22192769556472208
0.22255647573119913
0.22363966845496208
0.22421208737402382
0.22481268691679318
0.22542033161548947
0.2256087895365344
0.2266937435492791
0.2279777232169591
0.2287157033003033
0.2293867544023418
0.22982355406981045
0.23100537897655019
0.23177330097258378
0.23252184878981835
0.23310131286480698
0.23374066076517439
0.23471113099410673
0.2351866790191734
0.23570273669081981
0.23600215581771364
0.23690393577635857
0.23773878675369783
0.2383763733650835
0.2390527083340672
0.23990517220122373
0.2413282936984603
0.24232694455110027
0.24296981502943113
0.24385574338724053
0.24504813602787065
0.24627751573711706
0.24733957299309928
0.2484896946981679
0.2501012741164494
0.25123554422068245
0.252172549958962
0.2529809816015753
0.2538933292941106
0.25484442534424395
0.2551315154482657
0.25563876667500346
0.25650003698706864
0.2572750041390291
0.2579988939105195
0.25900811249704986
0.2597372861354854
0.2598834731209689
0.26056156937893427
0.26132244621904094
0.26348178651063997
0.2647551984444296
0.26635444883983894
0.26768422202104386
0.2689065565743634
0.2696163560339999
0.27024337491149525
0.27202756064998607
0.27314774044236534
0.2757474029793964
0.2776812982813342
0.27972439350013917
0.2809784312551298
0.2818678821909026
0.2824825720455258
0.2831254425238567
0.2841769320459485
0.2848849702166033
0.2852689312146201
0.2864349045205243
0.2873137877224068
0.28790734210924923
0.28826312248355834
0.28895178647541414
0.29080642377317417
0.29214676468826944
0.293103144605348
0.2937019828591356
0.29452626610258453
0.29523958814018453
0.2966151548349144
0.2975768186189381
0.2984909276004551
0.2995670751682912
0.3008035000334645
0.3016665316345114
0.30242212460767287
0.3033661755018793
0.3041094394521687
0.304470503693423
0.3052577998682556
0.3058812961677874
0.3066210375401134
0.3076954238189677
0.3088895777485795
0.30956591271756323
0.3100115188299405
0.3107336473124491
0.311214479204461
0.3117604787887968
0.3125865233212274
0.3131043422818556
0.3137947675626931
0.3146155282281785
0.3150505666066654
0.31582729504760765
0.317673125900459
0.31896238943508415
0.31937629234579035
0.31999098220041355
0.32123269093253204
0.32212566444626833
0.32296227671258937
0.32307499920741994
0.3233180570868985
0.32405251459227924
0.32507406220168167
0.3264619579192837
0.32737430561181896
0.3284627822025271
0.3295054652797103
0.3303737807477024
0.33122800590384066
0.33192019247365995
0.33229534702676805
0.33271101122645597
0.33385056519763423
0.3353071511855236
0.336335743950853
0.3371406530155029
0.3377289235354001
0.3387945033693458
0.3400274056565557
0.3404853407918051
0.3409379920601093
0.3413501336818337
0.34188556553227917
0.3421479975905567
0.3428014358027779
0.34343197725823665
0.34384411887996114
0.34440949264309595
0.34504179538753643
0.34604396881813987
0.3466340006270189
0.3472486904816421
0.3482173994215927
0.348987082706608
0.34941683721814976
0.34986420461950873
0.35063917177146925
0.3510284166364312
0.3523123963041112
0.3533586019592579
0.3549490459097586
0.3558173613777507
0.3566557349330534
0.3583131078648598
0.35930119098360946
0.360153654850766
0.3609796993831966
0.3619343180112934
0.36229185967458427
0.3631143816290514
0.3638752584691581
0.36432086458153534
0.36456920632795903
0.36605749551751954
0.3682749583455156
0.36951138321068894
0.3697773378469299
0.3701084601754948
0.37032862129821087
0.3709080853731995
0.3713078979720519
0.3717746395522099
0.3720740586791037
0.37236291007210714
0.3730480514859995
0.37362751556098817
0.374451798804437
0.37497842420997385
0.3754733464138395
0.37615848782773187
0.3766710229214148
0.37681016475097134
0.3777806349799037
0.3786137246682612
0.3796881109471155
0.38013195577051107
0.3810178841283205
0.3816096772261812
0.38223141223673135
0.3826012829228943
0.3832864243367866
0.384010314108277
0.38470426196707797
0.38503010042869773
0.3857152418425901
0.38611681573042417
0.38668042820457726
0.3872863116142918
0.38780413057491997
0.3882233173525713
0.3886072783505881
0.38916912953575944
0.38981376130307205
0.3906239542346671
0.39167720504574066
0.39321481032678957
0.3946027060443915
0.39595713727134063
0.39650313685567645
0.39752116188711545
0.3980812517833051
0.39837186446529027
0.3987329287065446
0.39921376059855646
0.3994603410559984
0.40028286301046556
0.4012762299961604
0.4029793964414917
0.4035905637181515
0.4044852985208695
0.40493090463324677
0.40557905897852287
0.4066129356107974
0.4075939735736201
0.40842882455095936
0.40910339823096137
0.40976740417707297
0.4109985451753011
0.41194611864747094
0.4122085507057485
0.4127316535333218
0.41343440783703145
0.41439607162105513
0.41466731012424135
0.4155444320371421
0.41614327029092973
0.41696226966743344
0.41752235956362305
0.417892230249786
0.4181405719962097
0.41849282979255537
0.42000049316091487
0.4207296667993504
0.42093573761021263
0.4218938788162729
0.42229545270410696
0.42283792971047934
0.42308803274588475
0.4233557486711075
0.423456142143066
0.4236639742429099
0.42413071582306794
0.42460097998118945
0.42510294734098203
0.4254745793161267
0.4259113789835954
0.426224888422343
0.4266475977779578
0.4276392034746709
0.4279509516244368
0.4282961642648556
0.42852865441044374
0.4288756283398442
0.4293758344106551
0.42949912463937606
0.4298249631009958
0.43016136929650595
0.4304114723319114
0.43141364576251484
0.431950838901942
0.43250740622016814
0.4338318955344279
0.43421937911040814
0.4349802559505148
0.4359894745370452
0.4368278480923479
0.43732100900723186
0.43783882796786
0.4382756276353286
0.438714188591779
0.43953671054624616
0.4402165680931933
0.4405970065132467
0.44150054776087333
0.4421205214824417
0.442585501773618
0.4438923781980605
0.4445792809009345
0.4447800678448516
0.4449561967430244
0.4456131575332091
0.44633352472673604
0.4470257112965553
0.4476897172426669
0.4480824846855923
0.44883455508079034
0.4490476710475795
0.44931890955076564
0.4495161739167192
0.4498261607775034
0.4503968184075834
0.45094634056988264
0.4522725911731241
0.4535495256848772
0.4539493382837296
0.4555943821926639
0.45644156219287524
0.4573274905506846
0.4577308257275004
0.45815705766107867
0.4586237992412367
0.45886685712071523
0.45950268244311915
0.46030759150776906
0.4606422364142974
0.4613097649383725
0.4616919646474076
0.4618557645227083
0.4621164352920041
0.4624387511756604
0.4629160604897088
0.4632771247309631
0.4638530662279883
0.46440787225723273
0.46507187820334434
0.46569361321389446
0.4661057548356189
0.4662871676007369
0.4670568508857522
0.4675412053557275
0.4683267402415784
0.4691651137968811
0.470112687269051
0.4711148606996544
0.47192153105328605
0.4725996273112515
0.47303818826770183
0.473614129764727
0.47398928431783516
0.47452471616828057
0.4751464511788307
0.47560086373611665
0.4759513602434806
0.476247256792411
0.47659951458875666
0.47707682390280504
0.4774713526347122
0.47863732594061636
0.4797944928016119
0.4804919632383764
0.48112250469383516
0.4818939492678322
0.4826865293096099
0.4830634451516998
0.48328184498543414
0.48340689650313684
0.48448480535995464
0.4859766171274786
0.4867427778345304
0.48718486136894423
0.48790875114043464
0.488347312096885
0.4886960473152672
0.48902716964383214
0.4895802143840949
0.490136781702321
0.490688065153602
0.49142780652592793
0.4919861351331358
0.49254622502932544
0.49358010166160005
0.4945664234913679
0.4955034292296474
0.4962660673587358
0.4966623573796247
0.49715551829450866
0.49746550515529286
0.4977807758830222
0.4984201237833896
0.4985222785443299
0.4987230654882469
0.4990489039498667
0.49939411659028543
0.5000281806237077
0.5006904252808375
0.5011783023287762
0.5016239084411536
0.5023249014558815
0.5032125911026726
0.503832564824241
0.5044261192110835
0.5049298478598577
0.5055392538475357
0.507249465448794
0.5084858903139674
0.5100816181314133
0.5106786950962192
0.5114888880278142
0.512145848817999
0.5128926353462518
0.5139916796708504
0.5151787884445352
0.5157881944322132
0.5160964200040158
0.5163341940165491
0.5171831353057421
0.5181060507321679
0.5183262118548839
0.518662618050394
0.518928572686635
0.5190782822500819
0.5193548046202132
0.5201649975518083
0.5214472159305066
0.5223313829993342
0.5225568279889955
0.5232331629579792
0.5236347368458132
0.5246316264094715
0.5256831159315634
0.5267011409630024
0.5273175921066073
0.5278759207138152
0.528337378427028
0.5288534360986744
0.5294434679075535
0.5297728289471366
0.5301744028349707
0.530639383126147
0.531048002169908
0.531625704955915
0.5322456786774833
0.5327582137711663
0.5335243744782181
0.5340950321082981
0.5349052250398932
0.5360518241669984
0.5366348108199505
0.5373199522338428
0.5381442354772917
0.538628589947267
0.5394053183882093
0.5423167290750063
0.5435742894079604
0.54418545668462
0.5447050369342299
0.5453338171007069
0.5455874427140759
0.5458533973503169
0.5468168224233223
0.5474984412592512
0.5482927825900107
0.5488669627980541
0.5494129623823899
0.5501967359792591
0.5504133745240116
0.5507427355635949
0.5519386507821884
0.5527312308239662
0.5530517854186408
0.5536488623834467
0.5540592427161894
0.5543921263337361
0.5551054483713361
0.555625028620946
0.5561657443383365
0.5565373763134812
0.5574391562721261
0.5579164655861746
0.5582669620935385
0.558582232821268
0.5592779419690507
0.5597816706178249
0.5600458639650842
0.5611325792668106
0.5624042299116185
0.5629343778951188
0.5630541455458763
0.5634662871676007
0.5642130736958536
0.5647661184361162
0.5654935307855701
0.5662473624697498
0.5666718331143464
0.5669184135717884
0.5671702778961756
0.5677109936135661
0.5683115931563355
0.5687836186034387
0.5694458632605686
0.5699989080008313
0.5706012688325824
0.570948242761983
0.5714554939887208
0.5717813324503405
0.5721071709119602
0.5723273320346762
0.5728662864630851
0.5733964344465854
0.5736870471285705
0.5741731628875276
0.5746328593117587
0.5750432396445014
0.5753091942807425
0.5756279875864353
0.5760330840522327
0.5774139346139079
0.5778102246347967
0.5779000503728648
0.5781237340735443
0.5781712888760511
0.578405540310621
0.5788000690425281
0.5790484107889518
0.5795767974834704
0.5797053715791365
0.5799149649679621
0.5803588097913577
0.5805948225149093
0.5808255513715157
0.5811003124526654
0.5814648992718832
0.5822275374009716
0.5838303103743444
0.5844573292518397
0.585246386715654
0.5860072635557606
0.5865532631400965
0.5871045465913775
0.5873669786496549
0.5875219720800471
0.587729804179891
0.5881736490032866
0.5883374488785873
0.5885734616021389
0.5892726933278851
0.5898204542012027
0.5901709507085665
0.5904192924549903
0.5906130342429804
0.5909811436401616
0.5915606077151503
0.5921735362807917
0.5926966391083651
0.5931175871749982
0.593786876988055
0.5941849282979256
0.5945019603146366
0.5948964890465438
0.5950461986099908
0.5953174371131769
0.5954407273418979
0.5956397529968332
0.5959338882567818
0.5960730300863384
0.5963654040573053
0.5967159005646693
0.5972918420616944
0.5983345251388776
0.598669170045406
0.5988576279664509
0.5991024471349112
0.5994230017295857
0.5996396402743384
0.6001380850561675
0.6003423945780479
0.6011384971977892
0.6016087613559107
0.6021811802749725
0.6027958701295957
0.6031675021047403
0.6035215211900677
0.6040639981964401
0.6045395462215067
0.6051313393193675
0.6057389840180638
0.6062462352448016
0.6065315640598415
0.606762292916448
0.6072589764092954
0.6076147567836045
0.6080621241849635
0.6083280788212045
0.6088406139148874
0.6094905295491453
0.6101157871376588
0.6105983803186524
0.6112324443520746
0.611605837616201
0.6119721857244006
0.6123068306309289
0.6130236752464924
0.6142037388642504
0.6150984736669685
0.6159051440206
0.6164511436049358
0.6171380463078099
0.6177122265158533
0.6183744711729833
0.6190173416513141
0.6196302702169556
0.620431656703642
0.6210093594896489
0.6211115142505892
0.621372185019885
0.6216786493027057
0.6220044877643255
0.6222651585336213
0.6225821905503324
0.6237569703011452
0.6244368278480924
0.62475033728684
0.6251941821102356
0.625386162609244
0.6254847947922207
0.6256802978691925
0.6258388138775481
0.6260043750418306
0.6265292391583857
0.6271544967468993
0.6278378768718099
0.6282500184935343
0.6290056114666958
0.6298052366644005
0.6307669004484242
0.6312248355836736
0.6318007770806987
0.632350299242998
0.6326497183698918
0.633109414794123
0.6335479757505733
0.6337980787859787
0.6342401623203926
0.6345448653142316
0.6352564260628498
0.6362092834019649
0.6370124311776331
0.637660585522909
0.6385412300137733
0.6392527907623915
0.639761803278111
0.6401422416981644
0.640818576667148
0.6414614471454789
0.6420461950874128
0.6426256591624014
0.6432473941729515
0.6439184452749901
0.6446352898905535
0.6453327603273179
0.6461640887266937
0.6469619526354167
0.6473705716791777
0.6481155969184488
0.6486792093926019
0.6491494735507234
0.6497007570020044
0.6499314858586107
0.6501481244033633
0.6504933370437821
0.650877298041799
0.6512154655262907
0.6516117555471796
0.6518231102249871
0.6523796775432132
0.6525857483540755
0.6527900578759559
0.6530190254435806
0.653438212221232
0.6540511407868734
0.65419028261643
0.6544456695187806
0.6548807078972675
0.6555341461094888
0.6560079328455737
0.6562703649038513
0.6566173388332517
0.6571316352159164
0.6575913316401475
0.6579876216610364
0.6584649309750849
0.6589457628670966
0.6592962593744606
0.6595340333869939
0.659708400996185
0.6598898137613031
0.6600923619942018
0.6606683034912271
0.6612019740526908
0.6615101996244932
0.661763825237862
0.6621301733460616
0.6624313537619372
0.6630460436165604
0.6639513461531688
0.6643828619536922
0.6647351197500379
0.6653110612470631
0.6659785897711381
0.6662938604988675
0.6664805571309307
0.6668433826611667
0.6671956404575125
0.6678279432019529
0.6685500716844616
0.6691788518509386
0.6695029290235767
0.6696720127658226
0.6701863091484872
0.6706759474854077
0.6711479729325109
0.6714280178806057
0.671634088691468
0.6719458368412339
0.6721061141385711
0.6729392038269287
0.6733125970910551
0.673624345240821
0.6738304160516833
0.6740294417066186
0.6742390350954443
0.6746441315612418
0.6751901311455776
0.6754789825385811
0.675751982330749
0.6760091305220812
0.676172930397382
0.6764441689005682
0.6767788138070966
0.6769531814162877
0.6771768651169672
0.6772261812084556
0.6778778581316951
0.6782406836619311
0.6785453866557701
0.6787937284021939
0.6790931475290877
0.679285128028096
0.6794066569678353
0.6794894375499766
0.6798152760115963
0.6801129338495084
0.6802186111884121
0.6802855401697178
0.6803366175501879
0.6803965013755667
0.6807100108143144
0.6808104042862728
0.6809636364276832
0.6813106103570837
0.6815113973010007
0.681886551854109
0.6822388096504546
0.6824660159290975
0.682716118964503
0.6838521503577178
0.6842537242455519
0.6845549046614274
0.6849124463247183
0.6852981686117168
0.6855817361377751
0.6859304713561573
0.686386645202425
0.686937928653706
0.6871563284874402
0.6873324573856131
0.6880968568036832
0.6887890433735024
0.6893526558476556
0.6901311455775795
0.6910646287378955
0.6923996857860456
0.6935004913996259
0.6943917036243805
0.6948866258282461
0.695483702793052
0.6959451605062649
0.6967201276582254
0.6973172046230314
0.6977821849142076
0.6981643846232427
0.6986769197169256
0.6991401387191202
0.6998411317338481
0.7001652089064861
0.7008943825449216
0.701502027243618
0.7021131945202778
0.7026063554351617
0.7031734904872782
0.7034500128574096
0.7035644966412219
0.7037828964749562
0.7043588379719814
0.7046899603005463
0.7050703987205997
0.7054032823381463
0.7060426302385138
0.7068087909455656
0.7075344420060377
0.7083869058731942
0.7089575635032742
0.7096162855824406
0.7108685620484495
0.7110623038364396
0.7118654516121078
0.7125470704480367
0.7131864183484041
0.7137324179327399
0.713802869492009
0.7138944565190589
0.714049449949451
0.7149036751055893
0.7160960677462194
0.7164201449188574
0.7169097832557779
0.7174751570189127
0.7181796726116041
0.7188278269568801
0.7193755878301976
0.7198652261671181
0.7202315742753177
0.7204605418429424
0.7207405867910371
0.7210452897848761
0.7211227865000722
0.7214186830490026
0.7217709408453482
0.7219770116562105
0.7224913080388752
0.7228699851699468
0.7235604104507843
0.7240553326546499
0.7245291193907349
0.7248302998066105
0.7252459640062984
0.7256492991831142
0.7258765054617571
0.7259909892455695
0.7261900149005048
0.7264471630918371
0.7268328853788356
0.7270970787260949
0.727355988206409
0.7275691041731981
0.7277469943603527
0.7279160781025986
0.7282630520319991
0.7284638389759162
0.7286417291630707
0.7288953547764396
0.7292053416372238
0.7295716897454233
0.7299908765230746
0.7302075150678272
0.7304118245897078
0.7307693662529986
0.7309877660867329
0.7313858173966036
0.7320093136961354
0.7324337843407319
0.7328776291641275
0.7332862482078885
0.7335204996424584
0.7338569058379685
0.733996047667525
0.7343606344867428
0.7349964598091467
0.7355301303706104
0.7357467689153631
0.7358559688322301
0.7360356203083664
0.7364636135309265
0.7367788842586559
0.7373389741548455
0.7377317415977709
0.7382160960677462
0.7387462440512464
0.7390139599764691
0.7394137725753215
0.7396268885421107
0.7398875593114065
0.7401341397688485
0.7402997009331309
0.7404212298728702
0.7407083199768919
0.7410130229707309
0.741233184093447
0.7416523708710983
0.7421402479190371
0.7428130603100573
0.7433643437613383
0.7436937048009215
0.7440265884184681
0.7443841300817591
0.7449019490423872
0.7451872778574272
0.7455976581901699
0.7462141093337749
0.7465980703317916
0.7467389734503299
0.7469503281281373
0.7471634440949264
0.747580869583596
0.7478433016418736
0.7482008433051645
0.7484139592719535
0.7486799139081945
0.7490744426401017
0.7492329586484573
0.7494865842618261
0.7497032228065788
0.7503355255510192
0.7505785834304978
0.7506824994804198
0.7507353381498716
0.7508286864659032
0.7511175378589067
0.751698763222877
0.7523786207698242
0.7529915493354656
0.7535375489198015
0.7541434323295161
0.7546806254689432
0.7551015735355763
0.755427411997196
0.7558307471740118
0.7563133403550054
0.7566004304590271
0.7571041591078015
0.7573260815194992
0.7576413522472286
0.7579478165300494
0.7581943969874914
0.7585325644719831
0.7591120285469718
0.7597214345346498
0.7598940408548592
0.7601053955326667
0.7603237953664009
0.7609032594413896
0.7616958394831673
0.7622788261361194
0.7626927290468256
0.7631365738702212
0.7634606510428592
0.7638675087976384
0.7642902181532533
0.7648591144943515
0.7652642109601491
0.7657080557835446
0.7661571844738854
0.7665182487151397
0.7667894872183258
0.7670395902537313
0.7672192417298676
0.7674534931644375
0.7675292285906518
0.7677300155345688
0.7679854024369195
0.7683834537467901
0.7686617374059032
0.7689206468862172
0.7690967757843901
0.7694190916680463
0.7698206655558805
0.7702222394437145
0.7705304650155169
0.7711733354938478
0.7718567156187585
0.7721878379473234
0.7725806053902488
0.7727761084672207
0.7729082051408502
0.7732058629787624
0.7734048886336977
0.7736673206919752
0.7738927656816365
0.7740882687586083
0.7742996234364157
0.7746166554531269
0.7748826100893678
0.7752049259730242
0.7753440678025807
0.7754761644762103
0.7756100224388216
0.7757121771997618
0.7757614932912502
0.7758442738733915
0.7759693253910942
0.7760626737071258
0.7762528929171525
0.7764166927924532
0.7765575959109915
0.7767302022312009
0.7768570150378853
0.7770296213580947
0.7772374534579387
0.777552724185668
0.7777482272626399
0.7778715174913609
0.778111052792876
0.7782924655579939
0.7784192783646784
0.7786658588221204
0.7788684070550191
0.7791590197370043
0.7794108840613915
0.7797402451009747
0.780023812627033
0.7803619801115248
0.7806244121698024
0.7809608183653125
0.78136591483111
0.7817005597376384
0.7819524240620256
0.7821144626483446
0.7822923528354991
0.7825213204031238
0.7827890363283465
0.78307788772135
0.7835481518794715
0.7838264355385846
0.7840835837299169
0.7848426992810419
0.78507518942663
0.7851808667655337
0.7854943762042813
0.7857673759964492
0.786028046765745
0.7860826467241786
0.7861337241046488
0.7863662142502369
0.7866004656848068
0.7868241493854863
0.786987949260787
0.7871341362462705
0.7873419683461145
0.7876290584501362
0.7879883614024087
0.7885854383672146
0.7892195024006369
0.7898271470993332
0.790223437120222
0.7912009525050813
0.7917011585758922
0.7920692679730734
0.7922436355822645
0.7924180031914556
0.7927068545844591
0.7929023576614309
0.7930591123808047
0.7932158671001786
0.7932792735035208
0.7934008024432601
0.7936192022769945
0.793913337536943
0.7943448533374665
0.7947851755828986
0.7950070979945963
0.7952413494291662
0.7953611170799237
0.7955442911340235
0.7961713100115189
0.7965922580781519
0.796863496581338
0.7970695673922004
0.7972492188683366
0.7975556831511573
0.798297185812465
0.7985208695131445
0.7987181338790981
0.7989506240246862
0.7991866367482379
0.7997132621537746
0.7998770620290754
0.8002275585364393
0.8003667003659959
0.8006185646903831
0.8009514483079296
0.8011927448984265
0.8016999961251643
0.8020099829859484
0.8022671311772808
0.8025753567490832
0.8028853436098674
0.8030861305537845
0.803251691718067
0.8033661755018793
0.8036902526745173
0.8037607042337864
0.8038364396600007
0.8039438782878862
0.8041552329656936
0.804586748766217
0.8049161098058003
0.8052349031114931
0.8055977286417292
0.8058707284338971
0.8061384443591197
0.8063920699724887
0.8066474568748393
0.8069063663551533
0.8070895404092531
0.8072832821972432
0.807531623943667
0.8077218431536936
0.807998365523825
0.8081709718440343
0.8084334039023119
0.8087416294741143
0.8091343969170398
0.8092594484347425
0.8094725644015316
0.8097367577487908
0.809826583486859
0.8099093640690003
0.8101348090586615
0.8104729765431533
0.8106455828633627
0.8107635892251385
0.8108992084767316
0.8110013632376719
0.8111440276451919
0.8113465758780907
0.8115279886432086
0.8117023562523997
0.8120863172504166
0.8124209621569449
0.8127978779990348
0.8130515036124037
0.8133474001613341
0.8135411419493241
0.8138740255668708
0.8140571996209706
0.8143566187478645
0.814592631471416
0.8150047730931405
0.8155490113884946
0.8165370945072442
0.8167607782079237
0.8168241846112659
0.8169421909730417
0.8172345649440086
0.8177312484368561
0.81836707375926
0.819092724819732
0.81950838901942
0.819728550142136
0.820059672470701
0.8204313044458457
0.8207465751735751
0.8208733879802594
0.8211463877724273
0.8215514842382249
0.8216642067330555
0.8218227227414111
0.8219671484379129
0.8221961160055375
0.8225518963798466
0.8228055219932155
0.823113747565018
0.8235029924299799
0.8237530954653854
0.8239080888957775
0.8240542758812609
0.8241634757981281
0.824339604696301
0.8244769852368757
0.8246707270248659
0.824852139789984
0.8251832621185489
0.8253981393743197
0.8255531328047118
0.8257909068172451
0.8259124357569844
0.82607095176534
0.8261819129711888
0.8262823064431474
0.82678427380294
0.8271048283976145
0.8274553249049784
0.8276948602064935
0.8278111052792876
0.8278745116826298
0.8279696212876432
0.8282144404561034
0.8283976145102031
0.8285438014956866
0.828677659458298
0.828897820581014
0.8292095687307799
0.8296023361737054
0.8296639812880658
0.8298542004980926
0.8300796454877537
0.8302399227850911
0.8304548000408619
0.8306185999161626
0.830733083699975
0.830875748107495
0.8310448318497409
0.8311135221200283
0.8312473800826397
0.8316771345941814
0.8319430892304224
0.8320804697709973
0.8323006308937132
0.8324996565486485
0.8326458435341321
0.8328395853221221
0.8332605333887553
0.8333996752183118
0.8337906813722554
0.8339897070271908
0.8342204358837972
0.8345321840335631
0.8349020547197261
0.8353705575888658
0.8357897443665172
0.8360063829112698
0.8362194988780589
0.8364044342211404
0.8367232275268333
0.8370332143876175
0.8372604206662604
0.8374224592525794
0.8374911495228669
0.8375880204168619
0.8376884138888204
0.83782051056245
0.8381304974232342
0.8383594649908589
0.838514458421251
0.8386060454483009
0.8386993937643324
0.8389089871531582
0.8389706322675187
0.8390710257394772
0.8391925546792164
0.839662818837338
0.8399816121430308
0.8402598958021439
0.8406438568001606
0.8408464050330594
0.8411000306464282
0.8414364368419384
0.8418133526840282
0.8419207913119137
0.842061694430452
0.8422096427049172
0.8423892941810535
0.842736268110454
0.84295642923317
0.8432118161355207
0.8434583965929626
0.8436873641605873
0.8439233768841389
0.8443196669050278
0.8447124343479532
0.844791692352131
0.8451527565933853
0.8455560917702011
0.8459488592131266
0.8461426010011167
0.8463169686103078
0.8465952522694209
0.8467449618328677
0.8468559230387167
0.8469263745979858
0.847067277716524
0.8472856775502584
0.8474582838704677
0.8476273676127137
0.8477207159287453
0.8478968448269182
0.8482050703987206
0.8483424509392954
0.8486330636212805
0.8488972569685399
0.8490751471556944
0.8493675211266614
0.8496968821662445
0.8498395465737646
0.8499223271559058
0.8500808431642614
0.8502587333514159
0.8505105976758031
0.8507078620417566
0.8508910360958564
0.8514387969691739
0.8518333257010811
0.8521538802957557
0.8524321639548688
0.8526276670318406
0.8528319765537211
0.852897144246045
0.8530415699425468
0.8531384408365418
0.8532722987991531
0.853610466283645
0.8537883564707995
0.8543942398805141
0.8548275169700194
0.8549208652860509
0.8549895555563384
0.8551515941426574
0.8552713617934149
0.8554105036229714
0.8555972002550346
0.8556553227914316
0.8558296904006228
0.8559917289869418
0.8561097353487176
0.8561555288622426
0.8562365481554021
0.8564038706086663
0.8566927220016697
0.8570502636649605
0.8573179795901833
0.8575804116484608
0.8577512566796884
0.8584099787588548
0.8588591074491956
0.8592994296946277
0.8594966940605813
0.8597221390502425
0.8599035518153606
0.8602205838320717
0.8608634543104026
0.8612280411296203
0.8616137634166188
0.8616736472419976
0.8617176794665408
0.861923750277403
0.8620875501527038
0.8621368662441922
0.8623376531881092
0.8624662272837753
0.8625754272006425
0.8627004787183452
0.8629135946851344
0.8630104655791294
0.8630809171383985
0.8633098847060232
0.8634560716915067
0.8638576455793407
0.8642204711095768
0.8645286966813793
0.8651063994673862
0.8670332496133971
0.8672357978462958
0.8673872686987245
0.8674823783037378
0.8675933395095867
0.8677377652060885
0.8677571393848874
0.8678874747695353
0.8680248553101102
0.8681076358922514
0.8682185970981002
0.8683524550607117
0.8684229066199808
0.8685690936054642
0.8686553967655689
0.8688191966408697
0.8691432738135076
0.8693704800921507
0.8694074671607669
0.8695659831691225
0.8696998411317338
0.8699270474103769
0.870094369863641
0.870263453605887
0.8703110084083936
0.8703814599676627
0.8704853760175847
0.8705857694895432
0.8706984919843739
0.870872859593565
0.8710014336892311
0.8713501689076133
0.8714294269117911
0.8716460654565437
0.8718503749784242
0.8720687748121585
0.8722466649993131
0.8724333616313763
0.8726852259557635
0.87296703219284
0.8732594061638069
0.8735394511119018
0.873687399386367
0.8740343733157674
0.8743108956858988
0.8744676504052726
0.8745821341890849
0.8747934888668923
0.8750700112370237
0.8751880175987995
0.8753623852079906
0.8754680625468944
0.8755772624637614
0.8756670882018296
0.8757428236280439
0.8758995783474178
0.8764790424224064
0.8771324806346277
0.8772804289090929
0.8777277963104518
0.8782121507804271
0.8783019765184953
0.8785238989301931
0.8786982665393842
0.8788743954375571
0.8790223437120223
0.8791104081611086
0.8791896661652864
0.8793710789304044
0.8796423174335906
0.8798202076207452
0.8800209945646622
0.8802076911967254
0.8803732523610078
0.8807343166022622
0.8809069229224716
0.8810936195545348
0.881357812901794
0.881688935230359
0.8818492125276963
0.8819707414674355
0.8820658510724488
0.8821979477460785
0.8823705540662878
0.8826365087025289
0.8827879795549575
0.8829024633387699
0.882992289076838
0.8831648953970473
0.8835294822162651
0.8838042432974148
0.8839328173930809
0.8839786109066059
0.8841300817590345
0.8842991655012804
0.8845580749815946
0.88466551360948
0.8850248165617526
0.8851991841709437
0.8854739452520933
0.8856324612604488
0.8857980224247313
0.8859318803873427
0.8860023319466118
0.8861220995973693
0.886435609036117
0.8865765121546553
0.8867191765621752
0.8869622344416538
0.8870960924042651
0.8872669374354928
0.8873955115311589
0.8876561823004547
0.8878974788909516
0.8880295755645812
0.8883606978931461
0.8884963171447392
0.8886900589327293
0.8888732329868291
0.8890000457935135
0.889107484421399
0.8891550392239056
0.8892677617187362
0.889431561594037
0.8895689421346118
0.8897433097438029
0.8897908645463096
0.8899071096191037
0.8900004579351353
0.8901818707002532
0.8908036057108034
0.8910449023013002
0.8913126182265229
0.8915274954822937
0.8919590112828172
0.8922689981436014
0.8925419979357693
0.8927357397237594
0.8929576621354572
0.8931672555242829
0.8932553199733693
0.8933838940690355
0.8936956422188014
0.8938435904932666
0.8940707967719096
0.8942698224268448
0.8944882222605792
0.8946361705350444
0.8947894026764547
0.8949743380195362
0.8951469443397456
0.8953459699946809
0.8955062472920182
0.895546756938598
0.8955678924063787
0.8958127115748389
0.8959078211798522
0.8960575307432992
0.8961737758160933
0.896356949870193
0.8965366013463293
0.8967514786021001
0.8969258462112912
0.8970984525315007
0.8971336783111352
0.8973679297457051
0.8975035489972982
0.8976426908268548
0.8977589358996488
0.897965006710511
0.8981393743197021
0.8982838000162039
0.8984106128228883
0.8985603223863352
0.8986078771888418
0.898678328748111
0.8987787222200695
0.8989389995174069
0.8991785348189218
0.8993599475840399
0.8995255087483224
0.8996470376880616
0.8997685666278009
0.8998372568980882
0.8999341277920834
0.8999535019708824
0.9000221922411697
0.9001754243825801
0.9003462694138078
0.90055234022467
0.9008042045490572
0.9008464754846187
0.9009116431769426
0.9009891398921387
0.9014365072934977
0.9014805395180409
0.9016179200586157
0.9017341651314098
0.9017887650898434
0.9018521714931855
0.9019279069194
0.902082900349792
0.9024122613893752
0.9026042418883836
0.9027398611399767
0.9029741125745465
0.9030304738219619
0.9032101252980982
0.9034197186869238
0.9035412476266631
0.9037702151942878
0.9038970280009723
0.9040749181881268
0.9046191564834809
0.9050753303297485
0.9057604717436408
0.906213123011945
0.9064561808914235
0.906570664675236
0.9066640129912675
0.906732703261555
0.9068647999351845
0.906991612741869
0.9070937675028092
0.9072787028458907
0.9076362445091816
0.9076732315777979
0.9077084573574324
0.9077472057150305
0.9080765667546137
0.9084129729501238
0.9087071082100725
0.9087757984803598
0.9088480113286107
0.908930791910752
0.9090311853827104
0.9090910692080892
0.9092724819732073
0.9095032108298137
0.9096018430127905
0.9096811010169683
0.9097515525762374
0.9098519460481959
0.9099910878777524
0.910091481349711
0.9101742619318522
0.9102852231377011
0.9103820940316961
0.9104331714121663
0.9105071455493988
0.9106568551128458
0.9108329840110186
0.9108417904559273
0.9109597968177031
0.9111200741150404
0.9112697836784872
0.9113842674622996
0.9114952286681485
0.9117136285018829
0.912088783054991
0.9122525829302917
0.9123001377327984
0.9125150149885692
0.9126541568181258
0.9127316535333219
0.9128003438036092
0.9128584663400062
0.9129394856331657
0.913002892036508
0.913080388751704
0.9131543628889366
0.913230098315151
0.9132565176498769
0.913314640186274
0.9133692401447076
0.9136492850928023
0.9138888203943174
0.9140808008933258
0.9143590845524389
0.9145616327853376
0.9147219100826749
0.9148434390224142
0.915058316278185
0.915116438814582
0.9152362064653395
0.9154176192304576
0.9155726126608498
0.9156377803531737
0.9156853351556803
0.9157892512056023
0.9158508963199627
0.9159072575673781
0.9160164574842453
0.9161009993553683
0.9161644057587105
0.9162753669645594
0.9164814377754216
0.9166188183159963
0.9167667665904615
0.9169552245115065
0.9171119792308803
0.9172969145739618
0.9176667852601248
0.9177971206447727
0.9178851850938591
0.9180049527446166
0.9181405719962097
0.9183677782748527
0.9185491910399707
0.9186636748237831
0.9186953780254542
0.9187640682957415
0.9188486101668645
0.9189613326616951
0.9190634874226353
0.9192730808114611
0.9199159512897919
0.9204513831402373
0.9207437571112043
0.9208758537848339
0.920992098857628
0.921076640728751
0.9212422018930334
0.9213478792319371
0.921354924387864
0.9214711694606581
0.9216525822257761
0.9217459305418078
0.9218551304586748
0.9219942722882314
0.9221545495855688
0.9223430075066137
0.9224645364463528
0.9225068073819144
0.9225596460513662
0.9226142460097998
0.9226477105004527
0.9227780458851006
0.9229576973612369
0.9230510456772685
0.9233205228914729
0.9235723872158601
0.9238418644300646
0.9241113416442689
0.924558709045628
0.924674954118422
0.9251610698773791
0.9253741858441682
0.9255379857194689
0.9256401404804092
0.9260082498775905
0.9261738110418729
0.9263428947841188
0.9264344818111687
0.926614133287305
0.9268783266345643
0.9270192297531025
0.9271795070504398
0.9272481973207272
0.9273802939943568
0.9275581841815114
0.9276497712085613
0.9279896999820348
0.9282045772378057
0.9286272865934205
0.9288280735373375
0.9291292539532131
0.9293599828098196
0.9295343504190107
0.9297791695874709
0.9299570597746255
0.9300433629347301
0.9302494337455923
0.930400904598021
0.9306950398579696
0.9310384912094067
0.9311230330805297
0.931244562020269
0.9313590458040812
0.9314612005650215
0.9315351747022541
0.9316901681326462
0.9318028906274768
0.9318944776545267
0.9319860646815765
0.9320424259289919
0.9320864581535351
0.9321815677585484
0.9323013354093059
0.9323436063448675
0.932482748174424
0.9326747286734324
0.9328121092140071
0.9328350059707696
0.9329706252223627
0.9330868702951568
0.9331731734552615
0.933338734619544
0.9335307151185523
0.9335888376549494
0.933740308507378
0.9338547922911904
0.9339516631851854
0.934052056657144
0.9340996114596506
0.9341506888401208
0.9341806307528101
0.9342352307112437
0.9343303403162571
0.9344289724992338
0.9345522627279548
0.9346209529982422
0.9346561787778768
0.9346984497134383
0.9347583335388171
0.9348340689650314
0.9349450301708803
0.9352021783622126
0.935374784682422
0.9355033587780881
0.9355984683831015
0.9356618747864437
0.9359348745786116
0.9361374228115104
0.9364597386951666
0.9365988805247232
0.9367221707534442
0.9369018222295805
0.9370973253065523
0.9372241381132368
0.9373122025623232
0.9374390153690076
0.9375658281756921
0.9379462665957454
0.938046660067704
0.9381787567413336
0.9383953952860862
0.9386772015231627
0.9388304336645731
0.9389290658475499
0.9390435496313622
0.9391404205253573
0.9391950204837909
0.939323594579457
0.9395825040597711
0.9396476717520951
0.9397304523342362
0.9398185167833227
0.9399964069704773
0.9400263488831666
0.9401038455983627
0.9401725358686501
0.9402517938728279
0.9403592325007133
0.9406022903801918
0.9406392774488082
0.9408576772825424
0.9409897739561721
0.9410848835611855
0.9411465286755459
0.9412222641017602
0.9414477090914215
0.9415234445176358
0.9417242314615528
0.9418580894241642
0.9420518312121543
0.9422790374907972
0.9425643663058373
0.9428919660564388
0.9429923595283972
0.9430645723766481
0.9431086046011913
0.943156159403698
0.9431966690502778
0.943240701274821
0.9434502946636466
0.9436176171169108
0.9437620428134126
0.9438536298404624
0.94397339749122
0.9440385651835439
0.9441195844767034
0.9441900360359725
0.9442798617740407
0.9443485520443281
0.944382016534981
0.9445123519196289
0.9445616680111173
0.9446426873042768
0.944744842065217
0.9448364290922668
0.9448998354956091
0.9449509128760792
0.9450196031463667
0.9450513063480378
0.9451710739987953
0.9452732287597355
0.945334873874096
0.9455127640612506
0.9455990672213552
0.9457029832712772
0.9458562154126876
0.9459847895083537
0.9460464346227143
0.9460922281362393
0.946159157117545
0.9462137570759784
0.9462595505895034
0.9463757956622975
0.9464497697995301
0.946560731005379
0.9468566275543093
0.9470309951635004
0.9471208209015686
0.9472194530845454
0.9472951885107597
0.9473462658912298
0.9473832529598462
0.9474378529182798
0.9475928463486718
0.9476809107977582
0.947883459030657
0.948064871795775
0.9482057749143132
0.9483202586981256
0.9484646843946274
0.9485175230640792
0.9485650778665858
0.9486091100911291
0.9486830842283617
0.9487817164113385
0.9489525614425661
0.9492678321702955
0.9493858385320713
0.9494756642701394
0.9495566835632989
0.949634180278495
0.9496940641038738
0.9497398576173988
0.949834967222412
0.9499653026070599
0.9500797863908723
0.9502189282204289
0.9502664830229355
0.9503246055593325
0.9504073861414738
0.9504778377007429
0.9505253925032496
0.9505606182828842
0.9506328311311351
0.9506874310895685
0.9507913471394905
0.9509551470147913
0.9509991792393345
0.9514782498423646
0.9515416562457069
0.9515839271812684
0.9517019335430441
0.951786475414167
0.95181993990482
0.9519273785327054
0.9522197525036723
0.9522673073061789
0.9523078169527587
0.9524328684704614
0.9525772941669631
0.9526864940838303
0.9528802358718205
0.9529489261421078
0.9530052873895232
0.9531303389072259
0.9532095969114036
0.9533223194062342
0.953427996745138
0.9534914031484801
0.9535495256848773
0.953667532046653
0.9536851449364703
0.9537203707161048
0.9537696868075932
0.9538278093439903
0.9538612738346431
0.9538894544583508
0.9539123512151133
0.9539845640633642
0.9540285962879074
0.9540691059344871
0.9541096155810669
0.9541888735852446
0.9543509121715636
0.9544284088867597
0.9544759636892663
0.9545199959138095
0.9545728345832614
0.9546820345001286
0.9549849762049859
0.9550607116312002
0.9551699115480673
0.9552245115065009
0.9553971178267103
0.9555168854774678
0.9555785305918283
0.9556542660180426
0.9557141498434214
0.9558022142925078
0.9558497690950145
0.9559448787000279
0.9560258979931874
0.9561456656439449
0.9561985043133967
0.9562619107167389
0.9563235558310994
0.9564045751242589
0.9564503686377839
0.9564732653945464
0.9565032073072357
0.9565384330868703
0.9565947943342856
0.9566282588249384
0.9566722910494817
0.9567110394070797
0.9567497877646777
0.9568660328374717
0.9569629037314669
0.9572482325465068
0.9575723097191449
0.9576075354987794
0.9577413934613908
0.9577889482638975
0.9578400256443675
0.9578646836901118
0.9579298513824357
0.9579879739188327
0.9581641028170056
0.9582415995322017
0.9583613671829592
0.9584089219854658
0.9584529542100091
0.9585163606133513
0.9585674379938214
0.9586361282641088
0.9586889669335606
0.9587012959564327
0.9587823152495922
0.9587964055614461
0.9588615732537701
0.9591134375781571
0.9592561019856772
0.9593459277237454
0.9594058115491241
0.959497398576174
0.9596717661853651
0.9598003402810312
0.9598936885970629
0.9600240239817108
0.9602212883476644
0.960365714044166
0.9604291204475083
0.9604678688051064
0.9605665009880832
0.960612294501608
0.9606897912168041
0.9607338234413473
0.9607954685557079
0.9608553523810865
0.9609117136285019
0.9609539845640633
0.9609997780775883
0.9610420490131498
0.9612727778697562
0.9613132875163359
0.9613291391171715
0.9613485132959705
0.9613731713417147
0.9613978293874589
0.9615545841068327
0.9616972485143528
0.961753609761768
0.9619632031505937
0.9619790547514293
0.9620054740861552
0.9620424611547715
0.962162228805529
0.9623471641486105
0.9624405124646421
0.9625021575790026
0.9625549962484544
0.9626377768305957
0.962720557412737
0.9628068605728416
0.9629125379117454
0.9632806473089266
0.9635606922570213
0.9638671565398421
0.9639499371219834
0.9640221499702342
0.964094362818485
0.9641630530887725
0.9641806659785898
0.9642423110929502
0.9643145239412011
0.9644008271013058
0.9645840011554055
0.9647372332968159
0.9647935945442313
0.9648235364569206
0.9648411493467379
0.9648552396585918
0.9648816589933177
0.96499614277713
0.9650296072677829
0.9650525040245453
0.9650965362490885
0.9651423297626135
0.9651951684320653
0.9652356780786451
0.9652532909684624
0.9653026070599507
0.9654206134217266
0.965528052049612
0.9656354906774974
0.9657429293053829
0.9658098582866885
0.9658609356671587
0.9659542839831903
0.9660670064780209
0.9661920579957236
0.9663646643159329
0.9665337480581789
0.9666253350852287
0.9666711285987537
0.9667750446486757
0.9669670251476841
0.9671695733805828
0.9672523539627241
0.967363315168573
0.9673967796592258
0.9674108699710796
0.9674531409066411
0.967784263235206
0.9680167533807942
0.96813475974257
0.9681576564993325
0.9681858371230401
0.9682439596594372
0.9684306562915004
0.9687230302624673
0.9689150107614757
0.9690400622791784
0.9691210815723379
0.9692161911773512
0.9692725524247665
0.9693588555848712
0.969711113381217
0.9697903713853947
0.9698537777887369
0.9698713906785542
0.9699717841505127
0.9700528034436722
0.9702060355850826
0.9703663128824199
0.97041739026289
0.9704860805331774
0.9705917578720811
0.970618177206807
0.9706868674770944
0.9707925448159982
0.9710496930073305
0.9710954865208554
0.9711219058555813
0.9711588929241977
0.9711870735479053
0.9712399122173572
0.971350873423206
0.9716027377475932
0.9717506860220584
0.9718352278931813
0.9719056794524504
0.9719990277684821
0.9720201632362628
0.9720553890158974
0.9721504986209107
0.9721998147123991
0.9722279953361068
0.9722825952945403
0.9723882726334441
0.9724692919266036
0.9725503112197631
0.9725872982883794
0.9726260466459774
0.9727616658975705
0.9729025690161087
0.9729501238186155
0.9729747818643596
0.9730293818227932
0.9731033559600258
0.9731438656066055
0.9732107945879113
0.9732689171243083
0.973283007436162
0.9733076654819063
0.9733199945047784
0.9733323235276504
0.9733763557521937
0.9734591363343349
0.9735207814486954
0.9735383943385127
0.9735771426961107
0.9736898651909414
0.973802587685772
0.9738571876442056
0.9738765618230045
0.9739012198687488
0.9739205940475477
0.9739311617814381
0.973957581116164
0.9740068972076524
0.9740509294321956
0.9741090519685927
0.9741337100143369
0.9743027937565828
0.9744260839853038
0.9745493742140248
0.9746110193283852
0.9746356773741295
0.9747061289333986
0.974924528767133
0.9750689544636346
0.9751394060229038
0.9752169027380998
0.9752926381643142
0.9753771800354372
0.9753965542142361
0.975449392883688
0.9755991024471349
0.9757030184970569
0.9757664249003991
0.9758051732579971
0.9758826699731932
0.9760993085179458
0.9762807212830638
0.9763335599525157
0.9763582179982598
0.976402250222803
0.9764321921354925
0.9765871855658845
0.9766822951708979
0.9767562693081304
0.9767756434869295
0.9768231982894361
0.9770134174994628
0.9770856303477137
0.97740794623137
0.9774431720110045
0.9774625461898035
0.9775664622397255
0.977608733175287
0.9776386750879764
0.9776633331337206
0.9777883846514233
0.9778729265225463
0.977952184526724
0.9780279199529384
0.9781230295579517
0.9781688230714767
0.9782533649425996
0.978464719620407
0.9785228421568041
0.9785968162940366
0.9786443710965433
0.9787835129260999
0.9788522031963872
0.9789103257327842
0.9790124804937246
0.9790917384979023
0.9792537770842213
0.9793929189137779
0.979606034880567
0.9796236477703842
0.9796518283940919
0.9796993831965985
0.9797240412423428
0.9797539831550321
0.9800498797039625
0.9801273764191586
0.9801537957538845
0.9801925441114826
0.9802629956707517
0.9803369698079842
0.9803721955876188
0.9804162278121621
0.9805236664400475
0.980539518040883
0.9805712212425541
0.9806716147145127
0.9808142791220327
0.9808882532592652
0.9810080209100228
0.9810344402447487
0.9810643821574381
0.9811172208268899
0.9813461883945146
0.9815822011180663
0.9817319106815131
0.9817530461492939
0.9817900332179101
0.9818657686441246
0.9820154782075714
0.9821211555464752
0.9821916071057443
0.9822356393302875
0.9822514909311231
0.9822761489768672
0.982316658623447
0.982336032802246
0.9823730198708623
0.9824417101411497
0.9825086391224553
0.9825297745902362
0.9826513035299754
0.982764026024806
0.9828309550061116
0.9828520904738924
0.9828978839874174
0.9829313484780702
0.9829560065238144
0.983042309683919
0.983295935297288
0.9833751933014657
0.9834104190811003
0.9834597351725887
0.983561889933529
0.9835971157131636
0.9836411479377067
0.9836851801622499
0.9837204059418845
0.9837644381664277
0.9837979026570806
0.983808470390971
0.9840532895594312
0.9841114120958282
0.984151921742408
0.9841783410771339
0.9842135668567684
0.9842452700584395
0.9844601473142104
0.9844918505158815
0.9845305988734796
0.9845464504743151
0.9845640633641324
0.9846239471895112
0.9847895083537936
0.9848212115554648
0.9848581986240811
0.984923366316405
0.9849779662748386
0.985046656545126
0.9851400048611576
0.9851840370857008
0.9852421596220978
0.9852809079796958
0.9853090886034035
0.9853407918050746
0.9854112433643437
0.985474649767686
0.9855310110151013
0.9856384496429867
0.9856666302666944
0.985740604403927
0.9858004882293058
0.9859625268156248
0.9861597911815784
0.9862725136764089
0.9863288749238243
0.9863641007034588
0.9863940426161482
0.9864398361296731
0.9864803457762529
0.9864944360881067
0.9867991390819457
0.9868431713064889
0.9868572616183428
0.9868854422420504
0.9869224293106668
0.9871901452358894
0.9872676419510855
0.9872940612858114
0.9873592289781353
0.9875212675644544
0.9876058094355773
0.987653364238084
0.987692112595682
0.9877555189990243
0.987834777003202
0.9879422156310874
0.9879633510988682
0.9880109059013749
0.9880584607038815
0.9880919251945344
0.9881024929284248
0.9881518090199132
0.9882081702673284
0.988289189560488
0.9883719701426292
0.9884283313900445
0.9885216797060761
0.9885956538433087
0.9887118989161028
0.9887524085626825
0.9888105310990796
0.9888580859015862
0.9890060341760514
0.9890430212446677
0.9890571115565215
0.9892297178767309
0.9892526146334933
0.9893036920139635
0.9894040854859221
0.9895714079391862
0.9896048724298391
0.9897087884797611
0.9898056593737561
0.9899130980016415
0.9899183818685867
0.9899236657355319
0.989935994758404
0.989981788271929
0.9901385429913028
0.9902547880640968
0.9903851234487447
0.9904291556732879
0.9904890394986667
0.9905542071909906
0.9906352264841501
0.9906810199976751
0.9907056780434192
0.9907549941349076
0.9907778908916701
0.9908254456941769
0.9908377747170489
0.9908712392077018
0.9908870908085373
0.9909117488542816
0.9909364069000257
0.9909892455694775
0.9911054906422716
0.9912111679811754
0.9912534389167368
0.9912939485633165
0.9913344582098963
0.9913608775446222
0.991382013012403
0.9914295678149097
0.9914736000394528
0.9914912129292701
0.9915000193741788
0.9915193935529778
0.9915510967546489
0.9916761482723516
0.9917501224095843
0.9917959159231091
0.9918839803721956
0.9919597157984099
0.9920055093119349
0.9920354512246242
0.9920583479813867
0.9920865286050944
0.9921006189169482
0.9922133414117787
0.9922679413702123
0.9922873155490114
0.9922978832829018
0.9923243026176277
0.9923524832413353
0.9923683348421709
0.992380663865043
0.9923982767548603
0.9924211735116227
0.992484579914965
0.9925092379607091
0.9925215669835813
0.9925779282309966
0.9926043475657225
0.9926783217029551
0.9927135474825897
0.9927399668173156
0.9927839990418588
0.9928650183350183
0.9928984828256712
0.9930076827425383
0.9930517149670816
0.9931204052373689
0.9931697213288573
0.993210230975437
0.9932296051542361
0.9932507406220168
0.9932912502685965
0.9933493728049936
0.993411017919354
0.9934814694786233
0.9935096501023309
0.9935501597489106
0.9935818629505817
0.9936470306429057
0.9937474241148643
0.9938830433664573
0.9940133787511052
0.9940609335536119
0.9941084883561185
0.9941824624933512
0.9942088818280771
0.9942722882314193
0.9943286494788346
0.9943515462355971
0.9943991010381037
0.9944431332626469
0.9945752299362766
0.9945840363811852
0.9946069331379477
0.9946703395412899
0.9947143717658331
0.9947337459446322
0.9947901071920474
0.994805958792883
0.9948323781276089
0.9948552748843714
0.9948799329301156
0.9949133974207685
0.994941578044476
0.994994416713928
0.9950155521817087
0.9950366876494894
0.9950595844062519
0.9950666295621788
0.9950719134291239
0.9951265133875575
0.9951863972129363
0.995214577836644
0.9952427584603516
0.9953079261526756
0.9953466745102736
0.9954171260695427
0.9955034292296474
0.995558029188081
0.9955897323897521
0.995681319416802
0.9957218290633817
0.9958415967141393
0.99586273218192
0.9959190934293354
0.995986022410641
0.996070564281764
0.9961057900613985
0.99614806099696
0.9961639125977956
0.9961815254876129
0.9961991383774301
0.996225557712156
0.9962889641154983
0.9963153834502242
0.9963382802069867
0.9963717446976396
0.9963823124315299
0.9963981640323655
0.996414015633201
0.996433389812
0.9964474801238539
0.9964650930136711
0.996479183325525
0.9965020800822875
0.9965196929721047
0.9965795767974834
0.9966200864440632
0.9966306541779536
0.9966834928474054
0.9967416153838025
0.9967821250303822
0.9968067830761265
0.9968279185439072
0.9968772346353956
0.9969934797081896
0.9970445570886598
0.9970938731801482
0.9971044409140385
0.9971132473589471
0.9971608021614539
0.997185460207198
0.9972118795419239
0.9972594343444307
0.9972805698122114
0.9972840923901748
0.9973157955918459
0.9973439762155536
0.9974338019536217
0.9975183438247447
0.997613453429758
0.9976856662780089
0.9976909501449541
0.9976944727229176
0.9977050404568079
0.997794866194876
0.9979146338456336
0.9979903692718479
0.9980079821616652
0.9981400788352949
0.9982281432843813
0.9982563239080889
0.9982792206648514
0.9982880271097601
0.9983126851555042
0.9984025108935723
0.9984412592511703
0.9984623947189512
0.9984782463197867
0.9985205172553482
0.998534607567202
0.9986543752179595
0.9986825558416672
0.99871602033232
0.9987635751348267
0.9987952783364977
0.9988076073593699
0.9988445944279862
0.9988745363406756
0.9989044782533649
0.9989273750101274
0.9989414653219812
0.9989714072346706
0.9990031104363417
0.9990718007066292
0.999124639376081
0.9991528199997887
0.9991616264446973
0.999182761912478
0.999228555426003
0.9992743489395279
0.9992884392513818
0.999325426319998
0.9993571295216691
0.9994011617462123
0.9994504778377007
0.9994716133054815
0.9995174068190065
0.9995649616215131
0.9996019486901294
0.9996583099375447
0.999734045363759
0.9997587034095032
0.9998080195009916
0.9998608581704435
1.0000405096465796
1.0000616451143605
1.000123290228721
1.0001479482744653
1.000169083742246
1.0001919804990085
1.0002483417464236
1.00028532881504
1.000304702993839
1.0003170320167112
1.0003681093971812
1.0004050964657976
1.000461457713213
1.0005019673597926
1.0005266254055367
1.0005618511851713
1.000590031808879
1.0006023608317511
1.0006146898546233
1.0006375866113857
1.0006569607901847
1.0006763349689838
1.0006992317257462
1.0007115607486183
1.000771444573997
1.000790818752796
1.0008207606654855
1.000843657422248
1.0008647928900287
1.0009493347611516
1.0010990443245986
1.0011518829940504
1.001187108773685
1.001269889355826
1.0012927861125887
1.0013192054473146
1.0013403409150954
1.0013790892726933
1.0013843731396386
1.0013967021625105
1.0014195989192731
1.0014513021209441
1.0014759601666885
1.0015305601251219
1.001542889147994
1.0015481730149391
1.001562263326793
1.0015922052394826
1.00171197289024
1.001731347069039
1.0017454373808927
1.001770095426637
1.001822934096089
1.0018387856969244
1.0019039533892484
1.0019550307697185
1.0019814501044444
1.0020078694391703
1.0020254823289876
1.0020906500213116
1.002152295135672
1.0021681467365076
1.0022720627864297
1.0023319466118084
1.0023830239922784
1.0024341013727487
1.0024605207074746
1.0024887013311823
1.0025204045328533
1.0025433012896159
1.0025926173811042
1.0026014238260128
1.002613752848885
1.0026225592937936
1.002645456050556
1.0026771592522272
1.0027071011649165
1.0027264753437155
1.0027775527241856
1.0028374365495645
1.002858572017345
1.0028779461961441
1.0029343074435595
1.0030787331400612
1.0031403782544217
1.0031914556348918
1.0031985007908188
1.0032302039924899
1.003268952350088
1.0032830426619417
1.0033094619966676
1.003320029730558
1.003390481289827
1.0033940038677907
1.0034204232025166
1.0035683714769816
1.0036018359676346
1.003651152059123
1.0036881391277392
1.0037145584624652
1.0037180810404287
1.0037251261963556
1.0037321713522824
1.0037585906870083
1.0038167132234055
1.0038765970487842
1.0039523324749986
1.003980513098706
1.003999887277505
1.004026306612231
1.004040396924085
1.0040492033689936
1.0040650549698291
1.0040685775477927
1.0041055646164088
1.0041231775062263
1.0041724935977145
1.0042182871112395
1.0042764096476364
1.0043098741382894
1.0043292483170885
1.0043697579636681
1.004390893431449
1.00442259663312
1.0045106610822063
1.0045458868618409
1.0045705449075852
1.004584635219439
1.0045863965084207
1.0046022481092562
1.0046180997100917
1.0046709383795436
1.0047026415812148
1.0047184931820503
1.004727299626959
1.0047361060718676
1.0047642866955753
1.0047766157184475
1.0047907060303012
1.0048012737641916
1.004824170520954
1.0048682027454974
1.004903428525132
1.0049527446166202
1.0049703575064375
1.004973880084401
1.0049967768411634
1.005012628441999
1.0050267187538529
1.0050390477767248
1.0050443316436701
1.005097170313122
1.0051500089825738
1.005155292849519
1.0051570541385006
1.0051693831613728
1.005259208899441
1.0053120475688928
1.0053226153027832
1.0053455120595456
1.0053666475273264
1.0053860217061255
1.0054053958849245
1.0054370990865955
1.005532208691609
1.0056044215398596
1.0056255570076404
1.0056326021635673
1.0056431698974577
1.0056572602093117
1.0057294730575626
1.0057823117270144
1.0058351503964662
1.005887989065918
1.005965485781114
1.0059971889827852
1.0060183244505658
1.006030653473438
1.0060605953861275
1.0060711631200177
1.006095821165762
1.0061504211241956
1.0061768404589215
1.0062420081512453
1.006335356467277
1.0064427950951624
1.0064762595858152
1.0065009176315596
1.0065114853654498
1.006523814388322
1.0065414272781392
1.0065678466128651
1.00661364012639
1.0066259691492623
1.0066312530162074
1.0066382981721342
1.0066682400848237
1.0067157948873304
1.006724601332239
1.0068179496482705
1.0068549367168869
1.0068848786295763
1.006913059253284
1.0069341947210646
1.0069570914778272
1.0069729430786627
1.0069870333905164
1.0070275430370963
1.0070451559269136
1.0070768591285846
1.0071455493988721
1.0071825364674885
1.0072794073614835
1.0072970202513007
1.0073216782970449
1.0073357686088988
1.007360426654643
1.0073956524342775
1.0074273556359485
1.0074449685257658
1.0076105296900484
1.0076739360933906
1.0076897876942261
1.0077197296069156
1.0077391037857146
1.0077479102306233
1.007788419877203
1.0078218843678557
1.0078571101474902
1.0078641553034173
1.007878245615271
1.007892335927125
1.0079099488169423
1.0079222778398143
1.0079381294406498
1.0079469358855584
1.007982161665193
1.0080050584219555
1.008027955178718
1.0080490906464987
1.0080631809583525
1.008071987403261
1.0080737486922429
1.0080790325591882
1.008093122871042
1.008112497049841
1.0081353938066033
1.0081565292743841
1.0081741421642014
1.0081917550540187
1.0082058453658727
1.0082111292328177
1.0082216969667082
1.0082622066132878
1.0082815807920869
1.0083168065717214
1.0083344194615387
1.0083626000852464
1.0083784516860819
1.0084048710208078
1.0084295290665521
1.008436574222479
1.0084506645343327
1.0084577096902598
1.0084700387131318
1.008487651602949
1.0085035032037846
1.0085070257817481
1.0085299225385105
1.0085563418732366
1.0085827612079625
1.0085915676528712
1.0086003740977798
1.0086091805426884
1.008625032143524
1.008637361166396
1.0086391224553777
1.008644406322323
1.0086549740562134
1.0086655417901036
1.008676109523994
1.0086884385468662
1.008690199835848
1.0087060514366835
1.0087201417485372
1.0087483223722449
1.008767696551044
1.0087765029959526
1.0087888320188247
1.008799399752715
1.0088346255323497
1.0088716126009658
1.0088980319356917
1.0089473480271802
1.008961438339034
1.0089667222059793
1.0089966641186685
1.0090125157195042
1.0090230834533946
1.0090688769669194
1.0090864898567367
1.009104102746554
1.0091058640355357
1.0091551801270242
1.009169270438878
1.0091921671956405
1.009208018796476
1.0092326768422202
1.0092450058650924
1.0092573348879643
1.009259096176946
1.0092749477777816
1.0092943219565806
1.0093207412913066
1.009331309025197
1.0093383541811238
1.0093471606260325
1.0093524444929778
1.0093577283599229
1.0093630122268682
1.0093735799607584
1.0093841476946488
1.0093929541395574
1.0094123283183565
1.0094228960522469
1.0094581218318814
1.0095356185470774
1.0095514701479131
1.0096078313953283
1.0096412958859813
1.0096518636198715
1.0097540183808118
1.0097751538485926
1.0098209473621176
1.0098227086510991
1.0098297538070262
1.0098508892748068
1.0098737860315694
1.0098861150544414
1.0098966827883318
1.0099107731001857
1.0099530440357471
1.009965373058619
1.0099847472374182
1.0099917923933452
1.0100199730170527
1.0100463923517786
1.0100798568424316
1.0100992310212307
1.0101238890669748
1.0101520696906825
1.010162637424573
1.0101802503143902
1.010194340626244
1.0102084309380976
1.0102225212499516
1.0102278051168967
1.010238372850787
1.0102542244516226
1.010259508318568
1.0102683147634766
1.0102859276532938
1.0103000179651476
1.0103017792541293
1.0103070631210744
1.0103211534329284
1.0103281985888553
1.0103475727676543
1.010356379212563
1.0103634243684898
1.0103739921023802
1.0103792759693253
1.0103827985472889
1.0104056953040512
1.0104145017489599
1.010446204950631
1.0104602952624848
1.0104691017073935
1.0104849533082292
1.0104972823311011
1.0105131339319366
1.0105219403768453
1.0105342693997175
1.0105518822895347
1.010569495179352
1.0105765403352789
1.0105783016242607
1.0105853467801875
1.0105906306471328
1.010620572559822
1.0106276177157492
1.0106329015826943
1.0106505144725115
1.0106557983394568
1.010666366073347
1.0106786950962192
1.0106910241190914
1.0106945466970547
1.0107015918529816
1.0107086370089087
1.0107244886097442
1.0107350563436346
1.0107473853665065
1.0107685208342874
1.0107878950130864
1.0107931788800315
1.010803746613922
1.0108195982147574
1.0108583465723555
1.0108918110630083
1.01089357235199
1.0109252755536613
1.010971069067186
1.0109922045349669
1.0110221464476563
1.0110291916035832
1.011050327071364
1.011055610938309
1.0110573722272909
1.0110591335162726
1.0110661786721995
1.0110961205848887
1.011108449607761
1.0111172560526696
1.0111172560526696
1.0111190173416513
1.0111295850755417
1.0111419140984137
1.0111542431212859
1.0111630495661945
1.011166572144158
1.0111753785890667
1.0111947527678657
1.0112158882356463
1.0112211721025917
1.0112317398364818
1.011251114015281
1.0112563978822262
1.0112563978822262
1.0112669656161164
1.0112775333500068
1.0112792946389886
1.0112792946389886
1.0112845785059337
1.0113039526847327
1.0113057139737145
1.0113109978406598
1.0113145204186231
1.01132156557455
1.0113391784643673
1.0113691203770567
1.0113708816660385
1.0113884945558558
1.0113955397117826
1.0114131526016
1.0114184364685452
1.0114483783812345
1.0114554235371613
1.0114589461151249
1.0114659912710517
1.011471275137997
1.0114818428718875
1.0114941718947594
1.0115065009176316
1.0115223525184671
1.011529397674394
1.0115382041193026
1.011543487986248
1.01155581700912
1.0115611008760652
1.0115663847430103
1.0115875202107911
1.0116104169675535
1.0116174621234804
1.0116297911463525
1.011633313724316
1.011652687903115
1.011672062081914
1.011686152393768
1.0116879136827497
1.0117072878615485
1.011710810439512
1.011717855595439
1.0117249007513658
1.0117337071962744
1.0117442749301648
1.0117495587971101
1.0117601265310003
1.0117636491089639
1.0117636491089639
1.0117671716869274
1.0117742168428543
1.0118164877784157
1.0118305780902697
1.0118376232461965
1.0118464296911052
1.0118464296911052
1.011848190980087
1.0118552361360138
1.0118763716037946
1.0118834167597215
1.0118922232046301
1.011904552227502
1.0119115973834292
1.0119221651173194
1.0119362554291733
1.0119397780071366
1.0119468231630637
1.0119573908969541
1.0119591521859357
1.0119626747638992
1.0119679586308443
1.0119750037867714
1.0119855715206616
1.0119926166765887
1.0120031844104789
1.0120067069884424
1.0120119908553875
1.0120260811672415
1.01203488761215
1.0120472166350223
1.0120577843689125
1.0120736359697482
1.0120842037036384
1.0120912488595655
1.0120912488595655
1.0121018165934557
1.0121211907722547
1.0121370423730902
1.0121476101069806
1.012152893973926
1.012165222996798
1.0121669842857797
1.0121863584645787
1.012203971354396
1.0122057326433778
1.0122127777993046
1.0122180616662497
1.0122180616662497
1.0122198229552315
1.012230390689122
1.0122339132670855
1.0122374358450488
1.0122374358450488
1.012249764867921
1.012255048734866
1.0122673777577382
1.0122709003357018
1.0122779454916286
1.0122920358034824
1.0123184551382083
1.012334306739044
1.0123378293170073
1.012339590605989
1.0123431131839526
1.012346635761916
1.01236072607377
1.01237129380766
1.0123818615415505
1.0123871454084958
1.0124012357203496
1.0124082808762764
1.0124135647432217
1.0124135647432217
1.0124206098991486
1.0124258937660937
1.0124276550550755
1.0124487905228563
1.0124540743898014
1.0124558356787832
1.0124558356787832
1.0124558356787832
1.012457596967765
1.0124593582567467
1.01246288083471
1.0124646421236918
1.0124681647016553
1.0124716872796187
1.012476971146564
1.012476971146564
1.0124804937245273
1.0124804937245273
1.0124857775914726
1.0124981066143446
1.0124998679033264
1.01250339048129
1.0125104356372168
1.012522764660089
1.012522764660089
1.0125368549719427
1.0125527065727782
1.0125615130176868
1.0125650355956504
1.0125685581736137
1.0125720807515772
1.0125808871964859
1.0125808871964859
1.0125879323524127
1.012593216219358
1.0126020226642667
1.0126037839532482
1.0126073065312118
1.012612590398157
1.012619635554084
1.012619635554084
1.012631964576956
1.0126372484439012
1.0126407710218646
1.0126478161777916
1.012651338755755
1.0126548613337185
1.0126636677786272
1.0126742355125176
1.0126865645353895
1.0126936096913164
1.01269713226928
1.0126988935582617
1.0127094612921521
1.0127182677370608
1.0127253128929876
1.0127288354709512
1.0127323580489145
1.012735880626878
1.0127411644938231
1.01274820964975
1.012755254805677
1.0127640612505857
1.0127711064065126
1.0127711064065126
1.0127781515624394
1.012781674140403
1.0127834354293845
1.0127904805853116
1.0127992870302203
1.012801048319202
1.012808093475129
1.0128116160530922
1.0128116160530922
1.0128168999200375
1.0128204224980009
1.0128221837869826
1.0128221837869826
1.0128257063649462
1.012827467653928
1.012832751520873
1.0128397966768
1.0128415579657817
1.0128415579657817
1.0128415579657817
1.0128486031217085
1.0128486031217085
1.0128503644106903
1.0128574095666172
1.0128609321445807
1.0128679773005076
1.0128679773005076
1.0128697385894894
1.0128732611674527
1.0128732611674527
1.0128767837454162
1.0128803063233798
1.012883828901343
1.012883828901343
1.012883828901343
1.0128891127682884
1.01289087405727
1.01289087405727
1.012897919213197
1.0128996805021788
1.0128996805021788
1.0129032030801421
1.012904964369124
1.0129067256581057
1.0129084869470875
1.0129120095250508
1.0129155321030143
1.0129190546809776
1.0129190546809776
1.0129190546809776
1.0129225772589412
1.0129260998369047
1.0129260998369047
1.012929622414868
1.0129419514377402
1.0129454740157036
1.012948996593667
1.012948996593667
1.0129542804606122
1.012956041749594
1.0129630869055208
1.0129666094834844
1.0129666094834844
1.0129718933504295
1.0129789385063566
1.0129859836622834
1.0129859836622834
1.0129859836622834
1.0129859836622834
1.0129912675292285
1.0129965513961738
1.013001835263119
1.0130088804190458
1.0130106417080276
1.0130124029970093
1.0130141642859911
1.0130176868639544
1.0130194481529362
1.0130229707308998
1.0130247320198815
1.0130282545978448
1.0130282545978448
1.0130300158868266
1.0130317771758084
1.0130335384647902
1.0130352997537717
1.0130352997537717
1.0130370610427535
1.0130423449096988
1.0130423449096988
1.0130458674876621
1.0130511513546074
1.0130564352215525
1.0130652416664612
1.0130652416664612
1.0130705255334063
1.0130705255334063
1.0130740481113698
1.013079331978315
1.0130810932672967
1.0130810932672967
1.0130810932672967
1.0130810932672967
