0.0015457223708183123
0.002724396247625693
0.0037976799627863706
0.004723175175407993
0.005072052951893631
0.005259817032988332
0.005913962863898903
0.006781311780439586
0.007608685118424623
0.008428790169399543
0.009150773345737877
0.009471789355351397
0.01012230104275691
0.01088425979765089
0.011603820211652517
0.012781282707291546
0.013938151723068573
0.01451961468387797
0.015059890684963368
0.015928450982672406
0.01652566189867039
0.017178596348412605
0.01795145753382176
0.018530497732294454
0.019468106756599605
0.020047146955072294
0.021021097414428033
0.021384511764933906
0.021995047873783775
0.022387535372330115
0.023124055122688683
0.023723688801023376
0.023956273985347134
0.024566810094197
0.02531180951273404
0.02583270341512579
0.026575280071326122
0.02759889715858433
0.027950197697406674
0.028133116253827965
0.02854861999457301
0.029056188704112883
0.029539529790285693
0.030395976276311198
0.030968959568942123
0.03172728418033104
0.03206404814513315
0.03224938946389115
0.03260069000271349
0.03290474667597008
0.03336264875760747
0.03372242896460829
0.034645501414893205
0.035454704035352946
0.03609673605457999
0.036982255688645965
0.037841124937008176
0.03838866922510369
0.03901858743264721
0.03955765205256425
0.03984474938946389
0.04064304957940846
0.04109368337403574
0.04121482149087103
0.041733292630926073
0.04211245493662054
0.04293377136876381
0.043028259099895334
0.04319785246346474
0.04409064038454084
0.04471086754273753
0.04549584253983021
0.04599856572469667
0.0464273946582936
0.04691558126913982
0.0473868085436291
0.0479682715044385
0.04819843392642555
0.04836802728999496
0.04863574252820095
0.04933228670000388
0.049772018064115985
0.05049157847811761
0.051526097995890995
0.0524419021591658
0.05306091793619413
0.05358786874442765
0.05427714462922045
0.055002761949063846
0.055878590533782996
0.056472167306275925
0.05689372795286274
0.05796458890568671
0.058513344574950575
0.05874714114044269
0.05959147381478466
0.06024077412102182
0.06095548901035004
0.06152604954064426
0.06226741481567624
0.06292034926541847
0.06379617785013761
0.06477376245299842
0.06526194906384464
0.06577920882273132
0.06620319223165484
0.06665382602628213
0.06760233748110245
0.06790760553552738
0.06838125557235337
0.06898815753769819
0.0694945148660697
0.06991607551265651
0.07065501802535179
0.07117591192774353
0.0717658545567314
0.07273980501608714
0.07373313757413653
0.07422616970965616
0.07473494980036438
0.07513349420475249
0.07577552622397954
0.07656655812691399
0.0771165251773462
0.07743269566228632
0.07783487421017948
0.07846842656122804
0.07900264565647168
0.07941209249137497
0.07973068573865179
0.0802576365468853
0.0807591483505834
0.08093479861999457
0.0815332209171609
0.08197052951893631
0.08245992751095088
0.0832982032794511
0.08365434934294685
0.08415949529015002
0.08470582819707718
0.08521097414428035
0.08584694925766562
0.08683180214753654
0.0880649881769198
0.08886571112920107
0.08953681629646858
0.08981785672752646
0.0905604333837268
0.09132239213862077
0.09196684692018452
0.09300015505678955
0.09335145559561189
0.09356223591890529
0.0940637477226034
0.0947069911229988
0.09534417761755243
0.09612794123347676
0.09660401403263945
0.09725573710121332
0.09759734659068885
0.09774876923673295
0.09841745164166375
0.0988692968174594
0.09907402023491103
0.09949194673799279
0.09992804395859983
0.10015214947474513
0.10065608404077994
0.10113215683994263
0.10158763615924332
0.1024065298290499
0.10300858626972129
0.10382021165251773
0.10443317052370431
0.10472995890995077
0.10545194208628911
0.10617392526262744
0.10683776214288483
0.10701462379346435
0.10785289956196457
0.10811819203783386
0.10857609411947125
0.10918057332247935
0.10949553242625111
0.10995464588905687
0.11066693801604838
0.11130775865410707
0.11206971740900104
0.11224294491607552
0.11291647284567972
0.11366147226421677
0.11408424429197193
0.11483893475985579
0.11567357638485096
0.11630712873589952
0.11689585998371904
0.11755363995813467
0.11814237120595418
0.11851184246230181
0.1189418827770671
0.11973291468000155
0.1200636217389619
0.12059057254719541
0.12093218203667093
0.12143853936504245
0.12167475869287127
0.12199335194014808
0.12274319688335852
0.12293580648912664
0.12338401752141721
0.12392671628483932
0.12442095980152731
0.12470078885141683
0.1252495445206807
0.12594003178664187
0.12668018568050549
0.12731373803155405
0.12784916850796604
0.12858205411481954
0.12889095631274955
0.12952814280730318
0.13015684963367832
0.13105084893592278
0.13143727952862735
0.13258324611388922
0.13350995270767918
0.13406839942628987
0.1349321141993255
0.13582247935806488
0.13656747877660194
0.13731247819513898
0.13796541264488119
0.13847782687909446
0.1390168914990115
0.13936819203783385
0.13962379346435633
0.14045480094584642
0.14089937783463194
0.14133184091173392
0.14167829592588285
0.1420574582315773
0.14261953909369307
0.14343479861999459
0.14401868434314066
0.1445916676357716
0.14486786254215606
0.14535241500949722
0.1454505368841338
0.14625973950459356
0.14690782842966235
0.14726518587432647
0.14767947823390318
0.14855651819979068
0.1490035178509129
0.14928819242547584
0.14962737915261465
0.14987571229212698
0.15026456564716828
0.15072610187231072
0.15173154824204366
0.15234450711323022
0.15287388068380045
0.15352439237120596
0.15419065201380006
0.1544595786331744
0.15508828545954956
0.15582722797224483
0.15658312982129705
0.15695623522114974
0.15773878745590572
0.15801377098112185
0.1582899658875063
0.1594371438539365
0.15981630615963097
0.16046924060937318
0.1610603946195294
0.16173392254913363
0.1622487595456836
0.16263034461371478
0.1630591735473117
0.1639265224638524
0.16430810753188355
0.16496104198162578
0.16551948870023647
0.16600767531108268
0.1665552195991782
0.16710760941194713
0.16770118618444005
0.16847768151335427
0.16924933131759506
0.16985259913943482
0.17063030584951738
0.17114635422723573
0.17162484978873513
0.1722426541845951
0.1725285401403264
0.17319601116408884
0.17393495367678413
0.17440012404543165
0.17493555452184362
0.1754431232313835
0.17597734232662712
0.17656001666860488
0.17696946350350817
0.1773982924371051
0.17798338954141954
0.1786254215606466
0.1789004050858627
0.17933892506880644
0.17983195720432607
0.1801687211691282
0.18048368027289996
0.18092098887467534
0.1814418827770671
0.18184163856262356
0.18234678450982672
0.18311480017056248
0.18388766135597162
0.18431891305190526
0.1848276931426135
0.18541279024692794
0.1861723262394852
0.18685554521843625
0.18707722797224483
0.18747092685195954
0.187829495677792
0.1879990890413614
0.18845820250416714
0.1888095030429895
0.18919351087335737
0.1896199170446176
0.19029344497422182
0.19061203822149864
0.19113293212389038
0.19157872039384424
0.19233341086172812
0.19287974376865527
0.1934708977788115
0.19397119820134123
0.19471014071403653
0.19522618909175485
0.19573012365778966
0.19606446486025506
0.19646906617048493
0.19688820405473503
0.19738487033375973
0.19781127650501995
0.19820255262239794
0.19880218630073265
0.1994260476024344
0.20003900647362097
0.2005526320890026
0.2010565666550374
0.20145389967825716
0.20200992363453116
0.20261440283753926
0.20299235376206537
0.2032540120944296
0.2038269953870605
0.20435273481412566
0.20475733612435554
0.20547083963251542
0.20594933519401482
0.2063175950691941
0.20692328565337054
0.20753503314338875
0.20837694305539403
0.2089184304376478
0.20963556808931272
0.21008499050277163
0.21059255921231151
0.2112491278055588
0.21172277784238477
0.21229697251618404
0.2130238012171958
0.21339206109237507
0.2140789142148312
0.21431392216149164
0.2151279703066248
0.21579907547389232
0.21631027832693725
0.2170237818350971
0.21757253750436098
0.21805466720936542
0.21859615459161919
0.21902377214404775
0.2192309183238361
0.2196403651587394
0.22025816955459937
0.22046168159088267
0.22093775439004534
0.2212914776912044
0.22172757491181144
0.22213823312788308
0.2223490134511765
0.22256100515563826
0.22313641121060587
0.22357250843121293
0.22433325580493857
0.22487716594952903
0.22561368569988757
0.22621816490289567
0.2265779451098965
0.22700677404349343
0.22753614761406366
0.2280267569872466
0.22841076481761446
0.2287184556343761
0.22921875605690584
0.22968877195022677
0.23001099934100863
0.2305343160057371
0.2311799821684692
0.23154339651897507
0.23218785130053882
0.23278990774121022
0.2331581676163895
0.23386319145637088
0.23428959762763113
0.23488075163778735
0.23519692212272744
0.23564513315501803
0.2359443443036012
0.236365904950188
0.23691466061945188
0.23775657053145716
0.23822295228127302
0.2385403341473815
0.23880562662325078
0.23932530914447417
0.24016721905647945
0.24031016203434508
0.24047490987324108
0.24093402333604683
0.24143916928325
0.24203395743691128
0.24245551808349808
0.24314721673062759
0.24342098887467534
0.24374563902779392
0.24421807768345155
0.24474502849168508
0.2452949955421173
0.24585101949839128
0.24621079970539209
0.24641067759817034
0.24668566112338644
0.2472598557971857
0.2478316277086483
0.2484978873512424
0.24879952126216226
0.2492719599178199
0.24978195138969647
0.25018534131875797
0.2507946660464395
0.25145365740202347
0.25201331550180256
0.25231131526921735
0.25301391634686204
0.253178664185758
0.25359537930767145
0.25427738690545415
0.254784955614994
0.2550005814629608
0.25547544288095514
0.2559963367833469
0.25661777532271196
0.2569036612784432
0.2573397584990503
0.25794787184556345
0.258478456797302
0.25908051323797343
0.25952872427026397
0.2598533744233826
0.2600859596077063
0.26042999185951854
0.26095209714307865
0.26149843005000584
0.261921202077761
0.2623245920068225
0.26267225840213976
0.2628357948598674
0.2630344613714773
0.2635226479823235
0.26421071248594796
0.2648818176532155
0.26536637012055664
0.2659672151800597
0.2668285071907586
0.2673215393262782
0.2677830755514207
0.2680665387448153
0.26829912392913907
0.2686625382796449
0.2691204403612823
0.26971643989611194
0.2705147400860565
0.27107803232934063
0.27140389386362757
0.27181334069853086
0.27212708842113426
0.27241781990153896
0.27283332364228396
0.27323792495251387
0.27352138814590843
0.27387026592239405
0.27418280226382913
0.274443249215025
0.2749932162654572
0.27532634608675427
0.27607376826762803
0.27663706051091214
0.27692658061014847
0.27718339341783926
0.2772960518664961
0.27778666123967904
0.27815855525836336
0.27874849788735123
0.2790307496995775
0.27979634259797653
0.28021184633872154
0.2807920979183626
0.2812512113811684
0.28171395898747914
0.28188234096988024
0.28215611311392796
0.28247349498003643
0.28279935651432336
0.2828914214831182
0.2832233399232469
0.28373575415746016
0.28424816839167344
0.2847048590921425
0.2851239969763926
0.2854438016048378
0.28606402876303444
0.2863378009070822
0.28677632089002597
0.28717123115090903
0.2874886130170175
0.2880034500135675
0.288427433422491
0.2888332461138892
0.2892402701864558
0.289852017676474
0.29029174904058613
0.29088048028840563
0.29130204093499246
0.2914316587200062
0.2920337151606776
0.29266969027406287
0.29341468969259993
0.29403612823196495
0.29475932278947164
0.2952002655347521
0.29571631391247044
0.2961209152227003
0.29649765476605805
0.29687076016591074
0.29707184943985737
0.2972196379423964
0.29771751560258947
0.2982432550296546
0.2988683277125247
0.29944009962398727
0.29998158700624106
0.30069145637089584
0.30111059425514597
0.30156486219327827
0.30199369112687524
0.3025327557467923
0.3033540721789355
0.3039379579020816
0.30415964065589024
0.3047532174283831
0.3055599972865062
0.3060615090902043
0.30646611040043414
0.3069845815404892
0.3070742237469473
0.3075684672636353
0.3081693123231383
0.3086793037950149
0.3090402953831841
0.3094557991239291
0.30970534364460983
0.3102007985424662
0.31044065201380006
0.31077378183509713
0.3110148466875993
0.3111880741946738
0.31145700081404815
0.31182404930805907
0.3122686261968446
0.3126538454083808
0.3128573574446641
0.3131662596425941
0.31352603984959493
0.313986364693569
0.3141959336356941
0.3146090146141024
0.31485492499127804
0.3150414776912044
0.3152122824359422
0.3153842985618483
0.31577315191688954
0.3162044036128232
0.3165544927704772
0.3171056712020778
0.3173418905299066
0.31772347559793773
0.31818137767957516
0.3185472147924177
0.31904872659611583
0.3197234659068884
0.32053266852734813
0.3208246113889212
0.3212570744660232
0.32153326937240767
0.32184701709501107
0.3220044966468969
0.3222734232662713
0.322794317168663
0.32339516222816606
0.3238397391169516
0.3241268364538512
0.3243788037368686
0.32456899058030003
0.3248815269217351
0.32517225840213976
0.3254193801604838
0.32550175407993176
0.32587243671744776
0.3262334283056169
0.3268742489436756
0.3274847850525255
0.3278300286855061
0.32824795518858785
0.32867920688452146
0.3290147594681552
0.32939997867969145
0.3296071248594798
0.3302491568787068
0.3307761076869403
0.33139148932046364
0.33184333449625925
0.33236301701748266
0.33289844749389463
0.3330401790905919
0.3334375121138117
0.33387118657208203
0.3343714869946118
0.3350704539287514
0.3354871690506648
0.33615221731209055
0.336634347017095
0.33687783463193394
0.33732725704539285
0.33794990696592625
0.33818491491258673
0.338405386285227
0.3391273694615653
0.33983602744505176
0.3403569213474435
0.3406524983525216
0.34106921347443503
0.34151621312555724
0.34196079001434276
0.3423823506609296
0.3427493991549405
0.3431443094158235
0.3436082684033027
0.34408555258363377
0.34473485288987094
0.3451358200565957
0.3457221285420785
0.34619577857890454
0.3466233961313331
0.3471406558902198
0.34750285885955734
0.3480019479009187
0.34843562235918907
0.3489601504050859
0.3493647517153157
0.34996680815598713
0.35050829553824087
0.35111519750358566
0.35179235957669497
0.35240774121021823
0.35293226925611504
0.35347739078187385
0.35374268325774316
0.35431687793154243
0.35452886963600416
0.3548535197891228
0.35527023491103615
0.3556530313602357
0.35589530759390625
0.3563108113346513
0.3567032988331977
0.35694678644803657
0.3576045664224522
0.35827567158971974
0.3589080125596
0.3593804512152576
0.35990982478582784
0.36035682443695005
0.3608716614335
0.3612072140171338
0.36151611621506374
0.3618528801798659
0.3621266523239136
0.3626499689886421
0.3631211962631314
0.363449480559755
0.36392434197774937
0.36414844749389463
0.3647129511183471
0.36500247121758345
0.3653767879986045
0.36558635694072955
0.3659122184750165
0.36625746210799703
0.36677229910454706
0.36721445323099583
0.36777532271194324
0.3679146315463038
0.3685590863278676
0.3689503624452456
0.3697329146800015
0.3702198899096794
0.3708086211574989
0.3712544094274528
0.3718128561460635
0.37247063612047915
0.37307996084816064
0.3737086676745358
0.3741193258906074
0.374567536922898
0.3750642032019227
0.3754482110322906
0.3756892758847928
0.3760345195177734
0.37668381982401056
0.3772798193588402
0.37789035546769006
0.3784984688142032
0.3790617610574873
0.37963111020661316
0.3801677520641935
0.38061959723998917
0.3810629627476063
0.3818297670271737
0.3824294007055084
0.38302903438384306
0.38324102608830485
0.383701350932279
0.38410474086134044
0.3844330251579641
0.3850762685583595
0.3860841376904291
0.38636154397798195
0.3867092103732992
0.3868412509206497
0.3870932182036671
0.3874820715587084
0.38790242082412685
0.38860381052060317
0.38889696476334457
0.3893148912664263
0.38977521611040045
0.39025855719657326
0.3907867193859751
0.39106533705469626
0.3916625479706943
0.39230942551459475
0.3926086366631779
0.3930713842694887
0.3934541807186882
0.3939048145133155
0.3941373996976393
0.39490178121486996
0.3952482362290189
0.3956177074853665
0.39614102415009494
0.3969792999185952
0.3974323564755592
0.39763102298716907
0.39795325037795093
0.3983239330154669
0.39853107919525527
0.399093160057371
0.39954985075784005
0.40007922432841025
0.4003396712796062
0.40058437027561344
0.40126274372989107
0.4018078652556499
0.40215068612629373
0.4023069542970113
0.4025419622436717
0.4028738806838004
0.40323487227196964
0.403445652595263
0.4035764817614451
0.403960489591813
0.40452378183509713
0.40517308214133424
0.4055037892002946
0.40577029305733225
0.4060961545916192
0.40614339845718495
0.4064256502694112
0.40664975578555645
0.4070470888087762
0.4074008121099353
0.40786355971624605
0.40838445361863784
0.4086449005698337
0.4089283637632283
0.40922999767414814
0.4097181842849944
0.41038807807109356
0.4111815327363647
0.41174845912315383
0.41239170252354923
0.41297074272202194
0.4131524498972749
0.4133935147497771
0.4136454820327945
0.41389139240997014
0.4141760669845331
0.41449587161297824
0.41495983060045744
0.4153898709152227
0.4159628542078536
0.416375935186262
0.41675146334845137
0.41720209714307865
0.41746133271310615
0.4179907062836764
0.4185055432802264
0.41903855099430165
0.41958246113889214
0.4199810055432802
0.42024508663798116
0.42085077722215763
0.4212396305771989
0.4216442318874288
0.4220282397177966
0.422791409853859
0.42330140132573557
0.4240815307981548
0.42435651432337096
0.42465451409078575
0.425060326782184
0.4255412451060201
0.42594826917858664
0.4265006589913556
0.4271402682482459
0.42754123541497074
0.42777503198046285
0.4283262104120634
0.4289742993371322
0.4295000387641974
0.43006211962631313
0.43032983486451915
0.43069688335853007
0.4311765903011978
0.4313958502926697
0.43150245183548475
0.43165387448152887
0.43204999612358025
0.4322959065007559
0.43277319068108694
0.4333195235880141
0.4337701573826414
0.43401364499748035
0.43443036011939373
0.4346883843082529
0.435416424390433
0.4357010989649959
0.4360947978447106
0.4364279276660077
0.4369694150482614
0.4373461545916192
0.43776529247586926
0.43837098306004574
0.4388034461371477
0.4392383319765864
0.4396913885335504
0.4400826646509284
0.4407440787688491
0.44126981819591427
0.4415968911113695
0.44185976082490214
0.4421226305384347
0.44236490677210527
0.4430384347017095
0.44338367833469006
0.4437034829631352
0.44400511687405514
0.4443285556460054
0.4447355797185719
0.44520075008721943
0.44557870101174557
0.4460063185641741
0.44613230220568284
0.446452106834128
0.44681552118463386
0.44716318757995116
0.4475290246927937
0.44777130092646433
0.44804022754583867
0.4483273248827383
0.44878401558320735
0.44905415358375006
0.449630771019886
0.45013107144241576
0.45037092491374964
0.45071616854673024
0.4513654688529674
0.4516562003333721
0.45188393999302245
0.4522219153389929
0.4528348742101795
0.4530626138698298
0.45335213396906615
0.4535180931891305
0.4542158487421018
0.454436320114742
0.45495236849246035
0.4557434003953948
0.45625218048610305
0.45656350544636976
0.456972952281273
0.45729033414738146
0.4577046265069582
0.45859983719037095
0.4591292107609412
0.45945264953289144
0.4599117629956972
0.46035755126565103
0.46062647788502536
0.46086390859402254
0.46110860759002986
0.4616706884521456
0.46216735473117027
0.4624278016823662
0.46290387448152887
0.4633012075047486
0.4634841260611699
0.4637615323487227
0.46397473543435286
0.46419399542582473
0.46467127960615573
0.46542233593053456
0.46573729503430633
0.46614310772570455
0.46648471721518003
0.4669716924448579
0.4674586676745358
0.46794322014187695
0.4683647807884638
0.4686857967980773
0.46915460131022985
0.4694731945575067
0.4697893650424468
0.4701491452494476
0.4704447222545257
0.47077058378881265
0.4711933558165678
0.47148893282164595
0.4717748187773772
0.47218547699344887
0.4726118831647091
0.4729874113268985
0.4735107279916269
0.4739964918401364
0.47468940186843434
0.47553494592394463
0.47607522192503005
0.4763574737372563
0.47670271737023684
0.4768456603481025
0.4772369364654805
0.47755431833158896
0.47823874869170835
0.47853917122145984
0.47874752878241655
0.4790758130790402
0.4794925282009536
0.4799043977981936
0.4806324378803737
0.4812211691281932
0.48138470558592084
0.48156156723650034
0.48205823351552507
0.48246646896926
0.48266634686203824
0.4830285498313757
0.4835349071597473
0.48403157343877196
0.4844567682288638
0.4847898980501609
0.48528414156684885
0.4858595476218165
0.4861284742411908
0.4865403438384308
0.4867535469240609
0.48713392061092375
0.4873023025933248
0.48777231848664576
0.48854154552854984
0.48916177268674654
0.4895712195216498
0.4900860565181998
0.4904991374966081
0.490636023568632
0.49099459239446447
0.4915142749156879
0.49199277047718726
0.4923125751056324
0.4928419486762027
0.49313025739427063
0.4934500620227158
0.4939115982478583
0.4944409718184285
0.4949497519091367
0.4952441175330465
0.4956535643679498
0.4959988080009303
0.4962338159475908
0.4968382951505989
0.4970733030972594
0.49718353878357946
0.49748032716982593
0.4980218145520797
0.49860691165639415
0.49895215528937475
0.4992235046710858
0.4994536670930728
0.4999152033182153
0.5002846745745629
0.5008406985308369
0.501317982711168
0.5017613482187852
0.5023585591347831
0.5025838760320968
0.5028419002209559
0.5030672171182695
0.5032840543474048
0.5036305093615536
0.5041453463581037
0.5043222080086832
0.5045317769508082
0.5050914350505873
0.5054088169166957
0.5056401907198511
0.5059163856262356
0.5061598732410746
0.5065208648292437
0.5069702872427027
0.5072004496646897
0.5077855467690041
0.5083657983486451
0.5089097084932357
0.5094330251579641
0.5096934721091599
0.5099163662441369
0.5102918944063263
0.5105911055549095
0.5109411947125635
0.5113566984533086
0.5118133891537776
0.5123185351009807
0.512724347792379
0.5130901849052215
0.5134802496414311
0.5136353064309803
0.5141562003333721
0.5144953870605109
0.5149775167655154
0.5152004109004923
0.5152779392952669
0.5157418982827461
0.5160277842384774
0.5164481335038958
0.5167921657557081
0.5171834418730861
0.5177164495871613
0.5181295305655697
0.5184965790595806
0.5189399445671977
0.5192306760476024
0.5197249195642905
0.5201137729193317
0.5205207969918982
0.5209072275846028
0.5213784548590922
0.5217551944024499
0.5221561615691747
0.5226249660813272
0.5230332015350622
0.5234850467108578
0.5240713551963406
0.5246685661123387
0.5249011512966624
0.5252148990192658
0.5256146548048223
0.5259417277202776
0.5260507520254293
0.5261525080435709
0.5264880606272048
0.5268999302244447
0.5269750358568825
0.5273796371671124
0.5274753362794123
0.5277575880916385
0.5278666123967903
0.5281076772492925
0.5284880509361554
0.5288320831879676
0.5294474648214909
0.5299162693336434
0.5301500658991356
0.5306019110749312
0.5309507888514168
0.5315092355700275
0.5319792514633485
0.5324541128813428
0.5327763402721246
0.5330840310888864
0.5335588925068806
0.533786632166531
0.5341197619878281
0.5343959568942125
0.534795712679769
0.5350961352095205
0.5354716633717099
0.5358895898747916
0.5363099391402101
0.5367084835445982
0.5369943695003295
0.537377165949529
0.5377066616273211
0.5379453037174865
0.5382372465790596
0.5384116854673024
0.5387266445710741
0.5391191320696205
0.5394353025545606
0.53981083071675
0.5401924157847812
0.5402929604217545
0.5406030740008528
0.5410488622708067
0.541379569329767
0.5416170000387642
0.541956186765903
0.5424140888475404
0.5429907062836764
0.5435479416211187
0.5439489087878435
0.5442905182773191
0.5445558107531884
0.5449676803504283
0.5454825173469783
0.5457635577780362
0.5461584680389192
0.5464673702368492
0.5466599798426174
0.5470730608210257
0.5472499224716052
0.5477029790285692
0.5481487672985231
0.5484588808776214
0.5486696612009149
0.5491081811838586
0.5495091483505834
0.5497986684498197
0.5501075706477497
0.5503849769353025
0.5507496026669768
0.551234155134318
0.5514425126952747
0.551629065395201
0.5517901790905919
0.5519888456022018
0.5524261542039772
0.5526696418188162
0.552991869209598
0.5531965926270497
0.5534497712912354
0.5536423808970036
0.5537526165833236
0.554000949722836
0.5544540062798
0.5549434042718145
0.5551396480210877
0.5556023956273985
0.5558822246772881
0.5559948831259449
0.5564309803465519
0.5567519963561655
0.5570839147962942
0.5572898495949141
0.5574897274876923
0.5576690119006086
0.5580796701166802
0.5584527755165329
0.5586805151761832
0.5588077101988603
0.5592159456525952
0.5593601000116293
0.5598216362367717
0.5604273268209482
0.5606308388572314
0.5611917083381789
0.5615563340698531
0.5618894638911501
0.5621002442144435
0.5623219269682521
0.5626041787804783
0.5629094468349033
0.5635260398495949
0.5639294297786565
0.5643534131875799
0.564871884327635
0.5652571035391712
0.5656738186610846
0.5661765418459511
0.5665011919990697
0.566869451874249
0.5672546710857852
0.5673455246734116
0.5675817440012405
0.5677925243245339
0.5679730201186185
0.5683049385587471
0.5684515156801179
0.5686198976625189
0.5689518161026476
0.5693164418343218
0.5697319455750669
0.5700057177191147
0.5703461158274218
0.5707495057564833
0.5709178877388844
0.5715211555607241
0.5719681552118463
0.5722479842617358
0.5725580978408342
0.573106853510098
0.5735756580222506
0.5743993972167306
0.5750172016125906
0.5753466972903826
0.5756907295421948
0.5763715257588091
0.5769142245222313
0.577352744505175
0.5775635248284684
0.5780505000581463
0.57838605264178
0.5786743613598481
0.5788088246695352
0.5791601252083576
0.5796059134783115
0.5803581811838586
0.5810353432569678
0.5815441233476761
0.5821425456448425
0.5823823991161763
0.5828439353413187
0.5832751870372523
0.5838869345272706
0.5842782106446486
0.5845689421250533
0.5851673644222196
0.5857548842888708
0.5862491278055588
0.586757907896267
0.5868984281117959
0.5872473058882816
0.587475045547932
0.5877948501763771
0.5880262239795325
0.5885362154514091
0.588985637864868
0.5894241578478118
0.5895222797224483
0.5897790925301392
0.5900964743962476
0.59055074233438
0.5908414738147847
0.5908996201108656
0.59117581501725
0.591258188936698
0.5918529770903593
0.5923896189479397
0.5927772609218126
0.5932085126177462
0.5935246831026864
0.5940310404310579
0.5945143815172307
0.595009836415087
0.5953938442454549
0.5957463561654456
0.5961691281932008
0.5962890549288677
0.5965931116021242
0.5968644609838353
0.5972193956661628
0.5976143059270458
0.5977451350932279
0.5981073380625654
0.5984113947358219
0.5988050936155367
0.599132166530992
0.5994798329263092
0.5998541497073303
0.6001158080396946
0.6003738322285537
0.6010219211536225
0.6013284005892158
0.6015621971547079
0.6018529286351126
0.6022272454161337
0.6024222777842385
0.6026233670581851
0.6028753343412024
0.6032859925572741
0.6034834476877157
0.6036263906655812
0.6038080978408342
0.6041085203705857
0.6045809590262433
0.605111543977982
0.6056821045082762
0.6059752587510175
0.6062599333255805
0.6066003314338877
0.6068607783850836
0.6070606562778618
0.607490696592627
0.607840785750281
0.6080333953560492
0.6084295169981006
0.6088341183083305
0.6089903864790479
0.6093186707756716
0.6097535566151103
0.6100043125169593
0.6101896538357173
0.6105167267511726
0.6108486451913013
0.6110133930301973
0.6112338644028376
0.6115560917936194
0.6117608152110711
0.6121581482342908
0.6124937008179245
0.6130194402449898
0.6130787979222391
0.6134712854207853
0.613840756677133
0.6140600166686049
0.6144973252703803
0.6146051381943637
0.6148401461410241
0.615368308330426
0.6157874462146761
0.6162186979106098
0.6165433480637283
0.6169564290421367
0.6170981606388339
0.6176129976353839
0.6177680544249331
0.6180297127572973
0.6182841028026514
0.6187771349381711
0.6190097201224949
0.6194651994417956
0.6198807031825406
0.6202077760979959
0.6205639221614917
0.6209479299918595
0.6213646451137729
0.6216456855448308
0.6219812381284645
0.6223070996627514
0.6228413187579951
0.6232216924448579
0.6236153913245727
0.6240393747334961
0.6244185370391906
0.6245687483040664
0.6248594797844711
0.6253403981083072
0.6259763732216924
0.6263761290072489
0.6265469337519867
0.6267892099856572
0.6269442667752064
0.6273694615652983
0.6276286971353258
0.6280005911540102
0.6282041031902934
0.6284584932356475
0.6290108830484165
0.6292507365197504
0.6293924681164477
0.6297546710857852
0.629826142574718
0.6300017928441292
0.630196825212234
0.630612328952979
0.6308497596619762
0.6312022715819668
0.6315475152149475
0.6317292223902005
0.63190608404078
0.6322343683374035
0.632489969763926
0.6326038395937512
0.6329805791371089
0.6332640423305036
0.6336201883939993
0.6340611311392798
0.6341943830677986
0.6346486510059309
0.6350556750784975
0.6352131546303834
0.6354069756173198
0.6357279916269334
0.6360914059774392
0.6363518529286352
0.636509332480521
0.6368012753420941
0.6369224134589293
0.6370411288134279
0.6372058766523239
0.6373270147691592
0.6375717137651665
0.6378903070124433
0.638061111757181
0.6381083556227468
0.6382052661162151
0.6385056886459666
0.6388036884133814
0.6393088343605846
0.6396237934643563
0.6400744272589836
0.6406062235918906
0.6408884754041168
0.6411719385975113
0.6414432879792223
0.6417534015583207
0.6419629705004458
0.6421894987789278
0.6423990677210528
0.6427939779819359
0.643216750009691
0.6435607822615033
0.6437303756250727
0.6442003915183936
0.6445686513935729
0.6450156510446952
0.6454226751172617
0.645609227817188
0.6460937802845292
0.6464063166259643
0.6467903244563321
0.6471513160445013
0.6475438035430476
0.648265786719386
0.6486897701283095
0.6490083633755863
0.6492021843625227
0.649624956390278
0.65027062255301
0.6507273132534791
0.6511343373260456
0.6514735240531845
0.6518296701166802
0.6520574097763305
0.6524414176066985
0.6529647342714269
0.6532300267472962
0.6533778152498353
0.6537460751250146
0.6541216032872039
0.6544438306779858
0.654681261386983
0.6549356514323371
0.6552070008140481
0.6554080900879947
0.6556128135054464
0.6558914311741676
0.6560682928247471
0.656171260224057
0.656438975462263
0.6569029344497422
0.6571452106834128
0.6574904543163934
0.6577751288909564
0.658251201690119
0.6588835426599993
0.6592336318176533
0.6597097046168159
0.660194257084157
0.6604365333178277
0.6607502810404311
0.6610204190409738
0.6611258092026204
0.6614577276427491
0.6618114509439083
0.662291157886576
0.6627442144435399
0.6632227100050393
0.6636963600418654
0.6641045954956003
0.6645079854246618
0.6649428712641005
0.6652905376594178
0.6656006512385161
0.6658247567546614
0.666190593867504
0.6665382602628213
0.6668314145055627
0.6671076094119471
0.6674928286234834
0.6676466740318642
0.6679907062836764
0.6682923401945963
0.6685055432802264
0.6685527871457921
0.6688156568593248
0.6689731364112106
0.6692650792727837
0.6698235259913944
0.6701142574717991
0.6703129239834089
0.6708556227468311
0.6713486548823506
0.6717544675737489
0.6720742722021941
0.672396499592976
0.6728519789122767
0.6733353199984494
0.6738065472729388
0.6742656607357445
0.6744897662518897
0.6748059367368299
0.6752662615808039
0.6756539035546769
0.6760972690622941
0.6763565046323216
0.6765345776640694
0.6769597724541614
0.677271097414428
0.6776696418188162
0.6778864790479513
0.6780621293173625
0.6784085843315114
0.6788119742605729
0.679306217777261
0.6794600631856418
0.6796478272667364
0.6799300790789626
0.6804546071248595
0.6808046962825135
0.6810954277629182
0.6814188665348684
0.6818767686165058
0.6820984513703143
0.6823104430747762
0.6826108656045277
0.6829609547621817
0.6834212796061557
0.6836514420281428
0.6839554987013994
0.6842256367019421
0.6844739698414545
0.6848640345776641
0.6852383513586852
0.6854866844981975
0.6856780827227972
0.6860233263557778
0.686449732527038
0.6868930980346551
0.6871353742683258
0.6874842520448115
0.6878597802070008
0.6880584467186107
0.6883310074814901
0.6885187715625848
0.6887198608365314
0.6890844865682056
0.6893643156180951
0.6895641935108734
0.6900245183548475
0.690307981548242
0.6905538919254177
0.6911014362135132
0.691588411443191
0.691893679497616
0.6920608500988487
0.6923285653370547
0.6924460693103849
0.6929027600108539
0.6930723533744234
0.6934975481645153
0.6938827673760515
0.694138368802574
0.6942352792960422
0.6944702872427027
0.6946956041400163
0.694965742140559
0.6952104411365663
0.6955472051013684
0.6959384812187464
0.6961892371205954
0.6965708221886265
0.6968724560995465
0.6972067973020118
0.6974999515447533
0.6977058863433733
0.6981347152769702
0.6985041865333178
0.6987840155832074
0.6990929177811374
0.6996792262666202
0.700059599953483
0.7005550548513393
0.7008518432375858
0.7010577780362057
0.7013109567003916
0.7016392409970151
0.7018984765670426
0.702088663410474
0.7023491103616699
0.7027088905686708
0.702987508237392
0.7034490444625344
0.703842743342249
0.7042546129394891
0.7045417102763887
0.7047367426444936
0.7049523684924603
0.7053339535604916
0.7055168721169128
0.7056392216149164
0.7058718067992402
0.7062122049075474
0.7065077819126255
0.7067270419040974
0.707038366864364
0.707302447959065
0.7075386672868939
0.7078645288211808
0.7081007481490096
0.7083175853781447
0.7084290324456333
0.7087452029305733
0.7090238205992945
0.7092806334069853
0.7097191533899291
0.7102218765747955
0.710724599759662
0.7110795344419893
0.7112939489087878
0.7114611195100206
0.7116803795014924
0.7120559076636819
0.7123611757181068
0.7125380373686863
0.7128348257549327
0.7130310695042059
0.7133593538008296
0.7136088983215102
0.7139832151025313
0.7141564426096058
0.7143333042601853
0.7146046536418963
0.7147790925301392
0.7150758809163856
0.715204287320231
0.7156149455363027
0.7159056770167074
0.7160498313757414
0.7163890181028801
0.716563456991123
0.7166991316819785
0.7169838062565415
0.7170964647051983
0.7173944644726131
0.7177699926348025
0.7179807729580959
0.7183090572547195
0.7186155366903129
0.7188081462960809
0.7189862193278288
0.719182463077102
0.7193096580997791
0.7196924545489786
0.7200049908904136
0.720311470326007
0.7205719172772028
0.7209147381478467
0.7211848761483893
0.7215264856378649
0.7216355099430166
0.721866883746172
0.7222254525720045
0.7223768752180486
0.7226070376400356
0.7229316877931542
0.7230249641431175
0.7232333217040742
0.7234780207000814
0.7237760204674962
0.7242327111679653
0.7245198085048649
0.7246954587742761
0.7249983040663643
0.7250867348916541
0.7253726208473854
0.7256875799511571
0.7258741326510835
0.7260279780594643
0.7262193762840641
0.726359896499593
0.7264931484281117
0.7267002946079001
0.7270709772454161
0.7274283346900803
0.7277735783230608
0.7280328138930884
0.7282532852657285
0.7284410493468233
0.7286663662441369
0.7289134880024809
0.7291884715276971
0.7294259022366942
0.7297420727216343
0.7300364383455441
0.7302762918168779
0.7305003973330232
0.7307802263829127
0.7312017870294996
0.7314852502228941
0.7317238923130597
0.7319092336318177
0.732116379811606
0.732281127650502
0.7327244931581192
0.7328868182346785
0.7331775497150832
0.7334719153389929
0.7339407198511455
0.7343453211613754
0.7345524673411638
0.7348746947319456
0.7350915319610808
0.7351896538357173
0.7354622145985967
0.7355482226615498
0.7356475559173548
0.735868027289995
0.7362435554521843
0.7366069698026902
0.7369897662518897
0.7372126603868667
0.7374791642439044
0.7376039365042447
0.7379576598054037
0.7382677733845021
0.7387462689460015
0.7390527483815947
0.7392986587587704
0.7396899348761484
0.7400824223746947
0.7404627960615575
0.7408552835601039
0.7412005271930845
0.7415954374539675
0.7421417703608947
0.7424967050432221
0.7428480055820444
0.7432598751792844
0.7438389153777571
0.7440957281854479
0.7444143214327248
0.7447946951195875
0.7451060200798543
0.7455324262511145
0.7457892390588053
0.7461090436872505
0.7464554987013994
0.7467474415629725
0.7470430185680506
0.7472622785595224
0.7476644571074156
0.7479891072605341
0.7482374404000465
0.7484082451447843
0.7488758382757685
0.7493095127340389
0.7496644474163663
0.7498812846455014
0.7501453657402023
0.7504264061712602
0.7506359751133853
0.7508394871496685
0.7512174380741947
0.7514197387293096
0.7517032019227042
0.7519636488739001
0.7520169496453076
0.7522725510718301
0.7524106485250223
0.7525317866418576
0.7527413555839826
0.7530429894949026
0.7532670950110478
0.7534996801953715
0.7537153060433384
0.7539975578555645
0.7543197852463465
0.7546359557312866
0.7549206303058495
0.7551580610148467
0.755447581114083
0.7557637515990231
0.7560302554560607
0.7565656859324728
0.7567389134395472
0.7570514497809823
0.7573433926425553
0.7575141973872931
0.7576656200333373
0.7579200100786914
0.7581332131643215
0.7585051071830058
0.7588321800984611
0.7591544074892429
0.759244049695701
0.7595347811761057
0.7598642768538978
0.760253130208939
0.7604760243439159
0.7607897720665193
0.7611834709462341
0.7615311373415513
0.7617734135752219
0.7619890394231887
0.7620944295848354
0.7621877059347986
0.762333071675001
0.7624651122223515
0.7626528763034461
0.7629266484474939
0.7632234368337404
0.7632912741791681
0.7634572333992324
0.763609867426445
0.7638775826646509
0.7641356068535101
0.7644239155715781
0.7647631022987169
0.7651192483622127
0.7652537116718998
0.7654644919951933
0.7659405647943559
0.7663282067682289
0.7666128813427918
0.766895133155018
0.7670913769042912
0.7672512792185138
0.7673263848509516
0.7675856204209792
0.7680362542156065
0.768463871768035
0.7688539365042447
0.7691470907469861
0.7692379443346126
0.7694838547117882
0.769637700120169
0.7698872446408497
0.7701501143543823
0.7703475694848239
0.77062982129705
0.770873308911889
0.7711604062487886
0.7712306663565531
0.7713409020428732
0.7716679749583285
0.7719623405822382
0.7720653079815483
0.7722760883048416
0.7725874132651084
0.7729326568980889
0.7732621525758809
0.7734329573206187
0.7736340465945653
0.773879956971741
0.774076200721014
0.7741973388378494
0.7743172655735163
0.7744856475559173
0.7746855254486956
0.774896305771989
0.7751131430011242
0.7753093867503973
0.775452329728263
0.7756885490560917
0.7759247683839207
0.7762385161065241
0.776420223281777
0.776691572663488
0.7769399058030003
0.7772379055704152
0.7775613443423653
0.7778460189169283
0.7781428073031748
0.778277270612862
0.7783753924874985
0.7785062216536807
0.7786043435283172
0.7787896848470752
0.779025904174904
0.7794074892429352
0.779643708570764
0.7798859848044346
0.7802493991549405
0.7805486103035236
0.7809968213358143
0.781328739775943
0.78145593479862
0.7816303736868628
0.7817188045121526
0.7820458774276079
0.7824347307826491
0.7826697387293096
0.7829810636895763
0.7831845757258596
0.7834244291971935
0.7838544695119588
0.7840931116021242
0.784363249602667
0.7846491355583982
0.7848635500251967
0.7852645171919216
0.7855346551924642
0.7857975249059969
0.7860821994805598
0.7864577276427491
0.7868162964685816
0.7870912799937977
0.7872233205411482
0.7873480928014885
0.7874244098150948
0.7877102957708261
0.7880652304531535
0.7882760107764468
0.7884456041400163
0.7885861243555452
0.7887290673334109
0.7891009613520952
0.7894256115052137
0.7895818796759313
0.7899016843043765
0.7902578303678722
0.7904007733457379
0.7906200333372098
0.790778724270264
0.7911772686746521
0.7913492848005582
0.7915721789355351
0.791705430864054
0.791890772182812
0.7922105768112572
0.7925921618792883
0.7929761697096561
0.7933783482575494
0.7937768926619374
0.7941754370663255
0.79445163197271
0.7947447862154514
0.7949204364848625
0.7952681028801799
0.7956860293832616
0.7959307283792689
0.7960227933480637
0.7962081346668217
0.7963389638330038
0.7966309066945769
0.7968901422646044
0.7969979551885878
0.7972668818079621
0.7975406539520099
0.797935564212893
0.7981075803387991
0.7983607590029849
0.7986042466178238
0.7987968562235919
0.7990040024033802
0.7992147827266737
0.7995067255882466
0.7996884327634997
0.7999234407101601
0.8000833430243827
0.8003886110788077
0.8006430011241618
0.8008356107299298
0.8011081714928092
0.8013177404349343
0.8014582606504632
0.8016750978795985
0.8018483253866728
0.8019694635035082
0.8020930243826802
0.8024237314416405
0.8025884792805364
0.8026684304376478
0.8028053165096717
0.8029143408148234
0.8031105845640966
0.8034400802418886
0.8035854459820909
0.8038931367988525
0.8042008276156142
0.8045097298135442
0.8047568515718883
0.8050621196263131
0.8053722332054115
0.8058688994844362
0.8062068748304067
0.8065678664185758
0.8068198337015932
0.8071214676125131
0.807381914563709
0.8076787029499555
0.8079524750940031
0.8081777919913168
0.8085012307632671
0.8087665232391363
0.8089421735085475
0.8091372058766523
0.8093164902895685
0.8094909291778114
0.8096871729270846
0.8099318719230918
0.8101002539054929
0.8102746927937357
0.8103885626235608
0.8105654242741404
0.8107095786331744
0.8109227817188045
0.811096009225879
0.8111759603829902
0.811322537504361
0.8117695371554832
0.8119524557119044
0.8121268946001473
0.8122504554793193
0.8123909756948482
0.8125872194441214
0.8129167151219134
0.8131323409698802
0.8132546904678839
0.8135672268093189
0.8137998119936427
0.8139851533124006
0.8141147710974145
0.8142674051246269
0.8144491122998798
0.8146271853316277
0.8148791526146452
0.81508145326976
0.8153915668488584
0.8156374772260341
0.8157949567779199
0.8159269973252704
0.8162746637205877
0.8165278423847734
0.8167277202775517
0.816914272977478
0.8172498255611118
0.8175235977051595
0.8177440690777997
0.81807477613676
0.8184442473931077
0.8186901577702833
0.8188839787572199
0.8190414583091057
0.8193915474667597
0.8197028724270264
0.8200093518626197
0.820274644338489
0.8205120750474861
0.8208052292902276
0.8209045625460325
0.821126245299841
0.8213018955692523
0.8214436271659495
0.8215732449509633
0.8216398709152227
0.8217985618482769
0.8220929274721867
0.8226695449083227
0.8230571868821956
0.8231868046672094
0.8234036418963445
0.823473902004109
0.8236604547040354
0.82404688529674
0.82435578749467
0.8246986083653138
0.8249263480249641
0.8251940632631701
0.8254339167345041
0.8256471198201342
0.8258360952823972
0.8259608675427376
0.8262382738302904
0.8265919971314494
0.8266683141450556
0.8268427530332985
0.8269881187735008
0.8270595902624336
0.8271831511416056
0.8275829069271621
0.8279729716633717
0.8282976218164902
0.8285289956196457
0.8286489223553126
0.828842743342249
0.8290353529480172
0.8291710276388727
0.8294108811102067
0.829700401209443
0.8299184498197465
0.8301183277125247
0.83034243322867
0.8304817420630306
0.8305532135519634
0.8306125712292127
0.830671928906462
0.8307627824940884
0.8308621157498934
0.8310523025933249
0.8313454568360662
0.8315235298678141
0.8319959685234717
0.8320843993487614
0.8321486025506842
0.8323739194479979
0.832487789277823
0.8325895452959646
0.8328403011978137
0.8330946912431678
0.8333454471450169
0.8335101949839129
0.8336058940962128
0.8337742760786138
0.8339693084467186
0.8342951699810055
0.8345156413536458
0.8347894134976935
0.8350801449780982
0.8352291448618057
0.835518664961042
0.8359147866030934
0.8361037620653564
0.836370265922394
0.8365010950885762
0.8366864364073342
0.8370559076636819
0.8372654766058069
0.8374665658797534
0.8376095088576191
0.8379462728224212
0.8381667441950614
0.838405386285227
0.8385749796487963
0.8387045974338101
0.8388426948870024
0.8388850932278947
0.8391007190758616
0.8392618327712524
0.8394701903322092
0.8397257917587316
0.8400104663332946
0.8401122223514362
0.8403181571500562
0.8405737585765787
0.8407469860836532
0.8409989533666705
0.8411152459588325
0.8413417742373144
0.8415937415203318
0.8417415300228709
0.8419099120052719
0.8419910745435516
0.842119480947397
0.8422745377369462
0.8423811392797612
0.8424828952979029
0.8426355293251153
0.8429068787068263
0.8431673256580222
0.8433163255417296
0.8434871302864674
0.843705178896771
0.8439825851843238
0.8441049346823274
0.8443411540101562
0.8445495115711129
0.8447275846028608
0.8448475113385278
0.8450498119936427
0.845356291429236
0.8455791855642129
0.845693055394038
0.8458432666589139
0.8461000794666046
0.8464538027677637
0.8465289084002016
0.846636721324185
0.8466948676202659
0.8469153389929062
0.8472472574330349
0.8476445904562546
0.8478117610574873
0.8478832325464202
0.8480128503314339
0.8483156956235222
0.8486524595883242
0.8491152071946351
0.849293280226383
0.8494519711594372
0.8496227759041749
0.8497790440748925
0.8499086618599062
0.8501351901383882
0.8504247102376246
0.8506197426057294
0.8506996937628406
0.8508959375121138
0.8509904252432453
0.8511285226964376
0.8513526282125828
0.8515319126254991
0.8517596522851494
0.8521291235414971
0.8522236112726286
0.8524537736946156
0.8526415377757104
0.852842627049657
0.8531200333372098
0.8533429274721867
0.8534882932123891
0.8538032523161608
0.8540649106485251
0.8542151219134008
0.8545530972593712
0.8547396499592976
0.8550364383455441
0.8553744136915146
0.8556796817459394
0.8558371612978253
0.8559643563205024
0.8561751366437957
0.8563556324378804
0.8564622339806954
0.8566536322052952
0.8569807051207505
0.8572254041167577
0.8573622901887816
0.8575306721711827
0.857713590727604
0.8580115904950188
0.8581811838585882
0.858458590146141
0.8587880858239331
0.8590303620576036
0.859261735860759
0.8593392642555336
0.8596045567314029
0.8597535566151103
0.8598710605884405
0.8599885645617708
0.8602756618986704
0.8604670601232701
0.8607262956932976
0.860950401209443
0.8612677830755514
0.8614058805287437
0.8615076365468853
0.8616844981974648
0.8617608152110711
0.8619086037136101
0.8621036360817149
0.8623325871225336
0.8623907334186146
0.8624961235802613
0.862605147885413
0.8627420339574369
0.8628886110788077
0.8631320986936466
0.8632823099585223
0.8634555374655968
0.8636178625421561
0.8638165290537659
0.8639667403186417
0.8640866670543086
0.8642986587587704
0.8644646179788348
0.8647153738806838
0.8649588614955227
0.8653779993797729
0.8657438364926154
0.8660539500717138
0.8663798116060007
0.8666063398844827
0.8669382583246114
0.8672980385316122
0.867620265922394
0.8679739892235532
0.8682429158429275
0.8684585416908943
0.8686148098616118
0.8687977284180332
0.8689128096290266
0.8691187444276466
0.8692980288405628
0.8694688335853006
0.8697292805364965
0.8699461177656317
0.8701423615149049
0.8703398166453463
0.8704960848160639
0.870647507462108
0.8708074097763305
0.8710133445749506
0.8712095883242238
0.8714736694189247
0.8717740919486762
0.8720987421017948
0.8722319940303136
0.8723797825328526
0.8725614897081055
0.8727710586502306
0.8729878958793659
0.8731732371981238
0.8733949199519324
0.8736032775128891
0.8739158138543242
0.8742029111912237
0.8745602686358879
0.8749491219909292
0.8753428208706439
0.875556023956274
0.8758128367639648
0.8760151374190798
0.8762743729891073
0.8764245842539831
0.8766450556266232
0.8769067139589874
0.8771683722913517
0.8774263964802109
0.8776589816645346
0.8778842985618482
0.8781047699344885
0.8783676396480211
0.8786947125634764
0.878981809900376
0.8792143950846998
0.8794166957398147
0.8796795654533472
0.8798491588169167
0.8801132399116176
0.8802828332751871
0.8804354673023995
0.880591735473117
0.8808025157964104
0.8810290440748925
0.8811974260572935
0.8814021494747452
0.8815729542194829
0.8818321897895104
0.8820369132069621
0.8822888804899794
0.8825105632437881
0.8826353355041284
0.8828000833430244
0.8830472051013684
0.8832713106175136
0.8836553184478816
0.883824911811451
0.8840260010853975
0.8842343586463542
0.8844536186378261
0.8846886265844865
0.8849212117688103
0.8851053417064
0.8853585203705857
0.8855608210257007
0.8857703899678258
0.8859763247664457
0.8862052758072644
0.8865262918168779
0.8867734135752219
0.8871392506880645
0.8874045431639338
0.8876674128774664
0.8879520874520294
0.8882924855603365
0.888551721130364
0.8887394852114587
0.8890253711671899
0.8892676474008606
0.8895305171143931
0.8898151916889561
0.8900465654921115
0.8901761832771252
0.8902682482459201
0.8903687928828934
0.8905832073496919
0.8908872640229484
0.8911416540683025
0.8913294181493973
0.8915571578090475
0.89170252354925
0.8919399542582471
0.8921773849672443
0.8925311082684033
0.8927879210760942
0.8929817420630306
0.893147701283095
0.8933306198395162
0.893538977400473
0.8937703512036284
0.8940950013567469
0.8944765864247781
0.8947951796720549
0.8950277648563787
0.8952409679420088
0.8955074717990464
0.8957921463736094
0.8959677966430205
0.8962706419351087
0.8964608287785402
0.8966461700972982
0.8967515602589449
0.8968811780439586
0.8971658526185216
0.8973935922781718
0.8975147303950072
0.8977049172384386
0.8979859576694964
0.8982052176609683
0.8984281117959453
0.8986267783075551
0.8987818350971043
0.8989671764158623
0.8990907372950343
0.8992033957436911
0.8993063631430012
0.8994965499864326
0.8997097530720627
0.8998938830096523
0.9001773462030469
0.9005044191185021
0.9009235570027523
0.9011403942318874
0.9012869713532581
0.9015498410667907
0.9017436620537271
0.9019641334263674
0.9021700682249874
0.9024402062255301
0.9025516532930186
0.90274184013645
0.9029707911772686
0.9032033763615924
0.9033547990076366
0.9035558882815832
0.9038090669457689
0.9039302050626041
0.9040925301391635
0.9042681804085746
0.904434139628639
0.9045758712253362
0.9046533996201108
0.9048653913245727
0.9049586676745358
0.9051367407062837
0.9052627243477924
0.9055098461061364
0.9057848296313524
0.9059968213358143
0.9061034228786293
0.9062645365740203
0.906452300655115
0.9066521785478932
0.9068157150056209
0.9069211051672675
0.9070386091405978
0.9071960886924836
0.907386275535915
0.9076031127650502
0.9078720393844245
0.9080779741830446
0.9082608927394659
0.9083614373764392
0.9084922665426213
0.9086170388029616
0.908683664767221
0.9088411443191069
0.9089404775749118
0.9090979571267976
0.9093305423111214
0.909531631585068
0.909713338760321
0.9098889890297321
0.910070696204985
0.9101930457029888
0.9103650618288949
0.9106412567352793
0.9108362891033841
0.9110482808078458
0.9112421017947824
0.9114359227817188
0.9116479144861805
0.9117823777958677
0.9119241093925651
0.9120537271775788
0.9121603287203939
0.9122378571151685
0.912414718765748
0.9126388242818932
0.912809629026631
0.9129683199596852
0.9130615963096484
0.9132844904446253
0.9134989049114238
0.9136588072256464
0.9137423925262628
0.9139022948404854
0.9140282784819941
0.914337180679924
0.9145079854246618
0.914666676357716
0.9148847249680195
0.9150761231926193
0.9152893262782494
0.9154795131216809
0.9156260902430515
0.9157508625033919
0.9158865371942474
0.9160125208357561
0.9161203337597396
0.916235414970733
0.9164171221459859
0.9165055529712758
0.9167441950614412
0.9169368046672094
0.9170337151606776
0.9171887719502267
0.9173074873047253
0.9174455847579176
0.9176430398883592
0.9177653893863628
0.9179277144629221
0.9180415842927472
0.9181796817459394
0.9184001531185797
0.9186145675853782
0.9188968193976044
0.9189791933170524
0.9192675020351203
0.9194564774973835
0.9196478757219831
0.9197799162693336
0.9199119568166841
0.9201833061983952
0.9202681028801799
0.920361379230143
0.9205963871768035
0.9209246714734272
0.9210869965499864
0.9212045005233167
0.9214443539946505
0.9216696708919642
0.9218126138698298
0.9219652478970423
0.9221651257898206
0.9224122475481645
0.9226666375935186
0.9228592471992867
0.9229440438810714
0.9230130926076675
0.9231511900608598
0.9232723281776951
0.923416482536729
0.9235715393262782
0.9237108481606389
0.9240791080358182
0.9243383436058457
0.9245236849246037
0.9248059367368299
0.9250675950691941
0.9253038143970229
0.9254092045586696
0.9255909117339225
0.9257423343799667
0.9258416676357716
0.9259640171337753
0.9261433015466914
0.9262874559057255
0.9263637729193317
0.9264958134666822
0.9265769760049618
0.9267090165523123
0.9268131953327906
0.9270336667054309
0.9272723087955964
0.9274600728766911
0.927707194635035
0.9277532271194325
0.9278901131914564
0.9279531050122107
0.928132389425127
0.9283153079815483
0.9285200313989999
0.9286011939372796
0.9287719986820173
0.9289621855254487
0.9290942260727991
0.9292395918130015
0.9294043396518975
0.9295630305849517
0.929663575221925
0.9299530953211613
0.9302474609450712
0.9303419486762027
0.9304109974027988
0.9305515176183277
0.9306908264526883
0.9308143873318603
0.9309597530720627
0.9310796798077295
0.9313425495212622
0.93141038686669
0.9315593867503973
0.9317507849749971
0.9318791913788425
0.9321408497112067
0.9323080203124394
0.932467922626662
0.9325854265999922
0.9327065647168276
0.9327937841609489
0.9328737353180603
0.9329912392913905
0.9331244912199093
0.9332068651393572
0.9333716129782533
0.9334333934178393
0.9335472632476645
0.9337628890956313
0.9338864499748033
0.9340439295266891
0.9342111001279219
0.934465490173276
0.9345151568011785
0.9346738477342327
0.934880993914021
0.9349900182191728
0.9351353839593751
0.9354103674845913
0.9356308388572314
0.9357992208396325
0.9360087897817576
0.9361759603829902
0.9362595456836066
0.9363564561770749
0.9365066674419507
0.9366665697561732
0.9368519110749312
0.9369863743846184
0.9371814067527232
0.9374527561344342
0.9376720161259061
0.9378670484940109
0.9380196825212234
0.9381916986471295
0.9383867310152343
0.9386290072489049
0.9387477226034034
0.9389318525409931
0.9390105923169361
0.939130519052603
0.9392044133038725
0.9393994456719773
0.9395036244524557
0.9396223398069543
0.9397979900763654
0.9399724289646083
0.9402486238709927
0.9406047699344885
0.9408167616389502
0.9409754525720045
0.9411341435050588
0.9413933790750862
0.9415726634880025
0.9417640617126022
0.9419154843586464
0.9420802321975423
0.9421347443501182
0.9422486141799434
0.9424436465480482
0.9426471585843315
0.9427804105128503
0.9429185079660426
0.943088101329612
0.9433546051866496
0.9435351009807342
0.9436211090436872
0.9437737430708997
0.9439300112416172
0.9440378241656007
0.9442994824979649
0.9447101407140365
0.944948782804202
0.945175311082684
0.9453667093072838
0.9455157091909911
0.9457361805636314
0.9459505950304299
0.9461504729232081
0.9462909931387371
0.9464048629685622
0.9465381148970811
0.9467319358840175
0.9468203667093072
0.9469354479203008
0.9470735453734931
0.9472322363065473
0.9473279354188472
0.9474333255804939
0.9475302360739621
0.9476768131953328
0.9477882602628213
0.9478875935186262
0.9480499185951855
0.9481577315191689
0.9483115769275497
0.948415755708028
0.948573235259914
0.9486810481838973
0.9488009749195643
0.948968145520797
0.9492079989921308
0.9494478524634647
0.9497422180873745
0.949936039074311
0.9500838275768501
0.9501904291196651
0.9502958192813118
0.950327315191689
0.9504060549676319
0.9504908516494166
0.9506761929681746
0.9507089002597201
0.9509124122960034
0.9510953308524247
0.9511558999108424
0.9511813389153777
0.9512734038841726
0.9513509322789472
0.9515919971314494
0.9518257936969415
0.9520014439663527
0.9521334845137032
0.9522073787649726
0.9523466875993333
0.9523915087025623
0.9525005330077141
0.9526858743264721
0.9528251831608326
0.9529208822731325
0.9530129472419273
0.9530553455828197
0.9531667926503081
0.9532612803814398
0.9533279063456991
0.9535084021397837
0.9537809629026631
0.9540232391363337
0.9541128813427918
0.9542206942667752
0.9543103364732333
0.954432685971237
0.9544944664108229
0.9545998565724697
0.9546156045276583
0.9546967670659379
0.9547961003217429
0.9548578807613288
0.9550105147885413
0.9552043357754778
0.9552697503585689
0.9553642380897004
0.95544540062798
0.9554684168701787
0.9555301973097647
0.9556355874714114
0.9556973679109974
0.955757936969415
0.955898457184944
0.956001424584254
0.9561019692212273
0.9562231073380626
0.9563599934100865
0.9564629608093964
0.9565707737333798
0.9566519362716595
0.9567064484242354
0.9567973020118619
0.9569051149358453
0.9569608384695895
0.9571074155909602
0.9572976024343915
0.9575047486141799
0.9576707078342442
0.9578839109198745
0.9580522929022754
0.9581940244989727
0.958376943055394
0.95853442260728
0.9586834224909874
0.9587730646974454
0.9589995929759274
0.959114674186921
0.9592321781602512
0.9593981373803155
0.9595895356049153
0.9597300558204442
0.9598160638833972
0.9598669418924681
0.9599711206729464
0.9601528278481994
0.9603405919292941
0.9604799007636546
0.960604673023995
0.9607379249525139
0.9609402256076288
0.9610480385316122
0.9611582742179323
0.9612866806217777
0.9614344691243167
0.9616040624878862
0.9617445827034151
0.9619917044617591
0.9621806799240221
0.9623284684265613
0.9624968504089623
0.9626361592433229
0.96277062255301
0.9628857037640036
0.962952329728263
0.9630262239795325
0.9631522076210413
0.9633157440787689
0.9634986626351901
0.963611321083847
0.9636791584292748
0.9638257355506454
0.9640413613986123
0.9642133775245183
0.9642933286816296
0.9643320928790169
0.9644241578478118
0.9644980520990812
0.9645937512113811
0.9647778811489708
0.9648832713106175
0.9650516532930186
0.9651727914098539
0.9652854498585107
0.9654550432220801
0.9656137341551343
0.965756677133
0.9659468639764314
0.966052254138078
0.9661612784432299
0.9663175466139473
0.9663914408652169
0.966522270031399
0.9666216032872039
0.9668251153234872
0.9669292941039656
0.967119480947397
0.9673169360778385
0.96750712292127
0.9675943423653913
0.9677348625809202
0.967922626662015
0.9680813175950692
0.9682593906268171
0.9684665368066054
0.9687197154707912
0.9689123250765593
0.9690068128076909
0.9691388533550412
0.9692636256153816
0.9693641702523549
0.9694974221808738
0.9696270399658875
0.9697045683606621
0.9698366089080126
0.9699662266930263
0.9701115924332286
0.9702157712137071
0.9703453889987208
0.9704822750707447
0.970607047331085
0.9707184943985735
0.9707778520758228
0.9709413885335504
0.9710734290809009
0.971142477807497
0.9712345427762918
0.9713677947048106
0.971430786525565
0.9715422335930535
0.9719032251812226
0.972027997441563
0.9722387777648563
0.9724071597472574
0.972587655541342
0.9727620944295848
0.9729413788425011
0.9730419234794744
0.9731061266813971
0.9732030371748653
0.9733265980540373
0.9734428906461992
0.9735313214714889
0.9736839554987013
0.9738244757142304
0.973988012171958
0.9740970364771098
0.9742605729348374
0.9743938248633562
0.9745064833120131
0.9746675970074039
0.9748093286041013
0.9748553610884987
0.9749813447300074
0.9751666860487653
0.975305994883126
0.9754501492421599
0.9755676532154902
0.9756936368569988
0.9758281001666861
0.9759298561848276
0.9760631081133465
0.9762278559522425
0.9764398476567042
0.9766336686436408
0.9767426929487925
0.9768408148234291
0.9769207659805403
0.9770576520525642
0.977146082877854
0.9772962941427298
0.9774719444121409
0.9775979280536496
0.9778365701438152
0.9779819358840175
0.9780509846106137
0.9781563747722604
0.9782484397410551
0.9783550412838702
0.9784313582974764
0.9785234232662713
0.978611854091561
0.9786821141993255
0.9788626099934101
0.9789873822537505
0.9790455285498314
0.9791073089894173
0.9791509187114781
0.9792078536263906
0.9793059755010273
0.9794234794743575
0.9795421948288561
0.9796403167034926
0.9797796255378532
0.9798838043183316
0.9799673896189479
0.9800655114935846
0.9801648447493895
0.9802738690545413
0.9803719909291778
0.9805040314765283
0.980609421638175
0.9806845272706128
0.98081172229329
0.9809207465984416
0.9810758033879908
0.9811702911191224
0.9813326161956817
0.9814525429313486
0.9815761038105206
0.9816742256851572
0.9818171686630228
0.9819140791564911
0.9820812497577238
0.9821660464395084
0.9822678024576501
0.9823731926192968
0.9825149242159941
0.9826384850951662
0.9827426638756445
0.9828189808892507
0.9829413303872543
0.9830842733651199
0.9831654359033997
0.9832708260650463
0.9833192813117805
0.9834270942357638
0.9835118909175485
0.9835906306934915
0.9837093460479901
0.9838038337791216
0.9839261832771252
0.9840691262549909
0.9842362968562236
0.9843634918789006
0.9844737275652208
0.9845548901035004
0.9846215160677598
0.9847620362832887
0.9848565240144203
0.9849485889832151
0.9850418653331783
0.9850878978175757
0.9851533124006667
0.9852284180331046
0.9852974667597008
0.9853871089661589
0.9854719056479435
0.9855918323836105
0.9856851087335736
0.9858450110477962
0.9860097588866923
0.9861272628600225
0.9862132709229755
0.9863126041787805
0.9863961894793968
0.9864155715780905
0.9864579699189828
0.9864991568787068
0.9865403438384308
0.9865912218475017
0.9866626933364344
0.9867414331123774
0.9867874655967748
0.9868116932201418
0.986839554987014
0.986880741946738
0.9869243516687987
0.9870030914447416
0.9870721401713377
0.9871254409427452
0.9871787417141528
0.987251424584254
0.9873010912121565
0.9873313757413653
0.9873883106562779
0.9874755301003992
0.9876366437957902
0.9877371884327635
0.9879043590339962
0.9880145947203163
0.9881551149358453
0.9883525700662867
0.988528220335698
0.9886990250804357
0.9888516591076482
0.9890042931348606
0.9891884230724503
0.9893228863821375
0.9894282765437842
0.9896002926696903
0.9896535934410978
0.9897311218358724
0.9897565608404078
0.9898074388494786
0.9898256095670039
0.9898837558630849
0.9899419021591658
0.9901054386168935
0.9902338450207389
0.9903779993797729
0.9905100399271233
0.9905899910842346
0.9906953812458813
0.9907680641159825
0.9908346900802419
0.9908855680893127
0.9909437143853936
0.9910224541613366
0.9911254215606465
0.991188413381401
0.9912477710586503
0.9912695759196806
0.9913143970229097
0.9913919254176842
0.9914961041981626
0.9915566732565803
0.9916535837500484
0.9917286893824864
0.9917953153467457
0.9918268112571229
0.9918898030778772
0.9919842908090089
0.9921102744505175
0.9922314125673528
0.9923198433926426
0.9924361359848044
0.9925172985230841
0.9925911927743536
0.9926772008373067
0.9927571519944179
0.9928528511067178
0.9929279567391557
0.9930163875644454
0.9930914931968834
0.9931775012598364
0.9932841028026514
0.9933386149552274
0.993399184013645
0.9934936717447765
0.9936002732875916
0.9937214114044268
0.9938377039965888
0.9939503624452456
0.9940702891809126
0.9941502403380238
0.994185370391906
0.9942120207776098
0.9942423053068187
0.9943283133697717
0.9944482401054386
0.9945572644105903
0.9946469066170485
0.9947692561150522
0.9948661666085203
0.9949739795325038
0.995046662402605
0.9951278249408846
0.995215044385006
0.9952719792999186
0.9953083207349692
0.9954282474706361
0.9954912392913905
0.9955578652556499
0.9956705237043068
0.9957117106640307
0.9958086211574989
0.9959346047990076
0.9960194014807924
0.9960981412567352
0.9962168566112338
0.9963283036787224
0.9963779703066248
0.9964760921812614
0.9965584661007094
0.9966129782532853
0.9966711245493662
0.9967498643253091
0.9967886285226965
0.9968806934914912
0.9969412625499089
0.9970018316083266
0.9970599779044075
0.9971290266310036
0.9971968639764314
0.9972840834205527
0.9974149125867349
0.9975166686048765
0.9976184246230182
0.9976814164437725
0.997772270031399
0.9978497984261736
0.9979115788657595
0.9979406520138
0.9980254486955847
0.9981829282474707
0.9982822615032756
0.9984155134317944
0.9984833507772222
0.9985693588401752
0.9986311392797612
0.9986868628135055
0.9987583343024383
0.9988758382757685
0.9989691146257317
0.9990199926348025
0.999152033182153
0.9992150250029073
0.9992501550567896
0.9993313175950692
0.9994064232275071
0.9994742605729349
0.9995202930573323
0.9995372523936892
0.9995820734969183
0.9996486994611776
0.999732284761794
0.9998013334883902
0.9998752277396596
0.9999733496142962
1.0000884308252898
1.0001708047447377
1.000239853471334
1.0003101135790984
1.0003658371128425
1.0004179265030817
1.000531796332907
1.0006105361088498
1.0006602027367524
1.00072077179517
1.0007837636159242
1.0008588692483622
1.0009194383067799
1.000975161840524
1.0010369422801102
1.0010805520021708
1.0011520234911035
1.0012525681280768
1.0013264623793465
1.0013737062449122
1.0014306411598248
1.001462137070202
1.0015384540838081
1.0015990231422258
1.0016365759584447
1.0016826084428423
1.0017758847928053
1.0018231286583712
1.001898234290809
1.002001201690119
1.0020593479861999
1.0021344536186378
1.002182908865372
1.00226528278482
1.0023488680854362
1.0024082257626856
1.0024724289646083
1.002536632166531
1.0025596484087298
1.0026177947048107
1.0026892661937434
1.0027486238709928
1.0027825425437067
1.0028213067410938
1.0028721847501647
1.0029775749118115
1.0030466236384075
1.0031459568942125
1.0032150056208087
1.00330222506493
1.0033930786525564
1.0035263305810753
1.0036753304647827
1.0037322653796954
1.0038158506803116
1.0038921676939179
1.0039503139899988
1.0040205740977632
1.004081143156181
1.0041550374074504
1.0041901674613327
1.0042398340892351
1.004318573865178
1.004380354304764
1.0044324436950034
1.0044893786099158
1.004599614296236
1.004657760592317
1.0047389231305965
1.0047898011396674
1.004884288870799
1.0049133620188393
1.0049642400279102
1.0050126952746443
1.0050514594720317
1.0050865895259138
1.0051447358219947
1.0051980365934023
1.0052561828894833
1.0053191747102377
1.0053809551498236
1.0054330445400628
1.0054911908361437
1.0055457029887196
1.005584467186107
1.0056183858588208
1.0056571500562081
1.005698337015932
1.005752849168508
1.0058109954645889
1.0058776214288483
1.00597937744699
1.0060544830794278
1.006095670039152
1.0061574504787378
1.006230133348839
1.006319775555297
1.0063754990890414
1.0064300112416174
1.006473620963678
1.00660445012986
1.0067122630538434
1.0068164418343217
1.0068963929914332
1.0069569620498509
1.0070284335387836
1.0071071733147265
1.0071677423731442
1.0072258886692251
1.0073167422568516
1.0073845796022793
1.0074475714230338
1.0074911811450944
1.0075905144008994
1.0077140752800713
1.0077928150560143
1.007873977594294
1.0079587742760787
1.0080338799085165
1.0080992944916076
1.0081744001240454
1.008234969182463
1.0082785789045239
1.0083161317207427
1.0083403593441098
1.0083706438733187
1.0084360584564096
1.008471188510292
1.0085293348063729
1.00856083071675
1.0085790014342753
1.0086141314881576
1.0086444160173664
1.008695294026437
1.0087655541342015
1.0088115866185992
1.0088624646276698
1.0088963833003837
1.0089412044036128
1.0089884482691787
1.0090356921347443
1.0090805132379734
1.0091398709152226
1.0091907489242935
1.0092295131216809
1.0093034073729503
1.0093530740008527
1.0094196999651122
1.0095020738845601
1.009556586037136
1.0096098868085437
1.009655919292941
1.0097370818312208
1.0098654882350662
1.0099139434818003
1.0099466507733457
1.0099999515447533
1.0100786913206963
1.0101380489979455
1.0102143660115517
1.0102688781641276
1.010339138271892
1.0103706341822694
1.0104336260030236
1.0105353820211653
1.0106020079854248
1.010664999806179
1.0107013412412296
1.0107340485327752
1.0107812923983408
1.0108115769275496
1.0108418614567585
1.0108721459859673
1.0109000077528394
1.0109399833313952
1.0109799589099508
1.0110332596813583
1.0110792921657556
1.0111059425514595
1.0111289587936583
1.0111749912780557
1.0112052758072645
1.0112476741481569
1.0112888611078807
1.0113385277357831
1.0114015195565376
1.011460877233787
1.0115044869558476
1.011550519440245
1.0115989746869791
1.0116353161220297
1.0116631778889018
1.0117273810908245
1.0117843160057371
1.0118267143466295
1.0118691126875219
1.011917567934256
1.01196602318099
1.0120120556653875
1.012082315773152
1.0121877059347986
1.012257966042563
1.012312478195139
1.0123512423925263
1.0124009090204287
1.0124336163119743
1.0124614780788463
1.0125026650385704
1.0125474861417993
1.01257655928984
1.0125947300073652
1.0126201690119006
1.0126407624917626
1.0126577218281196
1.012666201496298
1.0126880063573285
1.0127122339806953
1.0127207136488738
1.0127304046982206
1.0127509981780827
1.0127643233709347
1.0127764371826182
1.0127873396131333
1.0127946079001435
1.0127994534248168
1.0128018761871536
1.0128127786176688
1.012817624142342
1.0128248924293521
1.0128285265728574
1.0128333720975307
1.0128382176222042
1.012847908671551
1.012851542815056
1.0128527541962244
1.0128612338644027
1.0128745590572548
1.0128842501066015
1.0128915183936116
1.012896363918285
1.0129012094429586
1.0129048435864636
1.0129109004923054
1.0129133232546421
1.0129169573981471
1.0129205915416521
1.0129242256851572
1.0129290712098307
1.012933916734504
1.0129387622591774
1.0129399736403457
1.0129423964026825
1.0129423964026825
1.0129423964026825
1.0129460305461875
1.012947241927356
1.0129496646896925
1.012950876070861
1.0129557215955343
1.0129629898825445
1.0129678354072178
1.0129726809318913
1.0129775264565648
1.012982371981238
1.012986006124743
1.0129896402682483
1.0129920630305849
1.0129932744117534
1.01299569717409
1.0130005426987634
1.0130065996046052
1.0130114451292787
1.013016290653952
1.0130211361786254
1.0130223475597937
1.0130235589409622
1.0130235589409622
1.013029615846804
1.0130356727526457
1.0130417296584875
1.0130453638019925
1.013053843470171
1.0130562662325076
1.013057477613676
1.0130599003760128
1.0130635345195178
1.013064745900686
1.013068380044191
1.0130695914253596
1.0130708028065278
1.0130720141876963
1.0130744369500329
1.013078071093538
1.013081705237043
1.0130841279993799
1.0130865507617164
1.0130926076675582
1.0130974531922317
1.0131010873357367
1.0131010873357367
1.0131047214792417
1.0131107783850835
1.0131144125285887
1.0131204694344305
1.0131216808155987
1.013122892196767
1.0131241035779355
1.0131277377214405
1.0131289491026088
1.0131301604837772
1.0131301604837772
1.0131313718649455
