0.0010224057060898553
0.0017250067837345428
0.0024094371438539365
0.003245290150017444
0.003886110788076133
0.004098102492537892
0.004748614179943404
0.005785556460053494
0.006606872892196767
0.00748270147691592
0.008002383998139318
0.008394871496685661
0.0091604643950847
0.009861854091561035
0.01062260146528666
0.010879414272977478
0.011429381323409699
0.012068990580300035
0.012763111989766252
0.013299753847346591
0.013984184207465984
0.014563224405938675
0.01499447610187231
0.015959946893049578
0.016587442338256386
0.017343344187308603
0.017768538977400473
0.01842026204597434
0.018844245454897858
0.019609838353296896
0.020051992479745706
0.02082000814048145
0.02162678799860449
0.02190661704849401
0.022320909408070706
0.022867242314997867
0.023537136101097027
0.024015631662596425
0.024604362910415938
0.024892671628483933
0.025601329611970383
0.026142816994224136
0.02679090591929294
0.02767642555335892
0.028278481994030314
0.02891445710741559
0.02934692018451758
0.03005921231150909
0.030813902779392954
0.03125847966817847
0.031546788386246465
0.031911414117920686
0.032504990890413615
0.03313369771678877
0.03391140442687134
0.03432690816761639
0.03507796449199519
0.03565700469046788
0.03655584951738574
0.03716275148273055
0.03823724657905958
0.03882234368337403
0.03958187967593131
0.040070066286777534
0.04051948870023646
0.040896228243594214
0.04146073186804667
0.04212335736713571
0.042586104973446524
0.04328022638291274
0.04391862425863473
0.044248119936426716
0.0448041438927007
0.045529761212544095
0.04595859014614102
0.04650855719657324
0.04700280071326123
0.047549133620188394
0.048032474706361204
0.04877383998139319
0.04957940845834787
0.05045523704306702
0.051105748730472536
0.051398902973213936
0.05202276427491569
0.052575154087684615
0.05272536535256037
0.05323899096794201
0.0538386246462767
0.054409185176570916
0.054950672558824666
0.05543885916967089
0.05587132224677288
0.056800451602899565
0.05737101213319378
0.05828560491530023
0.05879438500600845
0.05931406752723185
0.0600845059503043
0.06092883862464628
0.06179013063534519
0.06201181338915378
0.06246729270845447
0.06309478815366128
0.06376347055859208
0.06411234833507773
0.06446849439857348
0.06457630732255688
0.06559265612280497
0.06601542815056015
0.06659083420552778
0.0666853219366593
0.0675623619025468
0.06853873512423925
0.06928979144861806
0.06973436833740357
0.07029644919951933
0.07094453812458813
0.07182157809047564
0.07248662635190138
0.0731395608016436
0.07381308873124783
0.07427099081288521
0.07461986858937086
0.07535033143388765
0.07611350156994999
0.07663076132883669
0.07698448462999574
0.0773454762181649
0.07768466294530371
0.07804686591464123
0.07822372756522077
0.07862711749428228
0.07903414156684886
0.0796713280614025
0.08047205101368377
0.08102444082645269
0.0814847656704268
0.08227822033569795
0.08286695158351746
0.08312255301003993
0.08328608946776757
0.08353199984494321
0.08396325154087685
0.08445264953289142
0.08497475481645153
0.08541085203705857
0.08582393301546691
0.08643810326782184
0.08693476954684654
0.08751865526999264
0.08795596387176803
0.08816916695739814
0.08915523122843741
0.08973911695158351
0.09019701903322092
0.09086206729464666
0.09133814009380936
0.09213280614024887
0.09314430941582355
0.09366520331821529
0.09431208086211575
0.09531268170717526
0.09607706322440594
0.09654223359305346
0.09706433887661356
0.09762763111989767
0.09817517540799318
0.09854706942667751
0.09924361359848044
0.09945318254060549
0.09961429623599644
0.09996559677481878
0.10055069387913323
0.10069484823816723
0.10090441718029228
0.10152222157615226
0.10185171725394426
0.10235080629530566
0.10290319610807458
0.10306794394697058
0.10346164282668527
0.10434110555490948
0.10489228398651006
0.10493589370857076
0.10546890142264605
0.10573419389851534
0.10605642128929721
0.10654945342481684
0.10677234755979377
0.10752703802767764
0.10788439547234174
0.10866331356359267
0.10920722370818312
0.10975113385277357
0.11046342597976509
0.11110909214249719
0.11177414040392293
0.1122332538667287
0.11261968445943327
0.11324475714230336
0.11346159437143855
0.11372325270380276
0.114232032794511
0.11466449587161298
0.11545310501221072
0.11599459239446447
0.11657120983060046
0.11709089235182385
0.11785042834438113
0.11846459859673605
0.11915024033802381
0.12003697135325814
0.12069111718416871
0.12131740124820715
0.12204059580571384
0.12258935147497771
0.1231066112338644
0.12341187928828934
0.1242101794782339
0.12486190254680776
0.12552089390239174
0.12582131643214328
0.12612779586773656
0.12668018568050549
0.12737551847114006
0.12784553436446097
0.12831191611427686
0.12856146063495755
0.1289999806179013
0.12961899639492963
0.13041971934721092
0.1309478815366128
0.131580222506493
0.13199088072256465
0.1323155308756832
0.1326656200333372
0.13313927007016318
0.13357294452843355
0.13401025313020895
0.13492848005582045
0.13590000775283947
0.13672738109082452
0.13711260030236075
0.13761895763073226
0.13857110322905763
0.13927249292553398
0.139873337985037
0.14054686591464124
0.14091512578982052
0.14115861340465946
0.14144449936039075
0.14236514904833894
0.14302050626041787
0.14361771717641586
0.1439508469977129
0.14457955382408808
0.14508954529596466
0.1455280652789084
0.1458648292437105
0.14616161762995697
0.146721275729736
0.14716342985618483
0.14753895801837422
0.14824398185835563
0.14868250184129939
0.14927244447028723
0.14983573671357134
0.15028394774586193
0.15052864674186922
0.15109436174749002
0.15157164592782107
0.1524450517502035
0.15305679924022172
0.15358253866728688
0.15406830251579642
0.15419670891964182
0.15484722060704734
0.15555103306586038
0.15596532542543706
0.15677573942706516
0.15741413730278714
0.15791564910648526
0.15845834786990734
0.15911491646315462
0.1597617940070551
0.16028753343412025
0.16082538667286894
0.1612045489785634
0.161488012171958
0.16202707679187503
0.1625116292592162
0.16339230336860874
0.1639568069930612
0.16440622940652014
0.16497678993681436
0.165387448152886
0.1659071306741094
0.16662547970694266
0.16733050354692405
0.16822086870566344
0.16873086017754002
0.169204510214366
0.16987440400046516
0.1704909970151568
0.17091376904291197
0.17158608559134783
0.17200522347559793
0.17251642632864286
0.17322387293096098
0.17362726286002247
0.17399067721052836
0.17456487188432762
0.1755533589177036
0.1761299763538396
0.17683621157498933
0.17724808117222932
0.17773990192658062
0.17827412102182424
0.17865207194635035
0.1789827790053107
0.17948792495251387
0.1802438268015661
0.18080469628251347
0.18131711051672675
0.18202940264371825
0.18291128813427918
0.18360177540024034
0.18428499437919138
0.18466657944722253
0.18519231887428772
0.18620503353103074
0.18700939062681707
0.18783555258363377
0.18824499941853703
0.18857934062100246
0.18923227507074467
0.1897713396906617
0.19046061557545452
0.19126012714656743
0.19175800480676047
0.1922461914176067
0.19282280885374267
0.19346120672946468
0.19365260495406442
0.19416138504477265
0.1950008721944412
0.1952043842307245
0.1956647090746986
0.19585126177462495
0.19619529402643718
0.19683732604566423
0.19730007365197502
0.19751569949994185
0.19793241462185526
0.19823041438927008
0.19900206419351088
0.19987183587238827
0.20069557506686825
0.2009414854440439
0.20179308640539598
0.2024096794200876
0.20302263829127418
0.20355080048067606
0.20394934488506417
0.20461197038415319
0.2051437667170601
0.20582214017133776
0.2063357657867194
0.2071352773578323
0.2077009923634531
0.20829456913594604
0.2090952920882273
0.2098935922781719
0.21073065666550375
0.211366631778889
0.2118790460131023
0.21238540334147382
0.21283240299259604
0.21295596387176804
0.21375062991820754
0.21451985696011164
0.2150661898670388
0.2154804822266155
0.21576273403884172
0.21625576617436135
0.21687235918905298
0.2177651471101291
0.21801348024964143
0.21846290266310037
0.21897289413497695
0.2194235279296042
0.22003769818195915
0.22061068147459006
0.22093169748420358
0.22131570531457145
0.2216875993332558
0.22233447687715627
0.22290019188277707
0.22335930534558282
0.2237917684226848
0.22436475171531572
0.22479842617358609
0.22527086482924372
0.2259189537543125
0.22610792921657558
0.22651737605147884
0.22705280652789084
0.22752161104004343
0.22771664340814823
0.22804735046710858
0.22860095166104585
0.22916908942900338
0.22955067449703453
0.23023752761949065
0.23093770593479862
0.2315785265728573
0.23204611970384154
0.23239257471799046
0.23277658254835834
0.2330527774547428
0.23357003721362948
0.23381837035314185
0.2340739717796643
0.23448099585223087
0.23487711749428228
0.2353241171454045
0.2361345311470326
0.23664209985657247
0.2369788638213746
0.2372817091134628
0.23759182269256116
0.23823506609295655
0.23883833391479628
0.23950580493855875
0.24008484513703143
0.24035740589991084
0.24087951118347095
0.24162451060200799
0.2419527948986316
0.24202668914990116
0.24240464007442725
0.24279712757297361
0.24347792378958794
0.2437977284180331
0.2444131100515564
0.24503333720975307
0.2456959627088421
0.24646882389425126
0.2473373841919603
0.2480496763189518
0.24868807419467379
0.24899576501143544
0.24920412257239213
0.2494803174787766
0.24987038221498623
0.2501053901616467
0.2501393088343606
0.25068806450362446
0.251115682056053
0.25164990115129665
0.2522604372601465
0.2528091929294104
0.2531738186610846
0.25377466372058766
0.2541732081249758
0.25461899639492963
0.25525981703298833
0.25577344264837
0.2561828894832732
0.2565572062642943
0.2572513276737605
0.25774920533395357
0.25837548939799204
0.2595965616156917
0.2602822033569795
0.2609424060937318
0.26165348683955497
0.2621162344458658
0.26253900647362094
0.2627364616040625
0.2629084777299686
0.26327310346164284
0.26388242818932434
0.2641852734814126
0.26492906151878126
0.2656122804977323
0.266112580920262
0.26688665348683954
0.26717980772958094
0.2674051246268946
0.26793449819746484
0.26830881497848585
0.2684735628173819
0.2688563592665814
0.2692500581462961
0.2696231635461488
0.27006168352909254
0.27066495135093227
0.27123914602473154
0.2719405357212079
0.27238026708532
0.27259468155211847
0.2730925592123115
0.2733857134550529
0.27377093266658914
0.2742445827034151
0.27470369616622087
0.2749859479784471
0.2753336143737644
0.27576365468852965
0.27615008528123425
0.2766055646005349
0.277082848780866
0.2777818157150056
0.278442018451758
0.2786418963445362
0.2791482536729077
0.2797890743109664
0.2803572120789239
0.2808841628871574
0.2820083246113889
0.28252558437027564
0.28342806334069853
0.2842033472884444
0.2847000135674691
0.2852705740977633
0.2855831104391984
0.28632447571423036
0.2870198085048649
0.28772362096367793
0.2881900027134938
0.28861519750358566
0.28909005892158
0.2897345137031438
0.29001555413420166
0.29030991975811143
0.29064062681707176
0.29095558592084353
0.2910440167461333
0.29128871574214055
0.29175267472961974
0.29247465790595806
0.2927169341396286
0.2931869500329496
0.293418323836105
0.29384351862619684
0.29411123386440285
0.2945000872194441
0.29491801372252585
0.29555398883591116
0.2958180699306121
0.2962735492499128
0.29663454083808194
0.29700280071326124
0.2974485889832151
0.29791739349536767
0.2982844419893786
0.2988489456138311
0.2990972787533434
0.29955639221614916
0.2998665057952475
0.30007122921269913
0.3003655948366089
0.3007350660929565
0.3012450575648331
0.30197673179051826
0.30226504050858627
0.3028586172810792
0.3032523161607939
0.3039936814358259
0.3040578846377486
0.3044685428538202
0.3049470384153196
0.3051893146489902
0.3055175989456138
0.3063498178082723
0.30685496375547544
0.3073758576578672
0.3080360603946195
0.30850365352560377
0.30911418963445364
0.30942430321355197
0.30981800209326665
0.31012448152885996
0.3107616680234136
0.31147759429391014
0.3118737159359615
0.3122601465286661
0.31300030042252974
0.3136132592937163
0.31391368182346785
0.31459568942125055
0.31504268907237276
0.31547030662480136
0.3161087045005233
0.316498769236733
0.3168912567352793
0.31740367096949257
0.318194702872427
0.31877253168973135
0.3190354014032639
0.3192122630538435
0.31978403496530605
0.32044544908322675
0.32141213125557233
0.32175979765088963
0.3221922607279916
0.32225888669225106
0.32231945575066867
0.3223727565220762
0.3225580978408342
0.3229905609179362
0.3234993410086444
0.323721023762453
0.3241668120324069
0.32488031554056673
0.32556232313834943
0.3261571112920107
0.32641513548086987
0.3271940535721208
0.32763257355506453
0.32819344303601194
0.3288269953870605
0.3294932550296546
0.32990633600806296
0.33012559599953484
0.33067556304996704
0.33127277396596505
0.3317924564871884
0.3322152285149436
0.33276398418420744
0.33336846338721554
0.33385301585455673
0.3342285440167461
0.3344708202504167
0.3350292669690274
0.33552472186688376
0.33586390859402254
0.33652774547427994
0.33689842811179593
0.3375271349381711
0.3379535411094313
0.3385071423033686
0.3392048978563399
0.33997775904174904
0.3407651568011784
0.3413284490444625
0.34165673334108615
0.3422067003915184
0.342778472302981
0.3430268054424933
0.3434217157033764
0.3438675039733302
0.34407343877195024
0.34497349498003643
0.34594744543939215
0.3466209733689964
0.34694925766562
0.34754525720044965
0.3479219967438074
0.3481557933092995
0.3487384676512773
0.3491103616699616
0.34941562972438656
0.3497148408729697
0.3500903690351591
0.3504174419506144
0.3508268887855177
0.3514931484281118
0.3519534732720859
0.3523750339186727
0.35295286273597704
0.35342893553513977
0.35409519517773386
0.35528113734155137
0.3558626003023607
0.3566439411559484
0.3570000872194441
0.3575997208977788
0.35819329767027175
0.35864514284606736
0.35906791487382256
0.35946040237236887
0.35990376787998607
0.36040527968368413
0.36086923867116333
0.3611296856223592
0.3614967341163701
0.3617523355428926
0.36225990425243243
0.3627468794821103
0.363243545761135
0.3636663177888902
0.36383469977129124
0.3643398457184944
0.36479411365662673
0.36532106446486023
0.36578381207117106
0.3665542504942435
0.3673319572043261
0.36763601387758266
0.36816659882932123
0.368852240570609
0.36962267899368145
0.37007573555064543
0.37044278404465636
0.3708837267899368
0.37123260456642243
0.3715100108539753
0.3719352056440671
0.37250940031786645
0.37311993642671626
0.37395578943287977
0.37465596774818777
0.3749781951389696
0.3751538454083808
0.37535978020700084
0.3757256173198434
0.37614838934759853
0.37668139706167386
0.37740943714385394
0.37775589215800287
0.3779048920417103
0.3784754525720045
0.3787649726712408
0.37912596425941003
0.37959598015273094
0.3797813214714889
0.3801120285304493
0.3803421909524363
0.38062928828933595
0.3809575725859596
0.38135248284684264
0.3815172306857387
0.3819230433771369
0.38210596193355817
0.3823930592704578
0.38271407528007134
0.3832325464201264
0.38365047292320814
0.38415440748924295
0.3845432608442842
0.3851852928635113
0.3855147885413033
0.385850341124937
0.3863518529286351
0.3866849827499322
0.3868024867232624
0.3869793483738419
0.38743482769314264
0.3879932744117533
0.3883942415784781
0.38907261503275575
0.389605622746831
0.39024644338488973
0.39086545916191806
0.39147478388959955
0.3918103364732333
0.39221372640229485
0.3927273520176765
0.39278065278908403
0.3929817420630306
0.39322886382137456
0.39372068457572584
0.3942318874287708
0.39499142342132804
0.3950943908206381
0.39517918750242276
0.39552927666007676
0.39607682094817226
0.3962585281234252
0.3967491374966081
0.3971404136139861
0.39744083614373765
0.39765646199170446
0.3979375024227623
0.3982718436252277
0.39857347753614764
0.3988436155366903
0.39906893243400393
0.3995074524169477
0.39970490754738924
0.4001918827770671
0.4005007849749971
0.40117310152343294
0.4018284587355119
0.4026279703066248
0.4033039209985657
0.40375940031786645
0.40447896073186806
0.4049659359615459
0.40517065937899754
0.4056443094158235
0.40590717912935614
0.40616641469938364
0.4064401868434314
0.40663158506803115
0.40684842229716633
0.407303901616467
0.40780056789549174
0.40801377098112185
0.4084002015738264
0.4092336318176532
0.40967699732527035
0.41032024072566575
0.41094410202736753
0.41154615846803894
0.4119507597782688
0.4124777105865023
0.41277328759158044
0.41334627088421133
0.41375450633794625
0.41436746520913287
0.41493802573942706
0.41530628561460636
0.4156006512385161
0.41591682172345623
0.4161603093382952
0.4167587316354615
0.41718392642555335
0.4175861049734465
0.41790348683955497
0.41850433189905806
0.41891499011512967
0.4191875508780091
0.41956671318370353
0.4199034771485056
0.4202826394542001
0.42056125712292125
0.42093436252277394
0.4213522890258557
0.4217593130984223
0.4220342966236384
0.4226617920688452
0.42315240144202815
0.4234600922587898
0.4238065472729387
0.4239616040624879
0.4241590591929294
0.424339554987014
0.4248398554095437
0.42526141605613055
0.42543948908787843
0.4257980579137109
0.42613966740318643
0.4264364557894329
0.4265951467224871
0.4269670407411715
0.42716570725278136
0.4273389347598558
0.42781864170252354
0.4281723650036826
0.4286024053184479
0.42882651083459317
0.4290312342520448
0.4297616970965616
0.4300463716711245
0.4305442493313176
0.43100820831879677
0.43146611040043414
0.4318246792262666
0.43198821568399426
0.43228136992673566
0.4326835484746288
0.4330312148699461
0.4336163119742606
0.4340814823429081
0.4344206690700469
0.4348034655192464
0.43536433500019384
0.43598092801488547
0.4363092123115091
0.43704088653719425
0.43754845524673414
0.4378658371128426
0.4381081133465132
0.4383201050509749
0.4386059910067062
0.43892942977865645
0.43951816102647595
0.4397204616815909
0.4401747296197232
0.44083008683180214
0.4415411675776253
0.4420402566189867
0.44264352444082644
0.44285672752645655
0.4431922801100903
0.4435496375547544
0.44392637709811217
0.4443285556460054
0.44482037640035665
0.4451680427956739
0.44552540024033804
0.44595180641159826
0.44642182230491917
0.446637448152886
0.446925756870954
0.44716803310462455
0.44746118734736595
0.4480717234562158
0.4485405279683684
0.4490275031980463
0.4494805597550103
0.4497906733341086
0.4501601445904563
0.45044603054618754
0.4507403961700973
0.45102991626933364
0.45111955847579177
0.4513121680815599
0.45152052564251655
0.4517797612125441
0.4519287610962515
0.452208590146141
0.4527537116718998
0.45309289839903866
0.45356412567352794
0.4540377757103539
0.4545453444198938
0.4551207504748614
0.4554672054890104
0.4558185060278327
0.45622310733806254
0.45644479009187117
0.4565622940652014
0.4568554483079428
0.4575326103810521
0.45795417102763886
0.4583926910105826
0.4588021378454859
0.45934362522773964
0.45979183626003023
0.46029334806372835
0.4608348354459821
0.4610480385316122
0.4614829243710509
0.46209103771756405
0.4625222894134977
0.4628251347055859
0.46304560607822615
0.4634841260611699
0.4636016300345001
0.46390326394542003
0.4645440845834787
0.46502136876380973
0.46544414079156493
0.4659565550257782
0.46634056285614606
0.4667051885878203
0.46710252161104004
0.46741263519013837
0.4678511551730821
0.46831390277939294
0.4686761057487305
0.4690274062875528
0.46936295887118656
0.4699250397333023
0.4701854866844982
0.47091958367252007
0.471557981548242
0.4719068593247277
0.472216972903826
0.4726857774159786
0.4729837771833934
0.4732757200449665
0.4737433131759507
0.47414428034267553
0.47441684110555493
0.47463488971585843
0.47513640151955655
0.47590199441795555
0.4764374248943676
0.4770200992363453
0.47738714773035623
0.4778595863860139
0.47829689498778927
0.4785973175175408
0.47897890258557196
0.47918241462185523
0.4793871380393069
0.47993952785207583
0.48017211303639956
0.48028356010388806
0.48057429158429277
0.48098979532503777
0.48144042911966506
0.4817565996046052
0.48235381052060317
0.4827232817769508
0.4829243710508974
0.4833071675000969
0.4833737934643563
0.4836754273752762
0.483932240182967
0.48417815056014263
0.48436349187890065
0.4845694266775206
0.4849049792611544
0.4852962553785324
0.485851067953638
0.48631744970345386
0.4869728069155328
0.4875700178315308
0.48791283870217467
0.4884325212233981
0.48873173237198125
0.4892926018529286
0.49000247121758345
0.4902580726441059
0.4905512268868473
0.4909352347172152
0.4912841124937008
0.4918243884947862
0.4921720548901035
0.4924761115633601
0.49279349342946854
0.4929933713222468
0.49317871264100477
0.4936693220141877
0.49416235414970733
0.49482376826762803
0.4954779140985386
0.49603030391130754
0.49630771019886033
0.4966783928363763
0.4969012869713533
0.4971932298329263
0.4975772376632942
0.498060578749467
0.49835494437337674
0.4989218707601659
0.49946214676125134
0.49977468310268636
0.5002870973368997
0.500820105050975
0.5014270070163197
0.5021804861030352
0.5024772744892817
0.5027813311625383
0.5032634608675427
0.5040872000620227
0.5043561266813971
0.5046650288793271
0.5050454025661899
0.5055541826568981
0.5060351009807342
0.5065681086948095
0.5070647749738342
0.5075456932976703
0.5079175873163546
0.5083682211109819
0.5087449606543396
0.508935147497771
0.5091980172113036
0.5094633096871729
0.5099454393921774
0.5102095204868783
0.5106698453308525
0.5112282920494631
0.5116825599875955
0.5119878280420204
0.5123245920068225
0.5128382176222042
0.5131979978292049
0.5133954529596465
0.5138133794627282
0.5141610458580456
0.5144469318137768
0.5148466875993333
0.5149496549986432
0.5153215490173276
0.5154971992867388
0.5158703046865915
0.5165329301856805
0.5171361980075203
0.5176207504748614
0.5182252296778695
0.5184796197232237
0.518913294181494
0.5192282532852658
0.51970311470326
0.519967195797961
0.5204008702562314
0.5209883901228826
0.521391780051944
0.5216982594875373
0.521930844671861
0.5224468930495794
0.522747315579331
0.5231119413110051
0.5234535508004807
0.5238739000658992
0.5241270787300849
0.5245740783812071
0.525085281234252
0.5254789801139668
0.5258726789936814
0.5260870934604799
0.5264165891382719
0.5267545644842424
0.5268829708880878
0.5272318486645734
0.5274256696515098
0.5280156122804978
0.5285558882815832
0.5289774489281699
0.5294850176377098
0.5300592123115091
0.5304601794782339
0.5306103907431097
0.5311870081792457
0.5316473330232198
0.5320676822886382
0.5324250397333024
0.5326818525409931
0.5328780962902663
0.5333214617978834
0.5337212175834399
0.5339271523820599
0.5341548920417103
0.5344092820870644
0.5347157615226577
0.53495682637516
0.5353408342055278
0.5356897119820134
0.5362905570415164
0.5368574834283056
0.537216052254138
0.5373602066131721
0.5377878241656007
0.5380846125518471
0.538279644919952
0.5384516610458581
0.5387872136294918
0.5391154979261155
0.5394353025545606
0.5398677656316626
0.5401875702601078
0.5404189440632632
0.5406636430592705
0.5409567973020118
0.5412075532038609
0.5416848373841919
0.5417454064426096
0.5419053087568322
0.5423038531612203
0.5426721130363996
0.5430403729115789
0.5434122669302632
0.5439125673527929
0.5444286157305113
0.544784761794007
0.5451203143776409
0.5456230375625073
0.5460094681552119
0.5466066790712099
0.5470306624801333
0.5475115808039694
0.5478580358181184
0.5482299298368027
0.5484625150211265
0.5489313195332791
0.5494594817226809
0.5497841318757996
0.5502141721905648
0.5502977574911811
0.5509979358064891
0.5512850331433887
0.5516545043997364
0.5519718862658448
0.5525048939799202
0.5531614625731675
0.5538216653099197
0.5542226324766446
0.5547083963251541
0.5551226886847308
0.5555236558514556
0.5559985172694499
0.5561245009109587
0.556722923208125
0.5569555083924488
0.5576072314610226
0.5580772473543435
0.5585521087723379
0.5590802709617397
0.5594182463077102
0.5597210915997984
0.560210489591813
0.560581172229329
0.5611250823739194
0.5613055781680041
0.5617562119626314
0.5619875857657867
0.5623619025468077
0.5628137477226034
0.5631262840640384
0.563591454432686
0.5639100476799628
0.564065104469512
0.5644067139589874
0.5649469899600729
0.5654775749118115
0.565819184401287
0.5659972574330349
0.5662904116757762
0.566584777299686
0.5670729639105322
0.5674169961623444
0.5677489146024731
0.5682165077334573
0.5685799220839632
0.5691165639415436
0.5695417587316355
0.5701825793696942
0.5706198879714696
0.5709663429856184
0.5713551963406598
0.5717585862697213
0.5722710005039345
0.5727301139667403
0.5730172113036399
0.5732812923983409
0.5737694790091871
0.5742164786603093
0.5744442183199597
0.5750026650385703
0.5751104779625538
0.5752619006085979
0.5755005426987634
0.5759002984843199
0.5763678916153041
0.5767506880645036
0.5770523219754234
0.5771540779935651
0.577366069698027
0.5775756386401519
0.5778457766406947
0.5781062235918906
0.5783848412606117
0.5788730278714579
0.5793272958095903
0.5796507345815405
0.5800371651742451
0.5805047583052293
0.5812158390510525
0.5815489688723495
0.5819378222273908
0.5821691960305462
0.5824914234213281
0.582834244291972
0.5830728863821375
0.5834653738806838
0.5840044385006008
0.5846307225646393
0.5852206651936271
0.5858021281544366
0.5861873473659728
0.5863787455905726
0.5866258673489165
0.5869650540760554
0.5874387041128813
0.5879656549211149
0.5883593538008296
0.588639182850719
0.5888693452727062
0.589129792223902
0.5893672229328992
0.5896397836957786
0.5898481412567352
0.5899922956157693
0.5905761813389154
0.5911951971159437
0.5915949529015002
0.5919595786331744
0.5923011881226499
0.5926282610381052
0.5932945206806993
0.593980162421987
0.5944998449432104
0.5946851862619684
0.5951854866844982
0.5955222506493003
0.5957124374927317
0.5961134046594565
0.5964901442028143
0.5970219405357212
0.597233932240183
0.5975137612900725
0.597834777299686
0.5980249641431175
0.5985095166104586
0.5989007927278366
0.5992084835445982
0.5994919467379928
0.5998299220839632
0.6001933364344691
0.60034718184285
0.6008632302205683
0.6013259778268791
0.6014495387060511
0.6015161646703105
0.6019183432182037
0.6020358471915339
0.6022357250843121
0.6025155541342017
0.602640326394542
0.6029831472651859
0.6032326917858666
0.6034592200643486
0.6036627321006318
0.6039764798232352
0.6044283249990309
0.6046354711788192
0.6048038531612203
0.6050340155832074
0.6053089991084235
0.6055815598713029
0.6059364945536303
0.6062199577470249
0.6065300713261232
0.606708144357871
0.6068680466720937
0.607256900027135
0.6074991762608055
0.6076881517230686
0.6077681028801799
0.6078952979028569
0.6083083788812652
0.6086657363259294
0.6087977768732799
0.6089382970888088
0.6091405977439237
0.6092266058068768
0.6095863860138776
0.6098880199247975
0.6103071578090475
0.6106439217738496
0.6113089700352754
0.6114676609683296
0.6121254409427452
0.6125833430243827
0.6130145947203163
0.6133380334922666
0.6139449354576113
0.6144815773151917
0.6147686746520913
0.6149515932085127
0.6152798775051362
0.6153804221421095
0.6156541942861573
0.6159534054347404
0.6162719986820173
0.6168498274993216
0.6172350467108578
0.6173380141101679
0.6175827131061752
0.6177220219405357
0.6180599972865062
0.6182465499864326
0.6184682327402411
0.6188243788037369
0.6192289801139668
0.619428858006745
0.6197498740163585
0.6200587762142885
0.6203640442687134
0.6207153448075358
0.621059377059348
0.6212689460014731
0.6215342384773423
0.6218031650967166
0.6221593111602124
0.6226099449548397
0.6233173915571578
0.623674749001822
0.6239279276660077
0.6244354963755475
0.6247637806721712
0.6250096910493468
0.6253040566732566
0.6257086579834864
0.6259485114548203
0.6263458444780401
0.6269176163895026
0.6272459006861263
0.6274942338256386
0.6278479571267976
0.628281631585068
0.628734688142032
0.628936988797147
0.6291417122145986
0.6296311102066132
0.6300853781447455
0.6305941582354537
0.6309478815366127
0.6314590843896577
0.631786157305113
0.6323906365081211
0.6330035953793077
0.6335862697212854
0.6341544074892429
0.6342210334535023
0.6344693665930147
0.6346547079117727
0.6349175776253053
0.6351683335271543
0.6354130325231616
0.6358370159320851
0.6360259913943482
0.6364112106058845
0.6367055762297942
0.6368872834050471
0.6373863724464085
0.6379363394968407
0.6382476644571075
0.6384099895336667
0.6387031437764081
0.6389284606737218
0.6391876962437493
0.6396528666123968
0.6399981102453773
0.6403651587393883
0.6408630363995813
0.6412591580416327
0.6417243284102803
0.6419435884017521
0.6422064581152848
0.6427588479280536
0.6432797418304455
0.6437231073380626
0.6439823429080901
0.6443166841105555
0.6444681067565996
0.6446243749273172
0.6447842772415397
0.644942968174594
0.645193724076443
0.6453487808659921
0.6456661627321006
0.6458902682482459
0.6460404795131217
0.6461083168585494
0.6463348451370314
0.646800015505679
0.6470968038919254
0.6474541613365895
0.6477364131488158
0.648245193239524
0.648838770012017
0.6490023064697445
0.6492930379501493
0.6493657208202505
0.6495934604799007
0.649772744892817
0.6501070860952824
0.65057952475094
0.6508593538008296
0.6511743129046013
0.6515571093538008
0.6518720684575726
0.6522257917587316
0.6524111330774897
0.6525371167189983
0.6528133116253828
0.653170669070047
0.6536479532503779
0.6538805384347017
0.6540683025157964
0.6542621235027328
0.65460252161104
0.6550095456836066
0.6552687812536342
0.6556503663216653
0.6560525448695584
0.6566340078303678
0.6569804628445168
0.657406869015777
0.6577884540838081
0.6580803969453812
0.6583735511881227
0.6587878435476994
0.6593499244098151
0.6598150947784626
0.6601445904562546
0.6603396228243594
0.6606666957398147
0.6610204190409738
0.6613898902973214
0.661673353490716
0.6620028491685079
0.662294792030081
0.6626303446137147
0.6628968484707524
0.6633002383998139
0.6636345796022793
0.6639943598092801
0.6642439043299608
0.6644837578012948
0.6647647982323526
0.6652202775516532
0.6654237895879366
0.665716943830678
0.6663008295538241
0.6664461952940265
0.6668035527386905
0.6672299589099507
0.667557031825406
0.66779688529674
0.6679737469473195
0.6683965189750746
0.6686799821684692
0.6689028763034461
0.6692444857929216
0.6693959084389658
0.6697205585920843
0.6700294607900144
0.6702341842074659
0.6706290944683491
0.6708556227468311
0.6711935980928014
0.6713777280303911
0.6717120692328565
0.6718332073496919
0.6721687599333256
0.6725018897546227
0.6728447106252665
0.6732808078458735
0.6737108481606389
0.6742511241617243
0.674466750009691
0.6747053920998566
0.6749416114276854
0.6752226518587433
0.6754649280924139
0.6757302205682831
0.6760657731519168
0.6765006589913556
0.6768616505795247
0.677370430670233
0.6777713978369578
0.6784279664302051
0.6786169418924681
0.6788519498391286
0.679079689498779
0.6793655754545103
0.6797520060472148
0.6799579408458348
0.6801154203977207
0.6804206884521456
0.6807598751792844
0.6811802244447028
0.6814346144900569
0.6817762239795325
0.6820403050742334
0.6822353374423382
0.6824400608597899
0.6827174671473427
0.6834188568438191
0.6836671899833314
0.6837822711943249
0.684077848199403
0.6843685796798077
0.6847186688374617
0.6849573109276272
0.685292863511261
0.6856998875838276
0.6861468872349498
0.68636735860759
0.6865393747334961
0.6869718378105981
0.6873667480714811
0.6876380974531923
0.6880717719114626
0.6884073244950963
0.6886605031592821
0.6888422103345351
0.6892710392681319
0.6894321529635229
0.6898876322828236
0.6901747296197233
0.6905417781137342
0.6908664282668527
0.6911353548862271
0.6913061596309649
0.6915896228243594
0.6920390452378183
0.692408516494166
0.6927258983602744
0.6931280769081676
0.6934721091599798
0.6938137186494554
0.6941105070357019
0.694364897081056
0.6945381245881304
0.6948312788308718
0.6950408477729969
0.6952564736209637
0.6956647090746986
0.695892448734349
0.6961238225375044
0.6964969279373571
0.6966701554444316
0.6970408380819475
0.6972697891227662
0.697526601930457
0.6977240570608986
0.6980353820211652
0.698370934604799
0.6986253246501531
0.6988821374578439
0.6990565763460868
0.6991861941311005
0.6994732914680002
0.6997143563205024
0.6999517870294996
0.7001080552002171
0.7004193801604838
0.7007622010311276
0.7011183470946234
0.7015059890684964
0.7016404523781835
0.7019554114819553
0.7022291836260031
0.7023927200837307
0.7025889638330038
0.7029281505601427
0.7033266949645307
0.7034042233593053
0.7037882311896733
0.7041795073070513
0.7043575803387991
0.704456913594604
0.7046519459627089
0.7048736287165174
0.7051425553358918
0.7053593925650269
0.705630741946738
0.7057530914447416
0.7059311644764895
0.7060183839206109
0.7063175950691941
0.7065138388184673
0.7068287979222391
0.7071025700662867
0.707278220335698
0.7076295208745202
0.7079529596464705
0.7081891789742993
0.7084496259254952
0.7087960809396442
0.7091437473349614
0.7093424138465713
0.7094962592549521
0.7097300558204442
0.7099674865294414
0.7101128522696437
0.7104556731402877
0.7105731771136179
0.7108130305849517
0.7112127863705082
0.7116404039229368
0.7118729891072605
0.712272744892817
0.7127730453153468
0.7129390045354111
0.7131291913788425
0.7132733457378765
0.7137082315773152
0.7139517191921542
0.7141273694615653
0.7144689789510408
0.714685816180176
0.7148602550684188
0.7150007752839478
0.7152818157150056
0.7153714579214637
0.7156997422180874
0.7158826607745087
0.7160304492770477
0.7162460751250146
0.7164096115827422
0.7165779935651432
0.7167257820676823
0.716892952668915
0.7171340175214173
0.717572537504361
0.7178366185990619
0.7180788948327325
0.7182618133891537
0.7184641140442687
0.7185598131565686
0.7187403089506532
0.7189232275070745
0.7194005116874055
0.7197481780827228
0.7199214055897972
0.7202109256890336
0.7204265515370004
0.7205937221382331
0.7207487789277823
0.7209002015738264
0.7212769411171842
0.7217663391091987
0.722151558320735
0.722584021397837
0.7226772977478001
0.7228989805016087
0.7233217525293639
0.7237093945032368
0.7241055161452882
0.7244023045315346
0.724716052254138
0.7250055723533744
0.7253011493584526
0.7254671085785169
0.7256827344264837
0.7259334903283328
0.7262545063379463
0.7264398476567042
0.7266530507423343
0.7269546846532543
0.7273580745823158
0.7276257898205217
0.7277953831840912
0.7279359033996201
0.7281309357677249
0.7283235453734931
0.7286712117688103
0.7289328701011746
0.7292417722991046
0.7297129995735938
0.7300546090630694
0.730262966624026
0.7305173566693801
0.7307111776563167
0.7309728359886809
0.7311387952087453
0.7313641121060589
0.7317396402682482
0.7322787048881653
0.7327632573555064
0.7331508993293794
0.7333919641818816
0.7335809396441446
0.7340485327751289
0.7341430205062605
0.7344289064619917
0.7346227274489282
0.7350103694228011
0.7353410764817614
0.7355930437647789
0.7358159378997557
0.7359285963484126
0.7363174497034539
0.7365778966546498
0.7369364654804822
0.7371460344226073
0.7372817091134628
0.737556692638679
0.7380230743884948
0.7382423343799667
0.7386420901655231
0.7390999922471605
0.7392974473776021
0.7395336667054309
0.7398982924371051
0.7402871457921464
0.7405403244563321
0.7407826006900027
0.7410115517308214
0.741504583866341
0.741871632360352
0.7423149978679692
0.742588770012017
0.7428007617164787
0.7430672655735163
0.7434706555025778
0.7437844032251812
0.7439636876380975
0.7441575086250339
0.744384036903516
0.7447777357832306
0.7451144997480327
0.7454403612823196
0.7457044423770206
0.7460727022521999
0.7462059541807187
0.7465584661007094
0.7467389618947939
0.7473204248556033
0.7477092782106447
0.7480048552157228
0.7482616680234135
0.7485814726518587
0.7489376187153545
0.7493749273171298
0.7499612358026128
0.7502035120362833
0.7502761949063844
0.7505317963329069
0.7508431212931737
0.7512937550878009
0.7516838198240106
0.7520339089816646
0.7522749738341667
0.7524482013412412
0.7526359654223359
0.7529133717098887
0.753113249602667
0.7533422006434857
0.7536329321238904
0.7539793871380394
0.7542919234794744
0.7546880451215258
0.7551047602434392
0.755509361553669
0.755838857231461
0.7561610846222429
0.756539035546769
0.7568370353141838
0.7571144416017367
0.7573651975035857
0.7576353355041284
0.758083546536419
0.7584820909408071
0.7587958386634105
0.7589133426367407
0.7591435050587277
0.7595069194092336
0.7597128542078536
0.7600120653564368
0.7602301139667403
0.7603936504244679
0.7607364712951118
0.7609230239950382
0.7611338043183316
0.7615299259603829
0.7618351940148079
0.7622192018451758
0.7625753479086715
0.762827315191689
0.7630356727526456
0.7633360952823972
0.7636256153816335
0.7638630460906307
0.7643064115982479
0.7645910861728108
0.7647715819668954
0.7650647362096368
0.7651471101290848
0.7653154921114859
0.7655880528743653
0.7657830852424701
0.7660108249021204
0.7662688490909796
0.7663887758266466
0.7667861088498663
0.7672791409853859
0.7677200837306664
0.7679587258208319
0.768134376090243
0.7684784083420553
0.7687533918672714
0.7691010582625887
0.7693711962631313
0.7696280090708222
0.7700217079505369
0.7704117726867465
0.7708127398534713
0.7710138291274179
0.7711349672442532
0.7713614955227353
0.7717442919719347
0.772153738806838
0.7723742101794783
0.7726709985657247
0.7730441039655774
0.7732391363336822
0.7734802011861844
0.7738775342094042
0.7741367697794317
0.7743705663449238
0.7746031515292476
0.7748672326239485
0.7751240454316394
0.775352996472458
0.7755831588944451
0.7758072644105903
0.7759574756754661
0.7762300364383455
0.7764601988603326
0.7767230685738652
0.7769665561887041
0.7772924177229911
0.7777769701903322
0.7779925960382991
0.7783414738147847
0.7785570996627514
0.7787557661743614
0.7788696360041866
0.7792124568748304
0.7793881071442416
0.779647342714269
0.7799126351901384
0.780072537504361
0.7802893747334961
0.7805425533976819
0.7807739272008373
0.781064658681242
0.7813626584486568
0.7815540566732566
0.7816473330232198
0.7817551459472032
0.7820301294724192
0.7821863976431368
0.7823983893475985
0.7826673159669729
0.7828720393844245
0.782966527115556
0.7830464782726674
0.7831409660037989
0.7832996569368531
0.783638843663992
0.7837624045431639
0.7841536806605419
0.7844807535759972
0.784696379423964
0.7850949238283521
0.7852851106717835
0.7855043706632554
0.7857454355157576
0.7857866224754817
0.7861233864402838
0.7862505814629608
0.7865740202349111
0.7867351339303019
0.786907150056208
0.7874159301469164
0.7877333120130248
0.7880179865875877
0.7883729212699151
0.7886830348490135
0.7889289452261891
0.7892935709578633
0.7895758227700895
0.7899113753537234
0.7901488060627204
0.7904177326820948
0.7907944722254526
0.7910537077954801
0.7913868376167772
0.7917272357250843
0.7919246908555259
0.7920942842190952
0.7922663003450013
0.7926854382292514
0.7928235356824437
0.79311305578168
0.7931699906965927
0.7933480637283405
0.7934897953250378
0.7937781040431058
0.7941160793890762
0.7942529654611001
0.7944819165019188
0.794702387874559
0.794784761794007
0.7949592006822499
0.7950439973640345
0.7951530216691863
0.7953177695080823
0.7955176474008606
0.7958095902624336
0.7961245493662054
0.7963983215102531
0.7965897197348529
0.7967605244795907
0.7969664592782106
0.7971990444625344
0.797358946776757
0.7976157595844479
0.7979137593518626
0.7982795964647051
0.7984067914873823
0.7986757181067566
0.7988344090398108
0.7989603926813196
0.79919540062798
0.7994013354266
0.7997029693375198
0.8000748633562043
0.8003910338411443
0.8006769197968756
0.8008610497344653
0.8009676512772803
0.8011433015466914
0.8013056266232508
0.8014788541303253
0.801687211691282
0.8019282765437842
0.8021632844904446
0.8024007151994418
0.8026538938636275
0.8028283327518704
0.8030209423576384
0.8031856901965345
0.8033371128425786
0.8035127631119897
0.8037962263053844
0.8039682424312905
0.8042504942435167
0.8046441931232314
0.804766542621235
0.8049809570880335
0.8052607861379231
0.8056266232507656
0.8058967612513083
0.8060530294220258
0.8061911268752181
0.8063873706244912
0.806541216032872
0.8067144435399465
0.8068791913788425
0.8071275245183549
0.8073782804202039
0.8076847598557972
0.807965800286855
0.8081693123231384
0.8084382389425127
0.8086550761716479
0.8087955963871768
0.8089058320734969
0.8090972302980967
0.8093225471954103
0.8095563437609025
0.8096241811063302
0.8098749370081793
0.8102468310268636
0.8105230259332481
0.8107531883552351
0.8108852289025855
0.811223204248556
0.8115272609218126
0.8116629356126681
0.8117574233437996
0.8119136915145172
0.8121184149319688
0.8123364635422724
0.8126526340272124
0.8130124142342133
0.8132280400821801
0.8135139260379114
0.8137162266930263
0.8139391208280032
0.8140263402721246
0.8142104702097143
0.8143800635732837
0.8145872097530721
0.8147737624529984
0.8149833313951235
0.8151371768035043
0.8152449897274877
0.815386721324185
0.815572062642943
0.8158664282668527
0.8159863550025197
0.8162080377563282
0.8162722409582509
0.8164151839361166
0.8165508586269721
0.8166598829321239
0.8167773869054541
0.8169288095514983
0.8171383784936233
0.8172461914176067
0.8175405570415164
0.8178131178043958
0.8179596949257666
0.8181765321549017
0.8183655076171648
0.8185387351242392
0.8189130519052603
0.8191734988564562
0.8192510272512308
0.8196641082296391
0.8197888804899794
0.8199378803736869
0.8199911811450944
0.8202068069930613
0.8204684653254254
0.8208185544830794
0.8210535624297399
0.8212401151296662
0.8213782125828585
0.8215029848431988
0.8218082528976237
0.8219996511222235
0.8222334476877157
0.8225786913206962
0.8227967399309998
0.8229009187114781
0.8230256909718184
0.8231577315191689
0.8232340485327752
0.823350341124937
0.8233927394658294
0.8235090320579912
0.8235962515021127
0.823779170058534
0.8240856494941272
0.8244563321316433
0.8246453075939063
0.824816112338644
0.8249675349846881
0.8251153234872272
0.8252631119897662
0.8254109004923053
0.8255502093266659
0.8258130790401985
0.8260953308524247
0.8263763712834826
0.8266876962437493
0.8270184033027096
0.8271686145675854
0.827290964065589
0.8275320289180913
0.8277113133310074
0.828097743923712
0.8283315404892042
0.8287676377098112
0.8289905318447881
0.8291455886343373
0.8293975559173548
0.8296640597743924
0.8298106368957631
0.830016571694383
0.8302055471566461
0.8303533356591851
0.8306198395162229
0.8307821645927821
0.8309699286738768
0.8311528472302981
0.8312945788269954
0.8314411559483661
0.8315295867736558
0.8316398224599759
0.831849391402101
0.8320298871961856
0.8321352773578323
0.8323327324882739
0.8325301876187153
0.8326658623095708
0.8327918459510796
0.8329735531263325
0.833174642400279
0.8334205527774547
0.8335937802845292
0.8337028045896809
0.8338687638097453
0.8340201864557895
0.8341449587161298
0.8341897798193588
0.8344005601426523
0.8346428363763229
0.8349880800093034
0.8352570066286777
0.8353963154630384
0.8355017056246851
0.8357779005310695
0.8360286564329186
0.8362176318951816
0.8364853471333876
0.8367809241384657
0.8369565744078769
0.8371201108656046
0.8372376148389348
0.8373769236732953
0.8376131430011242
0.8377778908400202
0.8380238012171958
0.8381873376749235
0.8383932724735434
0.8386646218552545
0.8389589874791642
0.8391419060355856
0.8394701903322092
0.8396979299918595
0.8398808485482808
0.8401110109702679
0.8403678237779587
0.840591929294104
0.8407736364693569
0.840986839554987
0.8412569775555298
0.8413962863898903
0.8415707252781331
0.8418372291351708
0.842342375082374
0.8425168139706167
0.8426839845718495
0.8429807729580959
0.8434071791293561
0.8436203822149863
0.843708813040276
0.844017715238206
0.8442721052835601
0.8444017230685739
0.8446948773113153
0.8449759177423731
0.845195177733845
0.8454132263441485
0.8456167383804318
0.8458372097530721
0.8459862096367795
0.8461691281932008
0.8464053475210296
0.8466246075125015
0.8468160057371013
0.8470304202038996
0.8472739078187386
0.8474955905725472
0.8476821432724736
0.8478372000620227
0.8480164844749389
0.8481315656859325
0.8483035818118386
0.848469541031903
0.8486367116331356
0.8487675407993177
0.8489189634453619
0.8490546381362174
0.8492302884056285
0.8493756541458309
0.8495585727022522
0.8497233205411482
0.8499341008644417
0.850083100748149
0.8503423363181766
0.8505482711167965
0.8508499050277164
0.851013441485444
0.851120043028259
0.8513344574950575
0.851466498042408
0.8516627417916812
0.8518141644377253
0.8520346358103655
0.8523035624297399
0.8525700662867776
0.8527965945652596
0.8529480172113036
0.8533138543241462
0.8536191223785712
0.853858975849905
0.8541521300926465
0.8544198453308525
0.8546669670891964
0.8548692677443114
0.8550340155832074
0.8551709016552312
0.855444673799279
0.8556760476024344
0.8558940962127379
0.8561109334418731
0.8562393398457185
0.8565288599449549
0.8567493313175951
0.8568910629142924
0.8569479978292049
0.8571406074349731
0.8572411520719464
0.8574289161530411
0.8576493875256813
0.8579255824320657
0.8581981431949451
0.8585579234019459
0.8588607686940342
0.8590739717796643
0.8592944431523045
0.8595342966236384
0.859862580920262
0.8601799627863705
0.8604961332713106
0.8608377427607862
0.8612641489320464
0.861588799085165
0.8618674167538861
0.8620660832654959
0.8623253188355235
0.8625215625847967
0.8628013916346862
0.8629879443346126
0.8632314319494515
0.8633780090708222
0.8636287649726713
0.8639570492692948
0.8642247645075009
0.864465829360003
0.86468872349498
0.8647916908942901
0.8650097395045936
0.8653222758460286
0.8655257878823119
0.8658879908516495
0.866171454045044
0.8664537058572702
0.8666354130325231
0.866806217777261
0.8669927704771873
0.8672774450517502
0.8675621196263131
0.8677510950885762
0.8679642981742063
0.8682271678877389
0.8685288017986588
0.8688219560414001
0.8690121428848315
0.8691417606698453
0.8692217118269566
0.8693476954684654
0.8695100205450246
0.8697086870566345
0.8699243129046013
0.8701302477032213
0.8703519304570299
0.8704367271388146
0.8706596212737915
0.870788027677637
0.8710024421444355
0.8711587103151529
0.8712883281001667
0.8715003198046285
0.871763189518161
0.8721072217699732
0.8723519207659806
0.8724984978873512
0.8726620343450788
0.8728788715742141
0.8729673023995038
0.8732168469201845
0.8735814726518587
0.8739606349575532
0.8741047893165872
0.8742973989223554
0.874464569523588
0.8746305287436523
0.87489703260069
0.8751308291661821
0.8753101135790984
0.8756056905841765
0.875930340737295
0.8760926658138544
0.8761895763073225
0.8763482672403767
0.8764936329805791
0.876671706012327
0.876898234290809
0.8770314862193278
0.8772459006861263
0.8773464453230996
0.8776202174671474
0.8779170058533938
0.8782113714773035
0.8783409892623173
0.8785517695856108
0.8787044036128232
0.8788643059270458
0.8791065821607164
0.8792664844749389
0.8793718746365856
0.8795232972826298
0.8797171182695662
0.8799036709694926
0.8800514594720317
0.8802549715083149
0.8804487924952514
0.8807261987828042
0.8809490929177811
0.8810266213125557
0.8812228650618289
0.8815378241656007
0.8817922142109548
0.8819630189556925
0.8822428480055821
0.8824923925262628
0.8827492053339535
0.8829611970384154
0.8831598635500252
0.8834360584564097
0.8836141314881575
0.8838770012016901
0.8841677326820948
0.8843785130053883
0.8846365371942474
0.8848763906655812
0.8850799027018645
0.8852131546303834
0.8853464065589022
0.8855305364964918
0.8856940729542195
0.8858576094119471
0.885970267860604
0.8860477962553786
0.8861786254215607
0.8862767472961972
0.8863724464084971
0.8865638446330969
0.8868351940148079
0.8870011532348723
0.8871634783114316
0.88737789277823
0.8874675349846881
0.8875983641508702
0.8876880063573284
0.8877740144202815
0.8878442745280459
0.8879520874520294
0.8880284044656356
0.8882827945109897
0.8883712253362794
0.8884754041167577
0.8885432414621856
0.8886849730588828
0.8888327615614219
0.8890265825483583
0.8891537775710354
0.8893148912664264
0.889560801643602
0.8897861185409156
0.889931484281118
0.8902270612861961
0.8905383862464628
0.8908872640229484
0.8910241500949723
0.8911513451176494
0.891191320696205
0.8913378978175757
0.8916213610109702
0.8917582470829941
0.8919338973524054
0.8921325638640152
0.8923348645191301
0.8924850757840059
0.8926728398651006
0.8928848315695623
0.893065327363647
0.893274896305772
0.8934493351940148
0.8936201399387526
0.8937836763964803
0.8939326762801876
0.8940235298678141
0.89418827770671
0.8942549036709695
0.8943833100748149
0.8945613831065627
0.8947661065240144
0.8949974803271699
0.8951755533589177
0.895296691475753
0.895482032794511
0.8957315773151917
0.895910861728108
0.8959702194053573
0.8960719754234988
0.8961797883474822
0.8964390239175097
0.8965347230298096
0.8966158855680894
0.8968315114160561
0.8969405357212079
0.8970798445555684
0.8971828119548785
0.8972991045470403
0.897503827964492
0.8977024944761018
0.8978732992208396
0.8982209656161569
0.8984826239485212
0.898722477419855
0.898883591115246
0.8990749893398458
0.8992518509904253
0.899484436174749
0.8997012734038842
0.8998296798077295
0.9001070860952824
0.9003142322750708
0.9005419719347211
0.900703085630112
0.9007588091638563
0.9008181668411056
0.9009514187696244
0.9011912722409583
0.9014359712369655
0.9016843043764778
0.9019047757491181
0.9021094991665698
0.9023493526379036
0.9026134337326046
0.9028738806838005
0.90305074233438
0.9031803601193937
0.9033790266310036
0.9035171240841958
0.903651587393883
0.9038708473853548
0.9040646683722914
0.9041785382021166
0.9044220258169554
0.9045770826065046
0.9047624239252626
0.9050047001589332
0.9052251715315734
0.9054601794782339
0.9056334069853084
0.9059253498468814
0.906126439120828
0.9062984552467341
0.9065225607628794
0.9068350971043144
0.907094332674342
0.9072748284684266
0.9074819746482149
0.9076188607202388
0.907901112532465
0.9081191611427686
0.9084535023452339
0.908597656704268
0.9087648273055007
0.9088847540411675
0.9090385994495483
0.9092275749118115
0.9095594933519402
0.9097605826258868
0.909988322285537
0.9101276311198977
0.9104219967438074
0.9105382893359693
0.9106218746365856
0.9108362891033841
0.9109804434624181
0.9111645734000078
0.9114540934992441
0.9116915242082413
0.9117835891770361
0.9119289549172385
0.9120355564600535
0.9121239872853433
0.9122741985502191
0.9125273772144048
0.9127296778695198
0.9128835232779006
0.9130301003992712
0.9132311896732178
0.9133826123192619
0.9135449373958212
0.9137193762840641
0.9139362135131992
0.9140791564910649
0.9141990832267318
0.9143468717292709
0.9144789122766213
0.91460489591813
0.9148374811024538
0.9149537736946156
0.9150664321432724
0.9152323913633368
0.9153801798658758
0.9154686106911656
0.9156600089157654
0.9158586754273753
0.9160779354188472
0.9162281466837229
0.9164280245765012
0.9166593983796566
0.9169028859944954
0.9170821704074117
0.9172093654300888
0.917347462883281
0.9174770806682948
0.9177435845253324
0.9179919176648448
0.91821602318099
0.9184449742218087
0.9187611447067489
0.9189682908865372
0.9190542989494902
0.9191366728689383
0.9192699247974571
0.9194903961700973
0.9197326724037679
0.9197968756056906
0.9198683470946234
0.9200100786913207
0.9203250377950924
0.9205830619839516
0.9208035333565918
0.9210773055006396
0.9212820289180913
0.9214080125595999
0.9216248497887352
0.9216575570802806
0.921847743923712
0.9219216381749816
0.9220258169554599
0.9222462883281002
0.922478873512424
0.9226569465441719
0.9229610032174284
0.9231657266348801
0.9233631817653215
0.9234855312633252
0.9236684498197465
0.9238768073807032
0.9242317420630306
0.9245115711129201
0.9247586928712641
0.9249767414815676
0.9251766193743458
0.9254407004690468
0.9255036922898011
0.9256393669806566
0.9256890336085591
0.9258731635461488
0.9259991471876575
0.9261239194479979
0.9262256754661394
0.9263359111524596
0.926488545179672
0.9266617726867465
0.9267683742295616
0.9269985366515486
0.9271148292437105
0.9271850893514749
0.9272783657014382
0.9273861786254216
0.9274297883474822
0.9275739427065163
0.9276769101058263
0.9277665523122843
0.9278513489940691
0.9280173082141334
0.9282038609140598
0.9282947145016862
0.9284352347172152
0.9285430476411985
0.9286423808970036
0.9287974376865527
0.9288882912741792
0.929066364305927
0.9292286893824864
0.9293498274993216
0.9294794452843353
0.9296369248362213
0.9297132418498275
0.9298404368725045
0.9299894367562119
0.9301457049269295
0.9302704771872699
0.9305612086676746
0.9308010621390084
0.9310057855564601
0.9311584195836725
0.9313340698530836
0.9314879152614645
0.9316805248672326
0.931928858006745
0.9320875489397992
0.9321675000969105
0.9323358820793115
0.9324703453889988
0.932615711129201
0.9327574427258983
0.9329137108966159
0.9329936620537271
0.9331656781796333
0.9332807593906268
0.9333510194983913
0.9334503527541962
0.9335521087723379
0.9336405395976276
0.9336768810326782
0.9338379947280692
0.9340015311857968
0.9342123115090902
0.9342898399038648
0.9343891731596697
0.9345175795635151
0.9346653680660542
0.9347840834205527
0.934967001976974
0.9350760262821258
0.9352625789820522
0.9353837170988875
0.9356417412877467
0.9358222370818312
0.9361238709927511
0.9362801391634686
0.9363758382757685
0.9364691146257317
0.936593886886072
0.936755000581463
0.9368870411288134
0.9369839516222817
0.9371317401248207
0.9374103577935419
0.9376005446369733
0.9377616583323642
0.937956690700469
0.9381056905841765
0.9381904872659611
0.9384933325580493
0.938656869015777
0.9388155599488313
0.9390081695545994
0.9392286409272396
0.9393727952862736
0.9395278520758228
0.9396756405783618
0.9398936891886653
0.9402159165794473
0.9403952009923634
0.9405708512617746
0.9407162170019769
0.9408955014148932
0.9410396557739272
0.9411038589758499
0.9412843547699344
0.9414236636042951
0.941481809900376
0.9417204519905416
0.941893679497616
0.9421395898747916
0.9423237198123813
0.942387923014304
0.9425151180369811
0.9426859227817188
0.9428906461991704
0.9430420688452146
0.9432128735899523
0.9433025157964104
0.9433328003256193
0.9433679303795015
0.9435145075008722
0.9438076617436136
0.9440172306857386
0.9441165639415436
0.9442352792960422
0.944450905144009
0.9445393359692987
0.9447489049114238
0.9449354576113501
0.945072343683374
0.9451522948404854
0.9452879695313409
0.9454660425630887
0.9455787010117456
0.9458015951467225
0.9460281234252045
0.9462594972283599
0.9465029848431988
0.946661675776253
0.9467900821800984
0.9469814804046982
0.9471837810598132
0.9473763906655812
0.9475908051323797
0.947770089545296
0.9479639105322324
0.9481504632321588
0.9482497964879637
0.948498129627476
0.9487270806682948
0.9488494301662984
0.9490032755746792
0.9491716575570803
0.9493400395394813
0.949565356436795
0.9496562100244215
0.9496986083653138
0.9499093886886072
0.9500353723301159
0.9503503314338877
0.9505041768422685
0.9505901849052215
0.9507331278830872
0.9508772822421212
0.9509766154979261
0.9510359731751754
0.9511946641082296
0.9513061111757181
0.9513763712834826
0.9515532329340621
0.9518112571229213
0.9519869073923325
0.9521274276078614
0.9523042892584409
0.9524775167655154
0.9525853296894988
0.9526604353219367
0.9527549230530682
0.9529136139861224
0.9530420203899679
0.9531304512152576
0.9531982885606853
0.953221304802884
0.9533242722021941
0.9535617029111912
0.9536549792611544
0.9537373531806024
0.9538488002480908
0.9539541904097376
0.9541383203473273
0.9542497674148157
0.954350312051789
0.9544181493972167
0.9545477671822304
0.9546216614335
0.9546773849672443
0.9547633930301973
0.9548905880528744
0.9549850757840059
0.9550662383222855
0.9551558805287437
0.95534243322867
0.9554611485831686
0.955610148466876
0.955757936969415
0.9559166279024692
0.9560462456874831
0.9561625382796449
0.9562618715354498
0.9564193510873358
0.9565695623522115
0.9567440012404543
0.9569039035546769
0.9570359441020274
0.9571304318331589
0.9572600496181727
0.9573799763538396
0.957553203860914
0.9576828216459278
0.957879065395201
0.9581140733418615
0.9582654959879056
0.9584023820599294
0.958579243710509
0.9587803329844555
0.9589438694421832
0.9590965034693957
0.9592467147342715
0.9593472593712448
0.9594756657750901
0.9596089177036089
0.9597542834438113
0.9599323564755592
0.960131022987169
0.9603381691669574
0.960456884521456
0.9606737217505912
0.9607997053920999
0.9608748110245378
0.9610504612939489
0.9611570628367639
0.9612709326665891
0.9614187211691282
0.9615519730976471
0.961692493313176
0.9618342249098732
0.9619553630267085
0.9621128425785944
0.9622145985967361
0.9623381594759081
0.9625113869829826
0.9626809803465519
0.9628760127146567
0.9630080532620072
0.9631509962398729
0.9633593538008296
0.9634744350118231
0.9636936950032949
0.9638717680350428
0.963965044385006
0.9641164670310501
0.9642339710043804
0.964373279838741
0.9645077431484281
0.9645537756328255
0.964730637283405
0.964936572082025
0.9650819378222274
0.9652285149435981
0.9654526204597433
0.9656537097336899
0.9659080997790441
0.9661164573400007
0.9663005872775904
0.9664205140132573
0.9665537659417762
0.9667318389735241
0.966797253556615
0.9669498875838276
0.9670455866961275
0.967147342714269
0.9673351067953638
0.9674683587238826
0.9676003992712331
0.9677070008140481
0.9678874966081328
0.9680377078730085
0.9681854963755475
0.9682618133891537
0.9683708376943055
0.9684592685195953
0.9685331627708649
0.9687197154707912
0.9688469104934683
0.968976528278482
0.9691049346823274
0.9691521785478932
0.9692248614179944
0.9693993003062371
0.9694683490328333
0.9695725278133116
0.9697287959840292
0.9699262511144707
0.9701140151955654
0.9702375760747374
0.9703260069000271
0.9704435108733573
0.9705428441291623
0.9706300635732837
0.970788754506338
0.9709862096367795
0.9711727623367058
0.971348412606117
0.9714816645346358
0.9715216401131914
0.9716342985618482
0.9717299976741481
0.9718414447416366
0.9719855991006706
0.9721261193161995
0.9722084932356475
0.9723114606349575
0.9723296313524828
0.9724156394154359
0.9725488913439547
0.9727209074698608
0.9728081269139822
0.972958338178858
0.9731170291119122
0.9732975249059969
0.9734416792650308
0.9735821994805598
0.9737711749428228
0.9738668740551227
0.9740146625576618
0.9741273210063186
0.9742436135984804
0.9744749874016359
0.974688190487266
0.9748262879404582
0.9749849788735124
0.975144881187735
0.9752975152149475
0.9754877020583789
0.975683945807652
0.975848693646548
0.9760267666782959
0.9761042950730705
0.9762230104275691
0.9764059289839904
0.976586424778075
0.9767826685273482
0.9769801236577896
0.9770552292902276
0.9771509284025274
0.977335058340117
0.9774561964569524
0.9776524402062255
0.9777578303678722
0.9778898709152227
0.9779831472651859
0.9780509846106137
0.9781454723417452
0.978261764933907
0.9783562526650386
0.9784095534364461
0.9784713338760321
0.9785270574097763
0.9786045858045509
0.978694228011009
0.9787499515447533
0.9788044636973291
0.9789534635810365
0.9790939837965655
0.9792793251153235
0.9794743574834283
0.9796500077528395
0.9798898612241733
0.980057031825406
0.9801842268480832
0.9803174787766019
0.9804131778889018
0.9805367387680738
0.9806772589836027
0.9808965189750746
0.9811291041593984
0.9812405512268868
0.9813192910028298
0.9814283153079816
0.9815240144202815
0.9816681687793154
0.9818135345195178
0.981972225452572
0.9820303717486529
0.9821357619102996
0.9822871845563438
0.9824228592471993
0.9825876070860953
0.9827087452029306
0.9828201922704191
0.9829873628716518
0.9831133465131604
0.9832211594371438
0.9832877854014033
0.9833362406481374
0.9833701593208513
0.9834379966662791
0.9835143136798853
0.9836003217428383
0.9836717932317711
0.9837796061557545
0.9838765166492228
0.9839903864790479
0.9840897197348529
0.9842144919951933
0.9843259390626817
0.98443011784316
0.9844955324262511
0.9846251502112648
0.9847087355118812
0.9848286622475482
0.9849279955033531
0.9850261173779897
0.9851230278714579
0.9852175156025894
0.9852635480869869
0.9853083691902159
0.9853883203473273
0.9854670601232701
0.9855300519440245
0.9855821413342637
0.9856390762491762
0.9856778404465636
0.9857735395588635
0.9857868647517153
0.9858232061867659
0.9858631817653215
0.9859298077295809
0.986036409272396
0.9861042466178238
0.9861478563398844
0.9861902546807768
0.9863017017482653
0.9863889211923867
0.9864640268248246
0.9865633600806295
0.9866396770942357
0.9867075144396635
0.9867838314532698
0.9868528801798658
0.986921928906462
0.9870200507810986
0.9870781970771795
0.987213871768035
0.9873071481179982
0.9874210179478234
0.9875312536341435
0.9876281641276118
0.9877287087645851
0.9878510582625887
0.9879649280924139
0.9881102938326162
0.9881987246579059
0.9883125944877311
0.9883925456448425
0.9884276756987247
0.9885500251967283
0.988593634918789
0.9887644396635268
0.9888346997712912
0.9889921793231771
0.9891230084893592
0.9891993255029654
0.9893131953327906
0.9894052603015855
0.9894779431716866
0.9895276097995891
0.9895918130015118
0.9896499592975927
0.9896875121138117
0.989729910454704
0.9897916908942901
0.9899031379617785
0.990014585029267
0.990055771988991
0.990124820715587
0.9902144629220452
0.9902532271194325
0.9902932026979882
0.9903937473349614
0.9904494708687057
0.990529422025817
0.9906650967166725
0.9907995600263596
0.9908940477574912
0.9909691533899291
0.991047893165872
0.9911484378028453
0.9912356572469667
0.9912974376865527
0.9913471043144552
0.9915106407721828
0.991583323642284
0.991648738225375
0.9917529170058534
0.9918679982168469
0.991995193239524
0.9921066403070125
0.992238680854363
0.9923682986393767
0.9924627863705082
0.9925318350971043
0.9926457049269295
0.9927123308911889
0.9928310462456875
0.9929691436988797
0.993049094855991
0.9930927045780518
0.9931496394929643
0.9932719889909679
0.9933773791526146
0.9934706555025778
0.9935082083187967
0.993642671628484
0.9937323138349421
0.9938231674225685
0.9938655657634609
0.9939309803465519
0.993979435593286
0.9940448501763771
0.9941223785711517
0.9942071752529363
0.9942507849749971
0.9943416385626236
0.994449451486607
0.9945548416482537
0.9946444838547118
0.994700207388456
0.9947438171105167
0.9948152885994496
0.9949037194247393
0.9949800364383455
0.9950672558824669
0.9951690119006086
0.995273190681087
0.9953761580803969
0.9954561092375083
0.9955348490134511
0.9956353936504244
0.9957456293367446
0.9958401170678761
0.9959757917587316
0.9960496860100012
0.9961017754002404
0.9961938403690351
0.9963670678761096
0.9965063767104703
0.9966008644416018
0.9966880838857232
0.9967559212311509
0.9968601000116293
0.9970490754738923
0.9971895956894212
0.9972719696088692
0.9973640345776641
0.9974415629724387
0.9975215141295499
0.997586928712641
0.9977189692599915
0.9978619122378571
0.9979491316819785
0.998019391789743
0.9980835949916657
0.998163546148777
0.9982471314493934
0.998331928131178
0.9984082451447843
0.9984433751986665
0.9985027328759158
0.9985875295577005
0.9986432530914447
0.998698976625189
0.9987668139706167
0.9988552447959065
0.9989097569484824
0.9989473097647014
0.9990090902042873
0.9990926755049037
0.9991411307516378
0.9991980656665503
0.999258634724968
0.9993179924022173
0.9993700817924565
0.9994415532813893
0.9994827402411133
0.999522715819669
0.9995869190215917
0.9996256832189789
0.9996826181338916
0.9997431871923091
0.9997855855332015
0.9998485773539559
0.9999091464123735
0.9999721382331279
1.0000096910493468
1.0000508780090709
1.0001465771213707
1.0002144144667984
1.000318593247277
1.0003682598751793
1.0004106582160717
1.0004784955614994
1.000614170252355
1.000672316548436
1.0007268287010118
1.0007934546652713
1.0008661375353722
1.0009315521184634
1.000988487033376
1.0010054463697329
1.0010308853742684
1.001104779625538
1.001190787688491
1.0012876981819592
1.001368860720239
1.0014742508818855
1.001565104469512
1.0016595922006435
1.0017456002635965
1.001857047331085
1.0019515350622166
1.002029063456991
1.0020920552777455
1.002165949529015
1.0022604372601465
1.0023222176997326
1.0023852095204868
1.002461526534093
1.0025390549288677
1.0026032581307904
1.00267715238206
1.00278011978137
1.002907314804047
1.0030199732527039
1.0030781195487848
1.003137477226034
1.0032041031902934
1.0032186397643137
1.0032755746792263
1.0033494689304958
1.0034306314687755
1.0035130053882235
1.0036062817381866
1.003693501182308
1.0037504360972207
1.0037673954335775
1.0038146392991434
1.0038606717835408
1.0039394115594837
1.004012094429585
1.0040714521068341
1.0041247528782418
1.0041925902236695
1.0042483137574136
1.0043573380625654
1.0045208745202931
1.00464080125596
1.004784955614994
1.0048479474357483
1.004912150637671
1.0049957359382875
1.0051071830057758
1.0051641179206885
1.0052525487459782
1.0052937357057021
1.0053591502887933
1.0054112396790325
1.0054378900647363
1.0054766542621234
1.005526320890026
1.0056074834283055
1.0056825890607435
1.00576617436136
1.0058303775632826
1.005887312478195
1.005999970926852
1.0060835562274684
1.006158661859906
1.0062349788735123
1.0063379462728224
1.0064336453851224
1.0064954258247083
1.006591124937008
1.0066250436097222
1.0066795557622978
1.006748604488894
1.006761929681746
1.0068079621661434
1.0068879133232547
1.0069824010543862
1.0070817343101912
1.0071580513237974
1.0072501162925922
1.007276766678296
1.0073167422568516
1.0073615633600805
1.0074160755126564
1.0074584738535488
1.0075020835756097
1.0075917257820677
1.0076607745086639
1.0077346687599333
1.0078279451098966
1.0078945710741558
1.0079684653254255
1.0080556847695468
1.008165920455867
1.0082325464201263
1.0083015951467225
1.008375489397992
1.0084118308330425
1.008471188510292
1.0085293348063729
1.0085668876225917
1.0086032290576423
1.008646838779703
1.0086928712641006
1.0087376923673295
1.0087788793270536
1.0088358142419662
1.008890326394542
1.0089290905919293
1.0089496840717913
1.008989659650347
1.0090587083769431
1.0091313912470443
1.0092258789781758
1.0093143098034656
1.0093591309066945
1.0093615536690312
1.0094124316781021
1.009477846261193
1.0095408380819475
1.009560220180641
1.0095880819475134
1.009642594100089
1.0096849924409814
1.009738293212389
1.0098049191766485
1.009858219948056
1.0098885044772647
1.0099357483428306
1.0099987401635848
1.0100799027018645
1.0101319920921037
1.0101525855719657
1.0101852928635113
1.0102313253479087
1.0102579757336125
1.01031854479203
1.0103815366127844
1.010442105671202
1.0104626991510641
1.0105026747296197
1.0105462844516804
1.010606853510098
1.010640772182812
1.010678324999031
1.0107110322905763
1.0107667558243207
1.0107970403535296
1.0108309590262434
1.0108612435554523
1.0109036418963446
1.0109424060937318
1.0110029751521494
1.0110550645423886
1.0111095766949645
1.0111604547040354
1.0112149668566113
1.0112500969104934
1.0112924952513858
1.0113324708299414
1.0113954626506958
1.0114221130363996
1.011460877233787
1.0115093324805209
1.0115238690545412
1.011550519440245
1.0116001860681474
1.011640161646703
1.0116716575570803
1.0117019420862892
1.011735860759003
1.0117479745706865
1.0117685680505486
1.0118267143466295
1.0118654785440166
1.0119187793154243
1.0119466410822964
1.012024169477071
1.0121198685893709
1.0121634783114315
1.0122022425088189
1.012226470132186
1.01226765709191
1.012316112338644
1.0123451854866845
1.0123657789665466
1.0123924293522502
1.0124142342132807
1.0124408845989843
1.0124626894600148
1.0124966081327287
1.0125281040431058
1.012549908904136
1.0125898844826917
1.012625014536574
1.012645608016436
1.0126516649222779
1.0126649901151297
1.0126746811644765
1.0126855835949917
1.0126916405008335
1.0127025429313485
1.0127158681242006
1.0127267705547156
1.0127328274605574
1.012744941272241
1.0127534209404194
1.0127667461332712
1.0127837054696283
1.012793396518975
1.0128018761871536
1.0128079330929953
1.0128127786176688
1.0128200469046789
1.012827315191689
1.0128394290033724
1.0128454859092142
1.0128491200527192
1.0128563883397295
1.0128600224832345
1.0128697135325813
1.012872136294918
1.012879404581928
1.0128866728689383
1.0128903070124433
1.0129036322052951
1.0129072663488004
1.0129084777299686
1.0129193801604839
1.0129205915416521
1.0129254370663257
1.0129278598286622
1.012930282590999
1.0129314939721672
1.012933916734504
1.0129387622591774
1.0129436077838507
1.0129460305461875
1.0129520874520292
1.0129569329767028
1.012961778501376
1.0129654126448813
1.0129702581695545
1.012971469550723
1.0129763150753963
1.012978737837733
1.0129811606000698
1.0129847947435748
1.0129944857929216
1.0130029654611001
1.013012656510447
1.0130199247974572
1.0130235589409622
1.0130247703221305
1.013025981703299
1.013029615846804
1.013033249990309
1.0130344613714772
1.013036884133814
1.0130380955149825
1.0130393068961507
1.0130393068961507
1.0130453638019925
1.0130465751831608
1.0130477865643293
1.0130489979454975
1.0130502093266658
1.013053843470171
1.0130599003760128
1.0130635345195178
1.013068380044191
1.0130708028065278
1.0130732255688646
1.0130744369500329
1.0130756483312013
1.013078071093538
1.0130877621428849
1.0130926076675582
1.0130938190487266
1.0130986645734
1.0131022987169052
1.0131022987169052
1.0131035100980734
1.0131071442415784
1.0131107783850835
1.0131168352909252
1.013119258053262
1.0131241035779355
1.0131253149591037
1.0131265263402722
1.0131277377214405
1.0131289491026088
1.0131289491026088
1.0131289491026088
1.0131289491026088
1.0131289491026088
1.0131301604837772
1.0131301604837772
1.0131301604837772
1.0131313718649455
1.0131313718649455
