0.002599662537031101
0.0028286301046557914
0.0029572042003219636
0.004249990312910601
0.006761588400855282
0.008154767985402437
0.009283754222690333
0.011001010979875513
0.013220235096853281
0.014350982623122906
0.015256285159731297
0.016036536178636974
0.0170246192973866
0.018386095680262643
0.01927554661603548
0.01965774632507054
0.0200399460341056
0.020612364953167327
0.02115484195953967
0.022843918093017192
0.025063142209994962
0.026153380089684836
0.026787444123107056
0.02727179859308236
0.027572979008957915
0.027948133562066064
0.02849941701334705
0.029299042211051736
0.031255834269751974
0.03370050337639098
0.03601659838736381
0.03776731963520183
0.03938242163144676
0.041089110654741565
0.04254217406466749
0.04434397269297563
0.046193326123790436
0.04734697040682253
0.048683788743954376
0.04997481356756128
0.05111789011670301
0.05223102475315535
0.053090533776238805
0.053712268786788926
0.05461933261237904
0.05582757685384472
0.05673992454638002
0.058205316979178044
0.059739399682263467
0.06119246309218939
0.062037881803419015
0.06286921020279482
0.0636811644233716
0.06574187253199382
0.06705403282338146
0.06822000612928565
0.06903900550578936
0.06963255989263183
0.07044803669117207
0.07130050055832861
0.07363596974810045
0.07503619448857451
0.07654209656795229
0.07818890176586833
0.07994666816963326
0.08094531902227325
0.08159523465653104
0.08282461436577745
0.08350975577966979
0.08458590334750583
0.08548239943920559
0.08679455973059323
0.0876857719553478
0.08852766808861397
0.08892219682052113
0.0902290732449636
0.09127880147807371
0.09193752355724014
0.09289038089635519
0.09367063191526087
0.09459530863066827
0.09557634659349099
0.09751024189542876
0.09840145412018332
0.09923982767548603
0.09973827245731516
0.10034767844499318
0.10115787137658824
0.10182011603371811
0.10466107516124601
0.10647344152344451
0.10791241462151661
0.10975120031844104
0.11050679329160253
0.11148606996544351
0.1124530176164124
0.11331957179542276
0.11444679674372893
0.11511608655678572
0.11631904693130621
0.11721554302300595
0.11787426510217237
0.11810323266979707
0.1183850389068736
0.11966725728557187
0.12079448223387804
0.12183540402207951
0.12248884223430075
0.12309648693299705
0.12329727387691408
0.12343289312850717
0.12436461499984149
0.12591278801478073
0.12598676215201332
0.12611357495869777
0.1263636779941032
0.12754726418982468
0.12844376028152443
0.12871676007369234
0.12937019828591356
0.12968546901364295
0.13037589429448046
0.13110154535495258
0.13159822884779998
0.13258455067756786
0.13304072452383553
0.13399534315193232
0.13572845150995305
0.13661085728979896
0.13879837820510563
0.1404416608250582
0.14128003438036094
0.1421219305136271
0.14465114149138905
0.147692887562834
0.1483392806191283
0.1487232416171451
0.14936963467343942
0.15108160756367942
0.15210667775104533
0.15340474773057916
0.15449498561026903
0.15554999771032432
0.1563601906419194
0.15704004818886655
0.15792597654667592
0.15957102045561022
0.1603565553414611
0.16113152249342158
0.1618008123064784
0.16369772053979983
0.16559991264006652
0.1668592342620023
0.16753733051996772
0.16840036212101464
0.16976359979287242
0.17066890232948081
0.17135404374337315
0.17204270773522895
0.173384809939306
0.17389206116604375
0.1756181243681376
0.17687392341210992
0.17703243942046548
0.17750446486756868
0.17831994166610893
0.17979766312177906
0.18230045476481507
0.1833625120207973
0.18387504711448027
0.1857684327698383
0.1871211027078057
0.1884015597975222
0.19103820940316962
0.19181141526614837
0.19301789821863233
0.1935498074911143
0.19482674200286737
0.19593459277237454
0.19692619846908763
0.19769764304308465
0.19862408104747378
0.1992264418792249
0.19987107364653747
0.20031491846993305
0.2010828404659666
0.20156895622492366
0.20217660092361994
0.20569917888707673
0.20665027493721005
0.2075291581390925
0.20772818379402783
0.2084837767671893
0.20914426013533743
0.20984525315006533
0.21061669772406238
0.21108520059320213
0.21150262608187176
0.2122247545643804
0.21309130874339077
0.2155447842949384
0.21728493780888605
0.21831176928523371
0.2196080779757858
0.22052218695730283
0.22139754758122185
0.22212848250863912
0.22365728134477936
0.2247704159812317
0.22557884762384503
0.22694913045162973
0.22894995473487317
0.23038364396600008
0.2316764300785887
0.23399428637854328
0.23505810492350723
0.23575557536027167
0.2364512845080544
0.23782156733583906
0.23839750883286423
0.23945075964393783
0.24080519087088695
0.24227058330368498
0.2440036916617057
0.24577730966630618
0.24779750812834864
0.24875917191237235
0.249604590623602
0.250583867297443
0.25203340812940545
0.2530426267159358
0.2537330519967733
0.25414871619646123
0.25491487690351305
0.2558201794401215
0.25647537894132444
0.25716404293318024
0.2579619068419032
0.25955939594833083
0.26007545361997725
0.26083280788212043
0.2618050394000345
0.26260642588672095
0.263617405762233
0.26506342401623206
0.2664566036007792
0.2674376415636019
0.26853316331023697
0.2693363110859051
0.2698206655558804
0.27047234247911994
0.2718126833942152
0.27327279196006804
0.2737501012741165
0.2741005977814804
0.2747769327504641
0.27593938347840485
0.2766333313372058
0.27738716302138555
0.27812514310472974
0.2788314199864029
0.2794690065977885
0.28030033499716434
0.280671966972309
0.28130603100573126
0.28211622393732627
0.282325817326152
0.28308493287727693
0.28400080314777565
0.28466833167185074
0.285522556827989
0.2875709359137391
0.2891155863507149
0.29011599849233666
0.2909966429832008
0.2913048685550033
0.29223306784837416
0.29243737737025466
0.2930326930460788
0.2938728278903633
0.2943518984933934
0.2947851755828986
0.29542628477224775
0.2957362716330319
0.2965041936290655
0.29710479317183486
0.2977036314256225
0.29817741816170745
0.2988995466442161
0.29959173321403537
0.3002011392017134
0.3011451900959198
0.3016647703455297
0.3030262467284057
0.3036004269364492
0.30434369088673857
0.30485270340245807
0.30541103200966596
0.30587072843389707
0.30644843121990395
0.30729561122011534
0.3087469133410595
0.3090516163348985
0.3106033119278012
0.3110577244850872
0.31140293712550593
0.3126904393711494
0.3137894836957479
0.3145891088934526
0.3150945988312086
0.3156317919706358
0.3160404110143968
0.31637329463194347
0.31653709450724415
0.3171077521373242
0.31781226773001553
0.31864359612939136
0.319404472969498
0.3204665302254802
0.321051278167414
0.3217927808287217
0.3227843865254348
0.32455800453003525
0.32570988752408564
0.32649366112095474
0.32724925409411626
0.32787098910466633
0.32809291151636416
0.32871464652691423
0.3294121169636787
0.32979607796169547
0.33012367771229695
0.33107829634039376
0.33267754673580313
0.3329435013720441
0.3341711197923088
0.33475586773424265
0.33523493833727275
0.33628466657038286
0.33812521355628905
0.33903932253780605
0.34024580549029
0.3410929854905014
0.3425055392538475
0.3434478288590722
0.34422455730001444
0.34589425925469297
0.3477577029973616
0.34943797268593046
0.3505211654096934
0.3515656097758584
0.3521556415847374
0.3526646541004569
0.35342553094056356
0.35466723967268204
0.3560586579682475
0.35653244470433243
0.35765790836365685
0.35839588844700104
0.359051087948204
0.35972566162820596
0.36005326137880744
0.3604037578861714
0.3608387962646583
0.36130553784481634
0.361885001919805
0.36384883913443217
0.3644388709433112
0.36494083830310375
0.36540581859428006
0.3658126763490593
0.3660117020039946
0.36697512707700003
0.3679332682830603
0.3687029515680756
0.3696029702377388
0.3704096405913704
0.37071082100724595
0.3712603431695452
0.3716319751446899
0.37178344599711854
0.37211456832568346
0.37332985772307603
0.3742879989291363
0.3751809724428726
0.3762430296988548
0.37725048699640346
0.3782508991380252
0.3790839888263827
0.3800509364773516
0.3811200388892607
0.3818351222158424
0.3831067728606503
0.38401559797522217
0.38463381040780886
0.3854387194724587
0.3859089836305802
0.3862806156057249
0.3874747695353367
0.3881916141509002
0.38886794911988387
0.3901906771451619
0.39101143781064734
0.39189912745743843
0.3925578495366049
0.3929699911583293
0.39366217772814854
0.3942662998488814
0.3951909765642888
0.3956929439240814
0.39642564014048043
0.3968747688308211
0.39785932937160734
0.3986519094133851
0.3993106314925515
0.3996523215550068
0.4004501854637298
0.401350204133393
0.40204767457015744
0.40254964192995
0.40467727901987793
0.40680139353184236
0.40783703145309863
0.40899595960307594
0.40991182987357466
0.410434932701148
0.41064980995691885
0.41082770014407344
0.4115850544062166
0.41216099590324184
0.4127069954875776
0.4138042785231944
0.41446476189134257
0.41512700654847245
0.4162330960289979
0.4172810629731262
0.41808244945981266
0.41879401020843093
0.4202699703751193
0.42099738272457315
0.42170894347319143
0.42250152351496917
0.42328705840082004
0.42360409041753116
0.4240232771951825
0.4244812123304319
0.42475773470056327
0.42517868276719634
0.42571411461764175
0.4259096176946136
0.42664407519999437
0.4270104233081939
0.4279069193998936
0.42968229869347585
0.43140836189556964
0.43307277998330296
0.4340485340791805
0.43534836534769605
0.43626951948514
0.43701630601339286
0.4375587830197652
0.4380942148702106
0.4388603755772625
0.4397269297562728
0.44127862534917556
0.4421804053078205
0.44269470169048514
0.4433551850586333
0.4437092041439607
0.44411606189874
0.4449121645184812
0.44548106085957945
0.4458597379906511
0.4462824473462659
0.44732160784548564
0.44878171641133846
0.44936998693123575
0.4506028892184456
0.45179528185907575
0.4533663516307775
0.4545094281799192
0.4552474082632634
0.4560417495940229
0.4566388265588288
0.45772201928259176
0.4581975673076584
0.45857624443873
0.4590148053951804
0.45971755969889005
0.46007862394014437
0.46068626863884066
0.4615369712170155
0.46246693179936804
0.4631714473920594
0.46413134988710136
0.46507892335927126
0.46589263886882976
0.4668490187859083
0.4678459083495665
0.4683566821542678
0.46921795246633297
0.47085066735239517
0.4718581246499438
0.47263133051292255
0.47307517533631815
0.4740509294321957
0.4747607288918322
0.475164064068648
0.47556563795648205
0.4760270956696949
0.47616623749925147
0.47649383724985295
0.47676859833100255
0.47710852710447615
0.4774255591211872
0.4775259525931458
0.47781832656411266
0.4781864359612939
0.47840131321706475
0.47927843512996554
0.4799019314294974
0.48062758248996945
0.4816966849018786
0.4825597165029255
0.4829154968772346
0.48333996752183117
0.4836341027817798
0.483782051056245
0.48434918610836153
0.4848106438215744
0.4852368757551527
0.4875424030322351
0.4886872408703586
0.4893301113486894
0.48951152411380744
0.4900733752989788
0.4904467685631052
0.4911583293117235
0.4913256517649877
0.4916972837401324
0.4920777221601857
0.4926166765885946
0.4932489793330351
0.49408383031037434
0.4945311977117334
0.4949257264436405
0.49540655833565234
0.49575353226505287
0.495986022410641
0.49624317060197337
0.49646685430265286
0.4972946601240652
0.49801854989555555
0.49868607841963064
0.4991933296463684
0.49975518083153975
0.5005283866945185
0.5014002247404741
0.5017190180461669
0.5019338953019378
0.5021434886907634
0.5025979012480494
0.5029836235350479
0.5034098554686262
0.5034926360507674
0.5038008616225699
0.5038748357598024
0.5043732805416316
0.5047220157600139
0.5052363121426785
0.5055727183381886
0.5060095180056573
0.5063054145545877
0.5067985754694716
0.5076158135569936
0.5085281612495288
0.5099319085679663
0.5107403402105797
0.5114025848677096
0.5121264746391999
0.5130370610427535
0.5140145764276128
0.5147102855753954
0.5153408270308543
0.5157564912305421
0.5162936843699694
0.5173944899835495
0.5177150445782241
0.5185710310233441
0.5199096106494577
0.5205383908159348
0.5216303899846063
0.522475808695836
0.5234920724382932
0.5243885685299929
0.5250842776777757
0.5256743094866547
0.526255534850625
0.5266817667842033
0.527164359965197
0.5277191659944414
0.5283091978033204
0.5287090104021728
0.5289256489469253
0.5294170485728276
0.5300916222528295
0.5308842022946073
0.5317172919829648
0.5326771944780068
0.5331545037920552
0.5339171419211436
0.53457586400031
0.535088399093993
0.5355463342292424
0.5358316630442823
0.5365837334394804
0.5376405068285174
0.5386233060803218
0.5390072670783386
0.5393031636272689
0.5398702986793855
0.5402718725672196
0.5408055431286833
0.5414149491163613
0.5419274842100443
0.542357238721586
0.5430388575575149
0.5435073604266546
0.5440463148550635
0.5443527791378843
0.5445975983063445
0.5446557208427415
0.5450273528178863
0.5457477200114131
0.5461334422984117
0.5462514486601875
0.5463307066643652
0.5465226871633736
0.5466847257496926
0.5469489190969519
0.5474790670804521
0.547855982922542
0.5482980664569559
0.5485552146482882
0.5489902530267751
0.5496260783491791
0.5498691362286576
0.5503975229231761
0.5514014576427613
0.5518171218424491
0.5521588119049045
0.552440618141981
0.5529601983915909
0.5535414237555613
0.5537017010528985
0.5539359524874684
0.5544925198056946
0.5550860741925371
0.5558187704089361
0.5563929506169796
0.5569072469996442
0.5570851371867988
0.5575994335694635
0.5582017944012145
0.5588235294117647
0.5594769676239859
0.559982457561742
0.5602942057115079
0.5608261149839899
0.5611924630921894
0.5612840501192393
0.561544720888535
0.5619339657534971
0.5622879848388245
0.5626349587682249
0.5632426034669212
0.5635966225522486
0.5638432030096906
0.5640017190180462
0.564320512323739
0.5647872539038971
0.5651324665443158
0.565500575941497
0.5659902142784176
0.5663248591849459
0.566557349330534
0.5667898394761222
0.5673534519502753
0.5676757678339316
0.5680667739878753
0.5685528897468323
0.5688716830525251
0.5692186569819256
0.5694141600588976
0.5699531144873063
0.5702701465040175
0.5707844428866822
0.5712089135312788
0.5714361198099217
0.5718447388536827
0.57229034496606
0.5725968092488807
0.5732167829704491
0.5738755050496155
0.5742506596027237
0.574423265922933
0.5749780719521774
0.5761211485013192
0.5771603090005389
0.5780180567346407
0.5788352948221627
0.5792527203108323
0.5800312100407562
0.5804785774421153
0.5808167449266071
0.5811971833466604
0.5814701831388284
0.5818065893343385
0.5824547436796145
0.5829390981495898
0.5832050527858308
0.5838954780666683
0.584429148628132
0.5851988319131474
0.5855757477552372
0.5859561861752905
0.5863172504165448
0.586796321019575
0.5872701077556599
0.587729804179891
0.5881930231820856
0.5888552678392155
0.5894928544506012
0.5905214472159305
0.5912418144094574
0.5919269558233498
0.5923514264679463
0.5930788388174001
0.5939436317074288
0.5946217279653941
0.5951272179031503
0.5954055015622634
0.5955816304604362
0.5958070754500974
0.5966542554503087
0.597716312706291
0.5982957767812797
0.5986339442657714
0.599201079317888
0.5994547049312569
0.5997030466776806
0.6000553044740262
0.6007281168650466
0.6016633613143443
0.6020191416886534
0.6026813863457833
0.6029614312938781
0.6039354241007739
0.6042718302962841
0.6046505074273556
0.604946403976286
0.6050961135397329
0.6054149068454258
0.6060542547457931
0.6064523060556638
0.6067112155359778
0.6068327444757171
0.6073488021473635
0.6080304209832924
0.6086820979065319
0.6095997294660124
0.6100893678029329
0.6102936773248134
0.6104627610670593
0.6107780317947887
0.6112253991961477
0.611813669716045
0.6123667144563077
0.6126661335832015
0.6130518558702001
0.6133477524191304
0.6138708552467037
0.6146070740410662
0.6148378028976726
0.6150667704652973
0.6153961315048805
0.6158206021494771
0.6160143439374672
0.6162820598626899
0.6173353106737635
0.6180627230232173
0.6185171355805033
0.6188412127531413
0.619433005851002
0.6197165733770603
0.6201428053106386
0.6204422244375324
0.620651817826358
0.6210005530447402
0.6211678754980045
0.6218265975771708
0.6220256232321062
0.6222123198641694
0.6226561646875649
0.6228657580763907
0.6231387578685585
0.6234786866420321
0.624056389428039
0.6244879052285625
0.6249423177858484
0.625185375665327
0.6256926268920647
0.6262967490127975
0.6267987163725901
0.6270047871834523
0.62717563221468
0.6276793608634543
0.628096786352124
0.6283592184104014
0.6285476763314464
0.6288136309676874
0.6293913337536943
0.6300324429430434
0.6307950810721318
0.6310240486397565
0.6312301194506187
0.6316105578706721
0.6318025383696805
0.6322446219040943
0.6329121504281694
0.6337540465614355
0.6343299880584607
0.6352123938383066
0.6364699541712607
0.6371656633190435
0.6375742823628044
0.6378032499304291
0.638380952716436
0.6390960360430177
0.6399326483093387
0.6406107445673042
0.6408907895153989
0.6413839504302828
0.6419810273950888
0.6423385690583797
0.6425604914700774
0.6431610910128468
0.6439941807012044
0.6446986962938958
0.6453081022815738
0.6458858050675806
0.6462503918867984
0.646636114173797
0.6471169460658088
0.6474375006604833
0.6477915197458107
0.6484132547563609
0.6491089639041436
0.6495193442368863
0.6497606408273832
0.6501446018253999
0.6506976465656626
0.6513229041541762
0.6518530521376764
0.6519798649443609
0.6526544386243629
0.6532286188324063
0.6540440956309466
0.6545636758805564
0.6551131980428557
0.6552030237809239
0.656199913344582
0.6571985641972221
0.6574962220351342
0.6579312604136212
0.6586375372952942
0.6594600592497614
0.6607792646970759
0.6610205612875727
0.6613076513915944
0.6615366189592191
0.6616898511006295
0.6619998379614137
0.6626814567973426
0.662970308190346
0.663255637005386
0.6638192494795391
0.6642032104775559
0.6646734746356774
0.6652370871098304
0.6659063769228872
0.6662780088980319
0.6667852601247697
0.6676218723910907
0.6680586720585593
0.6684778588362107
0.6690150519756378
0.6692774840339154
0.6696103676514621
0.6698093933063973
0.670188070437469
0.6705667475685405
0.6711990503129811
0.6716745983380478
0.6721501463631144
0.6724777461137159
0.6727384168830116
0.6730395972988872
0.6732474293987312
0.6736084936399855
0.6737458741805603
0.674182673848029
0.6751637118108517
0.6755811372995213
0.67592634993994
0.67621167875498
0.6763384915616645
0.676523426904746
0.6768598331002561
0.6772420328092912
0.6774745229548793
0.6778056452834442
0.6780944966764477
0.6788148638699746
0.6792833667391144
0.6796268180905514
0.680005495221623
0.6802186111884121
0.6806871140575519
0.68106226861066
0.6813000426231933
0.6815307714797998
0.6818389970516022
0.6821243258666423
0.68234624827834
0.682735493143302
0.6832356992141129
0.6841269114388674
0.6847627367612714
0.6850304526864941
0.6856028716055558
0.6860431938509879
0.6864958451192921
0.6868903738511992
0.6874733605041513
0.6878203344335518
0.6882113405874956
0.6888260304421188
0.6893033397561672
0.6896978684880744
0.6900994423759084
0.6902015971368486
0.690523913020505
0.6910188352243706
0.6916106283222313
0.6921583891955488
0.6926392210875607
0.6930337498194679
0.6932644786760743
0.6935656590919499
0.6937963879485562
0.694245516638897
0.694816174268977
0.6953815480321118
0.6957813606309642
0.6961706054959261
0.6965897922735775
0.6970036951842836
0.697156927325694
0.697267888531543
0.6974422561407341
0.6979600751013622
0.6984321005484654
0.6988759453718609
0.6989710549768743
0.6995945512764061
0.700172254062413
0.7004135506529098
0.7007658084492555
0.7011832339379251
0.7015636723579785
0.7018190592603291
0.7024953942293127
0.703245703335529
0.7036155740216921
0.704024193065453
0.7043218509033651
0.7044451411320861
0.7054332242508358
0.7064160235026402
0.7069479327751221
0.7070958810495873
0.707578474230581
0.7078796546464564
0.7079958997192506
0.7085559896154402
0.7090332989294885
0.709522937266409
0.7103595495327301
0.7109742393873533
0.711520238971689
0.71192885801545
0.7122564577660515
0.712622805874251
0.7129821088265236
0.7131864183484041
0.7135157793879873
0.7141128563527932
0.7147099333175991
0.7152083780994283
0.7154602424238155
0.7156293261660613
0.7157878421744169
0.716027377475932
0.7160802161453839
0.7163197514468989
0.716617409284811
0.7169890412599557
0.717700602008574
0.718530169118968
0.7189335042957838
0.7194442781004851
0.7197489810943241
0.7199004519467527
0.720080103422889
0.720715928745293
0.7210470510738579
0.7213411863338065
0.7217709408453482
0.7220650761052969
0.7224120500346974
0.722706185294646
0.7231729268748041
0.723504049203369
0.7238968166462945
0.7243389001807082
0.7249623964802401
0.7252864736528781
0.7256792410958035
0.7260121247133502
0.7268839627593058
0.7273841688301166
0.728678716231687
0.72924232870584
0.7295804961903319
0.7304030181447991
0.7312449142780653
0.7314650754007813
0.7317292687480406
0.7319652814715921
0.732426739184805
0.7328758678751457
0.7332069902037107
0.7335398738212574
0.7339044606404751
0.7342091636343141
0.7344645505366647
0.734709369705125
0.7350898081251783
0.7354350207655971
0.7357256334475822
0.7359369881253897
0.7361677169819961
0.7364125361504563
0.7366503101629897
0.7371487549448188
0.7375943610571961
0.7379201995188158
0.738392224965919
0.7386599408911417
0.7388378310782964
0.7389840180637798
0.739209463053441
0.7396585917437818
0.7397572239267586
0.7401059591451408
0.7404916814321393
0.7408280876276494
0.7411363131994518
0.7413652807670765
0.7418302610582529
0.7421437704970005
0.742406202555278
0.7425823314534509
0.7428958408921985
0.7432023051750193
0.7433643437613383
0.7442238527844217
0.7443383365682341
0.7445285557782607
0.744916039354241
0.7454391421818143
0.7458636128264109
0.7460784900821817
0.7466509090012434
0.7473783213506973
0.7477446694588968
0.7481832304153472
0.7486305978167062
0.7489916620579605
0.749273468295037
0.7495887390227665
0.7499815064656918
0.7502016675884079
0.7503531384408365
0.7506155704991141
0.7510999249690894
0.7519946597718073
0.752373336902879
0.7530038783583378
0.7531923362793828
0.7533191490860671
0.7534001683792266
0.7540483227245027
0.7545855158639299
0.7550857219347408
0.755693366633437
0.7566409401056069
0.757178133245034
0.7577047586505709
0.7581133776943318
0.7584268871330795
0.758747441727754
0.7589693641394518
0.7591930478401313
0.7594114476738656
0.7599504021022745
0.7603607824350173
0.7607711627677599
0.7619864521651526
0.7621502520404533
0.7623105293377905
0.7624302969885481
0.7628036902526745
0.7630062384855733
0.7631189609804039
0.7631400964481846
0.7632175931633807
0.7635240574462014
0.7636420638079773
0.7638393281739309
0.7641440311677699
0.7642972633091802
0.7644029406480839
0.7646900307521056
0.7648996241409313
0.7652765399830211
0.7656552171140928
0.7662470102119535
0.7667313646819288
0.7673143513348809
0.7677141639337333
0.7683077183205758
0.7687180986533184
0.7691002983623535
0.7693169369071061
0.7694807367824068
0.769648059235671
0.7703472909614172
0.7708017035187031
0.7712279354522814
0.7714463352860157
0.7715608190698281
0.7719747219805342
0.7724537925835644
0.7727655407333303
0.773052630837352
0.7733361983634103
0.7736162433115051
0.7738047012325501
0.7739949204425767
0.7742855331245618
0.7745109781142231
0.7748632359105688
0.7751115776569925
0.7752560033534942
0.7753969064720325
0.7755378095905707
0.7756311579066024
0.7757156997777254
0.7759023964097885
0.7761084672206507
0.7762423251832621
0.7764607250169965
0.7766544668049865
0.7769380343310448
0.7771388212749619
0.7773308017739703
0.7775315887178873
0.777721807927914
0.7778274852668177
0.7781991172419623
0.7786042137077599
0.7788596006101105
0.7791783939158033
0.7793668518368483
0.7794813356206606
0.7795834903816009
0.7804835090512641
0.7810030893008739
0.7810664957042162
0.7812056375337727
0.7814169922115801
0.7816406759122596
0.7818696434798843
0.7821708238957599
0.7826622235216621
0.7833579326694448
0.7838281968275663
0.7840325063494468
0.7841769320459485
0.7845767446448009
0.7848145186573342
0.7851227442291366
0.7854151182001036
0.7855401697178063
0.785781466308303
0.7859364597386952
0.7860844080131604
0.7861742337512285
0.7862394014435524
0.7870883427327455
0.787260949052955
0.78750048435447
0.7878721163296146
0.7881732967454902
0.7882296579929056
0.7882965869742112
0.7884832836062744
0.7889605929203228
0.7896439730452334
0.790172359739752
0.7906056368292571
0.7907518238147406
0.7907870495943752
0.7910670945424699
0.7914581006964136
0.7917064424428374
0.7921608550001233
0.7924937386176699
0.7927420803640937
0.7933197831501005
0.7935082410711455
0.7943800791171011
0.7950123818615416
0.7954174783273391
0.7957996780363742
0.7960163165811267
0.7968775868931919
0.7973601800741855
0.7974764251469796
0.797869192589905
0.7981703730057805
0.7983112761243188
0.7984609856877657
0.7990175530059919
0.7993046431100136
0.7996974105529391
0.7998030878918427
0.8000214877255771
0.8002152295135672
0.8003068165406171
0.8004864680167534
0.8008175903453183
0.8010166160002536
0.8013935318423435
0.8015573317176442
0.8017686863954516
0.8020240732978022
0.8021438409485598
0.8024221246076729
0.8028254597844887
0.8030315305953509
0.8032111820714872
0.8034172528823494
0.8037166720092432
0.8039984782463198
0.8042292071029262
0.804327839285903
0.8047188454398467
0.8050939999929548
0.8054057481427208
0.8056082963756195
0.8058319800762991
0.8063145732572926
0.8069169340890437
0.807135333922778
0.8073290757107682
0.8075598045673746
0.8078856430289943
0.808160404110144
0.8083594297650792
0.8086623714699366
0.8087962294325479
0.8091097388712956
0.8092312678110348
0.8093880225304086
0.8097772673953706
0.810196454173022
0.8103620153373045
0.8107001828217963
0.8110999954206487
0.8114029371255059
0.8115367950881173
0.8117234917201805
0.8119295625310428
0.8122236977909914
0.8124473814916708
0.8125636265644649
0.8128260586227425
0.8131237164606545
0.8138476062321449
0.8140237351303178
0.8141311737582032
0.8145168960452017
0.8147018313882832
0.8148321667729311
0.814981876336378
0.8152601599954911
0.8155701468562753
0.8160051852347622
0.8162042108896975
0.8163715333429618
0.8164261333013952
0.8165952170436412
0.8167537330519967
0.8168576491019187
0.8171288876051049
0.8176379001208244
0.8180782223662565
0.8184886026989993
0.8187704089360758
0.8190751119299148
0.8193745310568086
0.8196492921379582
0.8197813888115879
0.8199909822004136
0.8203943173772293
0.8209244653607296
0.821278484446057
0.8214933617018279
0.8215919938848046
0.8217963034066852
0.8220622580429261
0.8223317352571305
0.8225025802883582
0.8225941673154081
0.8229464251117538
0.8230785217853834
0.8233444764216244
0.8235452633655415
0.8237936051119651
0.824008482367736
0.824170520954055
0.8242039854447079
0.8244787465258575
0.8248169140103493
0.8250793460686269
0.8254227974200639
0.8256094940521271
0.825875448688368
0.826063906609413
0.8262294677736955
0.8263580418693617
0.8264126418277953
0.8265288869005893
0.8267261512665429
0.8268688156740629
0.8270167639485281
0.8272686282729153
0.8274412345931247
0.8275803764226812
0.8279308729300451
0.8282901758823177
0.8285138595829972
0.8286987949260787
0.8289136721818495
0.8293134847807019
0.8294755233670209
0.8296463683982486
0.8299722068598683
0.8304653677747523
0.8307735933465548
0.8317158829517795
0.8321350697294307
0.8325155081494842
0.8328483917670307
0.8330333271101122
0.8333820623284944
0.8336304040749182
0.8337536943036392
0.8338945974221774
0.8341218037008205
0.8342591842413952
0.834454687318367
0.8346184871936678
0.8347523451562792
0.8348685902290732
0.8349355192103789
0.8351345448653142
0.8352472673601449
0.8353529446990485
0.8354233962583177
0.8355801509776916
0.8357316218301202
0.8358214475681883
0.835869002370695
0.8359412152189458
0.8360416086909044
0.8361367182959177
0.836193079543333
0.8362300666119493
0.8363868213313231
0.8366739114353449
0.8368042468199928
0.8370631563003068
0.8373625754272006
0.8377518202921627
0.8379931168826594
0.8382731618307542
0.8384580971738357
0.8386782582965517
0.838845580749816
0.8390111419140984
0.8391062515191118
0.8391960772571799
0.8394021480680421
0.8396152640348312
0.8398794573820905
0.8402229087335276
0.8404325021223532
0.8405751665298732
0.8406438568001606
0.8409908307295612
0.8411387790040263
0.8413254756360895
0.8413959271953586
0.8417023914781794
0.8419877202932194
0.8421251008337942
0.8424069070708707
0.8425900811249705
0.8426869520189656
0.842775016468052
0.8430603452830919
0.8434196482353645
0.8436415706470624
0.8438265059901439
0.8440766090255493
0.8442562605016856
0.8443337572168816
0.8444253442439315
0.8445997118531225
0.8447458988386061
0.845038272809573
0.845232014597563
0.8453782015830466
0.8455807498159453
0.8457656851590268
0.845906588277565
0.8460615817079572
0.8462711750967828
0.8465653103567314
0.8466956457413793
0.8467995617913013
0.846912284286132
0.8472627807934959
0.8477277610846722
0.8479972382988766
0.8482121155546475
0.8484569347231078
0.8486383474882258
0.8486876635797141
0.848825044120289
0.8489906052845715
0.8493287727690633
0.8497479595467147
0.850082604453243
0.8503150945988313
0.8506039459918346
0.8508329135594593
0.8510178489025408
0.8512098294015492
0.851574416220767
0.852021783622126
0.8524656284455215
0.8530486150984736
0.853286389111007
0.8534343373854721
0.8537249500674574
0.8539398273232283
0.8540719239968578
0.8542674270738297
0.8544488398389477
0.854751781543805
0.8549208652860509
0.8549701813775393
0.855199148945164
0.8553735165543551
0.8556060066999432
0.8559036645378554
0.8562101288206762
0.8563704061180134
0.8565482963051679
0.8567279477813042
0.8568952702345685
0.8570203217522712
0.8570713991327413
0.857138328114047
0.8572369602970238
0.8573602505257447
0.8575786503594791
0.8576966567212548
0.8577741534364509
0.8579837468252766
0.8581246499438149
0.85836418524533
0.858480430318124
0.8586266173036075
0.8588784816279946
0.8589454106093003
0.8591655717320164
0.8592923845387008
0.8594244812123304
0.8594931714826178
0.8595741907757773
0.8597168551832973
0.859803158343402
0.8599440614619404
0.8600092291542643
0.8600479775118622
0.8601888806304006
0.86036148695061
0.8604530739776598
0.8605358545598011
0.8606344867427779
0.8607965253290969
0.8609427123145803
0.8610554348094109
0.8612773572211087
0.861476382876044
0.8617106343106139
0.8618603438740607
0.8620241437493615
0.862170330734845
0.8623306080321823
0.8625155433752637
0.8627286593420529
0.8629452978868055
0.8631848331883205
0.863454310402525
0.8637678198412726
0.8641887679079058
0.8642979678247729
0.8645903417957398
0.864777038427803
0.8651222510682217
0.8653758766815907
0.8656664893635758
0.8657615989685892
0.8658126763490593
0.865879605330365
0.8660064181370494
0.8663234501537606
0.8665453725654583
0.8667672949771561
0.8668958690728222
0.8670579076591413
0.8671653462870267
0.8672129010895334
0.8673238622953823
0.8673978364326148
0.8675246492392993
0.8680230940211284
0.8684810291563778
0.8686606806325141
0.8687734031273447
0.868849138553559
0.8689495320255175
0.869076344832202
0.8692648027532469
0.8693722413811323
0.8695659831691225
0.8700362473272439
0.8702370342711611
0.8704043567244252
0.8706615049157576
0.8712621044585269
0.8716266912777447
0.8719261104046385
0.8721814973069891
0.8724351229203581
0.8727415872031787
0.8728930580556075
0.8730938449995245
0.8732699738976973
0.873525360800048
0.873803644459161
0.8739181282429733
0.8739603991785349
0.8740731216733655
0.8742545344384834
0.8744412310705467
0.8745997470789022
0.8748709855820884
0.8750647273700786
0.8751968240437081
0.8752320498233427
0.875269036891959
0.8753588626300272
0.8754205077443876
0.875573739885798
0.8757287333161902
0.8758256042101852
0.8758802041686188
0.8760158234202119
0.8761937136073664
0.8763839328173931
0.8764931327342602
0.8767080099900311
0.8771324806346277
0.8774407062064301
0.877720751154525
0.8780096025475284
0.8785203763522296
0.8788391696579224
0.879017059845077
0.8791738145644509
0.8793939756871669
0.8795260723607965
0.8797162915708232
0.8799434978494661
0.8800685493671688
0.8802358718204331
0.8806022199286325
0.880832948785239
0.8810971421324982
0.8812873613425249
0.8814282644610631
0.8815039998872775
0.8815709288685832
0.8816114385151629
0.8818034190141714
0.882116928452919
0.8823229992637812
0.882622418390675
0.8829447342743313
0.8832335856673348
0.8834572693680143
0.8836492498670226
0.8838993529024282
0.8842216687860844
0.8843255848360064
0.8844594427986178
0.8846461394306809
0.8847359651687491
0.8849455585575747
0.8851974228819619
0.8853471324454089
0.885482751697002
0.885683538640919
0.8859089836305802
0.8860956802626434
0.8861784608447847
0.886358112320921
0.8865254347741851
0.8866786669155955
0.8867544023418098
0.8868213313231155
0.8868759312815491
0.8870115505331422
0.8870679117805574
0.8871577375186256
0.8872369955228034
0.8874007953981041
0.8879714530281841
0.8887904524046878
0.8889489684130434
0.8890352715731481
0.8892483875399372
0.88942451643811
0.8895425227998859
0.8900374450037516
0.890164257810436
0.8903720899102799
0.8906186703677219
0.8908722959810909
0.8910308119894463
0.8913196633824498
0.891552153528038
0.8916578308669416
0.8918022565634434
0.8920224176861594
0.8923658690375965
0.8927093203890335
0.8931778232581733
0.8933927005139441
0.8935441713663728
0.8936938809298197
0.8940179581024577
0.8940866483727451
0.8942522095370276
0.8943561255869495
0.8946079899113367
0.894729518851076
0.8949443961068468
0.8951733636744715
0.8954446021776576
0.8955538020945248
0.8956260149427757
0.8957493051714968
0.8958197567307659
0.8965788722818908
0.8969452203900903
0.8971724266687332
0.8973045233423629
0.8974806522405357
0.8975845682904577
0.8977976842572468
0.8979297809308765
0.8980160840909811
0.8981129549849762
0.8982221549018433
0.8983595354424182
0.8985021998499382
0.8986536707023668
0.8988438899123935
0.8989301930724982
0.899009451076676
0.8990746187689999
0.8991380251723421
0.8992278509104102
0.899333528249314
0.8995906764406463
0.8999306052141199
0.9001401986029456
0.9002441146528676
0.9004783660874375
0.9005646692475421
0.9007337529897881
0.9009045980210157
0.9009856173141753
0.9011001010979875
0.9011793591021653
0.9013748621791372
0.9015404233434197
0.9016725200170492
0.9017147909526108
0.9017676296220626
0.9019666552769979
0.9020705713269199
0.9022467002250927
0.9023647065868685
0.9036293120757495
0.9040396924084922
0.9046173951944991
0.904774149913873
0.9048745433858315
0.9050260142382601
0.9052127108703233
0.905344807543953
0.905441678437948
0.905610762180194
0.9058291620139283
0.9061127295399866
0.9063381745296478
0.9065231098727292
0.906875367669075
0.9070814384799372
0.9074213672534107
0.9077137412243776
0.9078916314115322
0.9079691281267283
0.9081646312037002
0.9084270632619776
0.9086225663389494
0.9087546630125791
0.90882687586083
0.9088797145302818
0.9089255080438068
0.9090047660479845
0.9091579981893949
0.9092055529919016
0.9094098625137821
0.9095331527425031
0.9097039977737307
0.9098818879608853
0.9099470556532092
0.9100738684598937
0.9103768101647509
0.9105353261731065
0.9106145841772844
0.9109439452168675
0.9110725193125336
0.9111887643853278
0.9113419965267381
0.9114353448427698
0.9114987512461119
0.9115110802689841
0.911583293117235
0.9117012994790107
0.9118193058407865
0.911880950955147
0.9120218540736853
0.9122155958616754
0.9125696149470028
0.9126277374833999
0.9127140406435046
0.9131349887101377
0.9133956594794335
0.9135594593547341
0.9137461559867974
0.9138958655502443
0.9140173944899835
0.9141195492509238
0.9141688653424122
0.9142199427228823
0.9142604523694621
0.9143044845940053
0.9144647618913425
0.914637368211552
0.9149138905816833
0.9151182001035638
0.9151780839289425
0.9152626258000656
0.9154017676296221
0.9155602836379776
0.9157557867149495
0.9158914059665425
0.9159865155715559
0.9163616701246641
0.9167861407692606
0.9170327212267025
0.9173744112891579
0.9176544562372527
0.9178235399794986
0.9180366559462877
0.9181370494182463
0.9182849976927114
0.9183959588985603
0.918521010416263
0.9186390167780388
0.9186724812686917
0.9187711134516685
0.918871506923627
0.9189965584413297
0.9190652487116171
0.9191938228072832
0.9192677969445159
0.9193417710817484
0.9194861967782502
0.9199036222669198
0.9201026479218551
0.9202435510403933
0.9203157638886442
0.9204460992732921
0.9205905249697939
0.9207226216434236
0.9208265376933455
0.9209374988991944
0.9210977761965317
0.9212351567371064
0.9212915179845218
0.9214870210614936
0.9216296854690137
0.9220330206458295
0.9221615947414956
0.9222760785253079
0.9223852784421751
0.9224504461344991
0.9225772589411835
0.9226970265919411
0.9229506522053099
0.9231725746170077
0.9232905809787835
0.9233962583176872
0.9235371614362254
0.9235582969040063
0.9236446000641109
0.9237432322470877
0.9239281675901692
0.924046173951945
0.9241976448043736
0.9242874705424418
0.9243667285466196
0.9250624376944022
0.9253953213119489
0.9256049147007747
0.9256771275490254
0.9258514951582166
0.9260170563224991
0.9260540433911153
0.9261702884639095
0.926367552829863
0.9266282235991589
0.9267867396075143
0.9268677589006739
0.9269505394828151
0.9269928104183766
0.9270843974454265
0.9271865522063667
0.9272499586097089
0.9273485907926857
0.9274278487968635
0.927632158318744
0.927929816156656
0.9281464547014087
0.9282697449301297
0.9283701384020882
0.928442351250339
0.9285057576536813
0.9285568350341514
0.9286026285476763
0.9286537059281464
0.9288139832254837
0.9290182927473642
0.9291486281320122
0.9292437377370255
0.9294744665936319
0.929856666302667
0.9301648918744694
0.930536523849614
0.9306686205232437
0.9307813430180744
0.9309433816043934
0.9310807621449682
0.931191723350817
0.9314101231845514
0.9316056262615232
0.9318751034757277
0.9320582775298274
0.9322713934966166
0.9324845094634057
0.9327134770310304
0.9328543801495687
0.932942444598655
0.9330357929146866
0.9331220960747914
0.9333352120415805
0.9334972506278996
0.9336099731227301
0.933740308507378
0.9338301342454461
0.9338336568234097
0.9339129148275874
0.9340414889232536
0.9341542114180842
0.9342281855553168
0.9343215338713484
0.9343778951187637
0.9344923789025761
0.9346825981126027
0.9349696882166244
0.935166952582578
0.9352990492562077
0.935387113705294
0.9354610878425267
0.9355491522916131
0.9357076682999687
0.935783403726183
0.9358749907532329
0.9360440744954788
0.9361955453479074
0.9362589517512496
0.9363434936223726
0.9364209903375686
0.9365883127908329
0.9366957514187183
0.9367292159093711
0.9368313706703114
0.936917673830416
0.9370585769489543
0.9371360736641504
0.9371589704209129
0.9371765833107302
0.9372329445581454
0.9372417510030541
0.9372945896725059
0.9373597573648299
0.9374143573232635
0.9375182733731854
0.9377648538306274
0.9380343310448318
0.9381963696311508
0.9383302275937622
0.9385257306707341
0.9386349305876013
0.9387089047248338
0.9387828788620665
0.9389871883839469
0.939304220400658
0.9394363170742877
0.939608923394497
0.9397146007334007
0.9398238006502679
0.9399101038103725
0.9400298714611302
0.940140832666979
0.9401760584466136
0.9402095229372665
0.9402271358270837
0.9402570777397731
0.9403099164092249
0.940348664766823
0.9404120711701651
0.9404437743718362
0.9404930904633246
0.9405653033115755
0.9406287097149177
0.9407713741224377
0.9410866448501671
0.9412469221475044
0.9413860639770609
0.9414600381142936
0.9415234445176358
0.9415692380311608
0.941606225099777
0.9416749153700644
0.9417788314199864
0.9418880313368536
0.9419637667630679
0.9420870569917889
0.9421680762849484
0.9422684697569069
0.9423688632288654
0.9424269857652624
0.9424921534575864
0.9427457790709552
0.94283208223106
0.9429025337903291
0.9431737722935153
0.9435436429796783
0.9436739783643261
0.9437849395701751
0.9438923781980605
0.9439927716700189
0.9441072554538313
0.944154810256338
0.9441988424808813
0.9442463972833879
0.944271055329132
0.9443150875536753
0.9443714488010906
0.9444753648510126
0.9445581454331538
0.9446303582814046
0.9447113775745641
0.945010796701458
0.9450530676370195
0.945134086930179
0.9453014093834432
0.9454951511714333
0.9456149188221908
0.9457399703398935
0.9458174670550896
0.9458984863482491
0.9459566088846462
0.9460235378659518
0.9460763765354037
0.9461450668056911
0.946217279653942
0.9462789247683024
0.9466576018993741
0.9470626983651715
0.9472036014837099
0.947293427221778
0.9473797303818827
0.9474906915877316
0.9475893237707084
0.9476544914630323
0.9476844333757217
0.9477584075129543
0.9477918720036071
0.947864084851858
0.9479398202780723
0.9480243621491953
0.9481106653093
0.9481476523779162
0.9482163426482036
0.9484294586149928
0.9486425745817819
0.9487165487190146
0.9488997227731143
0.9489842646442372
0.9490688065153602
0.9492009031889899
0.9492625483033503
0.9493576579083637
0.9494756642701394
0.9495531609853355
0.9495989544988604
0.9496394641454402
0.94967997379202
0.9497204834385997
0.9497750833970333
0.9498772381579735
0.9499688251850235
0.9500146186985483
0.9500709799459637
0.9501414315052328
0.9502013153306116
0.9502647217339538
0.9505130634803775
0.9506222633972446
0.9506557278878974
0.9507138504242946
0.9508441858089424
0.9509023083453395
0.9509234438131202
0.9509727599046086
0.9510326437299873
0.9510837211104575
0.9511277533350007
0.9512404758298313
0.9514148434390224
0.9514430240627301
0.9514606369525473
0.9515381336677434
0.9515962562041405
0.9517142625659163
0.9518340302166738
0.9519291398216871
0.9519855010691024
0.9520436236054994
0.9520999848529148
0.9521739589901473
0.9522373653934896
0.9523042943747952
0.9523694620671193
0.9524821845619498
0.9525684877220545
0.9526530295931774
0.9526864940838303
0.9527657520880081
0.9528855197387656
0.9529771067658155
0.9531321001962076
0.9531778937097325
0.9532395388240931
0.9533029452274352
0.9533487387409602
0.9533892483875399
0.9534244741671745
0.9534773128366264
0.953505493460334
0.9535231063501513
0.9535917966204387
0.9536234998221098
0.9536710546246164
0.9536992352483241
0.9537661642296298
0.9538278093439903
0.9538929770363143
0.9539299641049306
0.9539687124625286
0.9540004156641997
0.954076151090414
0.9541571703835735
0.9544143185749059
0.9545587442714076
0.9546802732111468
0.9548070860178313
0.9548757762881187
0.9549356601134975
0.954990260071931
0.9550378148744377
0.955048382608328
0.9550765632320357
0.9551170728786155
0.9551663889701039
0.9552245115065009
0.9552703050200259
0.9553090533776238
0.9554006404046738
0.9555433048121937
0.9556172789494264
0.9556754014858234
0.9556982982425859
0.9557705110908368
0.9558620981178866
0.9562143559142323
0.9563464525878619
0.9566881426503172
0.9567902974112574
0.9568766005713621
0.9570580133364802
0.9571707358313107
0.9573134002388308
0.9575053807378392
0.9576022516318342
0.9577096902597196
0.9578523546672397
0.9580883673907913
0.9582609737110006
0.9583772187837948
0.9585463025260407
0.9586167540853098
0.9586678314657799
0.9587083411123597
0.9587999281394095
0.9589214570791488
0.9590059989502717
0.959243772962805
0.9594445599067222
0.9595079663100644
0.9595449533786806
0.9595995533371142
0.959652392006566
0.959743979033616
0.9598619853953918
0.9599835143351311
0.9600205014037473
0.9601402690545049
0.960171972256176
0.9602653205722076
0.9603023076408239
0.9603269656865681
0.9604537784932525
0.9605893977448456
0.9607637653540367
0.9608465459361779
0.9609046684725749
0.9609892103436979
0.9610579006139853
0.9611213070173276
0.9612886294705918
0.9613361842730984
0.9615862873085038
0.962104106269132
0.9621904094292367
0.9623225061028663
0.9624616479324228
0.9624951124230757
0.9625497123815093
0.9626131187848515
0.96271351225681
0.9628156670177502
0.962921344356654
0.9629847507599962
0.9630058862277769
0.9630411120074115
0.9630974732548269
0.96314150547937
0.9632031505937305
0.9634145052715379
0.9635589309680397
0.9635906341697108
0.9636152922154549
0.9636417115501809
0.963673414751852
0.9637156856874135
0.963932324232166
0.9641560079328456
0.9642123691802609
0.9642757755836031
0.9643814529225068
0.9646051366231864
0.9647354720078342
0.9649732460203675
0.9650824459372347
0.9651458523405769
0.9651828394091932
0.9652004522990105
0.9652215877667912
0.9652656199913344
0.9654347037335804
0.9655033940038678
0.9655791294300821
0.9656583874342599
0.9657922453968713
0.9659014453137384
0.9659578065611537
0.9660053613636603
0.9662360902202668
0.9663470514261157
0.9664263094302935
0.9664632964989097
0.9665689738378135
0.9666605608648633
0.9667327737131142
0.9667908962495112
0.9668137930062737
0.9668331671850727
0.9668719155426707
0.9669229929231409
0.9669458896799034
0.9670145799501908
0.9670709411976061
0.9672946248982855
0.9674161538380248
0.9674320054388603
0.9674725150854401
0.9674971731311843
0.9676644955844486
0.9677173342539004
0.9677825019462243
0.967823011592804
0.9678635212393838
0.9678793728402194
0.9679022695969819
0.9679181211978174
0.9679797663121779
0.9679956179130135
0.968076637206173
0.9681488500544239
0.9682827080170352
0.9684059982457561
0.9685046304287329
0.9687071786616317
0.968802288266645
0.9688639333810055
0.9690435848571418
0.9690929009486302
0.9691968169985522
0.9692848814476387
0.9693113007823646
0.9694011265204328
0.9696406618219477
0.9697216811151073
0.9697745197845591
0.9698255971650293
0.9698731519675359
0.9699541712606954
0.9700651324665444
0.9702500678096257
0.970371596749365
0.9706340288076426
0.9706798223211676
0.9707661254812722
0.9707854996600712
0.9708700415311942
0.9711571316352159
0.9712187767495765
0.9712874670198638
0.9713138863545897
0.9713403056893156
0.9713614411570964
0.9713860992028406
0.9715023442756346
0.9716203506374105
0.9716714280178806
0.9717718214898391
0.9718457956270717
0.9718792601177245
0.9719074407414322
0.9719708471447744
0.9720219245252446
0.9720730019057147
0.9721346470200751
0.9721839631115635
0.9723407178309373
0.9724640080596584
0.9725080402842016
0.9725432660638361
0.9726031498892149
0.9727440530077532
0.972835640034803
0.972881433548328
0.9729237044838895
0.9730100076439941
0.9730346656897384
0.9730575624465009
0.9730681301803912
0.9730751753363182
0.9730945495151171
0.9731174462718796
0.9731421043176238
0.9732372139226372
0.9733340848166322
0.9733464138395043
0.9734221492657186
0.9734961234029512
0.9736881039019596
0.9738149167086441
0.9739522972492188
0.9740209875195063
0.974087916500812
0.9742059228625878
0.9742834195777839
0.9743010324676011
0.974392619494651
0.9744683549208653
0.9745211935903172
0.9745440903470796
0.9746356773741295
0.9746902773325631
0.9747149353783072
0.9747607288918322
0.9748047611163754
0.9748769739646262
0.974936857790005
0.9749791287255665
0.9751570189127211
0.9752151414491181
0.9752503672287527
0.9755585928005551
0.9755867734242628
0.9756237604928791
0.9756854056072396
0.9759055667299557
0.9759953924680238
0.9760728891832199
0.9762049858568494
0.9763494115533512
0.9763811147550223
0.9764145792456752
0.9764779856490173
0.9765167340066154
0.9765783791209759
0.9766012758777384
0.9766611597031172
0.976752746730167
0.9768196757114727
0.9769288756283399
0.9773709591627536
0.977608733175287
0.9776950363353917
0.9777602040277157
0.9779099135911625
0.9779204813250529
0.9779345716369068
0.9779680361275596
0.9780578618656277
0.9781124618240613
0.9781265521359152
0.978191719828239
0.9782163778739833
0.9783132487679783
0.978445345441608
0.9786144291838539
0.9786884033210865
0.9787482871464652
0.9787641387473008
0.9788257838616613
0.979054751429286
0.9793541705561798
0.9794528027391566
0.9795884219907497
0.979618363903439
0.9796553509720554
0.9796888154627083
0.9797346089762332
0.9797909702236485
0.9798667056498628
0.9798984088515339
0.9799512475209857
0.9800252216582184
0.9801925441114826
0.9802189634462085
0.9802489053588979
0.9802753246936238
0.9803669117206737
0.9804796342155043
0.9805342341739378
0.9805694599535725
0.9806874663153482
0.9807913823652702
0.9808248468559231
0.9810221112218767
0.9810767111803101
0.9811612530514332
0.9811806272302321
0.9812792594132089
0.9813602787063684
0.9813937431970213
0.9814307302656377
0.9814730012011991
0.9815047044028702
0.9815416914714865
0.981564588228249
0.981680833301043
0.9818305428644899
0.9819115621576494
0.9819679234050648
0.9820295685194252
0.9822391619082509
0.9823835876047526
0.9824152908064238
0.9826689164197927
0.9829859484365038
0.9832096321371833
0.9832677546735803
0.9832853675633976
0.9833117868981235
0.9833417288108129
0.9834068965031368
0.9834456448607349
0.983457973883607
0.9834879157962964
0.98354251575473
0.9835953544241818
0.9836323414927981
0.9836834188732683
0.9837573930105008
0.9837926187901354
0.9838102316799526
0.983859547771441
0.9838947735510756
0.9839229541747833
0.9839581799544178
0.9840374379585957
0.9843597538422519
0.984475998915046
0.9845077021167171
0.9845446891853334
0.9845693472310776
0.9846080955886756
0.9846239471895112
0.9846679794140544
0.9847137729275793
0.9847437148402687
0.9848458696012089
0.9849268888943684
0.9849850114307654
0.9850290436553087
0.9850625081459615
0.9850959726366144
0.9852298305992258
0.9853830627406361
0.9854464691439784
0.9854658433227773
0.9854887400795398
0.9856719141336395
0.9858339527199586
0.9859044042792278
0.9859854235723872
0.986168597626487
0.9862619459425186
0.9862883652772445
0.9863218297678973
0.9863711458593857
0.9864961973770885
0.9866106811609008
0.9866388617846085
0.9866441456515537
0.9866864165871151
0.9867639133023112
0.9869435647784475
0.9869770292691002
0.9870122550487349
0.9870474808283695
0.9870562872732781
0.9870668550071684
0.9871126485206934
0.9872271323045058
0.9872729258180307
0.9873134354646104
0.9873433773772998
0.9874050224916603
0.9874314418263862
0.9874649063170391
0.9875353578763082
0.9877854609117136
0.9877977899345858
0.9878048350905126
0.9878400608701472
0.9879017059845077
0.9879210801633067
0.9879545446539596
0.9879703962547951
0.9880197123462835
0.9880531768369364
0.9880901639055526
0.9881306735521324
0.9881570928868583
0.988197602533438
0.9882187380012188
0.9882469186249264
0.98830151858336
0.9884071959222638
0.9884477055688435
0.9885146345501492
0.9885428151738568
0.9886449699347971
0.9887717827414815
0.9889056407040929
0.9890306922217956
0.989242046899603
0.989326588770726
0.9893424403715615
0.9893565306834153
0.9896031111408573
0.9898285561305186
0.9898831560889522
0.9899166205796049
0.9899465624922944
0.9899571302261847
0.9899659366710933
0.9899712205380385
0.9900187753405453
0.9900698527210153
0.9900892268998144
0.9901209301014855
0.9901385429913028
0.990194904238718
0.9902001881056632
0.990221323573444
0.9902283687293709
0.9902671170869689
0.9902812073988227
0.9902882525547496
0.9904168266504159
0.9905348330121917
0.9906052845714608
0.9907479489789808
0.9908184005382499
0.9908536263178844
0.9909557810788248
0.9910878777524543
0.9911759422015408
0.9912833808294262
0.9913326969209146
0.9913520710997136
0.9913679227005492
0.9913855355903665
0.9915070645301057
0.9917536449875477
0.9918029610790361
0.9918469933035793
0.9918839803721956
0.9918910255281225
0.9919174448628484
0.9919403416196109
0.9920389738025877
0.9920741995822222
0.992088289894076
0.9921059027838933
0.9921622640313087
0.992199251099925
0.9922820316820662
0.9923190187506825
0.9923383929294816
0.9923401542184632
0.9924053219107872
0.9924722508920929
0.9925268508505265
0.9925391798733986
0.9926765604139733
0.9928632570460366
0.9928755860689087
0.9928949602477077
0.9929354698942874
0.9929777408298489
0.9930112053205018
0.9930358633662459
0.9930517149670816
0.9930869407467161
0.9931115987924602
0.9931485858610766
0.9932542631999802
0.9933317599151763
0.9933669856948109
0.993418063075281
0.9934709017447328
0.9934973210794588
0.9935448758819655
0.9937421402479191
0.9937985014953343
0.9938302046970054
0.9938601466096948
0.9938988949672929
0.9939094627011832
0.9939253143020188
0.9939499723477629
0.9939816755494341
0.994027469062959
0.9940943980442647
0.9941437141357531
0.9941648496035338
0.9942053592501136
0.994274049520401
0.9943022301441087
0.9943251269008712
0.9943445010796701
0.9943709204143961
0.9944043849050489
0.9944783590422815
0.9944906880651536
0.9945047783770075
0.9945364815786786
0.9946104557159111
0.9946333524726736
0.9946773846972168
0.9947601652793581
0.9947760168801936
0.994798913636956
0.9948130039488099
0.9948464684394628
0.9948746490631704
0.9949081135538232
0.994941578044476
0.9949697586681837
0.994994416713928
0.9950437328054164
0.9951124230757037
0.9952004875247902
0.9952216229925709
0.9952621326391506
0.9953008809967486
0.9953625261111092
0.9953924680237985
0.9954435454042687
0.9954558744271408
0.9954664421610311
0.9954787711839033
0.9955333711423368
0.9955562678990992
0.9956372871922587
0.9956566613710578
0.9956707516829116
0.995700693595601
0.9957288742193087
0.9957570548430164
0.9957817128887605
0.995804609645523
0.9958310289802489
0.9958750612047921
0.9958961966725729
0.9959138095623902
0.995920854718317
0.9959719320987872
0.9960318159241659
0.996070564281764
0.9961128352173254
0.9961691964647408
0.9962097061113205
0.9962836802485531
0.9962924866934617
0.996329473762078
0.9963418027849501
0.996368222119676
0.9964245833670914
0.9964615704357077
0.9964809446145066
0.9965091252382143
0.9965337832839586
0.9965443510178489
0.9965513961737759
0.9965619639076662
0.9966394606228622
0.9966500283567526
0.9966834928474054
0.9967416153838025
0.9968173508100168
0.9968560991676149
0.9968825185023408
0.9969054152591033
0.9969406410387378
0.9969582539285551
0.9969670603734637
0.9970005248641165
0.9970956344691299
0.9971519957165452
0.997192505363125
0.997204834385997
0.9972823311011931
0.997347498793517
0.9974003374629689
0.9974232342197313
0.9974461309764938
0.9975042535128908
0.9975905566729956
0.9976504404983744
0.9976715759661551
0.9978283306855289
0.997963949937122
0.9980643434090805
0.9981312723903861
0.9981823497708563
0.9982193368394726
0.998261607775034
0.9982950722656869
0.9983285367563398
0.9983672851139378
0.9983919431596819
0.9984271689393166
0.9984342140952435
0.9984447818291339
0.9984588721409876
0.9984659172969146
0.9985680720578548
0.9986385236171239
0.9986737493967586
0.9987036913094479
0.9988093686483516
0.9988692524737304
0.9989132846982736
0.9989590782117985
0.9989714072346706
0.9990224846151408
0.9990559491057935
0.9991299232430262
0.9991757167565511
0.9991880457794232
0.9992215102700761
0.9992796328064731
0.9992954844073086
0.9993465617877788
0.999390594012322
0.9993958778792672
0.9994628068605729
0.9995033165071526
0.9995385422867872
0.9995860970892938
0.9996248454468919
0.9996688776714351
0.9997023421620879
0.999734045363759
0.9998027356340464
0.9999313097297126
0.999961251642402
1.000005283866945
1.000038748357598
1.0000475548025067
1.0000581225363971
1.0000863031601046
1.000096870893995
1.0001338579626113
1.0002007869439171
1.0002430578794785
1.0002624320582776
1.0003029417048572
1.000350496507364
1.000375154553108
1.0004385609564503
1.0004596964242312
1.000466741580158
1.0005266254055367
1.0006111672766598
1.0006569607901847
1.000693947858801
1.0007379800833442
1.0007591155511248
1.000868315467992
1.000908825114572
1.0009211541374439
1.0009810379628228
1.001025070187366
1.0010726249898725
1.0011289862372879
1.0011518829940504
1.001180063617758
1.001264605488881
1.001380850561675
1.001491811767524
1.001511185946323
1.0015393665700305
1.0015464117259576
1.0015781149276286
1.0016045342623545
1.0016309535970804
1.0016679406656968
1.0017524825368198
1.0017929921833995
1.001822934096089
1.001842308274888
1.0018722501875772
1.0018828179214676
1.0019092372561935
1.0019338953019377
1.0019409404578647
1.0019638372146271
1.0019814501044444
1.0020113920171339
1.0020430952188049
1.0020607081086221
1.0020783209984394
1.0021153080670557
1.002120591934001
1.0021575790026174
1.0021857596263248
1.0021998499381788
1.0022068950941057
1.002224507983923
1.0022315531398498
1.0022579724745757
1.0022667789194843
1.0022808692313383
1.0023055272770824
1.0023883078592237
1.0024781335972919
1.0025327335557255
1.0025626754684147
1.0025855722251773
1.0026207980048119
1.002626081871757
1.0026313657387023
1.0026489786285195
1.0026683528073186
1.0026859656971359
1.002705339875935
1.002749372100478
1.00276170112335
1.0027916430360395
1.002879707485126
1.002892036507998
1.0029061268198518
1.0029395913105046
1.0030118041587555
1.0030435073604267
1.003066404117189
1.0031051524747872
1.0031421395434035
1.0031650363001658
1.003172081456093
1.0032654297721244
1.0032900878178685
1.0033024168407407
1.0033341200424117
1.0033834361339002
1.003390481289827
1.0034186619135348
1.003436274803352
1.0034609328490962
1.0034996812066943
1.003559565032073
1.0035807004998538
1.0036176875684701
1.0036493907701411
1.0036793326828306
1.0036916617057028
1.0037110358845016
1.0037321713522824
1.003755068109045
1.0037850100217343
1.0038360874022045
1.0039012550945283
1.0039153454063823
1.0039382421631446
1.0039505711860168
1.0039593776309255
1.0039928421215782
1.0040474420800118
1.0040932355935368
1.0041601645748424
1.004163687152806
1.0042041967993858
1.004214764533276
1.0042429451569836
1.0042904999594904
1.00433100960607
1.0043327708950518
1.0043662353857046
1.0044173127661749
1.0044437321009008
1.00447367401359
1.0044860030364622
1.0045036159262795
1.0045106610822063
1.004558215884713
1.0045828739304572
1.0045952029533294
1.0046409964668543
1.004676222246489
1.004720254471032
1.0047290609159407
1.0047378673608494
1.0047572415396484
1.0047678092735388
1.0047836608743743
1.0048030350531734
1.0048224092319724
1.0048523511446616
1.004869964034479
1.0048858156353146
1.0049157575480039
1.0049263252818943
1.0049509833276384
1.0049791639513461
1.0050231961758893
1.005051376799597
1.0050954090241402
1.0051693831613728
1.0052098928079525
1.0052504024545323
1.005264492766386
1.0052838669451851
1.0053032411239842
1.0053155701468564
1.0053419894815823
1.0053648862383446
1.0053913055730705
1.00542124748576
1.0054494281094677
1.005479370022157
1.0055005054899377
1.0055339699805905
1.005583286072079
1.0056044215398596
1.0056361247415309
1.0056942472779278
1.0057241891906172
1.0057365182134894
1.0057418020804345
1.0057594149702518
1.0057893568829412
1.0058245826625758
1.0058510019973017
1.0058650923091554
1.005887989065918
1.005895034221845
1.0059056019557353
1.00599190511584
1.006101105032707
1.0061803630368849
1.0061944533487388
1.0062103049495743
1.0062314404173551
1.0062472920181906
1.0062613823300444
1.0062860403757887
1.0062983693986607
1.0063195048664415
1.0063934790036742
1.006439272517199
1.0064498402510893
1.0064551241180346
1.0064709757188701
1.006504440209523
1.0065114853654498
1.006543188567121
1.0065960272365728
1.006666478795842
1.0066876142636227
1.0067281239102024
1.0067844851576178
1.0068161883592888
1.0068320399601245
1.0068549367168869
1.006874310895686
1.006925388276156
1.0069694205006992
1.0069993624133886
1.0070381107709867
1.0071420268209086
1.0071966267793422
1.0072212848250863
1.0072318525589767
1.0072582718937027
1.0072723622055566
1.0073058266962094
1.0073075879851912
1.0073498589207526
1.0074044588791862
1.0074326395028939
1.007452013681693
1.007476671727437
1.0074854781723457
1.0075013297731812
1.007508374929108
1.0075312716858706
1.0075664974655052
1.007580587777359
1.0075893942222676
1.007599961956158
1.0076263812908839
1.0076563232035733
1.0077056392950616
1.0077285360518242
1.007788419877203
1.007807794056002
1.0078201230788741
1.0078571101474902
1.007892335927125
1.0079081875279605
1.0079275617067596
1.0079610261974123
1.0079733552202843
1.007982161665193
1.008015626155846
1.008047329357517
1.0080508519354805
1.008061419669371
1.0080878390040968
1.0080984067379872
1.0081160196278045
1.0081301099396582
1.0081670970082746
1.008197038920964
1.0082516388793974
1.0082762969251418
1.0082815807920869
1.00832561301663
1.008344987195429
1.0083590775072828
1.0083749291081185
1.0083960645758991
1.008410154887753
1.0084260064885886
1.0084471419563694
1.0084577096902598
1.0084700387131318
1.0084788451580404
1.0084911741809126
1.0084911741809126
1.0085158322266567
1.008552819295273
1.0085686708961086
1.0086003740977798
1.008630316010469
1.0086690643680671
1.0086831546799209
1.00870252885872
1.0087483223722449
1.008767696551044
1.0087853094408612
1.008799399752715
1.008799399752715
1.0088082061976236
1.008818773931514
1.0088346255323497
1.0088363868213313
1.0088663287340207
1.0088874642018015
1.0089138835365274
1.0089455867381985
1.0089561544720889
1.0089649609169975
1.0089984254076503
1.0090142770084858
1.0090160382974676
1.009019560875431
1.0090318898983033
1.0090530253660839
1.0091005801685906
1.0091217156363714
1.0091358059482252
1.0091534188380424
1.009193928484622
1.0092256316862933
1.0092414832871288
1.0092485284430557
1.0092626187549096
1.009285515511672
1.0093101735574164
1.0093207412913066
1.00932426386927
1.0093418767590874
1.0093718186717768
1.009377102538722
1.0093841476946488
1.0093929541395574
1.0094493153869728
1.009461644409845
1.009473973432717
1.0095003927674429
1.0095285733911505
1.0095532314368947
1.0095690830377304
1.009577889482639
1.009706463578305
1.0097962893163732
1.0098227086510991
1.0098614570086972
1.0098737860315694
1.0098790698985145
1.0098861150544414
1.0099178182561126
1.009933669856948
1.0099442375908385
1.0099477601688018
1.009960089191674
1.0099671343476009
1.0099812246594548
1.0100005988382539
1.010011166572144
1.0100217343060345
1.010044631062797
1.0100728116865048
1.0101062761771575
1.0101097987551209
1.0101450245347554
1.0101714438694815
1.0101837728923535
1.0101925793372621
1.0102084309380976
1.010233088983842
1.010252463162641
1.0102771212083852
1.0103017792541293
1.0103123469880197
1.0103264372998735
1.0103334824558003
1.010337005033764
1.0103475727676543
1.0103546179235812
1.0103669469464533
1.0103863211252524
1.010402172726088
1.0104162630379416
1.010426830771832
1.0104321146387771
1.010433875927759
1.010440921083686
1.0104497275285946
1.0104638178404484
1.0104761468633205
1.0104884758861925
1.0105325081107357
1.0105448371336079
1.0105730177573156
1.0105871080691693
1.0106029596700048
1.010620572559822
1.0106487531835298
1.0106557983394568
1.0106769338072374
1.010699830564
1.0107051144309451
1.0107192047427989
1.0107244886097442
1.0107332950546528
1.0107403402105797
1.01075090794447
1.0107685208342874
1.0107808498571595
1.010796701457995
1.0107984627469768
1.0108072691918855
1.010816075636794
1.0108178369257759
1.0108248820817027
1.0108495401274469
1.0108794820401363
1.0108918110630083
1.0109147078197709
1.0109376045765333
1.0109569787553323
1.0109886819570033
1.0109922045349669
1.0109957271129304
1.0110186238696928
1.0110291916035832
1.0110415206264554
1.011043281915437
1.0110538496493273
1.0110591335162726
1.0110661786721995
1.0110679399611813
1.0110749851171081
1.0110749851171081
1.01108731413998
1.011101404451834
1.0111225399196149
1.0111401528094321
1.0111542431212859
1.0111683334331396
1.0111700947221214
1.0111718560111032
1.0111753785890667
1.0111824237449936
1.0111912301899022
1.011192991478884
1.0112035592127744
1.011205320501756
1.0112141269466646
1.0112264559695368
1.011251114015281
1.0112599204601895
1.0112740107720435
1.0112916236618608
1.0112969075288059
1.0113039526847327
1.0113250881525135
1.011340939753349
1.0113462236202944
1.0113497461982577
1.011355030065203
1.0113655977990932
1.0113708816660385
1.0113849719778922
1.0113884945558558
1.0114043461566913
1.0114201977575268
1.0114272429134539
1.011432526780399
1.0114536622481798
1.0114624686930884
1.01146422998207
1.0114677525600335
1.0114730364269786
1.0114765590049422
1.0114765590049422
1.011510023495595
1.011529397674394
1.0115329202523575
1.0115575782981017
1.0115910427887544
1.0115928040777362
1.0116016105226449
1.0116121782565353
1.0116157008344988
1.0116350750132976
1.0116385975912612
1.0116491653251516
1.0116808685268226
1.0116879136827497
1.0117020039946034
1.011717855595439
1.0117266620403476
1.0117284233293293
1.0117389910632197
1.011761887819982
1.0117971135996167
1.0118094426224888
1.011814726489434
1.0118305780902697
1.0118376232461965
1.0118517135580503
1.0118710877368493
1.0118746103148129
1.011879894181758
1.0118851780487033
1.0118851780487033
1.0118957457825934
1.0119063135164839
1.011918642539356
1.0119397780071366
1.0119521070300088
1.011969719919826
1.0119732424977896
1.011976765075753
1.0119979005435338
1.0120049456994606
1.0120067069884424
1.012010229566406
1.012015513433351
1.0120384101901134
1.0120595456578942
1.0120648295248396
1.0120718746807664
1.0120736359697482
1.0120771585477115
1.012080681125675
1.0120842037036384
1.0120859649926202
1.0120894875705837
1.0120912488595655
1.012119429483273
1.012165222996798
1.0121863584645787
1.0121969261984691
1.012203971354396
1.012209255221341
1.012223345533195
1.0122286294001401
1.0122409584230123
1.0122409584230123
1.0122515261569027
1.0122568100238478
1.0122638551797747
1.012274422913665
1.012288513225519
1.012288513225519
1.0122920358034824
1.0123061261153363
1.0123184551382083
1.012327261583117
1.0123325454500622
1.0123360680280256
1.012339590605989
1.0123448744729342
1.0123501583398795
1.0123536809178428
1.0123572034958064
1.01236072607377
1.012366009940715
1.01237129380766
1.0123730550966419
1.0123765776746054
1.0123783389635872
1.0123801002525687
1.0123871454084958
1.0123959518534045
1.0124065195872947
1.0124082808762764
1.0124153260322033
1.0124241324771122
1.0124241324771122
1.0124258937660937
1.0124329389220208
1.0124347002110023
1.0124417453669294
1.012450551811838
1.0124540743898014
1.012457596967765
1.0124646421236918
1.0124664034126736
1.0124734485686004
1.0124804937245273
1.0124910614584177
1.0124910614584177
1.0124981066143446
1.0124998679033264
1.0124998679033264
1.0125016291923081
1.01251395821518
1.0125368549719427
1.0125456614168513
1.0125527065727782
1.0125579904397235
1.0125808871964859
1.0125914549303763
1.012600261375285
1.0126090678201936
1.0126108291091753
1.0126143516871386
1.0126231581320473
1.0126266807100108
1.0126337258659377
1.0126337258659377
1.0126354871549195
1.0126425323108463
1.0126583839116818
1.0126636677786272
1.012665429067609
1.0126724742235358
1.0126777580904809
1.0126918484023348
1.01269713226928
1.01269713226928
1.01269713226928
1.0126988935582617
1.0127077000031703
1.0127129838701154
1.0127147451590972
1.0127147451590972
1.0127147451590972
1.0127200290260425
1.0127323580489145
1.0127376419158598
1.0127411644938231
1.0127499709387318
1.0127517322277135
1.012755254805677
1.0127570160946586
1.012762299961604
1.0127640612505857
1.0127658225395673
1.0127693451175308
1.0127693451175308
1.0127693451175308
1.0127728676954943
1.0127781515624394
1.012786958007348
1.0127922418742932
1.012794003163275
1.012794003163275
1.0127975257412385
1.0128028096081836
1.0128063321861471
1.0128116160530922
1.012813377342074
1.0128168999200375
1.0128204224980009
1.0128204224980009
1.012827467653928
1.0128362740988366
1.0128397966768
1.0128415579657817
1.0128450805437452
1.0128503644106903
1.0128538869886539
1.012859170855599
1.0128609321445807
1.0128662160115258
1.0128697385894894
1.0128714998784711
1.0128732611674527
1.0128732611674527
1.0128732611674527
1.0128767837454162
1.0128855901903249
1.0128891127682884
1.0128961579242153
1.0128996805021788
1.012904964369124
1.012904964369124
1.012910248236069
1.0129137708140326
1.012917293391996
1.012917293391996
1.0129225772589412
1.0129278611258863
1.012929622414868
1.012929622414868
1.0129313837038498
1.0129331449928316
1.0129331449928316
1.0129384288597767
1.0129419514377402
1.012943712726722
1.0129472353046853
1.0129472353046853
1.0129613256165393
1.0129630869055208
1.0129683707724662
1.012975415928393
1.0129771772173748
1.0129789385063566
1.0129806997953381
1.0129824610843199
1.0129824610843199
1.0129842223733017
1.0129842223733017
1.0129859836622834
1.0129877449512652
1.012989506240247
1.0129912675292285
1.0130000739741372
1.013001835263119
1.0130053578410825
1.0130106417080276
1.0130124029970093
1.0130141642859911
1.0130141642859911
1.013021209441918
1.013026493308863
1.0130300158868266
1.0130317771758084
1.0130335384647902
1.0130352997537717
1.0130388223317353
1.013040583620717
1.0130423449096988
1.0130423449096988
1.0130423449096988
1.0130423449096988
1.0130423449096988
1.0130458674876621
1.0130493900656257
1.0130511513546074
1.0130546739325708
1.0130546739325708
1.0130564352215525
1.0130581965105343
1.0130617190884976
1.0130634803774794
1.013067002955443
1.013072286822388
1.0130740481113698
1.0130758094003516
1.0130775706893334
1.0130775706893334
1.013079331978315
1.0130810932672967
1.0130810932672967
1.0130810932672967
1.0130810932672967
1.0130810932672967
1.0130810932672967
1.0130810932672967
1.0130810932672967
1.0130810932672967
