0.0017795189363104236
0.003373696553862852
0.005733467069814319
0.007053872543318991
0.00776979881381556
0.008912131255572353
0.00998904911423809
0.010595951079582897
0.011993884947862155
0.012801876187153545
0.013040518277319068
0.013562623560879172
0.014704956002635966
0.015949044462534402
0.01685636895763073
0.01791632747993953
0.018652847230298097
0.019601358685118423
0.020360894677675698
0.022357250843121294
0.025305752606892273
0.02666976780245765
0.0280216691863395
0.02992959452649533
0.031422016125906116
0.03286961662208784
0.03374423382563864
0.034146412373531804
0.03543653331782765
0.03837534403225181
0.039163953172849555
0.04046861069116564
0.04083565918517657
0.04191621118734737
0.043201486606969805
0.04591498042408032
0.04730685738651781
0.04822145016862426
0.04943404271814552
0.0499670504322208
0.0510887893941156
0.051493390704345464
0.051614528821180755
0.05221779664302051
0.0525266988409505
0.05303790169399543
0.054027600108539756
0.0542553397681901
0.0569821587781525
0.05786041012520836
0.05879680776834516
0.05909965306043338
0.05983011590495019
0.059965790595805715
0.060433383726789934
0.06144004147769121
0.061866447648951425
0.062451544753265885
0.06291186959723999
0.06397182811954878
0.0643546245687483
0.06598756638368802
0.06703177695080824
0.06806993061208667
0.07042243284102803
0.0715805132379734
0.07203235841376904
0.07279673993099973
0.07329219482885607
0.07503416094894755
0.07578885141683142
0.0763497208977788
0.07746540295383184
0.07835213396906617
0.07968828739775943
0.08108985540954375
0.08160711516843044
0.08278457766406946
0.08393175563049968
0.08455803969453812
0.08486088498662635
0.08526548629685622
0.08585906306934915
0.08676638756444548
0.08735511881226499
0.08782271194324921
0.08880514207078342
0.09003953948133504
0.09030362057603597
0.0917512210722177
0.09363249602666977
0.09453134085358762
0.09465247897042292
0.09482207233399233
0.09513824281893243
0.09540595805713843
0.09628542078536263
0.09749074504787378
0.09777178547893166
0.0978529480172113
0.1001836453851223
0.10091289684847075
0.1010558398263364
0.10129690467883863
0.10173784742411908
0.10185535139744932
0.10271058650230647
0.10385170756289491
0.10406975617319843
0.10422723572508431
0.10476387758266464
0.10563364926154203
0.10608549443733767
0.10711274566810094
0.10786016784897469
0.10805156607357444
0.10846101290847773
0.10935380082955383
0.10973659727875335
0.1098020118618444
0.10997402798775051
0.11033259681358297
0.11052762918168779
0.1106584583478699
0.11193525409931387
0.11237619684459434
0.1140309435205644
0.11434226848083111
0.11528230026747296
0.11664025855719658
0.11690797379540256
0.11715630693491491
0.11826350932278948
0.11850578555646005
0.12028288173043378
0.1210254583866341
0.12110056401907199
0.12113811683529092
0.12118657208202505
0.12150879947280692
0.12182375857657868
0.12205270961739738
0.12221382331278831
0.12262205876652324
0.12280618870411288
0.12286918052486723
0.12320836725200605
0.12397274876923674
0.12408661859906191
0.12432889483273249
0.12443065085087414
0.12456753692289801
0.12460872388262201
0.12465475636701942
0.12471895956894212
0.12481344730007365
0.12485221149746094
0.125041186959724
0.1251744388882428
0.12528467457456294
0.12542882893359694
0.12587582858471916
0.1260030236073962
0.12604663332945693
0.12609508857619103
0.12620047873783774
0.12644638911501338
0.12652512889095632
0.12708478699073536
0.12750877039965888
0.1275644939334031
0.12775468077683452
0.12817381866108463
0.13086671899833313
0.1321204985075784
0.1326353355041284
0.1326813679885258
0.1327043842307245
0.13274920533395357
0.13278796953134087
0.1328121971547079
0.13290910764817615
0.13297573361243556
0.13327131061751366
0.13333066829476295
0.13334520486878318
0.13335610729929837
0.1333706438733186
0.13337670077916036
0.1333888145908439
0.1334736112726286
0.1339823913633368
0.13423314726518587
0.13455537465596776
0.1349369597239989
0.13502296778695197
0.13519013838818467
0.1352616098771175
0.13637486917083383
0.13678552738690544
0.13693331588944452
0.1370338605264178
0.13714530759390628
0.1372628115672365
0.1379423964026825
0.1385468756056906
0.13911622475481644
0.13955353335659185
0.14033002868550606
0.14053959762763113
0.14054686591464124
0.14079156491064854
0.14100961352095204
0.1410750281040431
0.14141784897468698
0.1415511009032058
0.14159107648176145
0.14161166996162344
0.1416310520603171
0.14163710896615886
0.14182971857192697
0.14221009225878978
0.14231063689576307
0.14241118153273635
0.14247901887816414
0.14255775865410705
0.14262680738070319
0.14266557157809048
0.14269222196379425
0.14272492925533978
0.1428993681435826
0.14307865255649882
0.14310530294220258
0.1434699286738768
0.14503018761871536
0.1452676183277125
0.14529548009458465
0.1454735531263325
0.14586119510020545
0.14642691010582626
0.1472288444392759
0.14751715315734387
0.1476867465209133
0.14772793348063729
0.147833323642284
0.14785997402798776
0.14809982749932163
0.1488593634918789
0.14925185099042523
0.14943113540334146
0.14964433848897157
0.14976305384347016
0.15024276078613794
0.15079999612358025
0.15084966275148273
0.1509562642942978
0.15197382447571423
0.154660667907121
0.15491869209598016
0.1550507326433306
0.15507374888552933
0.15538991937046945
0.15607192696825212
0.156641276117378
0.1567175931309842
0.15689687754390044
0.15719245454897857
0.1572251618405241
0.15737052758072645
0.15750377950924527
0.15759099895336667
0.15778481994030313
0.15798712059541808
0.15803073031747877
0.15861461604062488
0.15877451835484746
0.1589586482924371
0.15967942008760708
0.1597230298096678
0.16206705237043068
0.16220636120479126
0.16223180020932668
0.16238080009303407
0.16318031166414698
0.1632239213862077
0.16333779121603287
0.16366607551265652
0.16370847385354886
0.16409611582742178
0.1643710993526379
0.16459278210644648
0.16461337558630848
0.16476116408884753
0.1651839361166027
0.16654310578749468
0.16824388494786216
0.16828143776408108
0.1684255921231151
0.16856853510098074
0.16860245377369462
0.16865212040159708
0.16881565685932473
0.16897919331705238
0.1695364286544947
0.1702160134899407
0.17050795635151375
0.1705939644144668
0.17096101290847773
0.1717181261386983
0.17211788192425476
0.17239771097414427
0.1729501007869132
0.17326748265302166
0.17335227933480638
0.17361999457301236
0.1744703841531961
0.1753219851145482
0.1757459685234717
0.1758937570260108
0.17653457766406946
0.17736921928906463
0.17743099972865062
0.17755456060782263
0.17784165794472226
0.17800519440244988
0.17806576346086755
0.1781723650036826
0.17886769779431716
0.17944673799278987
0.17960542892584408
0.17989979454975386
0.1802438268015661
0.18038434701709502
0.18060481838973524
0.18081802147536535
0.18107483428305618
0.18217719114625733
0.18286525564988176
0.18297427995503354
0.18299245067255882
0.18307482459200683
0.18311964569523587
0.18316688956080165
0.1832189789510408
0.18324199519323953
0.18324684071791295
0.1832528976237547
0.18325410900492306
0.18326380005426987
0.18330983253866728
0.1834818486645734
0.18357997053921
0.1836950517502035
0.18375319804628445
0.18393248245920069
0.18405119781369927
0.1843310268635888
0.18471624607512502
0.18482648176144512
0.1850433189905803
0.1860596677908284
0.18663628522696438
0.18670291119122379
0.18694276466255766
0.18716202465402954
0.18727468310268636
0.188097210915998
0.18842186106911657
0.19055268054424934
0.19063263170136063
0.19066776175524286
0.1908264526882971
0.19122378571151685
0.1913231189673218
0.19138368802573943
0.19192275264565647
0.19292819901538938
0.19314019071985114
0.19323710121331938
0.19568651393572897
0.19643030197309766
0.19662291157886577
0.19671618792882894
0.1967476838392061
0.19679008218009847
0.1968324805209908
0.197008130790402
0.19737154514090785
0.19769134976935301
0.19810806489126642
0.1981698453308524
0.19893786099158817
0.1989729910454704
0.19901296662402604
0.1990323487227197
0.19917529170058534
0.19927825909989533
0.19960533201535063
0.20024009574756754
0.2008506318564174
0.20097540411675777
0.20112440400046516
0.20144420862891033
0.20173494010931503
0.20188030584951738
0.20201598054037292
0.20241937046943442
0.20449688917315967
0.20590693685312245
0.20617949761600185
0.20654170058533938
0.20686877350079466
0.20718009846106136
0.20750959413885336
0.20794205721595535
0.20911951971159437
0.21099473776020466
0.21120309532116138
0.21181242004884288
0.211902062255301
0.2120595418071869
0.21221459859673605
0.21311223204248556
0.21371186572082024
0.21432845873551187
0.21495474279955035
0.2152563767104702
0.21532542543706631
0.21540174245067256
0.21552288056750785
0.21592990464007442
0.21595413226344148
0.21599895336667055
0.21601227855952243
0.21604498585106796
0.21611282319649572
0.21615037601271467
0.21616854673023994
0.21626787998604488
0.2163890181028802
0.21643383920610923
0.21647381478466488
0.2164835058340117
0.21653680660541924
0.2165452862735977
0.21672578206768228
0.2176464317556305
0.21882631701360622
0.2203986897701283
0.22334355739039424
0.2242109063069349
0.22534839322401828
0.22592501066015427
0.22697285537077955
0.22702736752335542
0.22728054618754118
0.2273132534790867
0.22736897701283096
0.22755310695042058
0.2283368705663449
0.23062638097453192
0.23112668139706166
0.23118603907431096
0.23122964879637167
0.23128173818661085
0.23151795751443965
0.23159306314687755
0.23163182734426482
0.2316536322052952
0.23166695739814708
0.23185835562274684
0.23233685118424624
0.23234654223359305
0.23236229018878163
0.2323756153816335
0.23246041206341822
0.2324688917315967
0.2324688917315967
0.23247010311276506
0.2324846396867853
0.23358215102531302
0.23405943520564407
0.234138174981587
0.23416482536729077
0.23464453230995852
0.23476445904562546
0.2347656704267938
0.23478989805016087
0.23527687327983873
0.2354198162577044
0.2356221169128193
0.23572145016862425
0.23576627127185332
0.23579897856339885
0.23585470209714307
0.23618540915610342
0.236345311470326
0.23665179090591928
0.23672205101368377
0.23677414040392294
0.23678746559677483
0.23680927045780517
0.23681775012598363
0.23688801023374811
0.23698976625188975
0.2371121157498934
0.23715087994728068
0.2371944896693414
0.23730835949916657
0.23735560336473233
0.2373846765127728
0.23741496104198162
0.23744161142768538
0.23760878202891808
0.2381490580300035
0.23847128542078536
0.23855123657789665
0.23856335038958018
0.23870144784277242
0.23877534209404194
0.23878745590572548
0.23881774043493428
0.2389982362290189
0.2395045935573904
0.23954456913594604
0.2399164631546304
0.23998793464356322
0.24006909718184286
0.24024353607008567
0.24024595883242236
0.24031621894018684
0.24172263247664458
0.24239616040624878
0.24296550955537466
0.24352637903632204
0.2435530294220258
0.2440884598984378
0.24516295499476684
0.2451896053804706
0.24520171919215414
0.24520777609799588
0.24521504438500602
0.24527319068108694
0.24531195487847424
0.24538584912974376
0.24542461332713106
0.24550819862774742
0.24559541807186883
0.24561964569523587
0.24563418226925612
0.24563660503159282
0.2463234581540489
0.24753362794123349
0.24837069232856535
0.24896063495755322
0.24955421173004613
0.24973834166763578
0.24974439857347755
0.2499890975694848
0.25063234096988024
0.2508721944412141
0.25122349498003643
0.25137976315075394
0.25169108811102064
0.2518134376090243
0.251857047331085
0.2519297302011862
0.2519503236810482
0.2519781854479203
0.2520738845602202
0.25211628290111254
0.2521223398069543
0.2521502015738264
0.2521623153855099
0.25221682753808583
0.25235492499127804
0.2525124045431639
0.2527885994495484
0.25312415203318217
0.253216217001977
0.25338096484087297
0.2536038589758499
0.2541623056944606
0.25421802922820486
0.25422408613404657
0.25424346823274024
0.2543294762956933
0.25443607783850836
0.2545220859014614
0.25486369539093695
0.25520045935573904
0.2552065162615808
0.25521620731092765
0.25543910144590454
0.25552753227119435
0.2555408574640462
0.25555539403806643
0.2555566054192348
0.25615623909756946
0.2562010602007985
0.2562252878241656
0.25623255611117574
0.2562483040663643
0.2562785885955731
0.2562991820754351
0.25632946660464395
0.25637549908904134
0.25640578361825017
0.25640820638058687
0.25644697057797416
0.25658870217467145
0.2567098402915068
0.256765563825251
0.2568079621661434
0.25691819785246345
0.2575081404814513
0.25792485560336476
0.2581320017831531
0.2588127979997674
0.2598497402798775
0.2603670000387642
0.2606262356087917
0.26075948753731054
0.2621392506880645
0.2627764371826181
0.26315681086948095
0.2649072566577509
0.2662603694228011
0.2670283850835368
0.26756381555994885
0.2677079699189828
0.26943661084622245
0.2698969356901965
0.2710295770826065
0.2715165523122844
0.2720592510757065
0.2732669981005543
0.27341720936543007
0.2738339244873435
0.27396838779703064
0.27438994844361747
0.2745377369461565
0.2750307690816762
0.2752996957010505
0.27550926464317554
0.27600956506570534
0.27612706903903556
0.27628333720975307
0.2763293696941505
0.27651955653758187
0.27659950769469316
0.27698351552506106
0.27714584060162034
0.27747291351707565
0.27764492964298176
0.2777987750513626
0.278074969957747
0.278260311276505
0.2784614005504516
0.2786285711516843
0.2790040993138737
0.2794535217273326
0.279846009225879
0.2806200817924565
0.2810828293987673
0.2814583575609567
0.28149591037717564
0.28151529247586926
0.28153952009923633
0.2815601135790983
0.28168851998294375
0.28190293444974224
0.28199984494321045
0.28282116137535374
0.2838859654223359
0.28397803039113073
0.2842287862929798
0.2843087374500911
0.2843317536922898
0.28436082684033026
0.28443593247276816
0.2845061925805326
0.284511038105206
0.28459825754932744
0.28462127379152613
0.2846442900337249
0.28471091599798426
0.284840533782998
0.2849216963212777
0.28492775322711944
0.2852548261425747
0.2855964356320502
0.28568607783850836
0.2857381672287475
0.285973175175408
0.2860688742877079
0.286076142574718
0.2861645734000077
0.2862457359382874
0.28633174400124045
0.28648680079078964
0.2866345892933287
0.2868526379036322
0.2870052719308447
0.2872717757878823
0.2875503934566035
0.28773452339419314
0.28799375896422064
0.288345059503043
0.2888780672171183
0.28918212389037484
0.28942682288638216
0.289560074814901
0.2900555297127573
0.29040804163274797
0.29073753731054
0.2912753905492887
0.2916242683257743
0.2918277803620576
0.29257035701825795
0.29434987595456835
0.294739940690778
0.29474357483428304
0.2951372737139977
0.2956920862891034
0.2959016552312284
0.2962299395278521
0.29666724812962747
0.296905890219793
0.29702218281195486
0.2970851746327092
0.2971299957359383
0.2972014672248711
0.2974170930728379
0.2975127921851378
0.29788710896615883
0.2983050354692406
0.29836318176532156
0.2984964336938404
0.29871327092297556
0.29875445788269955
0.29879564484242355
0.29891678295925883
0.2989252626274373
0.2989301081521107
0.29910939256502694
0.29986892855758424
0.3004079931775013
0.30136740706283677
0.30176110594255146
0.30192585378144743
0.30221416249951544
0.30290828390898167
0.3031166414699384
0.30347642167693917
0.3037586734891654
0.3051323797340776
0.30636556576346086
0.3071517521417219
0.30804090591929295
0.30916991316819786
0.3097731809900376
0.31065991200527193
0.31260660154281505
0.3127955770050781
0.31307540605496764
0.3136241617242315
0.3138688607202388
0.313924584253983
0.31399605574291584
0.31402997441562974
0.3140420882273133
0.3140566248013335
0.31407237275652206
0.3141002345233942
0.3145314862193278
0.3146271853316277
0.3146853316277087
0.3151468678528511
0.3155466236384076
0.31578647710974145
0.3160396557739272
0.31625891576539905
0.31637278559522425
0.3171989475520409
0.31851814164437725
0.3185266213125557
0.3185351009807342
0.3185484261735861
0.31879070240725665
0.3188767104702097
0.3190354014032639
0.3190874907935031
0.31911777532271196
0.3191323118967322
0.3191759216187929
0.31927646625576617
0.31935157188820407
0.31935520603170914
0.319430311664147
0.3194618075745242
0.3198760999341009
0.32003842501066015
0.3203667093072838
0.32052661162150636
0.3207155870837694
0.3211456273985347
0.3219075861534287
0.32196815521184635
0.3221825696786448
0.32271678877388843
0.32320497538473464
0.3234072760398496
0.32367014575338215
0.3238106659689111
0.32399843005000584
0.32412077954800944
0.3251334942047525
0.32842723960150405
0.3307797418304454
0.33201292785982867
0.3337972923208125
0.3347009826724038
0.33550170562468506
0.3365156316625964
0.33737450091095866
0.33831816684110555
0.34091052254138077
0.3412351726944994
0.3422103345350235
0.34420669070046905
0.3450340640384541
0.34520729154552854
0.3455876652323914
0.34615459161918055
0.3478044927704772
0.34943743458541693
0.35000314959103773
0.3508159863550025
0.3520128309493352
0.35228660309338294
0.3526887816412761
0.3537378377330697
0.35501463348451373
0.35567847036477107
0.35603219366593014
0.3572714366011552
0.35815695623522115
0.3583641024150095
0.35934289839903866
0.3610884986626352
0.3612447668333527
0.3617729290227546
0.3624488797146955
0.36303639958134665
0.36420295964647054
0.3653670969492577
0.36598490134511763
0.36691645346358104
0.36780924138465715
0.368460964453231
0.3695875489397992
0.3702077760979959
0.3705942066907005
0.3711720355080048
0.3717280594642788
0.3728716032872039
0.3747686261968446
0.3754675931309842
0.3759909097957127
0.3767964782726674
0.37761779470481066
0.37787703027483815
0.37838096484087297
0.3795087607086095
0.38021499592975927
0.38077101988603324
0.38115139357289607
0.3813924584253983
0.3820102628212583
0.3830762782494088
0.3838031069504206
0.38452630150792727
0.3855511299763538
0.38578250377950923
0.38611199945730124
0.3865662673954336
0.38742877078730087
0.38795935573903945
0.3884850951661046
0.38895632244059386
0.38993511842462303
0.39083275187037253
0.3910532232430127
0.3926134821878513
0.39340935961545914
0.39433606620924916
0.3952664069465442
0.39559347986199944
0.39605380470597357
0.396614674186921
0.3973136411210606
0.39771824243129045
0.3982597298135442
0.3989780788463775
0.3992494282280885
0.39938025739427063
0.4008084757917587
0.4012736461604062
0.40130756483312013
0.4013354265999923
0.40134754041167575
0.4015813369771679
0.40196897895104083
0.4020368162964686
0.40209980811722296
0.40218460479900764
0.4028011978136993
0.4030761813389154
0.4032506202271582
0.40337054696282515
0.4035147013218591
0.40409374152033184
0.4046352289025856
0.4051573341861457
0.4054868298639377
0.4058211710664031
0.4061215935961546
0.4064244388882428
0.40667034926541845
0.4067188045121526
0.4068314629608094
0.40704103190293445
0.4078284296623638
0.4085746404620692
0.408663071287359
0.408766038686669
0.4088096484087297
0.40889323370934605
0.40905192464240026
0.40926512772803036
0.4098599158816917
0.4109574272202194
0.4117096949257666
0.4127648079234019
0.41404402643718263
0.41508218009846104
0.41611427685389774
0.4167284471062527
0.4172965848742102
0.4177569097181843
0.4177956739155716
0.41810457611350155
0.4182305597550103
0.4197556886459666
0.42034078575028105
0.42151824824592005
0.42214089816645345
0.4222608249021204
0.4223480443462418
0.42242920688452146
0.4227671822304919
0.4228689382486336
0.4236078807613288
0.4246218067992402
0.4251887331860294
0.4253086599216963
0.4253534810249254
0.4255049036709695
0.4257181067565996
0.4258961797883475
0.4259446350350816
0.42596038299027017
0.4261626836453851
0.42622930960964456
0.4263601387758266
0.4264146509284025
0.42644735821994806
0.4264982362290189
0.42655274838159474
0.4269706748846765
0.4270833333333333
0.4272517153157344
0.4273546827150444
0.427827121370702
0.4279640074427259
0.4279846009225879
0.4280051944024499
0.42835891770360895
0.4285103403496531
0.428650860565182
0.4293474047369849
0.429498827383029
0.4295279005310695
0.4296005834011707
0.43010088382370043
0.43015418459510796
0.43065811916114277
0.430919777493507
0.43099488312594486
0.43114509439082066
0.43183437027561344
0.4319567197736171
0.43218688219560414
0.4322292805364965
0.43232013412412296
0.4333074097763306
0.433641750978796
0.4336647672209947
0.4337011086560453
0.4337132224677288
0.4337168566112339
0.4337677346203047
0.4341057099662751
0.4341505310695042
0.4347937744698996
0.4355726925611505
0.4355884405163391
0.4356090339962011
0.43561872504554794
0.43564658681242
0.4359130906694577
0.43606330193433346
0.4360693588401752
0.4362934643563205
0.43655391130751636
0.4365611795945265
0.4366435535139745
0.43669322014187695
0.4367283501957592
0.4367598461061364
0.4368555452184362
0.4369136915145172
0.43693549637554757
0.43696335814241966
0.4369948540527968
0.4370299841066791
0.4376538454083808
0.43842428383145327
0.43842791797495834
0.4384763732216925
0.43852725123076325
0.438553901616467
0.4390772182811955
0.43934372213823314
0.4398185835562275
0.439913071287359
0.44054904640074427
0.4408216071636237
0.4408785420785363
0.44109537930767145
0.4412237857115168
0.44207054114819555
0.4437846455014149
0.44447755552971274
0.4445805229290228
0.44488457960227934
0.44518015660735744
0.4455205547156646
0.4475447726479823
0.4485744466410823
0.4489487634221033
0.44911351126099935
0.4498221692444858
0.4501783153079815
0.45018800635732836
0.4501976974066752
0.4504266484474939
0.45130126565104467
0.4515810947009342
0.4517797612125441
0.4519542001007869
0.45202203744621466
0.45208139512346396
0.45211289103384117
0.45212015932085126
0.45293541884715277
0.4533363860138776
0.4533666705430864
0.45338968678528513
0.4534878086599217
0.45366224754816453
0.45436848276931424
0.4545247509400318
0.4545453444198938
0.4546228728146684
0.454662848393224
0.4548869539093693
0.4558524247005466
0.4562509691049347
0.4565804647827267
0.45693661084622245
0.45701777338450206
0.4571013586851184
0.45734848044346244
0.4576513257355506
0.45791177268674654
0.45818917897429934
0.45863860138775825
0.45887360933441873
0.4589002597201225
0.4590129181687793
0.45920431639337905
0.4604968601000116
0.46123459123153854
0.4616888591696709
0.4618487614838935
0.46185360700856687
0.4620995173857425
0.462725801449781
0.464088605264178
0.4647451738574253
0.46475607628794047
0.46477424700546577
0.46528423847734235
0.4657070105050975
0.46620609954645886
0.466934139628639
0.46694383067798584
0.4669825948753731
0.4670310501221072
0.46753013916346864
0.46846532542543706
0.4689244388882428
0.46921153622514244
0.4693338857231461
0.46938476373221694
0.4695810074814901
0.4697045683606621
0.4697263732216925
0.4697445439392177
0.47063490909795713
0.4710286079776718
0.4710576811257123
0.4712066810094197
0.4725319320075978
0.4729861999457301
0.47308795596387176
0.47344410202736753
0.47353616699616236
0.47371424002791024
0.4739129065395201
0.47422302011861844
0.47436959723998917
0.47496196263131374
0.47512549908904134
0.4751485153312401
0.4751909136721324
0.4755591735473117
0.4755943036011939
0.475639124704423
0.47566819785246345
0.4757311896732178
0.47587776679458854
0.4759286448036593
0.4760243439159592
0.47604130325231614
0.47627509981780825
0.47660459549560025
0.4771000503934566
0.4774125867348917
0.47749496065433966
0.4775422045199054
0.4776681881614141
0.47779053765941776
0.47781113113927975
0.47781597666395315
0.4778486839554987
0.47788865953405435
0.47802675698724656
0.4780291797495833
0.47804613908594024
0.4781575861534287
0.4782339031670349
0.47827993565143234
0.47830052913129434
0.4783065860371361
0.478381691669574
0.4783913827189208
0.47859247199286736
0.47868817110516726
0.47879961817265576
0.4794901054386169
0.47969725161840526
0.47972026786060395
0.4797541865333178
0.47985836531379616
0.4801066984533085
0.4801236577896655
0.480176958561073
0.4801830154669148
0.4802023975656084
0.48024237314416407
0.4803538202116525
0.4803962185525449
0.48044588518044734
0.48047132418498273
0.4804761697096562
0.48058398263363955
0.4806057874946699
0.48062274683102685
0.48066151102841415
0.4810055432802264
0.4814476974066752
0.4817481199364267
0.4822883959375121
0.48251855835949914
0.48272207039578247
0.4832029887196186
0.48350462263053845
0.48354823235259914
0.48360395588634336
0.4836596794200876
0.48385592316936077
0.4839479881381556
0.48396979299918597
0.4840424758692871
0.4841624026049541
0.48426779276660076
0.4843344187308602
0.4844531340853588
0.4846990444625344
0.4848419874404
0.4849594914137303
0.4850975888669225
0.4851763286428655
0.48549734465247896
0.48604852308407953
0.48638770981121837
0.4870285304492771
0.4874597821452107
0.48769479009187117
0.48807031825406055
0.48836347249680195
0.488964317556305
0.48990192658061016
0.49107817769508083
0.49193704694344303
0.49250760747373723
0.4931738671163314
0.49392734620304685
0.49435496375547544
0.49470020738845605
0.4953022638291274
0.4957347269062294
0.4961974745125402
0.49759298561848275
0.49814174128774663
0.4982992208396325
0.4991411307516378
0.5006505116874055
0.5019079253401558
0.5027340872969726
0.5034790867155096
0.5038315986355002
0.5044070046904678
0.5053591502887933
0.5056813776795751
0.5060435806489126
0.5064784664883514
0.5074439372795286
0.5085475055238982
0.5089666434081482
0.5093203667093072
0.5098630654727294
0.5105862600302361
0.5114523975656085
0.5122276815133543
0.5125014536574021
0.5125886731015235
0.5126807380703182
0.5127231364112106
0.5127606892274296
0.5129012094429585
0.513115623909757
0.5131992092103733
0.513263412412296
0.5133990871031515
0.513506900027135
0.5136292495251386
0.5137867290770245
0.5138787940458193
0.5139078671938597
0.514008411830833
0.5140823060821026
0.5141416637593519
0.5147328177695081
0.5150865410706671
0.5151071345505291
0.5151798174206303
0.5158061014846688
0.5162518897546227
0.5164226944993604
0.5164868977012831
0.5167812633251928
0.5170853199984494
0.5172185719269683
0.517389376671706
0.5175904659456526
0.5178436446098383
0.5179877989688724
0.518402091328449
0.5187921560646587
0.5192415784781176
0.5196389115013373
0.5202397565608404
0.5213251540876847
0.521923576384851
0.5222058281970772
0.5223669418924681
0.5227897139202233
0.5230126080552002
0.523434168701787
0.5238157537698181
0.5240749893398458
0.5242361030352366
0.5244153874481529
0.5246164767220994
0.5254147769120441
0.5259938171105167
0.5260422723572509
0.5261791584292748
0.5264759468155212
0.5267812148699461
0.5270852715432027
0.5274220355080048
0.5277600108539753
0.5280991975811141
0.5284747257433035
0.5287266930263209
0.5288756929100283
0.5291894406326317
0.5296049443733768
0.5298229929836803
0.5298435864635422
0.5298544888940574
0.5301524886614722
0.5302336511997519
0.5305473989223554
0.5310598131565686
0.531291186959724
0.5318520564406714
0.5322118366476722
0.5326188607202388
0.5333529577082606
0.533786632166531
0.5339647051982789
0.5342905667325658
0.5350525254874597
0.5357817769508082
0.5361306547272938
0.5367193859751134
0.5369943695003295
0.5370949141373028
0.5371361010970268
0.5371482149087103
0.5373408245144784
0.537974376865527
0.5382057506686824
0.5383377912160329
0.5390391809125092
0.539251172616971
0.539443782222739
0.5394910260883048
0.5397975055238982
0.5411615207194636
0.5412148214908711
0.5414183335271543
0.5414958619219289
0.5415927724153972
0.5416388048997945
0.5417139105322324
0.5419125770438423
0.5420494631158662
0.5422384385781293
0.5426466740318642
0.5426927065162616
0.5428574543551575
0.5428937957902081
0.542924080319417
0.5429277144629221
0.543302031243943
0.5443498759545684
0.5450863957049269
0.5451021436601156
0.5451094119471256
0.5451178916153041
0.5451651354808699
0.5454340621002443
0.5456751269527464
0.5457635577780362
0.5458495658409893
0.5460639803077877
0.546222671240842
0.5462505330077141
0.5462965654921115
0.5463644028375393
0.5464504109004923
0.5464516222816607
0.5464540450439974
0.5464613133310074
0.5464649474745126
0.5464831181920379
0.5467750610536108
0.5470427762918169
0.5471045567314029
0.5472680931891305
0.5473480443462418
0.5474219385975113
0.5475176377098112
0.5477526456564716
0.5477986781408691
0.5485037019808505
0.5486999457301237
0.5489567585378144
0.5490730511299764
0.5490960673721751
0.5491408884754041
0.5491614819552662
0.5491723843857813
0.5492281079195255
0.5493758964220646
0.5495939450323681
0.5498119936426716
0.5498895220374462
0.550022773965965
0.5503268306392216
0.5513141062914292
0.5514715858433151
0.5516969027406288
0.5522698860332597
0.5523340892351823
0.5523958696747684
0.5530415358375005
0.5533286331744002
0.5533782998023026
0.5536520719463504
0.5537514052021553
0.553983990386479
0.5546744776524402
0.5557089971702136
0.5560663546148777
0.5572631992092104
0.5576617436135984
0.5581802147536535
0.5584043202697988
0.5586574989339845
0.5595115226576733
0.5605266600767531
0.5607701476915921
0.5607895297902857
0.5608004322208009
0.5608355622746831
0.561054822266155
0.561524838159476
0.5619342849943791
0.5623849187890064
0.5625690487265961
0.5628936988797147
0.5631614141179206
0.5643219172772028
0.5645702504167152
0.5656907779974416
0.5657840543474048
0.5659500135674691
0.5666235414970733
0.5667446796139086
0.566876720161259
0.5671044598209094
0.5676701748265303
0.5680045160289956
0.5686259545683606
0.5692994824979649
0.5693394580765205
0.5693697426057294
0.5693770108927395
0.569574466023181
0.5696229212699151
0.5699197096561616
0.5700469046788387
0.5703630751637787
0.5705399368143582
0.5707119529402643
0.5716544074892429
0.5727713009264643
0.5746392506880645
0.5748863724464085
0.574943307361321
0.5756798271116796
0.5758215587083769
0.5759584447804008
0.5759984203589564
0.5760868511842462
0.576240696592627
0.5770111350156995
0.5776156142187076
0.5778082238244757
0.5780238496724426
0.578341231538551
0.5784865972787533
0.5789130034500136
0.579045043997364
0.5791964666434082
0.5792206942667752
0.5795683606620925
0.580363026708532
0.5809747741985503
0.5822491471876575
0.5848548280807846
0.5850110962515022
0.585439925185099
0.5855925592123115
0.585642225840214
0.585995949141373
0.5864162984067914
0.5870958832422375
0.5885858820793115
0.5896313040276001
0.5900419622436718
0.5903617668721169
0.5907494088459898
0.5911576442997247
0.5911879288289336
0.5912812051788968
0.5913502539054929
0.5918602453773695
0.5922115459161919
0.5927288056750785
0.5928136023568632
0.5929359518548668
0.5930728379268907
0.5931963988060627
0.5937572682870101
0.593914747838896
0.5940043900453541
0.5940976663953172
0.594141276117378
0.594326617436136
0.5943690157770284
0.5944247393107726
0.5945991781990154
0.5947033569794937
0.594721527697019
0.5947784626119316
0.5948378202891809
0.5953042020389968
0.5960879656549212
0.5962757297360158
0.5963605264178006
0.5965531360235686
0.5968874772260341
0.5969020138000543
0.5970788754506338
0.597488322285537
0.5981533705469628
0.5987760204674962
0.5990025487459782
0.5992605729348374
0.5994568166841105
0.5996579059580571
0.5996954587742761
0.5997221091599798
0.599770564406714
0.6002417916812033
0.6006427588479281
0.6006827344264837
0.6007542059154165
0.6009916366244137
0.601236335620421
0.6013162867775322
0.601363530643098
0.6017305791371089
0.6021339690661704
0.602166676357716
0.6022817575687095
0.6024828468426561
0.6025228224212118
0.6025846028607977
0.6027760010853975
0.6029613424041556
0.6032193665930147
0.6034761794007055
0.6038165775090126
0.6044586095282397
0.6052447959065007
0.6062429739892236
0.60653976237547
0.606783249990309
0.6070848839012288
0.6074216478660309
0.6074979648796371
0.6077899077412102
0.6084331511416056
0.6088207931154785
0.6088377524518355
0.6090073458154049
0.6092193375198667
0.6093501666860488
0.6094325406054968
0.609553678722332
0.6096178819242548
0.6097608249021204
0.6098395646780633
0.6098431988215683
0.6101702717370237
0.6102853529480172
0.6103011009032058
0.6104052796836842
0.6132544481916502
0.614043057332248
0.6141205857270225
0.6142538376555413
0.6144149513509323
0.614421008256774
0.6144488700236461
0.6151684304376478
0.615783812071171
0.6158928363763229
0.6161278443229833
0.6161835678567276
0.6162223320541148
0.6162974376865527
0.6163143970229097
0.6163386246462766
0.6163907140365159
0.6165300228708764
0.6176650870256232
0.6185069969376285
0.619037581889367
0.6191635655308757
0.6192289801139668
0.6193040857464046
0.6194773132534791
0.6196372155677017
0.6198698007520255
0.6200975404116758
0.6204779140985386
0.6205166782959258
0.6205469628251347
0.6206172229328992
0.6206462960809397
0.6207553203860914
0.6208134666821723
0.6208401170678761
0.620901897507462
0.6209782145210684
0.6210751250145365
0.6212083769430554
0.6212665232391363
0.621289539481335
0.621306498817692
0.621330726441059
0.6214252141721905
0.6221060103888049
0.6231381071442416
0.6237074562933674
0.6238988545179672
0.6239654804822267
0.6239993991549405
0.6242368298639377
0.6245190816761639
0.6245832848780866
0.6246377970306625
0.6246741384657131
0.6247722603403496
0.6248400976857774
0.6248655366903129
0.6249781951389697
0.6250872194441214
0.6255499670504322
0.6258031457146179
0.6262901209442958
0.6265602589448386
0.6265953889987208
0.62675044578827
0.6271913885335504
0.6277607376826763
0.6277776970190332
0.6277922335930535
0.627927908283909
0.628195623522115
0.6282949567779199
0.6283821762220413
0.6296105167267512
0.629764362135132
0.6303906461991704
0.6308727759041749
0.6309284994379192
0.6313476373221693
0.6314191088111021
0.6326159534054347
0.632877611737799
0.6335753672907702
0.633660163972555
0.6337582858471915
0.6350072198317633
0.6353500407024073
0.6353573089894173
0.6353839593751212
0.6359436174749001
0.6370883726789937
0.637497819513897
0.6378915183936117
0.6385274935069969
0.6386437860991588
0.6397788502539055
0.6413136701942086
0.6416407431096639
0.6423106368957631
0.6427140268248246
0.6428351649416599
0.6429405551033066
0.6431961565298291
0.6435498798309881
0.6437473349614297
0.6439447900918711
0.6441458793658177
0.6444341880838858
0.6448654397798194
0.6451973582199481
0.6453281873861302
0.6453778540140327
0.6454335775477769
0.6454626506958173
0.6454868783191844
0.6455256425165717
0.6457449025080436
0.6465274547427996
0.646964763344575
0.6472797224483468
0.6473778443229833
0.6474335678567276
0.6474590068612629
0.6475971043144552
0.6476382912741792
0.6482645753382176
0.6508157440787689
0.6515449955421173
0.6516152556498818
0.6516419060355856
0.6516528084661007
0.6524656452300656
0.6525577101988603
0.6525722467728806
0.6527442628987867
0.6529950188006357
0.6530592220025584
0.6531343276349963
0.6532033763615924
0.6532372950343063
0.6533475307206265
0.6537812051788968
0.6540137903632205
0.6543553998526961
0.6547454645889057
0.6552796836841493
0.6567369752296779
0.6571125033918672
0.6571863976431368
0.6574504787378377
0.6587200062022716
0.6591561034228787
0.6592045586696127
0.659239688723495
0.6592663391091987
0.6593063146877544
0.6593269081676164
0.6597036477109741
0.6597121273791526
0.6600149726712409
0.660454704035353
0.6606146063495756
0.6606969802690236
0.6607127282242121
0.6607381672287476
0.6608580939644144
0.660931988215684
0.6609537930767143
0.6613426464317557
0.6615328332751871
0.6615606950420592
0.6616236868628135
0.6616479144861805
0.6618150850874133
0.6618526379036322
0.6620343450788851
0.6620706865139357
0.6620876458502927
0.6622148408729698
0.6630894580765205
0.6665103984959492
0.6667599430166299
0.6669186339496841
0.6672675117261697
0.6677423731441641
0.6678029422025817
0.6680379501492422
0.6683105109121216
0.6683311043919835
0.668397730356243
0.6687611447067489
0.6693619897662519
0.6693995425824708
0.6695388514168314
0.6697423634531147
0.669822314610226
0.6699894852114587
0.6701372737139978
0.6702269159204559
0.670381972710005
0.6705794278404466
0.6706218261813389
0.6706618017598945
0.6707647691592046
0.6710579234019459
0.6712323622901888
0.6712372078148622
0.6712650695817343
0.6712868744427647
0.6713692483622127
0.6715049230530682
0.6717980772958095
0.6718816625964259
0.6719083129821297
0.6719991665697562
0.6727998895220374
0.6729670601232701
0.673334108617281
0.6734843198821568
0.6739761406365081
0.6755194402449898
0.6769064716827539
0.6780693976043726
0.6791354130325231
0.6794019168895608
0.6796575183160832
0.6799809570880335
0.680096038299027
0.6801808349808117
0.6802934934294685
0.6805878590533783
0.6808277125247122
0.680919777493507
0.6809464278792108
0.6809573303097259
0.6810566635655309
0.6810942163817498
0.6811608423460093
0.6813243788037369
0.681496394929643
0.6815920940419429
0.6816793134860643
0.681870711710664
0.682196573244951
0.6824485405279683
0.6829040198472691
0.6834794259022366
0.6840802709617397
0.6850154572237082
0.6859470093421716
0.6865926755049037
0.6870287727255108
0.6872443985734775
0.6873400976857774
0.6883830968717293
0.6890299744156297
0.6891838198240106
0.6891971450168625
0.689374006667442
0.6900996239872853
0.6908131274954452
0.6909209404194286
0.6911147614063651
0.6913679400705508
0.691601736636043
0.6919494030313602
0.6919918013722526
0.6920547931930069
0.6921068825832462
0.6921626061169903
0.6933049385587471
0.6943915474667597
0.6947961487769896
0.6952189208047448
0.6956538066441834
0.6958524731557933
0.6959312129317362
0.695995416133659
0.6960002616583324
0.6963333914796294
0.6964254564484242
0.6964460499282862
0.696970577974183
0.6979408942900337
0.6983842597976508
0.6984823816722875
0.6985223572508431
0.6986677229910455
0.6986955847579176
0.6987488855293251
0.6988918285071908
0.6989632999961236
0.6994284703647711
0.6999614780788463
0.6999929739892236
0.7002316160793891
0.7002885509943017
0.7003115672365003
0.7004557215955344
0.7006495425824708
0.7008906074349731
0.7011498430050006
0.7019323952397566
0.7023236713571346
0.7028045896809707
0.702987508237392
0.7036452882118076
0.7037591580416327
0.7044024014420281
0.7045053688413382
0.7045877427607862
0.704618027289995
0.7046446776756987
0.7047185719269683
0.7052128154436562
0.7058439450323681
0.7058948230414389
0.7059033027096174
0.7062049366205373
0.706725830522929
0.7069450905144009
0.707038366864364
0.707364228398651
0.7077446020855138
0.7080341221847501
0.7083624064813738
0.7091691863394969
0.7097349013451176
0.7098863239911618
0.7100256328255223
0.7101213319378222
0.7102279334806373
0.7103842016513549
0.7105477381090824
0.7112503391867271
0.7123151432337094
0.7128505737101213
0.7130492402217312
0.7130771019886033
0.7132491181145094
0.7138027193084467
0.7141794588518044
0.7144580765205256
0.714651897507462
0.7147669787184556
0.7148675233554289
0.7150528646741869
0.7153508644416018
0.715760311276505
0.7158947745861922
0.7162884734659068
0.7169183916734504
0.7177166918633949
0.7183720490754739
0.7185355855332015
0.7188553901616467
0.7193593247276815
0.7197481780827228
0.7207209171609101
0.7213217622204132
0.7214538027677637
0.7216173392254913
0.7218402333604683
0.7228577935418847
0.7238947358219948
0.7239649959297593
0.72400860565182
0.7240849226654262
0.7241067275264566
0.7241309551498236
0.7241806217777261
0.7243526379036322
0.7243671744776524
0.7244156297243866
0.7245573613210838
0.7247741985502191
0.7248093286041013
0.7248505155638253
0.7250273772144048
0.7250891576539907
0.7251049056091794
0.7251170194208629
0.72514851533124
0.7252551168740551
0.7253265883629879
0.7253677753227119
0.7255797670271737
0.7258184091173392
0.7268141644377253
0.7272708551381943
0.7276148873900066
0.727908041632748
0.7279601310229872
0.7282278462611932
0.7287014962980192
0.7288129433655076
0.7299322595650657
0.7300097879598403
0.7300219017715238
0.7303308039694538
0.7303429177811374
0.7307426735666938
0.731083071675001
0.7311678683567857
0.7315421851378067
0.732610623328294
0.7335470209714308
0.733969792999186
0.7341006221653681
0.7341478660309338
0.7342556789549173
0.7347123696553863
0.7349909873241075
0.7350830522929023
0.7353786292979804
0.7357553688413382
0.7360642710392681
0.7364555471566461
0.7367377989688724
0.7369752296778695
0.7373931561809512
0.7375445788269954
0.7376414893204636
0.7385015699499942
0.7386953909369306
0.7387608055200217
0.7389788541303253
0.7390551711439315
0.7390600166686049
0.7391302767763693
0.7391811547854402
0.7395433577547776
0.7396535934410978
0.7396838779703067
0.7397177966430205
0.7397965364189635
0.7398098616118153
0.7398365119975191
0.7398970810559368
0.7399019265806102
0.7399309997286506
0.7399600728766911
0.7399721866883746
0.7400073167422568
0.7400569833701593
0.7400618288948327
0.7404870236849246
0.7408528607977671
0.7412114296235996
0.7415179090591929
0.7424954936620537
0.7431484281117959
0.7435687773772144
0.7440230453153468
0.7442338256386402
0.7447837926890724
0.7451762801876187
0.7454028084661007
0.7458280032561926
0.7463016532930186
0.7465717912935612
0.746879482110323
0.7471217583439935
0.7474609450711323
0.747899465054076
0.7479915300228709
0.7479927414040393
0.7480508877001202
0.7480617901306353
0.7480799608481606
0.7481744485792922
0.7481986762026592
0.7482325948753731
0.7482386517812148
0.7482447086870566
0.7483295053688414
0.7484833507772222
0.7488382854595496
0.7493470655502578
0.7499830406636431
0.750230162421987
0.7502325851843238
0.7502568128076909
0.7505414873822538
0.7505959995348296
0.7506359751133853
0.7506444547815637
0.7506674710237624
0.7509824301275342
0.7514161045858045
0.7514694053572121
0.7515093809357677
0.7515118036981044
0.7515711613753537
0.7516692832499903
0.7517795189363105
0.7519006570531457
0.7519709171609101
0.7520714617978834
0.7521065918517658
0.7521114373764392
0.7521126487576075
0.7521380877621429
0.7521889657712137
0.7522398437802845
0.7524191281932008
0.7526723068573865
0.7527207621041206
0.7527377214404776
0.7529533472884444
0.7530127049656937
0.7531604934682328
0.7531895666162732
0.753195623522115
0.7535275419622437
0.753903070124433
0.7540314765282785
0.7543973136411211
0.7549933131759506
0.7556317110516727
0.7567425475830523
0.7577249777105866
0.7587776679458852
0.759240415552196
0.7594948055975501
0.7598061305578168
0.7599127321006318
0.7599708783967128
0.7600665775090126
0.7601259351862619
0.7601852928635112
0.7602010408186999
0.760253130208939
0.7602664554017909
0.7602713009264643
0.7603754797069426
0.7603851707562895
0.7604324146218553
0.7607183005775865
0.7611289587936582
0.7616256250726828
0.7617552428576966
0.7620835271543203
0.7622022425088189
0.7622204132263442
0.7623815269217351
0.7625523316664728
0.7626892177384967
0.7633227700895453
0.7642785498313758
0.7646540779935651
0.7647655250610537
0.7648515331240067
0.764893931464899
0.764935118424623
0.764993264720704
0.7650453541109431
0.7651834515641354
0.7660047679962786
0.7667424991278056
0.7668733282939877
0.7673772628600225
0.7678121486994611
0.7679587258208319
0.7680956118928558
0.7681561809512734
0.7683463677947048
0.7686322537504361
0.7687630829166182
0.7688018471140055
0.7688212292126991
0.7694184401286971
0.7695650172500679
0.7699550819862775
0.7700374559057255
0.7702409679420088
0.7703136508121099
0.7703451467224871
0.7711519265806102
0.7715589506531767
0.7718557390394232
0.7719175194790092
0.77196839748808
0.7720568283133697
0.7721452591386595
0.7721622184750164
0.7723717874171415
0.772733990386479
0.7729047951312168
0.7730537950149242
0.773368754118696
0.7738133310074815
0.7741912819320076
0.7743875256812808
0.7755758906074349
0.7761052641780052
0.7761210121331937
0.7762336705818506
0.7767812148699461
0.7771264585029267
0.7773941737411327
0.7779029538318409
0.7781755145947203
0.7791676357716013
0.7798242043648487
0.7799041555219599
0.77991142380897
0.779969570105051
0.7800168139706167
0.7800543667868357
0.7801537000426406
0.7804165697561732
0.7804504884288871
0.7805146916308098
0.7808877970306625
0.7816873086017754
0.7818811295887119
0.7821028123425204
0.7824020234911037
0.7826770070163197
0.7831373318602939
0.7834207950536884
0.7837018354847463
0.7843983796565492
0.7845703957824554
0.7850379889134396
0.7853626390665581
0.7855358665736326
0.785660638833973
0.7858229639105322
0.7859671182695662
0.7860809880993914
0.786278443229833
0.7871857677249292
0.7879186533317828
0.7879707427220219
0.787994970345389
0.788015563825251
0.788073710121332
0.7886733437996666
0.7891324572624724
0.7891918149397217
0.789354140016281
0.7893892700701632
0.7897502616583324
0.7905231228437415
0.7909059192929411
0.7911142768538978
0.7912584312129317
0.7915733903167035
0.7918083982633639
0.7920700565957282
0.7927351048571539
0.7934134783114316
0.7934982749932162
0.7937902178547893
0.7946454529596465
0.7949277047718727
0.7949919079737954
0.7950173469783308
0.795097298135442
0.795361379230143
0.7956024440826452
0.7956351513741908
0.7956630131410629
0.7956884521455984
0.7956957204326084
0.7959113462805752
0.7960361185409156
0.7960591347831143
0.7960857851688181
0.7961100127921852
0.796157256657751
0.796222671240842
0.7962372078148622
0.796411646703105
0.7964382970888088
0.7965703376361593
0.7966987440400046
0.7967217602822033
0.7967629472419273
0.7968501666860488
0.7969373861301702
0.7969761503275574
0.7977865643291856
0.797795043997364
0.7978144260960577
0.7978386537194248
0.7979101252083576
0.798206913594604
0.7986575473892313
0.7989870430670233
0.7993746850408963
0.7996436116602705
0.7996847986199945
0.799792611543978
0.80064421250533
0.8006841880838858
0.8008283424429197
0.8010900007752839
0.8011651064077219
0.8015212524712176
0.8017550490367097
0.8022456584098926
0.802267463270923
0.8022783657014382
0.8023776989572431
0.8024116176299569
0.8024273655851456
0.8024346338721556
0.8026987149668566
0.802748381594759
0.8029967147342715
0.8034752102957708
0.8035248769236732
0.8035357793541885
0.8036024053184478
0.8037223320541148
0.8039076733728728
0.8041475268442067
0.8043001608714192
0.8045666647284568
0.8046744776524402
0.8047556401907199
0.8048416482536729
0.8049058514555956
0.805202639841842
0.8054764119858898
0.8060481838973524
0.8066974842035896
0.8071711342404155
0.8072741016397256
0.8073528414156685
0.8076811257122921
0.8084927510950886
0.8091250920649687
0.8094836608908013
0.8100287824165601
0.8106005543280227
0.8109797166337172
0.811092375082374
0.8112559115401016
0.8114945536302671
0.8115890413613986
0.8116374966081328
0.8116786835678568
0.8117513664379579
0.8119972768151336
0.8122407644299725
0.8123631139279761
0.8124927317129899
0.8126671706012327
0.8129082354537349
0.8133540237236888
0.8135163488002481
0.8137961778501376
0.8143085920843509
0.8144721285420785
0.8145302748381594
0.8146090146141024
0.8146550470984998
0.8148876322828236
0.8149821200139551
0.8153358433151141
0.8157695177733845
0.8159366883746172
0.8169457688878552
0.8183328003256193
0.8194315230453153
0.8197719211536225
0.819797360158158
0.8198276446873668
0.8198530836919021
0.8198748885529326
0.8199172868938248
0.8200965713067411
0.8204321238903749
0.8206174652091328
0.8206429042136683
0.8206598635500252
0.8206598635500252
0.8206792456487189
0.8207858471915339
0.8210063185641742
0.8212752451835484
0.8216483505834011
0.8218130984222972
0.8219524072566577
0.8220602201806412
0.8226029189440632
0.8238276253052681
0.8238736577896655
0.8239209016552312
0.8240626332519285
0.8244078768849091
0.8246016978718456
0.8246150230646975
0.8246465189750746
0.8247034538899872
0.8248027871457921
0.8248621448230414
0.8249966081327286
0.825351542815056
0.8254290712098306
0.8256713474435012
0.8257331278830872
0.8258736480986161
0.826347298135442
0.8263824281893244
0.8265362735977052
0.8266162247548164
0.8269554114819553
0.8271092568903361
0.8272861185409156
0.8273648583168586
0.827438752568128
0.8275150695817343
0.8275320289180913
0.8275429313486065
0.8275574679226266
0.8276531670349265
0.8278251831608326
0.8278397197348529
0.8278833294569136
0.8279523781835098
0.8280335407217894
0.8283170039151839
0.8288233612435555
0.8289335969298756
0.8290014342753034
0.8296640597743924
0.8298845311470326
0.8300868318021475
0.8303133600806295
0.8304151160987712
0.8304223843857813
0.8304357095786332
0.8305205062604178
0.830671928906462
0.8306767744311354
0.830733709346048
0.8307615711129201
0.8310813757413653
0.831355147885413
0.8314714404775749
0.8315320095359926
0.8315380664418344
0.8315526030158545
0.8315610826840331
0.8315986355002519
0.8317234077605923
0.832244301662984
0.8325822770089545
0.8326307322556886
0.8327288541303253
0.8329311547854402
0.8331043822925146
0.8331928131178044
0.833229154552855
0.8332969918982828
0.8334363007326433
0.8336264875760747
0.8337912354149707
0.8340189750746211
0.8342236984920727
0.8342333895414196
0.8342600399271233
0.8343084951738574
0.8344381129588712
0.8345241210218243
0.8345592510757065
0.8351528278481994
0.8357282339031671
0.835868754118696
0.835913575221925
0.8360056401907199
0.8361534286932589
0.8362297457068651
0.8364393146489902
0.8366622087839671
0.8367663875644454
0.8369165988293212
0.8370498507578401
0.8372230782649145
0.837478679691437
0.8375634763732217
0.8376240454316394
0.8379717118269566
0.8385810365546381
0.8389904833895414
0.8399074989339845
0.8401776369345273
0.8403968969259992
0.8404405066480598
0.840468368414932
0.8404950188006357
0.8405652789084002
0.8406306934914912
0.8407142787921076
0.8408511648641315
0.8410461972322363
0.8411152459588325
0.8411564329185565
0.8412121564523006
0.8416179691436989
0.841752432453386
0.8423217816025119
0.842881439702291
0.8430268054424933
0.8431128135054464
0.8432097239989146
0.8433187483040664
0.8436179594526495
0.843712447183781
0.8439401868434314
0.8442393979920145
0.8442587800907082
0.8444392758847928
0.8449056576346087
0.8457148602550684
0.8459486568205605
0.8460492014575338
0.8461921444353995
0.8462999573593829
0.8463060142652247
0.8465058921580029
0.8465700953599256
0.846677908283909
0.8468365992169632
0.8472690622940652
0.8475077043842307
0.8475779644919952
0.8476845660348102
0.8477620944295848
0.8479038260262821
0.8483520370585726
0.8491248982439819
0.8491685079660426
0.8491951583517463
0.8494943695003295
0.8497414912586735
0.8500564503624453
0.8501436698065666
0.8502054502461527
0.8502963038337791
0.8506718319959685
0.8507554172965849
0.8511491161762996
0.8513526282125828
0.8514725549482498
0.8515912703027484
0.8518977497383416
0.8519910260883048
0.8521303349226654
0.8524089525913866
0.8528547408613405
0.852925000969105
0.8530340252742566
0.8532544966468969
0.8533477729968602
0.8535682443695003
0.8538383823700431
0.854476780245765
0.8545676338333915
0.8546984629995736
0.8548959181300151
0.854991617242315
0.8550219017715238
0.8550873163546149
0.8551406171260224
0.8553295925882854
0.855461633135636
0.8555415842927472
0.8557753808582393
0.8559049986432531
0.8559340717912935
0.8559934294685428
0.8560346164282668
0.8562078439353413
0.8562647788502539
0.8562974861417995
0.8563289820521766
0.8564210470209714
0.8567214695507229
0.8570158351746328
0.8571018432375858
0.85715756677133
0.857384095049812
0.857713590727604
0.8581290944683491
0.8584283056169322
0.8585118909175485
0.8585506551149359
0.8585700372136295
0.8586584680389192
0.8587166143350002
0.8588207931154785
0.8589613133310074
0.8590570124433073
0.8591430205062605
0.8593089797263248
0.8593731829282475
0.8594361747490018
0.8594604023723689
0.8594761503275574
0.8595040120944296
0.8596518005969687
0.8605833527154321
0.8607808078458735
0.8608486451913013
0.8610679051827732
0.8611018238554871
0.8614083032910803
0.8616772299104547
0.8617535469240609
0.8618649939915494
0.8619207175252936
0.8619352540993138
0.8620200507810986
0.862213871768035
0.8626972128542079
0.8628764972671241
0.8629685622359189
0.86303397681901
0.8632326433306199
0.8633562042097919
0.863720829941466
0.8639364557894329
0.8640563825250999
0.8641484474938946
0.8646378454859092
0.864857105477381
0.8651938694421832
0.8653089506531767
0.865755950304299
0.8660539500717138
0.866171454045044
0.8661993158119161
0.866216275148273
0.8663664864131488
0.8663895026553475
0.8664500717137652
0.866562730162422
0.8667662421987052
0.8668159088266078
0.8676929487924953
0.867925533976819
0.8681302573942706
0.869078768849091
0.8694264352444082
0.8694518742489437
0.8697837926890724
0.8705081986277474
0.8708897836957786
0.8713452630150793
0.8718673682986394
0.8722017095011048
0.8722877175640579
0.8723276931426135
0.872339806954297
0.8724124898243982
0.8726717253944257
0.872978204830019
0.8731853510098073
0.8732483428305617
0.8734591231538551
0.8735729929836803
0.8737328952979029
0.8739400414776912
0.8743700817924565
0.8746814067527232
0.8748449432104508
0.8749248943675622
0.8750496666279025
0.875188975462263
0.8753016339109199
0.8754930321355197
0.8758406985308369
0.876095088576191
0.8762828526572858
0.8763325192851882
0.8764560801643602
0.8770072585959607
0.8774494127224096
0.8775099817808272
0.8775923557002753
0.8780272415397139
0.8782852657285731
0.8785190622940652
0.8785917451641664
0.878631720742722
0.8786559483660891
0.8786825987517929
0.8788061596309649
0.8788812652634027
0.8791320211652518
0.8800914350505873
0.8803991258673489
0.8804427355894097
0.8804718087374501
0.880488768073807
0.8805517598945614
0.880591735473117
0.8806365565763461
0.8806656297243866
0.8806753207737333
0.8806801662984068
0.8806825890607435
0.8807540605496763
0.8807819223165484
0.8808255320386091
0.8809151742450673
0.8809733205411482
0.8809963367833469
0.8810023936891886
0.8810120847385355
0.8810278326937241
0.8819254661394735
0.8837207330309725
0.8839375702601078
0.884010253130209
0.8841531961080746
0.8843651878125364
0.8844063747722604
0.8844608869248363
0.8844863259293716
0.8845008625033919
0.884552951893631
0.8846995290150017
0.8848836589525914
0.8851344148544404
0.8854093983796566
0.885575357599721
0.8863191456370896
0.8866135112609993
0.8879387622591774
0.8884790382602629
0.8885371845563438
0.8885686804667209
0.8885711032290576
0.8885795828972362
0.888592908090088
0.8886607454355158
0.8887855176958561
0.8888327615614219
0.8901919312323139
0.8918176047602434
0.8923118482769314
0.8927540024033802
0.8934493351940148
0.8946837326045665
0.8953875450633795
0.8955535042834438
0.8958720975307206
0.8959992925533977
0.896058650230647
0.8965795441330388
0.8968351455595612
0.8978902585571966
0.8985213881459084
0.8986582742179323
0.8987672985230841
0.8988193879133233
0.8990507617164787
0.8991682656898089
0.8991852250261658
0.8992094526495329
0.8992772899949607
0.8995122979416211
0.8995510621390084
0.8995886149552274
0.8996201108656046
0.8996818913051905
0.899731557933093
0.8997448831259449
0.8997751676551538
0.8998030294220258
0.9004087200062023
0.9004874597821452
0.9013172558824669
0.9022730356242974
0.9024717021359073
0.9025056208086212
0.9025492305306818
0.9029041652130093
0.903651587393883
0.903861156336008
0.9044474648214909
0.9055583013528705
0.9058877970306625
0.9059229270845447
0.9059725937124472
0.9060186261968446
0.906047699344885
0.9060767724929255
0.9061324960266698
0.9063953657402023
0.9068241946737993
0.9069429100282979
0.9070495115711129
0.9071815521184634
0.9071876090243052
0.9072154707911773
0.9072772512307633
0.9075401209442958
0.9077000232585184
0.9077678606039462
0.9079677384967244
0.9081518684343141
0.9082148602550684
0.9082439334031089
0.9083275187037252
0.9084183722913517
0.9084971120672947
0.90851528278482
0.9086182501841299
0.9088302418885917
0.9091379327053534
0.909202135907276
0.9092360545799899
0.9093571926968252
0.9099471353258131
0.9102366554250494
0.9102511919990697
0.9111778985928596
0.9113583943869442
0.9126569949994185
0.9129089622824359
0.9129440923363181
0.9134867910997403
0.9149828468426561
0.9153414156684886
0.9154480172113036
0.9159313582974764
0.9161057971857193
0.9161590979571268
0.9162426832577432
0.9170773248827383
0.9177096658526185
0.9179168120324068
0.9185067546613948
0.9187635674690856
0.918977981935884
0.9191051769585611
0.9191366728689383
0.9195497538473466
0.9197908186998488
0.9198719812381284
0.9205043222080087
0.921243264720704
0.9214806954297011
0.9215218823894251
0.9216018335465365
0.9217883862464628
0.9219543454665271
0.9224934100864441
0.9230954665271156
0.923330474473776
0.9237447668333527
0.924706603481025
0.9253038143970229
0.9255242857696632
0.9257168953754312
0.9257338547117882
0.9258501473039501
0.9258719521649804
0.9258852773578323
0.9258937570260107
0.9260681959142536
0.9261784316005737
0.9262329437531496
0.9262656510446952
0.9262765534752103
0.9263589273946583
0.9266072605341706
0.92676958561073
0.926838634337326
0.9269682521223398
0.92708575609567
0.9273425689033609
0.9280657634608676
0.9283710315152924
0.9291850796604256
0.929927656316626
0.9301808349808117
0.9302535178509129
0.930363753537233
0.9304328022638291
0.9306435825871225
0.9307865255649882
0.9310917936194131
0.9311099643369384
0.9315884598984377
0.9321335814241967
0.9322741016397256
0.9323588983215102
0.9324497519091367
0.9325890607434973
0.9326520525642517
0.9326847598557972
0.932780458968097
0.9329028084661007
0.9330154669147576
0.9331777919913168
0.9334079544133038
0.9335230356242974
0.9335533201535062
0.9336308485482808
0.9347041322634415
0.9357955866961275
0.9362510660154282
0.9370602686358879
0.9372831627708649
0.937311024537737
0.9373691708338179
0.9376162925921618
0.93801483699655
0.9385006008450595
0.9387089584060162
0.9387780071326123
0.9389100476799628
0.9389694053572121
0.9390009012675893
0.9390093809357677
0.9390747955188588
0.9392104702097143
0.9392371205954181
0.93925044578827
0.9393376652323914
0.9396623153855099
0.9398234290809009
0.93987551847114
0.9401044695119588
0.9401117377989688
0.9401202174671474
0.9401662499515447
0.9404497131449393
0.9405030139163468
0.9405260301585455
0.9405987130286467
0.9412431678102104
0.9414212408419583
0.9415653952009924
0.9415835659185177
0.9416199073535683
0.941852492537892
0.9421892565026941
0.9422801100903205
0.942408516494166
0.9426483699654998
0.9427925243245339
0.9430953696166221
0.9433364344691243
0.9435993041826569
0.9438464259410009
0.9445611408303292
0.9445890025972012
0.9446120188393999
0.944780400821801
0.9448361243555452
0.9449960266697678
0.9453206768228863
0.9456441155948366
0.9458645869674769
0.9459820909408071
0.946019643757026
0.9462655541342017
0.9464860255068419
0.9465732449509633
0.9465950498119936
0.9467004399736404
0.9468143098034655
0.947056586037136
0.947481780827228
0.9479578536263906
0.9484036418963445
0.9493339826336396
0.949943307361321
0.9509814610225995
0.9513218591309067
0.9514005989068496
0.9514999321626546
0.9517446311586618
0.9517640132573555
0.9518088343605846
0.9520329398767299
0.9521480210877233
0.9522158584331512
0.952472671240842
0.9525925979765089
0.9526047117881924
0.9526156142187076
0.9528954432685971
0.9530359634841261
0.9543442551459472
0.9547524905996821
0.9550480676047602
0.9551171163313563
0.955140132573555
0.9552612706903904
0.9557676280187619
0.9559517579563516
0.9562182618133892
0.9563902779392953
0.9565295867736558
0.9572600496181727
0.9574962689460015
0.9575132282823584
0.9575737973407761
0.9576416346862038
0.9576779761212544
0.9577446020855138
0.9577845776640694
0.9578184963367834
0.9586991704461759
0.9590008043570958
0.9593508935147498
0.9596246656587976
0.9596501046633329
0.959739746869791
0.9597627631119897
0.959797893165872
0.9598948036593402
0.9599711206729464
0.9602230879559639
0.960518664961042
0.9606155754545103
0.9606276892661938
0.9608445264953289
0.9611619083614373
0.9613617862542156
0.961696127456681
0.9617191436988797
0.9617688103267822
0.961819688335853
0.9619347695468465
0.9622327693142614
0.9626034519517773
0.9632963619800752
0.9635664999806179
0.9635810365546381
0.9637276136760088
0.9640873938830097
0.9642666782959258
0.9646385723146103
0.9652369946117766
0.9654174904058611
0.9654635228902586
0.9654732139396054
0.9655010757064775
0.9655677016707369
0.9655713358142419
0.9656173682986394
0.9656767259758887
0.9656997422180874
0.9657481974648215
0.9658245144784278
0.9658850835368453
0.9659202135907275
0.9659504981199364
0.9659880509361554
0.9660268151335426
0.9660801159049502
0.9661867174477653
0.9664423188742877
0.9667003430631469
0.9667160910183354
0.9670419525526224
0.967222448346707
0.9672696922122728
0.9675047001589332
0.9676209927510951
0.9677106349575532
0.967782106446486
0.9678341958367253
0.9678935535139745
0.9679989436756212
0.9681006996937629
0.9682085126177462
0.9683017889677095
0.9683696263131372
0.9685016668604877
0.9685549676318952
0.9685997887351242
0.9686809512734039
0.968753634143505
0.9688541787804783
0.9689256502694111
0.9689607803232934
0.9690116583323642
0.9690564794355933
0.9690952436329806
0.9691291623056945
0.9691969996511223
0.9692393979920145
0.9692684711400551
0.9693205605302943
0.9693532678218397
0.9694247393107726
0.9696839748808
0.9697772512307633
0.9698087471411404
0.9698644706748847
0.9701733728728147
0.9707463561654456
0.9708759739504593
0.9709292747218669
0.9709474454393922
0.971056469744544
0.9712636159243323
0.971863249602667
0.9721261193161995
0.972175785944102
0.9722024363298057
0.9722254525720045
0.9723017695856108
0.972546468581618
0.9726651839361166
0.9728190293444974
0.9728977691204403
0.9730382893359693
0.9731170291119122
0.9732115168430437
0.9732829883319766
0.9734428906461992
0.9736742644493546
0.973778443229833
0.9738753537233011
0.9738826220103113
0.9740376787998605
0.9741491258673489
0.9742642070783425
0.9743405240919487
0.9744144183432182
0.9745004264061713
0.974630044191185
0.9748553610884987
0.9753823118967322
0.9755894580765205
0.9756342791797495
0.9756512385161066
0.9757287669108811
0.9757905473504671
0.975845059503043
0.9759795228127301
0.976174555180835
0.9762254331899058
0.9764071403651587
0.9766833352715432
0.9767560181416444
0.9768044733883785
0.9771170097298135
0.9774356029770903
0.9776173101523433
0.9777978059464278
0.9778789684847076
0.97792863511261
0.9781297243865565
0.9782508625033919
0.9782726673644222
0.9784979842617358
0.9785743012753421
0.9785888378493623
0.9786094313292243
0.9786300248090863
0.9786809028181571
0.978731780827228
0.9787535856882583
0.978772967786952
0.9787899271233089
0.9788698782804202
0.9795276582548358
0.9798838043183316
0.980015844865682
0.9800994301662984
0.9801418285071908
0.9801987634221033
0.9805016087141916
0.9813483641508702
0.9815942745280459
0.981622136294918
0.9818038434701709
0.9818801604837771
0.9820231034616428
0.9821418188161414
0.9822254041167577
0.9822665910764817
0.9825221925030042
0.9827329728262977
0.9828843954723417
0.9833204926929487
0.9833435089351475
0.9833810617513664
0.9838486548823506
0.9841599798426174
0.9847450769469318
0.9856487672985231
0.985995222312672
0.9860945555684769
0.9861490677210528
0.9862120595418072
0.9863961894793968
0.9864373764391209
0.9864567585378144
0.9864737178741714
0.9864785633988449
0.9864955227352018
0.9865282300267473
0.9866614819552662
0.9867014575338218
0.9867123599643369
0.986757181067566
0.9871012133193782
0.987206603481025
0.987234465247897
0.987292611543978
0.9873628716517424
0.9874585707640423
0.9874997577237663
0.9879855215722758
0.9883489359227817
0.9883755863084854
0.9883889115013373
0.9888504477264798
0.9890551711439315
0.9890624394309416
0.9890745532426252
0.9891072605341706
0.9891884230724503
0.9893022929022754
0.9893749757723767
0.9893895123463968
0.9894306993061208
0.9895070163197272
0.9895300325619258
0.9895724309028182
0.9895918130015118
0.9896160406248788
0.9896560162034345
0.9896875121138117
0.9897274876923673
0.9897589836027445
0.9897953250377951
0.9898389347598558
0.9898619510020545
0.9898837558630849
0.9899128290111253
0.9899964143117417
0.9901320890025972
0.990166007675311
0.9902023491103616
0.9903016823661666
0.9903283327518704
0.9904143408148234
0.9904991374966081
0.9905996821335814
0.9906917471023763
0.990780177927666
0.9911423808970036
0.9911544947086871
0.9912356572469667
0.991298649067721
0.9914282668527348
0.9914694538124588
0.991611185409156
0.9917529170058534
0.9918401364499748
0.991875266503857
0.9919346241811063
0.9919649087103152
0.9920169981005543
0.9920739330154669
0.9921332906927162
0.9921817459394503
0.9923307458231577
0.9924167538861108
0.9924530953211613
0.9924991278055588
0.992592404155522
0.992743826801566
0.9930454607124859
0.9930890704345466
0.99309391595922
0.9932429158429275
0.9935142652246385
0.9936366147226422
0.9936656878706827
0.9936887041128813
0.9937226227855952
0.9937928828933597
0.9939128096290266
0.9939321917277203
0.9939564193510874
0.9943610206613172
0.9949667112454936
0.9952138330038377
0.9952853044927705
0.9953046865914641
0.9953919060355856
0.9958655560724116
0.9961066209249138
0.996186572082025
0.9962580435709578
0.9968225471954103
0.9969121894018684
0.9969267259758887
0.9969388397875723
0.9969788153661279
0.9970454413303873
0.997075725859596
0.9973095224250882
0.9977007985424662
0.9978207252781331
0.9978279935651432
0.9978691805248673
0.9978837170988875
0.9981792941039656
0.9984118792882893
0.9985330174051247
0.9985754157460169
0.9985863181765322
0.9986444644726131
0.9986711148583168
0.998678383145327
0.998698976625189
0.9987692367329535
0.9989557894328798
0.9990466430205063
0.9991265941776175
0.999193220141877
0.9992453095321161
0.9993313175950692
0.9993797728418033
0.9994621467612513
0.999529984106679
0.9995760165910765
0.9997201709501105
0.9998231383494205
0.9998437318292824
0.9999188374617204
0.9999491219909292
0.9999733496142962
1.0
1.0000218048610303
1.0000920649687948
1.0001562681707175
1.0002204713726401
1.000278617668721
1.0003440322518122
1.0004130809784084
1.0004348858394387
1.0004797069426679
1.0005233166647285
1.0005741946737994
1.000600845059503
1.0006262840640385
1.0006698937860992
1.000707446602318
1.0008394871496686
1.0009121700197698
1.000947300073652
1.0010345195177734
1.0010950885761911
1.0011592917781138
1.0011919990696592
1.00124287707873
1.0014015680117843
1.0016365759584447
1.001819494514866
1.0018582587122533
1.0019139822459977
1.001993933403109
1.002014526882971
1.0021162829011125
1.0022398437802846
1.0022507462107997
1.0023294859867427
1.0023912664263286
1.0024445671977362
1.0029594041942862
1.003268306392216
1.0033797534597046
1.0035335988680854
1.0035990134511765
1.0036353548862271
1.003731053998527
1.0038352327790052
1.0040084602860797
1.0040205740977632
1.0040532813893088
1.0041986471295112
1.0044615168430437
1.0045911346280576
1.0046177850137612
1.0047122727448927
1.00474376865527
1.004801914951351
1.0048140287630345
1.0048394677675698
1.0049145734000078
1.004973931077257
1.0052065162615809
1.0052731422258403
1.0053397681900995
1.0053821665309919
1.0054415242082413
1.005468174593945
1.0054911908361437
1.005522686746521
1.0056510931503664
1.0057952475094003
1.0058376458502927
1.0058703531418383
1.0060859789898051
1.0061259545683607
1.0061647187657479
1.0065123851610653
1.006634734659069
1.006690458192813
1.0067316451525372
1.0067764662557661
1.0068140190719852
1.006851571888204
1.0069000271349382
1.0069933034849012
1.0070017831530798
1.0070175311082683
1.0070381245881304
1.007098693646548
1.0071483602744504
1.00731795363802
1.0073482381672287
1.0074814900957476
1.0076426037911386
1.00773709152227
1.0078594410202737
1.0079515059890685
1.008025400240338
1.0081089855409544
1.0081647090746986
1.0081913594604024
1.0082264895142845
1.0082773675233554
1.0083076520525642
1.0083464162499516
1.0083936601155172
1.0085135868511843
1.0085208551381943
1.0085353917122146
1.0086250339186726
1.0086734891654068
1.0086868143582588
1.0087037736946156
1.00877403380238
1.008841871147808
1.00887700120169
1.0090041962243672
1.0090732449509634
1.0092161879288288
1.0093700333372098
1.0094451389696477
1.0095384153196107
1.0095953502345234
1.0096304802884055
1.0097613094545876
1.0098218785130053
1.0098800248090862
1.00990667519479
1.0099345369616621
1.0100084312129318
1.010064154746676
1.0100811140830328
1.0101101872310734
1.0101889270070163
1.0102652440206226
1.0102894716439896
1.0103476179400706
1.0104324146218553
1.0104784471062527
1.0105462844516804
1.010582625886731
1.0106129104159398
1.0106480404698222
1.010668633949684
1.0106831705237043
1.0106964957165563
1.0107352599139434
1.010775235492499
1.0108370159320852
1.0109387719502267
1.0109920727216344
1.0110175117261697
1.011063544210567
1.011086560452766
1.0112476741481569
1.0115553649649185
1.0117031534674574
1.011743129046013
1.0117964298174207
1.0118351940148078
1.0118521533511649
1.0118679013063534
1.0118957630732255
1.0119260476024343
1.012024169477071
1.012085949916657
1.0121501531185797
1.0122458522308795
1.0123027871457921
1.0123548765360313
1.012381526921735
1.0124408845989843
1.0125099333255805
1.012539006473621
1.0125923072450285
1.0126298600612473
1.0126565104469512
1.01267952668915
1.012714656743032
1.012741307128736
1.0127800713261232
1.0128091444741636
1.012827315191689
1.0128454859092142
1.0128539655773927
1.012872136294918
1.0128939411559483
1.0129048435864636
1.0129205915416521
1.0129290712098307
1.0129436077838507
1.0129569329767028
1.012961778501376
1.0129654126448813
1.0129690467883863
1.0129738923130596
1.012978737837733
1.0129872175059116
