0.0017795189363104236
0.003373696553862852
0.005733467069814319
0.007053872543318991
0.00776979881381556
0.009024789704229173
0.009622000620227158
0.009929691436988797
0.010421512191340078
0.011393039888359111
0.013231916501918827
0.0142821839748808
0.015062313447300075
0.017853335659185177
0.020044724192735588
0.021403893863627555
0.022852705740977634
0.024160997402798774
0.027076791875024226
0.028308766523239135
0.02893141644377253
0.02983752955770051
0.031139764313679884
0.03230390161646703
0.033022250649300304
0.033391721905647945
0.033859315036632164
0.036595825095941385
0.037202727061286196
0.037343247276815136
0.03839230336860875
0.03925965228514944
0.04102705740977633
0.04263334883901229
0.043257210140714035
0.043870169011900606
0.04473872930960964
0.0452850622165368
0.04620692328565337
0.04766421483118192
0.04945342481683917
0.050727797805946426
0.05113603325968136
0.05190647168275381
0.05303184478815366
0.053904039229367755
0.0547750222894135
0.055878590533782996
0.05668052486723262
0.05839341783928364
0.05901001085397527
0.05966536806605419
0.060449131681978525
0.061297098499825564
0.06227589448385471
0.0637041128813428
0.0651650385703764
0.06630373686862813
0.06875678373454278
0.07054599372020003
0.07136609877117495
0.07183974880800092
0.07256415474667598
0.07465621002442144
0.07589181881614142
0.07690089932937938
0.07790028879327053
0.07808199596852347
0.0790329301856805
0.07938180796216614
0.0797379540256619
0.07995721401713378
0.08076641663759351
0.08168464356320503
0.08260892739465829
0.08278215490173275
0.08301595146722487
0.08320734969182463
0.0834241869209598
0.08467917781137342
0.08570158351746326
0.08708861495522735
0.08734785052525487
0.08745081792456487
0.08774397216730627
0.0881085978989805
0.08824548397100437
0.08855680893127107
0.08867552428576966
0.08888993875256813
0.08894081676163895
0.0890013858200566
0.08908739388300965
0.08912010117455518
0.08934541807186883
0.08938539365042447
0.08953439353413188
0.08959859673605458
0.08964099507694694
0.08968339341783928
0.0901279703066248
0.09282087064387332
0.09402498352521611
0.09406859324727682
0.09415702407256658
0.09419215412644881
0.09429512152575881
0.09448288560685351
0.09469003178664186
0.09470456836066209
0.09472273907818739
0.09472879598402915
0.09474090979571267
0.09476150327557469
0.0947917878047835
0.09487295034306314
0.0959111040043416
0.09676633910919874
0.09700255843702756
0.09733205411481956
0.09809522425088188
0.09861975229677869
0.09898074388494786
0.09903283327518704
0.0991006706206148
0.0991394348180021
0.09933446718610692
0.0994325890607435
0.09947135325813079
0.09949800364383456
0.09953071093538009
0.0997051498236229
0.09994015777028337
0.10094318137767957
0.10170271737023685
0.10200435128115673
0.10238351358685119
0.10320725278133117
0.1035379598402915
0.1035767240376788
0.10394134976935303
0.10464031670349265
0.10507035701825794
0.10527144629220452
0.10544709656161569
0.10550282009535993
0.10563728340504709
0.10570269798813815
0.10576932395239756
0.10618361631197426
0.10638470558592085
0.1064888843663992
0.10665120944295849
0.1069261929681746
0.10695768887855177
0.10771480210877234
0.10807942784044657
0.1083410861728108
0.10850219986820173
0.1092181261386983
0.1115536690312827
0.1118238070318254
0.11186983951622281
0.11207698569601117
0.11211574989339845
0.11220781486219328
0.1125724405938675
0.11266208280032562
0.11298309880993913
0.11374142342132806
0.11433742295615769
0.11486437376439121
0.11537194247393108
0.11577412102182424
0.11699882738302904
0.1172156646121642
0.11752093266658914
0.1182320134124123
0.11851305384347018
0.11858937085707641
0.12006967864480365
0.12010238593634918
0.12018475985579719
0.12022958095902625
0.12024532891421483
0.12024654029538319
0.12024775167655154
0.12025623134473001
0.12053121486994611
0.12066204403612824
0.12075532038609141
0.12103514943598093
0.12142036864751715
0.12163478311431562
0.12189159592200643
0.12213023801217196
0.12217142497189595
0.12228166065821607
0.12455421173004613
0.124711691281932
0.12557419467379927
0.12613021863007326
0.12638218591309067
0.12648757607473737
0.12661961662208784
0.126960014730395
0.12717685195953018
0.12776679458851806
0.12811324960266698
0.128549346823274
0.12875891576539908
0.12906054967631894
0.12931615110284142
0.13127858859557312
0.13268863627553593
0.13295756289491026
0.13339002597201224
0.13457233399232468
0.13645724309028182
0.13660987711749428
0.1371622669302632
0.1378236810481839
0.1381010873357367
0.13815438810714425
0.13827552622397954
0.1386825502965461
0.1386982982517347
0.13872252587510175
0.13876613559716247
0.13880611117571812
0.13880974531922316
0.1388630460906307
0.1390096232120014
0.13903021669186338
0.13940937899755784
0.14098417451641665
0.1418466779082839
0.1430047583052293
0.14356562778617668
0.14362377408225763
0.14387695274644338
0.1439096600379889
0.14394236732953444
0.14401383881846727
0.14405744854052796
0.14409621273791526
0.14462074078381207
0.1446352773578323
0.14465708221886267
0.14465708221886267
0.14474187890064735
0.1447515699499942
0.1447515699499942
0.14475278133116254
0.14476731790518277
0.144802447959065
0.14495629336744584
0.14495750474861419
0.14495871612978253
0.1449829437531496
0.1450108055200217
0.14502776485637864
0.1450834883901229
0.14510287048881654
0.14541056130557817
0.14547839865100592
0.1455002035120363
0.14550626041787804
0.1455486587587704
0.14556319533279063
0.1455898457184944
0.14562982129705004
0.14605501608714191
0.14618705663449238
0.14632515408768462
0.14639904833895415
0.14641116215063768
0.14683877970306625
0.14695507229522814
0.14713556808931272
0.14720582819707717
0.14721430786525566
0.14748686862813506
0.14804773810908245
0.1480768112571229
0.14875518471140056
0.1496879482110323
0.14969885064154748
0.1497061189285576
0.14976426522463854
0.1498030294220258
0.14982967980772957
0.1498526960499283
0.14985633019343333
0.14985875295577006
0.15058921580028686
0.1506982401054386
0.15070429701128038
0.1512288250571772
0.15172064581152847
0.15186722293289917
0.15190356436794977
0.15191204403612824
0.15192173508547505
0.15192658061014847
0.151938694421832
0.1519568651393573
0.15234692987556692
0.1525528646741869
0.15257224677288056
0.15263523859363493
0.15268127107803234
0.15280240919486762
0.15280604333837267
0.15281210024421443
0.15281936853122455
0.1528569213474435
0.15287024654029538
0.1528847831143156
0.15288599449548398
0.15348562817381867
0.15352196960886924
0.15352923789587936
0.15355346551924642
0.1535667907120983
0.1535849614296236
0.15366248982439817
0.15377151412954995
0.15387205876652324
0.15443171686630228
0.15487023684924603
0.1550822285537078
0.15573516300345
0.15677937357057023
0.1572845195177734
0.15754496646896926
0.1577109256890336
0.15911249370081793
0.15973756638368802
0.16009492382835214
0.1612457359382874
0.16197741016397255
0.16250799511571112
0.16280114935845252
0.16456249757723768
0.16593135829747646
0.16641712214598597
0.16695982090940806
0.1681675679342559
0.1686824049308059
0.16912334767608636
0.1693232255688646
0.16974478621545142
0.17005611117571812
0.17028385083536846
0.17073811877350079
0.1711342404155522
0.17131473620963678
0.17138257355506453
0.17174477652440207
0.1719216381749816
0.17222206070473312
0.1724485889832151
0.17257093848121874
0.1728241171454045
0.17303853161220298
0.17324204364848625
0.1734055801062139
0.1737096367794705
0.1741493681435826
0.1744982459200682
0.1752093266658914
0.17574960266697678
0.1758755863084855
0.17591435050587279
0.17593009846106136
0.175949480559755
0.17597370818312208
0.17599430166298408
0.17612270806682948
0.17633712253362793
0.17652246385238593
0.17762845485909215
0.1779022270031399
0.1779821781602512
0.17800519440244988
0.1780282106446486
0.1780669748420359
0.17812027561344343
0.1781311780439586
0.17824868201728883
0.17832257626855835
0.17864964918401363
0.17887860022483235
0.17890161646703104
0.17897672209946894
0.17924686010001162
0.17952668914990116
0.17993007907896266
0.18042916812032406
0.18062298910726055
0.18093673682986394
0.18109300500058145
0.18212752451835484
0.18268475985579719
0.18297306857386517
0.1829754913362019
0.18338251540876846
0.1835872388262201
0.1837471411404427
0.18390704345466527
0.1841432627824941
0.1843407179129356
0.1850893514749777
0.18526863588789394
0.1853728146683723
0.18542732682094817
0.18545034306314687
0.18619776524402062
0.1866665697561732
0.18687977284180332
0.18704694344303602
0.18778104043105787
0.18826559289839903
0.1888373648098616
0.18986825018412995
0.191049346823274
0.19273195526611622
0.1929100282978641
0.19338246695352174
0.19392032019227043
0.193997848587045
0.19405114935845252
0.19406810869480948
0.1940826452688297
0.19409839322401828
0.19428979144861805
0.19462534403225182
0.1948312788308718
0.19519348180020932
0.19544787184556345
0.19568893669806567
0.19610686320114742
0.19757990270186457
0.19758838237004303
0.1975968620382215
0.19761018723107338
0.19785246346474397
0.19793847152769703
0.19811291041593984
0.19814925185099042
0.19819407295421948
0.19829461759119277
0.19836972322363067
0.19836972322363067
0.1985332596813583
0.19894512927859828
0.19927462495639028
0.19943452727061287
0.1996235027328759
0.19983670581850602
0.1998972748769237
0.20011168934372214
0.20064590843896576
0.20117043648486257
0.20143209481722682
0.20154959879055703
0.20497053920998565
0.20771552893747336
0.20875247121758345
0.21081060782261504
0.21178334690080242
0.21251017560181418
0.21347080086831802
0.21455014148932047
0.21479968601000116
0.2179965209132845
0.21835751250145366
0.21892080474473777
0.21992503973330232
0.22003769818195915
0.22045077916036748
0.22077058378881265
0.22262763111989767
0.22381720742722022
0.2243708086211575
0.2253229542194829
0.22636231926192968
0.2266421483118192
0.2273423266271272
0.2284761794007055
0.22932899174322596
0.2305912509206497
0.2316742256851572
0.2329086230957088
0.23313151723068573
0.23414302050626043
0.23595645811528473
0.23623265302166918
0.23700793696941505
0.23788255417296586
0.2392211303639958
0.24003638989029732
0.24079471450168624
0.24182075435128117
0.2423622417335349
0.2434948831259449
0.2443149881769198
0.24486980075202544
0.24526592239407682
0.2458764585029267
0.24682981548242044
0.24846275729736017
0.2488685699887584
0.2495445206806993
0.2503936988797147
0.2510490560917936
0.25204360003101134
0.25410537077954803
0.2548951913013141
0.25559415823545373
0.2564930030623716
0.2573942706516262
0.25810171725394426
0.25915804163274797
0.25948753731054
0.25992242314997865
0.26079704035352946
0.2613155114935845
0.2618582102570066
0.2625535430476412
0.26372494863743845
0.2642010214366012
0.26579035352948016
0.2666637593518626
0.26743056363143003
0.2686116602705741
0.2693627165949529
0.2701658623095709
0.27064920339574366
0.2713966255766174
0.2718993487614839
0.2732875915804163
0.273681290460131
0.27370672946466645
0.27371884327635
0.273928412218475
0.2745970946234058
0.27481756599604606
0.27541114276853895
0.27592113424041553
0.27620823157731517
0.27631967864480367
0.2774196127456681
0.2782276039849595
0.2782300267472962
0.2791070667131837
0.28065642322750706
0.2810416424390433
0.2810561790130635
0.28123546342597977
0.2824129259216188
0.2829556246850409
0.28310341318758
0.28405192464240026
0.2845582819707718
0.28466730627592357
0.2848211516843044
0.28488656626739545
0.28493259875179283
0.2849616718998333
0.28500164747838896
0.28502587510175603
0.2851324766445711
0.28528026514711013
0.2853117610574873
0.2858895898747916
0.28626996356165446
0.28628813427917976
0.2863801992479746
0.2866672965848742
0.2870585727022522
0.2877284664883514
0.288365652982905
0.28838503508159863
0.2884165309919758
0.28843954723417453
0.28845892933286815
0.2885582625886731
0.2887012055665387
0.2887169535217273
0.288739969763926
0.28903796953134087
0.2891881807962166
0.28920514013257353
0.28927782300267474
0.2893032620072101
0.28935777415978603
0.28937957902081635
0.2894074407876885
0.2895624975772377
0.28958793658177306
0.2908889599565841
0.2913492848005582
0.29177205682831336
0.2925255359150289
0.29270845447145016
0.29283201535062214
0.29307671434662946
0.29317968174593945
0.29319785246346475
0.2937538764197387
0.2937877950924526
0.2938083885723146
0.2938289820521766
0.29395617707485366
0.2946345505291313
0.2954655580106214
0.2959646470519828
0.2961960208551382
0.29625416715121916
0.2964685816180176
0.2967932317711362
0.2969725161840524
0.29699916656975617
0.297712670077916
0.29897371787417143
0.29924749001821915
0.29940496957010504
0.29944857929216573
0.2996581482342908
0.29994524557119046
0.2999718959568942
0.3000009691049347
0.3000518471140055
0.30010272512307634
0.30010757064774973
0.30012089584060164
0.3014364557894329
0.30188466682172344
0.30191495135093227
0.30209302438268015
0.30216570725278136
0.3024600728766911
0.3025751540876846
0.3026114955227352
0.3026466255766174
0.3026660076753111
0.30277987750513624
0.30291676357716013
0.3033758770399659
0.30353335659185177
0.3035624297398922
0.3035672752645657
0.3035999825561112
0.3036060394619529
0.30361573051129975
0.30365691747102375
0.3036762995697174
0.30368841338140096
0.3038955595611893
0.30403002287087644
0.30404819358840174
0.30408938054812573
0.30414146993836494
0.3041717544675738
0.30418386827925725
0.3042299007636547
0.3042601852928635
0.3042650308175369
0.304268664961042
0.3043074291584293
0.30464903864790477
0.3051093634918789
0.30542795673915574
0.30546066403070127
0.3055236558514556
0.30557089971702134
0.3057671434662945
0.3058531515292476
0.30593552544869557
0.30603122456099546
0.3060990619064232
0.3062407935031205
0.3065133542659999
0.30662116718998333
0.3067447280691553
0.30688040276001083
0.3070197115943714
0.3074715567701671
0.30809784083420555
0.3084418730860178
0.30876652323913634
0.3092195797961003
0.3100845059503043
0.3112086676745358
0.31215596774818777
0.31280163391091986
0.31336371477303565
0.3136895763073226
0.31410871419157266
0.3156411113695391
0.3162637612900725
0.31704994766833355
0.31796938597511337
0.3188827673760515
0.31957204326084426
0.32000208357560955
0.32041395317284954
0.32107415590960187
0.3218203667093073
0.32265379695313406
0.3227567643524441
0.3228185447920301
0.3228803252316161
0.323000251967283
0.3231516746133271
0.32390030817536924
0.3241716575570803
0.3247143563205024
0.3248851610652401
0.3251613559716246
0.3253370062410358
0.32539151839361163
0.32562289219676704
0.32636668023413573
0.32639454200100787
0.3273660696980269
0.3276398418420747
0.32819344303601194
0.32860410125208356
0.32891421483118194
0.32938301934333447
0.3296034907159747
0.3297052467341164
0.33004806760476024
0.33032547389231304
0.33074582315773154
0.33105835949916657
0.33107895297902856
0.3310898554095437
0.33138785517695857
0.3317161394735822
0.33205774896305773
0.3324417567934256
0.33310680505485135
0.3338069833701593
0.3341861456758538
0.33420431639337905
0.3343278772725511
0.33450595030429897
0.33486330774896306
0.33498444586579834
0.3351286002248323
0.3353405919292941
0.335748827383029
0.33578274605574293
0.3358081850602783
0.3358263557778036
0.3358287785401403
0.33586148583168585
0.3361304124510602
0.3363714773035624
0.3364599081288522
0.3366525177346203
0.3368875256812808
0.3369056963988061
0.3369626313137187
0.33705469628251344
0.33711405395976274
0.3371152653409311
0.3371176881032678
0.33712495639027795
0.3371261677714463
0.3371952164980424
0.3375222894134977
0.3375222894134977
0.33757559018490524
0.33765190719851146
0.337746394929643
0.3379692890646199
0.33812555723533744
0.33899896305771987
0.3390280362057604
0.3390704345466527
0.33919641818816143
0.33961192192890644
0.3405168236616661
0.34132118075745244
0.341357522192503
0.3417718145520797
0.3420007655928984
0.3428547893165872
0.34386992673566696
0.34411341435050585
0.3441170484940109
0.34415217854789315
0.3443593247276815
0.3447639260379114
0.3452169825948754
0.345256958173431
0.3463617377989689
0.3468959568942125
0.347402314222584
0.3477838992906152
0.34859794743574835
0.3486476140636508
0.3487784432298329
0.34909703647710977
0.34928237779586774
0.349403515912703
0.3502454258247083
0.35128963639182853
0.35309943985734776
0.35359126061169904
0.35365304105128503
0.353793561266814
0.35427811373415513
0.35441136566267395
0.35466454432685973
0.35519391789742993
0.35751855835949914
0.35803097259371247
0.3584004438500601
0.35870207776097995
0.35906791487382256
0.35947130480288403
0.35989528821180755
0.36016663759351863
0.36025385703764
0.36036651548629683
0.3605530681862232
0.3606947997829205
0.36084501104779626
0.3608777183393418
0.3613017017482653
0.36135621390084116
0.36203701011745554
0.3625167170601233
0.3625966682172346
0.3626342210334535
0.36265602589448387
0.36270448114121795
0.36277474124898246
0.36284136721324184
0.3629794646664341
0.36357788696360044
0.363614228398651
0.3636299763538396
0.3637511144706749
0.3638795208745203
0.3639207078342443
0.36393403302709615
0.3639788541303252
0.36400913865953405
0.36403215490173274
0.36513935728960734
0.3673137864868008
0.3674555180834981
0.3676081521107106
0.36763601387758266
0.3676638756444548
0.36788676977943174
0.3679437046943443
0.36796793231771135
0.36802728999496065
0.3680927045780517
0.3681678102104896
0.36834103771756405
0.3684997286506183
0.3685481838973524
0.3685784684265612
0.3686487285343257
0.3686790130635345
0.36878924874985464
0.3688158991355584
0.3688910047679963
0.3691550858626972
0.3696081424196612
0.369675979765089
0.3698055975501027
0.36993884947862155
0.37051788967709426
0.37118657208202505
0.371430059696864
0.3716965635539016
0.37192672597588866
0.3719824495096329
0.372072091716091
0.37224410784199713
0.3728376846144901
0.37288492848005583
0.3729697251618405
0.37304361941311004
0.3730508877001202
0.3731066112338644
0.3731526437182618
0.3749261057487305
0.3757304628445168
0.37586613753537235
0.3761919990696593
0.3765396654649765
0.3767577140752801
0.37698060821025703
0.3771283967127961
0.3775184614490057
0.3776347540411676
0.3776710954762182
0.37786976198782807
0.37816291623056947
0.3783082819707718
0.37842336318176534
0.37904964724580376
0.381600815986355
0.3820853684536962
0.3821035391712215
0.38213018955692524
0.382156839942629
0.3825469046788386
0.38310777415978603
0.3844620983060046
0.38511866689925184
0.38657716982594875
0.38661351126099935
0.38663895026553474
0.38667408031941697
0.3866813486064271
0.3870580881497849
0.38706656781796334
0.38708958406016203
0.3871004864906772
0.3871162344458658
0.3871283482575493
0.3871392506880645
0.3876589332092879
0.38772798193588404
0.3877376729852308
0.38790484358646354
0.38794239640268247
0.3881241035779354
0.3881907295421948
0.39207805171143933
0.3923578807613288
0.39256260417878047
0.39266193743458544
0.39281578284296625
0.3928872543318991
0.3929623599643369
0.39322886382137456
0.3932615711129201
0.39330396945381246
0.39342753033298444
0.3937376439120828
0.39443661084622245
0.3947006919409234
0.3952118947939683
0.3966922025816955
0.39738632399116175
0.39754622630538433
0.39787572198317633
0.39817129898825443
0.3983142419661201
0.3984063069349149
0.39851654262123504
0.3985710547738109
0.3985807458231577
0.39864979454975386
0.3987200546575183
0.39878789200294606
0.39893810326782186
0.3990325909989534
0.39911981044307476
0.39931120866767456
0.39983573671357137
0.40042931348606425
0.40103015854556734
0.40196534480753576
0.40289689692599917
0.40354256308873127
0.4039786603093383
0.4041385626235609
0.4050640578361825
0.4057593906268171
0.40577029305733225
0.40581026863588787
0.4062839186727139
0.4064220161259061
0.40654678838624647
0.4068750726828701
0.4069465441718029
0.4076164379579021
0.40783569794937397
0.4082960227933481
0.40864126642632864
0.4086473233321704
0.4089804531534675
0.40907251812226225
0.40957402992596037
0.410314183819824
0.41055767143466293
0.41086172810791954
0.4112687521804861
0.41146499592975927
0.4114783211226112
0.41160551614528823
0.41183325580493857
0.41220636120479126
0.4125370682637516
0.4128217428383145
0.41328933596929873
0.41333779121603287
0.41337655541342017
0.41343833585300616
0.4134468155211846
0.4137484494321045
0.4142693433344963
0.41448860332596815
0.4145818796759313
0.41490774121021823
0.4151306353451952
0.41525540760553553
0.4154359033996201
0.41552675698724656
0.4156297243865566
0.41576055355273867
0.41593499244098153
0.4163577644687367
0.41674904058611467
0.41675146334845137
0.4168483738419196
0.41724328410280265
0.4175437066325542
0.41772783657014384
0.41780899910842345
0.41818210450827614
0.4185588440516339
0.41901553475210296
0.41962485947978445
0.4204498100554328
0.4212105574291584
0.4217362968562236
0.421802922820483
0.4222329631352483
0.4238441000891576
0.42385621390084116
0.42388770981121837
0.42391436019692214
0.42392889677094237
0.42420993720200023
0.4242959452649533
0.4243892216149165
0.4246024247005466
0.42472961972322365
0.4247453676784122
0.4248192619296817
0.42520326976004963
0.4263480249641431
0.4263661956816684
0.4267102279334806
0.427003382176222
0.42705547156646123
0.427082121952165
0.4270869674768384
0.4271148292437105
0.4273147071364887
0.4278101620343451
0.42799065782842965
0.42822203163158507
0.42826685273481413
0.428403738806838
0.42880712873589955
0.42900458386634105
0.4292420145753382
0.42965994107842
0.4298113637244641
0.4298186320114742
0.43067871264100477
0.43087253362794126
0.4308907043454665
0.4308943384889716
0.43089676125130827
0.43091372058766525
0.43097671240841956
0.43103485870450053
0.4310421269915106
0.43104697251618407
0.4310506066596891
0.4310602977090359
0.43119112687521804
0.43142492344071015
0.43169990696592625
0.4324994185370392
0.43335223087955965
0.43372533627941234
0.4342050432220801
0.43458905105244794
0.4347465306043338
0.4347477419855022
0.4348058882815831
0.43481679071209833
0.4348349614296236
0.4348628231964957
0.4348967418692096
0.43490279877505134
0.4349088556808931
0.43499365236267784
0.43514749777105866
0.4352056440671396
0.43522623754700157
0.4352795383184091
0.4354261154397798
0.43561872504554794
0.4356405299065783
0.43564658681242
0.4357434973058883
0.4362086676745358
0.4362498546342598
0.43626681397061673
0.43627650501996357
0.43661448036593403
0.43672956157692755
0.4367392526262744
0.4367537892002946
0.4367973989223553
0.43690763460867543
0.4371281059813157
0.4372916424390433
0.4373098131565686
0.4375533007714075
0.4377083575609567
0.4377386420901655
0.43784160948947554
0.4384412431678102
0.43916322634414856
0.4403709733689964
0.4412637612900725
0.44236854091561034
0.4426677520641935
0.44273922355312634
0.44283128852192116
0.4428833779121603
0.442943946970578
0.44294758111408306
0.4429487924952514
0.4429536380199248
0.443005727410164
0.443335223087956
0.4441141411792069
0.44443515718882043
0.44454781563747725
0.4446616854673024
0.4450493274411753
0.44622800131798274
0.4462413265108346
0.4462570744660232
0.4462946272822421
0.4467101310229872
0.4472540411675776
0.4479336260030236
0.44825706477497385
0.44888698298251734
0.4488954626506958
0.4489729910454704
0.4493073322479358
0.4494563321316432
0.4495108442842191
0.44962471411404425
0.4499033317827654
0.4501807380703183
0.4506652905376594
0.4510178024576501
0.4511692251036942
0.45259380935767723
0.4528736384075668
0.4530505000581463
0.4533194266775206
0.4534308737450091
0.45345267860603944
0.45353020700081403
0.45355080048067603
0.45383426367407065
0.45391300345001356
0.45407775128890954
0.4546676939178974
0.4554199616234446
0.45560651432337096
0.45582698569601116
0.4562243187192309
0.45668100941969997
0.45697779780594644
0.4572224968019537
0.457261260999341
0.45744296817459396
0.45752413071287357
0.45822552040934994
0.45822915455285496
0.4582545935573904
0.4585319998449432
0.45887118657208203
0.4590056498817692
0.4593666414699384
0.4600498604488894
0.4602557952475094
0.46041448618056363
0.46074034771485056
0.4613957049269295
0.46151805442493316
0.4615556072411521
0.4615737779586774
0.4615907372950343
0.46161496491840137
0.461654940496957
0.46167916812032406
0.4617663875644455
0.46188994844361747
0.4620389483273249
0.46204742799550336
0.46207286700003875
0.46214554987013995
0.4622388262201031
0.46277062255301005
0.46312797999767413
0.4633351261774625
0.4634659553436446
0.4640122882505718
0.4640304589680971
0.4640704345466527
0.46415401984726906
0.46417824747063613
0.4641818816141412
0.4642267027173702
0.4644750358568826
0.4649474745125402
0.4649583769430554
0.4650201573826414
0.4652030759390627
0.46544292941039656
0.4655265147110129
0.46558223824475714
0.4656730918323836
0.4657421405589797
0.465921424971896
0.4662351726944994
0.4665501317982711
0.46689174128774663
0.4669535217273326
0.46696442415784783
0.4672103345350235
0.4673920417102764
0.4676573341861457
0.46805466720936545
0.4682278947164399
0.46844957747024846
0.46870760165910763
0.46907465015311856
0.4691255281621894
0.4691994224134589
0.4693193491491259
0.46957373919448
0.46971547079117726
0.4697651374190797
0.4698051129976354
0.4698438771950227
0.4699843974105516
0.47010916967089195
0.4701237062449122
0.47017095011047794
0.47041807186882195
0.47049438888242817
0.47067003915183936
0.4719710625266504
0.47240473698492075
0.47242411908361437
0.47252345233941934
0.4726688180796217
0.472690622940652
0.47283841144319105
0.4732539151839361
0.4735325328526573
0.47363186610846225
0.4738741423421328
0.47394803659340234
0.474032833275187
0.4742751095088576
0.47461066209249136
0.4746239872853433
0.47466759700740396
0.47470878396712796
0.47480448307942785
0.47497649920533397
0.4749910357793542
0.4750528162189402
0.4751509380935768
0.47557007597782686
0.4756572954219483
0.47572392138620767
0.47574814900957474
0.4757517831530798
0.47576389696476334
0.47577964491995195
0.47578933596929873
0.475848693646548
0.4759674090010466
0.4760849129743769
0.4763465713067411
0.47646165251773465
0.47651737605147887
0.4767063515137419
0.47691107493119356
0.4769558960344226
0.4771957495057565
0.47765607434973056
0.47808732604566423
0.4786154882350661
0.4799891944799783
0.48062032406869015
0.48120905531650965
0.48176871341628874
0.4820594448966934
0.4826990541535838
0.4833204926929488
0.4836330290343838
0.4837553785323875
0.48386440283753923
0.4842774838159476
0.4847269062294065
0.48519934488506417
0.48537741791681205
0.48577232817769506
0.48627626274372987
0.4865803194169865
0.48674385587471414
0.48682017288832036
0.4871629937589642
0.4877989688723495
0.48797825328526573
0.48863118773500797
0.48871840717912934
0.4888225859596077
0.488902537116719
0.488943724076443
0.4900170077916037
0.49039495871612976
0.4905669748420359
0.4909473485288987
0.49126594177617555
0.4918280226382913
0.49357362290188783
0.494267744311354
0.49458876032096755
0.4946699228592472
0.49521141024150095
0.4962931736248401
0.49715931116021245
0.49784737566383686
0.49840582238244757
0.4989642691010583
0.4995215044385006
0.49997092685195954
0.5003391867271388
0.5007389425126952
0.5009993894638911
0.5018061693220142
0.5026323312788309
0.5035323874869171
0.5043016145288212
0.5047074272202194
0.5053385568089312
0.5055287436523627
0.5058982149087103
0.5063803446137147
0.5067643524440827
0.5070138969647634
0.5074851242392526
0.5076837907508625
0.5079284897468698
0.508293115478544
0.5089872368880103
0.5090599197581114
0.5091834806372834
0.5092634317943947
0.5094923828352134
0.5098012850331434
0.5102434391595922
0.5104978292049464
0.5107352599139435
0.5111398612241733
0.5116401616467031
0.5122494863743846
0.5125559658099779
0.5129969085552584
0.5133433635694072
0.5138763712834826
0.5142179807729581
0.5150126468193976
0.5154511668023414
0.5158254835833624
0.5159974997092686
0.5161186378261038
0.5161695158351747
0.5162870198085049
0.516352434391596
0.5166722390200411
0.5167873202310346
0.5169048242043649
0.5169811412179711
0.5170477671822304
0.517207669496453
0.5172355312633252
0.5174584253983021
0.5175262627437299
0.5176679943404272
0.5178690836143738
0.5180907663681823
0.5182809532116137
0.519304570298872
0.5198266755824321
0.5201537484978873
0.520753382176222
0.5213857231461022
0.522074999030895
0.5226019498391286
0.5228357464046207
0.5228963154630384
0.5229714210954762
0.5230428925844091
0.5232161200914835
0.5235916482536729
0.5256182889483273
0.5262094429584836
0.5262675892545645
0.5266637108966159
0.5268962960809397
0.5274135558398263
0.5280822382447572
0.5283547990076366
0.5289859285963484
0.5302542446796139
0.5332621041206341
0.5358677850137613
0.5363450691940923
0.5364274431135403
0.5364407683063922
0.5364940690777997
0.5367714753653525
0.5371082393301547
0.5373904911423809
0.537727255107183
0.5378120517889677
0.5392087742760786
0.5396848470752413
0.5399041070667132
0.5400833914796294
0.5403571636236771
0.5407678218397488
0.5415152440206226
0.5421851378067217
0.5434982749932162
0.5441269818195914
0.545526127069039
0.5455915416521301
0.5456702814280731
0.5460966875993333
0.5476157595844479
0.5476823855487072
0.5477320521766097
0.5481996453075939
0.5482977671822304
0.5488501569949994
0.5492232623948521
0.54929836802729
0.5493456118928558
0.5496751075706477
0.5508210741559096
0.5516654068302516
0.5521923576384851
0.552267463270923
0.552329243710509
0.5528101620343451
0.55301246268946
0.5539209985657247
0.5547883474822654
0.5548804124510602
0.5549470384153196
0.5549991278055588
0.5550766562003334
0.5557126313137186
0.5563837364809862
0.5564430941582355
0.5565569639880606
0.5569579311547854
0.5583619219289064
0.5590269701903322
0.5598240589991085
0.5604551885878203
0.5611977652440207
0.5613092123115091
0.561528472302981
0.5618652362677831
0.5625520893902392
0.5629542679381323
0.5637949664689692
0.5638979338682792
0.5640469337519867
0.5641171938597511
0.5643970229096407
0.5644636488739001
0.564645356049153
0.5648767298523084
0.5655914447416366
0.5659960460518665
0.566337655541342
0.5665557041516456
0.5667592161879288
0.5668294762956932
0.5671141508702562
0.5673128173818661
0.5673939799201457
0.5674484920727216
0.5674690855525837
0.5677331666472846
0.5680323777958677
0.5681922801100904
0.5684927026398419
0.5687337674923441
0.5688682308020312
0.5692619296817459
0.56982522192503
0.5701607745086638
0.5705750668682404
0.5711238225375044
0.5715805132379734
0.5718034073729503
0.5724248459123153
0.5729675446757375
0.5737137554754429
0.5746768035042834
0.5747761367600884
0.5749287707873009
0.5756798271116796
0.5775102240570609
0.5776919312323139
0.5783145811528473
0.5786271174942823
0.5787409873241075
0.5788693937279529
0.5791455886343373
0.5793672713881459
0.5801716284839322
0.5813599934100865
0.5817379443346126
0.582158293600031
0.5825992363453115
0.583167374113269
0.5838190971818429
0.5849686979106098
0.5852872911578866
0.5853963154630384
0.5854714210954762
0.5856785672752646
0.5860444043881071
0.5866379811606001
0.586960208551382
0.5874302244447028
0.5879692890646199
0.5886185893708571
0.5899341493196884
0.5902818157150056
0.5904574659844168
0.5905434740473698
0.5909735143621351
0.5917342617358607
0.5923762937550878
0.5927469763926038
0.5936615691747102
0.5944562352211498
0.5947578691320696
0.595009836415087
0.595277551653293
0.5955985676629065
0.5960164941659883
0.5963387215567701
0.5964962011086561
0.596756648059852
0.5968608268403303
0.5972763305810753
0.59746409466217
0.5977814765282785
0.5983241752917006
0.5990921909524364
0.5995549385587471
0.5997790440748925
0.6001170194208629
0.6005870353141838
0.6010909698802186
0.6014907256657751
0.6020322130480288
0.6025809687172927
0.6028826026282126
0.6030873260456642
0.6033283908981665
0.6038105206031709
0.6048983408923518
0.6052193569019654
0.6053756250726828
0.6059013644997481
0.6065143233709346
0.6067965751831609
0.6069770709772454
0.6071381846726364
0.6074143795790208
0.6074737372562701
0.6078783385665
0.608520370585727
0.6092423537620654
0.6096711826956623
0.6097535566151103
0.6098698492072722
0.6105506454238865
0.6106499786796914
0.6106947997829205
0.610789287514052
0.6110351978912276
0.6113877098112184
0.611736587587704
0.6117923111214483
0.6118468232740241
0.6119970345388999
0.6121460344226073
0.6121872213823313
0.6122938229251463
0.6124573593828739
0.6132423343799667
0.613679642981742
0.6139182850719076
0.6140503256192581
0.614187211691282
0.6142683742295616
0.6146560162034345
0.6148861786254216
0.615282300267473
0.6155657634608676
0.6157620072101407
0.6161666085203706
0.6163228766910881
0.6168970713648874
0.6174458270341513
0.6180321355196341
0.6191841590107376
0.6195088091638563
0.6199449063844633
0.6200611989766251
0.6202235240531845
0.6204718571926968
0.6209067430321356
0.6215621002442144
0.621883116253828
0.6220987421017948
0.6226269042911966
0.6232810501221072
0.623517269449936
0.6238625130829166
0.624028472302981
0.6245760165910765
0.6248643253091445
0.6252556014265225
0.6256069019653449
0.6259327634996318
0.6262731616079389
0.6267637709811218
0.6271344536186378
0.6274409330542311
0.6278588595573129
0.6283712737915261
0.628837655541342
0.6293234193898515
0.630612328952979
0.6308533938054812
0.6312652634027213
0.6316710760941194
0.6318321897895104
0.6324330348490135
0.632815831298213
0.6330677985812304
0.6331913594604024
0.6335305461875412
0.6336335135868512
0.6336940826452688
0.6339121312555723
0.6343591309066946
0.6347128542078536
0.6350411385044773
0.635225268442067
0.6353040082180098
0.6353548862270807
0.635912121564523
0.6369575435128115
0.6370605109121216
0.6371925514594721
0.6372773481412567
0.6377413071287359
0.6383373066635656
0.6384947862154514
0.6386244040004652
0.6388097453192232
0.6391828507190759
0.639461468387797
0.6400296061557545
0.6404402643718262
0.6408194266775207
0.6419641818816142
0.6423288076132884
0.6426025797573361
0.6428375877039966
0.6436770748536652
0.6439423673295345
0.6440598713028647
0.6448424235376207
0.6451646509284025
0.6452579272783657
0.6453184963367834
0.6454299434042718
0.6459241869209598
0.6472966817847037
0.6475171531573439
0.6477897139202233
0.6479144861805637
0.6482149087103152
0.648554095437454
0.6486873473659728
0.6487212660386866
0.649316054192348
0.6502681997906733
0.6503469395666163
0.6503675330464783
0.6504171996743807
0.6504474842035896
0.6505250125983641
0.6507769798813815
0.6521046536418963
0.6521119219289064
0.6521882389425127
0.6528799375896422
0.6547793832616196
0.6560791952552623
0.6561857967980773
0.6563238942512696
0.6564571461797883
0.6564789510408187
0.6565358859557313
0.6566739834089235
0.6582402992596038
0.6586897216730627
0.6586982013412412
0.6597448346706981
0.65975815986355
0.6597775419622437
0.6598805093615536
0.6600270864829244
0.6602257529945342
0.6603323545373493
0.6607938907624917
0.6608181183858588
0.6609247199286739
0.6611076384850951
0.6612154514090786
0.6620331336977168
0.6625261658332364
0.6627829786409273
0.6631863685699888
0.6639398476567042
0.6643262782494088
0.6644558960344226
0.6644789122766213
0.6646279121603287
0.6646739446447262
0.6647817575687095
0.6648047738109083
0.6648641314881575
0.6650155541342017
0.665099139434818
0.6654104643950847
0.665881691669574
0.6663383823700431
0.6666218455634376
0.6666872601465287
0.6668168779315424
0.6669743574834283
0.6671899833313951
0.6672602434391596
0.667323235259914
0.6674140888475404
0.667594584641625
0.6676709016552312
0.6679059096018917
0.6684679904640074
0.668586705818506
0.6686387952087453
0.6686533317827654
0.6688205023839982
0.6689767705547157
0.6691245590572548
0.6692154126448812
0.669369258053262
0.6694455750668682
0.6695424855603365
0.6696151684304377
0.6696830057758654
0.6697738593634919
0.6698138349420475
0.6698247373725627
0.6698392739465829
0.6698477536147615
0.669884095049812
0.6699131681978525
0.6699337616777145
0.6700803387990851
0.6701409078575028
0.6701772492925534
0.6701966313912471
0.6702160134899406
0.6705200701631973
0.6707853626390665
0.6710869965499864
0.6711536225142458
0.6712081346668217
0.6712250940031786
0.6712372078148622
0.6712517443888825
0.6713547117881924
0.6713983215102531
0.6716478660309338
0.6726569465441719
0.6733861980075203
0.6734237508237392
0.6735230840795441
0.673759303407373
0.674010059309222
0.6742583924487343
0.674343189130519
0.6743746850408963
0.6744073923324417
0.6748858878939411
0.6751972128542079
0.6753462127379153
0.6754201069891848
0.6754455459937202
0.675479464666434
0.6755024809086327
0.675520651626158
0.675595757258596
0.6760621390084118
0.6764376671706013
0.6766436019692212
0.6769416017366361
0.6771451137729193
0.677357105477381
0.677662373531806
0.677930088770012
0.6782583730666356
0.679186291041594
0.6794842908090089
0.6797398922355312
0.6807417044617591
0.6813873706244912
0.6821408497112067
0.6830021417219057
0.683123279838741
0.6833134666821723
0.6834479299918595
0.6835508973911695
0.6838755475442881
0.6841141896344536
0.6846387176803505
0.6853267821839749
0.6856550664805985
0.6860863181765322
0.6862219928673877
0.6864206593789975
0.6865599682133582
0.6869972768151336
0.6877180486103035
0.6883152595263015
0.6883588692483622
0.6886907876884909
0.6887998119936427
0.6891280962902663
0.6892286409272396
0.6893049579408458
0.6893558359499167
0.6895702504167152
0.6900342094041942
0.6903322091716091
0.6905744854052797
0.6906895666162732
0.6907586153428693
0.6909378997557856
0.692610817149281
0.6928215974725743
0.6928688413381401
0.6929003372485173
0.6929330445400628
0.6929911908361437
0.6939384909097958
0.694533279063457
0.6945550839244874
0.6947549618172656
0.6951668314145055
0.6953352133969066
0.6955508392448735
0.695690148079234
0.695731335038958
0.6959736112726286
0.6962619199906966
0.6963455052913129
0.696435147497771
0.6965029848431988
0.6967149765476606
0.6973691223785712
0.6980487072140171
0.6986362270806683
0.6989705682831338
0.6994430069387914
0.6998488196301895
0.7003854614877699
0.7008094448966934
0.7013206477497383
0.7016925417684227
0.7020717040741171
0.7023382079311548
0.7025356630615963
0.7031910202736752
0.7035592801488545
0.7036864751715316
0.7037506783734543
0.7038718164902895
0.7041637593518626
0.7045417102763887
0.7047064581152848
0.7048857425282009
0.7050831976586425
0.7051389211923867
0.705215238205993
0.7053642380897004
0.7055495794084583
0.705589554987014
0.7058088149784859
0.7060583594991666
0.7064714404775749
0.7066519362716595
0.7067791312943366
0.7070238302903439
0.7076973582199481
0.708088634337326
0.7087415687870683
0.7093581618017599
0.7100062507268287
0.7103490715974726
0.7109608190874908
0.7112430708997171
0.7115543958599837
0.7118233224793581
0.7120086637981161
0.7122061189285576
0.71235875295577
0.7127221673062759
0.7129814028763034
0.7131861262937551
0.7133557196573245
0.7137530526805442
0.7140292475869288
0.7141540198472691
0.7147148893282165
0.7148856940729542
0.7150092549521262
0.7150758809163856
0.715224880800093
0.7154925960382991
0.7157736364693569
0.7161128231964957
0.7164883513586852
0.7166736926774431
0.716872359189053
0.7170153021669187
0.7174768383920611
0.7176052447959065
0.7181006996937629
0.7187778617668721
0.71998560879172
0.7205295189363105
0.7208408438965771
0.7212357541574602
0.7216839651897508
0.7219504690467884
0.7220970461681591
0.7223308427336512
0.7224786312361903
0.7226772977478001
0.7229050374074505
0.7231085494437338
0.7232418013722526
0.7238244757142304
0.7241830445400628
0.7244919467379928
0.7247039384424545
0.725738457960228
0.7261975714230336
0.7264713435670814
0.7267972051013684
0.7273084079544133
0.7276839361166028
0.7278826026282126
0.7279625537853239
0.7281200333372098
0.7283550412838702
0.7285997402798775
0.7287826588362988
0.7289280245765012
0.7291388048997945
0.7294404388107144
0.7296924060937319
0.7300727797805946
0.7302423731441641
0.7303465519246424
0.7304689014226461
0.7305452184362523
0.7306142671628484
0.7307099662751483
0.7310285595224251
0.7326942086289103
0.7327862735977052
0.7331230375625073
0.733681484281118
0.7337141915726635
0.7337771833934178
0.7338946873667481
0.7340412644881188
0.7341684595107958
0.7342859634841261
0.734776572857309
0.7348310850098849
0.7348977109741442
0.7350624588130403
0.7351036457727643
0.7352066131720743
0.7353253285265728
0.7354319300693879
0.7355264178005194
0.7355954665271156
0.7356160600069775
0.735875295577005
0.7362689944567198
0.7362920106989185
0.7363404659456526
0.7364325309144474
0.7364628154436562
0.7365124820715587
0.736588799085165
0.7368504574175292
0.737049123929139
0.7374343431406752
0.7376596600379889
0.7377529363879521
0.7377735298678141
0.7378704403612824
0.7383792204519906
0.7384833992324689
0.7386566267395434
0.7389861224173353
0.7392816994224135
0.7395930243826802
0.7397565608404078
0.7400061053610885
0.7401308776214288
0.7403598286622476
0.7405597065550258
0.7406820560530294
0.7407583730666356
0.7408601290847773
0.7410600069775555
0.7411593402333605
0.741253827964492
0.7414415920455867
0.741689925185099
0.7421017947823391
0.7427838023801218
0.743378590533783
0.7435421269915107
0.7436438830096523
0.7437601756018142
0.743831647090747
0.7439406713958987
0.7440630208939024
0.7441805248672326
0.7443319475132767
0.7445851261774625
0.7448249796487963
0.745005475442881
0.7456317595069194
0.7463452630150793
0.7466747586928713
0.7468940186843431
0.746993351940148
0.7472756037523743
0.7475408962282436
0.7478316277086483
0.7481187250455479
0.7482943753149591
0.7485863181765322
0.7488964317556305
0.7490781389308835
0.7494088459898438
0.7495614800170562
0.7499091464123735
0.7503694712563477
0.7506771620731093
0.7508079912392914
0.7510478447106252
0.7511968445943327
0.7514403322091716
0.751688665348684
0.7520048358336241
0.7522846648835135
0.7524905996821336
0.752742566965151
0.7530151277280304
0.7532065259526302
0.7534124607512501
0.7534742411908362
0.7535166395317285
0.753792834438113
0.7538231189673218
0.7538558262588673
0.7539103384114432
0.7541102163042214
0.7543100941969997
0.7543403787262085
0.7544372892196767
0.7545329883319766
0.7546274760631081
0.7580459937202
0.7582143757026011
0.7582616195681668
0.7585220665193627
0.7585329689498779
0.7588043183315889
0.7592707000814048
0.7596837810598132
0.7604820812497577
0.7605159999224717
0.7605281137341552
0.7609048532775129
0.7612743245338606
0.761323991161763
0.7614027309377059
0.7615832267317905
0.7620253808582393
0.7633397294259022
0.7654208822731325
0.76568011784316
0.7658242722021941
0.7659187599333256
0.7661973776020468
0.7663088246695352
0.7663257840058921
0.7663439547234174
0.7663706051091213
0.766383930301973
0.7664008896383301
0.7667655153700043
0.7669544908322673
0.7669593363569407
0.7669750843121294
0.7669799298368027
0.7669932550296547
0.767015059890685
0.7673699945730124
0.7675286855060666
0.7675432220800869
0.7686976683335272
0.7701985696011164
0.7702833662829011
0.7703390898166453
0.7703645288211808
0.7704287320231035
0.7704711303639958
0.7704844555568477
0.7705401790905919
0.7709241869209598
0.7718169748420359
0.7722918362600303
0.7726189091754855
0.7727049172384386
0.7733215102531302
0.7733263557778036
0.7733457378764973
0.7733966158855681
0.7739986723262395
0.7751579641043532
0.7759768577741598
0.7764929061518782
0.7770392390588053
0.7772342714269102
0.7773905395976276
0.7776618889793386
0.7779586773655851
0.7780313602356863
0.7780870837694306
0.7782385064154747
0.7783390510524479
0.7792051885878203
0.7795649687948211
0.780738797146955
0.7812766503857038
0.7813384308252898
0.7813469104934683
0.7813662925921618
0.7818084467186107
0.7819174710237624
0.7819247393107726
0.781929584835446
0.7819307962166143
0.7819368531224561
0.7819526010776446
0.7820010563243788
0.7820725278133116
0.7823172268093189
0.7824843974105516
0.7831058359499167
0.7836763964802109
0.7842166724812962
0.7866987924952514
0.7867993371322247
0.786841735473117
0.7868817110516727
0.7871336783346901
0.7880506938791332
0.7880543280226383
0.7881197426057294
0.7884080513237973
0.7884565065705315
0.7884746772880568
0.7890307012443307
0.7896569853083691
0.7904407489242935
0.7916460731868047
0.7919913168197853
0.7924019750358569
0.7931251695933635
0.7932523646160407
0.7937466081327286
0.7942057215955344
0.7943317052370431
0.7943801604837771
0.7949204364848625
0.7952499321626546
0.7955539888359111
0.7961923867116332
0.7968453211613754
0.7975261173779897
0.7976617920688452
0.7976920765980541
0.7977235725084312
0.7986054579989922
0.7990573031747877
0.7991009128968485
0.7992281079195255
0.7993177501259836
0.7993867988525798
0.7996460344226073
0.7997550587277591
0.7999222293289917
0.8000167170601232
0.8001875218048611
0.8003595379307672
0.8004128387021747
0.800719318137768
0.8007968465325426
0.8008210741559096
0.8009761309454587
0.8011602608830484
0.8024419021591658
0.8036108849866264
0.8038604295073071
0.8040772667364422
0.8043740551226887
0.804457640423305
0.8045060956700392
0.8052862251424584
0.8063873706244912
0.8067289801139668
0.8068040857464046
0.8068440613249602
0.8072559309222003
0.807467922626662
0.8076302477032213
0.8078701011745552
0.8085290925301392
0.8087253362794123
0.8089676125130829
0.8098361728107919
0.8108622126603868
0.8112062449121991
0.8114557894328798
0.8118167810210489
0.8119209598015273
0.8122783172461914
0.8123304066364306
0.812335252161104
0.8123485773539559
0.812393398457185
0.8124018781253635
0.8126926096057681
0.8133721944412141
0.8137537795092452
0.8142322750707447
0.8145532910803582
0.8147664941659883
0.8147907217893553
0.814851290847773
0.8150002907314804
0.8150281524983525
0.8156265747955188
0.8161632166530992
0.8164733302321976
0.8167846551924642
0.817178354072179
0.8172534597046168
0.8173321994805598
0.8176301992479745
0.8179342559212311
0.8180784102802652
0.818355816567818
0.8191347346590688
0.8197828235841377
0.8199318234678451
0.8199827014769159
0.8200578071093538
0.8202794898631623
0.8204442377020584
0.8205096522851494
0.8208088634337326
0.8211759119277435
0.8215829360003101
0.8219972283598868
0.8231674225685157
0.8242079989921308
0.8247179904640074
0.8251395511105942
0.8255017540799318
0.8255877621428849
0.8255962418110633
0.8256374287707873
0.8259269488700236
0.8262297941621118
0.8263254932744117
0.8263618347094623
0.8266440865216885
0.8267967205489011
0.8268512327014769
0.8268718261813389
0.8268851513741908
0.8271092568903361
0.8272146470519828
0.8272340291506765
0.8274290615187813
0.8276689149901151
0.8279887196185602
0.8279996220490755
0.8280081017172539
0.828629540256619
0.8292134259797651
0.8293999786796914
0.8295162712718533
0.8297355312633252
0.830524140403923
0.8309311644764895
0.8310450343063147
0.8310619936426716
0.8310886440283753
0.8311673838043183
0.8312073593828739
0.831272773965965
0.8312982129705004
0.8313430340737296
0.8313902779392953
0.8314108714191573
0.8314278307555142
0.8314726518587433
0.8314883998139319
0.8314944567197736
0.8321861553669031
0.832528976237547
0.8331225530100399
0.834303649649184
0.8345992266542621
0.8348524053184478
0.8350559173547312
0.8352897139202233
0.8354677869519712
0.835645859983719
0.8357585184323758
0.8359741442803427
0.8360456157692755
0.8361497945497538
0.8361825018412994
0.8367288347482266
0.8372230782649145
0.8378202891809126
0.838240638446331
0.8384380935767725
0.8385774024111331
0.8387312478195139
0.8389105322324302
0.8390147110129085
0.8391152556498818
0.8392424506725589
0.8393708570764042
0.8394871496685661
0.8396676454626507
0.8397996860100012
0.8400334825754933
0.8402890840020157
0.8410546769004148
0.841217001976974
0.8414944082645269
0.8416979203008101
0.8418663022832112
0.8420467980772958
0.8423023995038182
0.8424623018180408
0.8425470984998256
0.8428741714152809
0.8430486103035236
0.8431394638911501
0.8435343741520331
0.8436530895065317
0.8437584796681785
0.8438856746908555
0.8441025119199908
0.8441630809784083
0.8444840969880218
0.8445664709074698
0.8446924545489786
0.8451358200565957
0.8454471450168625
0.8455622262278559
0.8464865100593092
0.8466452009923634
0.846801469163081
0.847065550257782
0.847302980966779
0.8474459239446447
0.8477863220529519
0.848229687560569
0.8483653622514246
0.8484949800364383
0.8487190855525837
0.8493102395627399
0.849877165949529
0.8501727429546071
0.8504489378609916
0.8508499050277164
0.851445904562546
0.8516082296391053
0.8520734000077529
0.8522744892816995
0.8524876923673296
0.8528801798658758
0.8529734562158391
0.8531975617319844
0.8536166996162344
0.8539365042446796
0.8539946505407605
0.8540879268907238
0.8542853820211652
0.8545652110710548
0.8548619994573012
0.8550824708299415
0.8553247470636121
0.8554761697096561
0.8556360720238787
0.8559316490289569
0.8562441853703919
0.8565215916579447
0.8567687134162887
0.8568801604837771
0.8569189246811645
0.8569613230220569
0.8571297050044578
0.8573150463232159
0.8573731926192968
0.8574192251036943
0.8576917858665737
0.8579001434275303
0.8581194034190022
0.8585227933480637
0.8587553785323875
0.858849866263519
0.8588922646044114
0.8589031670349265
0.8589431426134821
0.8589794840485327
0.8590267279140985
0.8592399309997286
0.859546410435322
0.8596203046865915
0.8596627030274838
0.8597256948482381
0.8598819630189557
0.8601484668759933
0.860167848974687
0.8602478001317982
0.860538531612203
0.8607420436484863
0.8609116370120556
0.8610037019808505
0.8617135713455053
0.8623265302166918
0.8626741966120092
0.8627577819126255
0.8627771640113191
0.8627917005853394
0.8628147168275381
0.8628764972671241
0.8631926677520642
0.8632714075280071
0.8642344555568477
0.8643919351087336
0.8644052603015855
0.8644403903554677
0.8645191301314107
0.8645833333333334
0.86509332480521
0.8654179749583285
0.8654652188238943
0.8655221537388068
0.8656384463309688
0.8657716982594875
0.8658710315152924
0.8660636411210606
0.8664852017676474
0.8674240221731209
0.8674736888010234
0.8675560627204714
0.8680987614838934
0.8684803465519246
0.8688837364809862
0.8691768907237276
0.8695185002132031
0.8697462398728534
0.869823768267628
0.8698928169942242
0.8702186785285111
0.8702865158739388
0.8703434507888514
0.8705191010582626
0.8706584098926232
0.87066810094197
0.8707444179555762
0.870832848780866
0.8709576210412063
0.8712253362794123
0.8715790595805714
0.8716856611233864
0.8717668236616661
0.8721617339225491
0.8722186688374617
0.8725784490444626
0.8731611233864403
0.8734445865798348
0.8734966759700741
0.8735463425979765
0.8735620905531651
0.8735766271271853
0.8738479765088963
0.8740890413613986
0.8743046672093654
0.8747989107260534
0.8753755281621894
0.8755172597588867
0.8755451215257588
0.8756056905841765
0.8757970888087763
0.8758467554366787
0.8761447552040935
0.8764354866844982
0.8765469337519867
0.8766692832499903
0.8768243400395395
0.8768764294297786
0.8769406326317014
0.8769963561654456
0.8770702504167152
0.8771065918517658
0.8772337868744428
0.8774179168120324
0.8777147051982789
0.8779327538085824
0.8781459568942125
0.8787892002946079
0.8794009477846261
0.87984673605458
0.8800369228980114
0.8803615730511299
0.8805384347017094
0.8806971256347638
0.8808497596619762
0.8810968814203202
0.881312507268287
0.8814711982013412
0.881703783385665
0.8817837345427763
0.8826413924099702
0.8830811237740822
0.8832398147071365
0.8835353917122146
0.8837885703764004
0.8843385374268325
0.8845686998488196
0.8848291468000155
0.8849514962980192
0.8849999515447533
0.8850520409349925
0.8851210896615885
0.8856274469899601
0.8859654223359306
0.8860744466410823
0.8863978854130325
0.8865190235298678
0.8866450071713765
0.8869054541225724
0.8872155677016708
0.8874299821684692
0.8876976974066751
0.8878903070124433
0.8880732255688646
0.8881132011474202
0.8882985424661782
0.8884717699732527
0.8885856398030779
0.8889005989068496
0.8902864189634454
0.8903663701205566
0.8904136139861224
0.8906861747490018
0.8908642477807497
0.8914772066519363
0.8915220277551653
0.8916552796836842
0.8917558243206575
0.8918927103926814
0.8919944664108229
0.8920998565724697
0.8921604256308873
0.8921991898282746
0.8924814416405008
0.8925226286002248
0.8926037911385045
0.8930822867000039
0.8931283191844013
0.8931646606194519
0.8932010020545025
0.8932252296778695
0.8932809532116137
0.8936383106562779
0.8940526030158545
0.894205237043067
0.8943699848819631
0.89459287901694
0.8947903341473815
0.8950338217622205
0.895094390820638
0.8952373337985037
0.8955183742295616
0.8956964472613095
0.895770341512579
0.8958442357638485
0.8958817885800674
0.8960877233786875
0.8962815443656239
0.8965589506531767
0.8977618521533511
0.8979992828623483
0.8983178761096251
0.898495949141373
0.8985892254913362
0.8986461604062488
0.8987164205140132
0.8989175097879598
0.8991973388378494
0.8995522735201767
0.8997291351707563
0.8999641431174168
0.9003820696204985
0.9006304027600108
0.9008969066170485
0.9011827925727798
0.9013426948870024
0.9014880606272048
0.9017400279102221
0.901979881381556
0.902247596619762
0.9023978078846377
0.90253590533783
0.9026558320734969
0.902779392952669
0.9028593441097802
0.9029707911772686
0.9032094332674342
0.9035025875101756
0.9036007093848122
0.903758188936698
0.9043008877001202
0.9043784160948948
0.9044414079156491
0.9047030662480133
0.9051125130829166
0.905388707989301
0.9054286835678568
0.9063142032019227
0.9067793735705703
0.9072469667015545
0.907386275535915
0.9075049908904136
0.9075546575183161
0.9075897875721983
0.9076103810520603
0.9076418769624375
0.9076648932046362
0.9077266736442222
0.9080052913129434
0.9083796080939645
0.9084510795828973
0.9086473233321704
0.9087405996821336
0.9088871768035043
0.9090495018800636
0.9094795421948288
0.909799346823274
0.9099968019537156
0.9101676066984533
0.9103202407256658
0.9104389560801643
0.9106570046904678
0.9109077605923169
0.9111161181532736
0.9113378009070823
0.9116454917238439
0.9118405240919487
0.9119616622087839
0.912188190487266
0.9127526941117184
0.9132820676822886
0.9136273113152692
0.9137266445710741
0.913777522580145
0.9138817013606233
0.9140791564910649
0.9141494165988293
0.9143795790208163
0.914724822653797
0.9149440826452688
0.9150240338023802
0.9151391150133736
0.9151960499282862
0.915263887273714
0.9153062856146064
0.9153741229600341
0.9154431716866303
0.9155194887002365
0.9157278462611932
0.9160282687909447
0.916211187347366
0.9163916831414506
0.9165503740745048
0.9166799918595185
0.9167756909718184
0.9169852599139435
0.9171076094119471
0.9172432841028026
0.9173571539326278
0.9174068205605302
0.9174686010001163
0.9176830154669148
0.9177714462922045
0.9178974299337133
0.9181445516920572
0.9183274702484785
0.9184449742218087
0.918644852114587
0.918809599953483
0.9188980307787727
0.918974347792379
0.9190167461332713
0.9192699247974571
0.9195000872194441
0.9197908186998488
0.9204958425398302
0.9207926309260767
0.9212190370973369
0.9215679148738225
0.9216914757529945
0.9218319959685235
0.9220003779509245
0.92213605264178
0.9223698492072722
0.9228083691902159
0.9238065472729388
0.9239397992014575
0.9240088479280536
0.9240524576501143
0.92409243322867
0.9241142380897004
0.9241554250494244
0.9242511241617243
0.9242729290227546
0.9243032135519634
0.9249282862348335
0.9253510582625887
0.9253910338411443
0.925451602899562
0.9257544481916502
0.925760505097492
0.9265479028569213
0.9267635287048882
0.9268846668217234
0.9271015040508587
0.9271172520060472
0.9271426910105827
0.927168130015118
0.9271911462573167
0.9272444470287242
0.927274731557933
0.9274164631546303
0.9277217312090553
0.9278222758460286
0.9278452920882273
0.9281069504205915
0.928589080125596
0.9287780555878591
0.92904213668256
0.9295242663875645
0.9299785343256968
0.9301408594022561
0.9301590301197814
0.9302014284606738
0.9302426154203978
0.9302983389541419
0.9304485502190177
0.9305236558514556
0.9305818021475365
0.9306435825871225
0.9306956719773617
0.9307356475559173
0.9310178993681436
0.9313062080862116
0.9314406713958987
0.9315303136023568
0.9322135325813079
0.9323286137923015
0.93285919874404
0.9328725239368919
0.932879792223902
0.9328894832732488
0.9329076539907741
0.9330566538744816
0.9332020196146839
0.933332848780866
0.9335363608171493
0.9336853607008567
0.933789539481335
0.934057254719541
0.9341481083071675
0.9345648234290809
0.9354406520138
0.9359688142032019
0.9362365294414079
0.9366605128503315
0.9367562119626314
0.936943976043726
0.9370481548242043
0.9371838295150599
0.9373049676318952
0.9373812846455014
0.9374527561344342
0.9374709268519595
0.9374854634259797
0.9375339186727139
0.9375799511571113
0.9376259836415087
0.9377652924758693
0.9378779509245261
0.9379264061712602
0.9379869752296779
0.9388349420475249
0.9393473562817382
0.9396780633406985
0.9397107706322441
0.9398488680854363
0.9399397216730627
0.9399833313951235
0.94007418498275
0.9401020467496221
0.9401250629918207
0.9401904775749118
0.9402304531534674
0.9402752742566965
0.9403091929294104
0.940345534364461
0.9404751521494747
0.9405563146877544
0.9407331763383339
0.9408349323564755
0.940970607047331
0.9411474686979107
0.941275875101756
0.9413970132185913
0.9415266310036051
0.9418440128697135
0.9420862891033841
0.94234673605458
0.9425175407993177
0.9426507927278366
0.9427525487459782
0.942803426755049
0.9430384347017094
0.9432383125944878
0.9438609625150212
0.9445029945342481
0.9445865798348645
0.9447246772880568
0.9447682870101175
0.9447888804899794
0.9449233437996666
0.9458912373531806
0.946270399658875
0.9462958386634105
0.946328545954956
0.946390326394542
0.9467016513548087
0.947028724270264
0.9470832364228399
0.947176512772803
0.9472649435980928
0.9473049191766485
0.9473897158584331
0.9475217564057836
0.9475629433655076
0.947753130208939
0.9479978292049464
0.9482207233399232
0.9484109101833547
0.9486919506144126
0.9488494301662984
0.9489826820948172
0.9490735356824437
0.9491898282746056
0.9493545761135016
0.94946602318099
0.9495629336744583
0.9496634783114316
0.949997819513897
0.9500583885723146
0.9500862503391867
0.950104421056712
0.9503454859092143
0.9505017540799318
0.950718591309067
0.950825192851882
0.9509705585920843
0.9510904853277513
0.9512152575880917
0.9513509322789472
0.9515059890684964
0.9516440865216885
0.951776127069039
0.9518536554638136
0.9521480210877233
0.9521976877156259
0.9522812730162422
0.9523951428460674
0.9524884191960306
0.9526107686940342
0.9527900531069504
0.9530517114393147
0.9531583129821297
0.9532697600496182
0.9533848412606117
0.9534769062294065
0.9535314183819824
0.9536355971624607
0.9541698162577044
0.9545453444198938
0.9552964007442726
0.9553145714617979
0.9554320754351281
0.9556004574175292
0.9556670833817886
0.9557591483505834
0.9558754409427452
0.9561710179478234
0.9563175950691941
0.956433887661356
0.9565501802535179
0.9566361883164709
0.9568021475365353
0.9569087490793503
0.9570189847656704
0.9570395782455324
0.9571461797883475
0.9574369112687522
0.9576210412063418
0.957796691475753
0.9582860894677676
0.9586422355312634
0.9586785769663139
0.9587137070201961
0.9587670077916036
0.9588445361863782
0.9589814222584021
0.9591425359537931
0.9592757878823119
0.9593872349498004
0.9594768771562585
0.9595822673179052
0.9597349013451176
0.960082567740435
0.9603090960189169
0.9608639085940226
0.9610007946660465
0.9610674206303058
0.9611316238322285
0.9612103636081715
0.9613157537698181
0.9614259894561383
0.9616973388378494
0.9618293793851999
0.9620595418071869
0.9623454277629182
0.962540460131023
0.9626725006783734
0.9627548745978215
0.9629062972438656
0.9630395491723844
0.9631219230918324
0.9632624433073613
0.9633751017560181
0.9634247683839207
0.963528947164399
0.9635992072721634
0.9636646218552545
0.963796662402605
0.9639783695778579
0.9640583207349692
0.9640934507888514
0.9641346377485754
0.9641637108966159
0.9643333042601853
0.9645331821529636
0.9648202794898632
0.9649850273287591
0.9651097995890995
0.9654744253207738
0.9655555878590534
0.9656670349265418
0.9658996201108656
0.9659759371244718
0.9660619451874249
0.9661200914835059
0.9661600670620615
0.9661939857347753
0.966361156336008
0.9664386847307826
0.9664822944528434
0.966584050470985
0.9667730259332481
0.9668360177540024
0.9670153021669187
0.9671182695662286
0.9671303833779121
0.967160667907121
0.9672212369655386
0.9672466759700741
0.9673072450284916
0.967390830329108
0.9674465538628523
0.9677033666705431
0.9677869519711595
0.9678765941776175
0.9679650250029073
0.9680207485366515
0.9680837403574059
0.968169748420359
0.9682606020079855
0.9683126913982246
0.9683938539365042
0.9685113579098344
0.9688614470674884
0.9691267395433577
0.969203056556964
0.9694550238399814
0.9695664709074698
0.9695919099120053
0.9698511454820328
0.9702690719851146
0.970311470326007
0.970466527115556
0.9710322421211769
0.9711461119510021
0.9712018354847463
0.9713144939334031
0.971990444625344
0.9719989242935225
0.972031631585068
0.9720812982129705
0.972114005504516
0.972130964840873
0.9721527697019033
0.9721842656122806
0.9722036477109741
0.9722605826258868
0.9723647614063651
0.972460460518665
0.9725937124471837
0.972752403380238
0.9728662732100631
0.9730891673450401
0.9732914680001551
0.9733883784936233
0.973662150637671
0.9739322886382138
0.9739625731674225
0.9740934023336046
0.9742399794549754
0.9743804996705043
0.9744531825406055
0.9747560278326938
0.9749098732410746
0.9751133852773578
0.975272076210412
0.9753762549908904
0.9754525720044966
0.9755664418343218
0.9758377912160329
0.9760837015932086
0.9762860022483234
0.9764761890917548
0.9765815792534016
0.9766797011280381
0.976792359576695
0.9769510505097492
0.9770649203395744
0.9771969608869249
0.9773132534790867
0.9774016843043765
0.9775143427530333
0.9776100418653332
0.9777784238477343
0.9779310578749467
0.9780182773190681
0.9780715780904756
0.9782084641624995
0.9783332364228399
0.9784967728805675
0.9785646102259953
0.9786154882350661
0.9787584312129317
0.9788129433655076
0.9793883494204753
0.9796681784703648
0.9797566092956546
0.9798789587936582
0.9799153002287088
0.980053397681901
0.9802060317091135
0.9803574543551575
0.9804676900414777
0.9806893727952862
0.9808068767686166
0.980877136876381
0.9809086327867581
0.9809704132263442
0.9810430960964454
0.9812199577470249
0.9812357057022134
0.9812732585184324
0.9813435186261968
0.9814997867969144
0.9816827053533357
0.9818026320890026
0.9818922742954607
0.9820073555064542
0.9821890626817071
0.98236350156995
0.9826118347094623
0.9826651354808699
0.9828080784587355
0.9829340621002443
0.9830418750242276
0.9831000213203086
0.9831448424235376
0.9831618017598945
0.9832017773384502
0.9832344846299957
0.9833095902624336
0.983351988603326
0.9835058340117068
0.9836742159941079
0.9837117688103267
0.9838474435011824
0.9840327848199403
0.9841733050354693
0.9843247276815134
0.9843586463542272
0.984512491762608
0.9845839632515409
0.9846408981664535
0.9847656704267939
0.9849267841221847
0.9850224832344846
0.9851920765980541
0.9853059464278792
0.9854464666434082
0.9855639706167384
0.9856075803387991
0.9856499786796914
0.9857820192270419
0.9858619703841532
0.9862447668333527
0.9864567585378144
0.9866009128968485
0.9867390103500407
0.9867898883591115
0.9868831647090747
0.9872005465751832
0.9874452455711904
0.9876039365042447
0.9878377330697368
0.9879940012404543
0.9880363995813467
0.988058204442377
0.9881042369267744
0.9881308873124782
0.988301692057216
0.9884240415552196
0.9884349439857347
0.9884567488467652
0.9889061712602241
0.9889594720316316
0.9891157402023492
0.9892889677094235
0.9893955692522386
0.9895663739969764
0.9898268209481723
0.9899431135403342
0.9900339671279607
0.9901454141954491
0.9902762433616312
0.9903452920882273
0.9904942919719347
0.990529422025817
0.9907414137302787
0.9911605516145289
0.9913010718300578
0.991414941659883
0.9915094293910145
0.991706884521456
0.9918037950149242
0.9921005834011707
0.9924664205140132
0.9926432821645927
0.992699005698337
0.9928649649184014
0.993052728999496
0.9932308020312439
0.9933894929642981
0.9935045741752917
0.9935954277629182
0.993670533395356
0.9937480617901306
0.9938025739427065
0.9939019071985115
0.9939758014497809
0.9940424274140404
0.9941163216653099
0.9941708338178858
0.9942059638717681
0.9942217118269566
0.994264110167849
0.99432952475094
0.9944131100515564
0.9945366709307284
0.9946311586618599
0.9946844594332674
0.9947329146800016
0.9947741016397256
0.994847995890995
0.9949739795325038
0.9950224347792379
0.9951314590843896
0.9952598654882351
0.9953434507888514
0.9954258247082994
0.9955106213900842
0.995630548125751
0.9957516862425864
0.9959188568438191
0.9959842714269102
0.9960533201535062
0.9963537426832577
0.9965415067643525
0.9966989863162383
0.9968128561460635
0.9968685796798077
0.9969267259758887
0.9970466527115556
0.9971605225413808
0.9972756037523743
0.9973700914835059
0.9974524654029538
0.9975554328022638
0.997751676551537
0.9978594894755204
0.9978825057177191
0.9980630015118037
0.998201098964996
0.9984276272434779
0.9985366515486297
0.9985572450284916
0.9985887409388688
0.9986444644726131
0.9986759603829902
0.9987704481141217
0.9988080009303407
0.9989133910919874
0.9989739601504051
0.9992804395859983
0.9993737159359616
0.9994124801333488
0.9994875857657867
0.9995457320618677
0.9995929759274335
0.9996511222235144
0.9997371302864674
0.9998740163584913
0.9999854634259797
1.0000872194441215
1.0001780730317478
1.0002422762336707
1.0003052680544249
1.000353723301159
1.0003936988797146
1.0004688045121526
1.000589942628988
1.000645666162732
1.00072077179517
1.0008007229522813
1.000857657867194
1.0008952106834128
1.0009533569794937
1.0010648040469823
1.0012368201728883
1.0014718281195487
1.0015360313214714
1.001561470326007
1.0016062914292359
1.0016668604876535
1.0017201612590612
1.0018255514207077
1.0018679497616
1.0019176163895027
1.0019563805868898
1.0019915106407722
1.0020484455556848
1.0021683722913517
1.002300412838702
1.0024397216730627
1.0025015021126487
1.002568128076908
1.0026710954762181
1.002725607628794
1.0028309977904408
1.0030660057371013
1.003311916114277
1.0034790867155094
1.0035311761057488
1.0035917451641663
1.0036789646082878
1.0037637612900725
1.003783143388766
1.0038025254874599
1.0038328100166687
1.0039042815056014
1.0039842326627126
1.004002403380238
1.004054492770477
1.0041792650308174
1.0043100941969996
1.004376720161259
1.0044530371748652
1.0045281428073032
1.0045596387176803
1.0046456467806335
1.0046941020273674
1.004747402798775
1.0048152401442028
1.0049957359382875
1.0050926464317556
1.0052077276427491
1.0053022153738806
1.0053664185758033
1.0054839225491337
1.0056183858588208
1.0058231092762724
1.0058921580028686
1.0059357677249292
1.0059575725859595
1.006041157886576
1.0060835562274684
1.0061247431871922
1.0061465480482226
1.0061828894832732
1.0062773772144047
1.0063221983176338
1.0064578730084894
1.0064917916812033
1.0066092956545334
1.0067025720044966
1.0067679865875876
1.0068224987401635
1.0069702872427027
1.0071095960770633
1.007160474086134
1.0073337015932085
1.0074088072256464
1.007473010427569
1.0075020835756097
1.0075396363918285
1.0075832461138892
1.0076474493158118
1.0077177094235763
1.0077528394774586
1.007823099585223
1.0078945710741558
1.0080205547156647
1.0080750668682406
1.008128367639648
1.0081647090746986
1.0082337578012948
1.008302806527891
1.0083779121603287
1.0084324243129046
1.0084942047524905
1.0085656762414235
1.008667432259565
1.0087340582238244
1.008856407721828
1.0089666434081483
1.009030846610071
1.0091289684847076
1.0091701554444314
1.0092089196418188
1.0092682773190682
1.0093203667093074
1.0094620983060045
1.0095129763150754
1.009552951893631
1.0096183664767222
1.009710431445517
1.0097867484591232
1.009882447571423
1.0099321141993256
1.0099696670155445
1.0100423498856457
1.0101053417063999
1.0101646993836493
1.0102228456797302
1.0102446505407605
1.0102882602628214
1.0103464065589023
1.0103924390432997
1.0104287804783503
1.0104639105322324
1.0104869267744312
1.01051721130364
1.010562032406869
1.0106250242276233
1.0106771136178625
1.0107158778152499
1.0107703899678258
1.0108127883087181
1.0108321704074117
1.0108636663177888
1.0108927394658294
1.0109315036632167
1.0109617881924255
1.010994495483971
1.0110720238787456
1.0111580319416986
1.011228292049463
1.0112912838702175
1.011327625305268
1.0113566984533084
1.011385771601349
1.0114463406597667
1.011526291816878
1.0116147226421677
1.011660755126565
1.0117007307051207
1.0117661452882118
1.0118097550102725
1.0118788037368687
1.011917567934256
1.012003575997209
1.0120568767686164
1.0120786816296468
1.0121053320153506
1.0121780148854518
1.012250697755553
1.0122894619529403
1.0123064212892972
1.0123427627243478
1.012381526921735
1.012415445594449
1.0124493642671628
1.0124844943210451
1.0125135674690855
1.0125923072450285
1.0126201690119006
1.012632282823584
1.0126843722138232
1.0127122339806953
1.0127400957475676
1.0127764371826182
1.0128164127611738
1.0128297379540256
1.0128394290033724
1.0128430631468774
1.0128806159630965
1.012923014303989
1.012958144357871
1.0129763150753963
1.012982371981238
1.0129872175059116
