0.0010874861416132928
0.0019066315469843445
0.0027610849439662173
0.004279328583231529
0.005239705955045865
0.0066308408245122205
0.008269131635254324
0.009610835316465529
0.01114320215237517
0.01242841304700906
0.013339359230568247
0.014087888652717656
0.014815233279900572
0.015281298769163412
0.015768549053392745
0.01614281376446745
0.016573571262119467
0.016947835973194172
0.017230299906080743
0.017555133428900298
0.017922336541652838
0.01827541645776105
0.018748543545346052
0.019179301042998073
0.01997726165340263
0.020697544682263383
0.021213041359781373
0.021848585208776153
0.022434697869515786
0.024701470930930506
0.028373502058455912
0.030922739052757203
0.032313873922223554
0.03357083842356879
0.03468657095847074
0.03551983956048612
0.03624012258934687
0.03690391283163031
0.037546518278947255
0.03818206212794204
0.03875405159203734
0.039177747491367196
0.0396508745789522
0.04007457047828206
0.040462958386001086
0.04077366871217632
0.041211487808150496
0.0417834772722458
0.04248257550614006
0.04299807218365805
0.04357006164775335
0.044177359103459476
0.04484114934574292
0.04552612438299285
0.04632408499339741
0.0475881110930648
0.04871796682461108
0.04989725374441251
0.05150023656354379
0.052997295407842614
0.054346060687375984
0.055814873138386144
0.05697297526322108
0.0582511245595328
0.059599889839066174
0.060962778315243875
0.06199377167027985
0.06281997867397307
0.0638792184222977
0.06469130222934659
0.06555281722465063
0.06610362189377944
0.0667038577511634
0.06736058639512467
0.0680455614323746
0.06882233724781267
0.06971916023472753
0.07058067523003156
0.07149868301191292
0.07248730677701591
0.07356773132030704
0.07509303655789451
0.07635000105923975
0.07724682404615461
0.07814364703306946
0.07885686846360805
0.07957008989414664
0.08018444894817493
0.0808411775921362
0.08152615262938613
0.08218994287166957
0.08279017872905353
0.083369229791471
0.08411069761529824
0.08472505666932653
0.08525467654348885
0.0858760971958393
0.08656107223308923
0.08716130809047319
0.0878321599310788
0.08858068935322821
0.0893715883653106
0.09026841135222546
0.09116523433914032
0.09198437974451137
0.0927682171582716
0.09337551461397772
0.09404636645458334
0.09478783427841057
0.09554342529888214
0.09622840033613209
0.09704754574150314
0.09766190479553143
0.09824095585794888
0.09889768450191017
0.09941318117942816
0.09999929384016779
0.10052185211600793
0.10117858075996922
0.10203303415695109
0.10292985714386595
0.10388317291735812
0.10463170233950753
0.1054861557364894
0.1063547323301156
0.10729392490696345
0.10804245432911286
0.10881216854622876
0.1094547739935457
0.11005500985092966
0.1105210753401925
0.11114955759086512
0.11170742385831609
0.11230059811737789
0.11299969635127215
0.11371291778181074
0.11453912478550395
0.11505462146302194
0.11560542613215075
0.11606443002309143
0.11661523469222024
0.1172154705496042
0.11794987677510928
0.11872665259054735
0.11958110598752922
0.12030845061471214
0.12120527360162699
0.12211621978518618
0.12297773478049022
0.12363446342445149
0.12431237686337926
0.12501853669559568
0.12583768210096674
0.12662151951472697
0.1273276793469434
0.12801265438419332
0.12848578147177833
0.12895890855936332
0.12936848126204886
0.12978511556305655
0.13032179703554103
0.13079492412312602
0.13124686641574454
0.13155757674191976
0.1320024574362161
0.13237672214729082
0.13270861726843253
0.13307582038118507
0.1335630706654144
0.13423392250602
0.1347706039785045
0.13551207180233174
0.13616173884797084
0.13676903630367698
0.1372562865879063
0.13758818170904802
0.1380683703949552
0.13849206629428504
0.13885220780871543
0.13924059571643446
0.13957249083757617
0.13995381714697305
0.14031395866140342
0.1406529153808673
0.14103424169026418
0.14130258242650642
0.14160623115435947
0.1419593110704677
0.1422558981999986
0.14272196368926143
0.14342812352147785
0.1438941890107407
0.1443673160983257
0.14487575117752152
0.14529944707685138
0.1456101574030266
0.14593499092584616
0.14626688604698787
0.1466340891597404
0.14702247706745944
0.14795460804598512
0.14899266299934327
0.14986830119129163
0.15063095381008537
0.15134417524062396
0.15247403097217024
0.15324374518928616
0.1539428434231804
0.15471961923861846
0.15531985509600243
0.15598364533828588
0.15663331238392497
0.1574807041825847
0.1583069111862779
0.1588224078637959
0.15942264372117984
0.15978984683393238
0.1603265283064169
0.16089851777051217
0.16147756883292966
0.16188714153561518
0.16231789903326718
0.16276277972756353
0.16315822923360473
0.1641115450070969
0.1654744334832746
0.16660428921482087
0.16749405060341357
0.16824964162388514
0.16915352620912216
0.16984556284469426
0.17042461390711175
0.17106721935442867
0.17167451681013482
0.17227475266751877
0.1729244197131579
0.1734540395873202
0.17401190585477117
0.17453446413061133
0.17502171441484066
0.17560076547725811
0.17626455571954155
0.17680123719202603
0.17738028825444352
0.17820649525813673
0.17894796308196398
0.17959056852928093
0.1801837427883427
0.1806780546708942
0.1812924137249225
0.18177966400915183
0.18223160630177035
0.182732979782644
0.18311430609204088
0.18356624838465938
0.18410292985714385
0.18469610411620566
0.18538107915345559
0.18591069902761792
0.18660979726151217
0.18720297152057397
0.18790206975446822
0.18850936721017436
0.18912372626420265
0.18983694769474121
0.19034538277393706
0.19093855703299886
0.19151760809541632
0.1919554271913905
0.19242149268065334
0.19302879013635946
0.19356547160884394
0.19421513865448306
0.1948012513152227
0.19538030237764015
0.1959875998333463
0.19652428130583077
0.1970115315900601
0.19769650662731003
0.19814844891992853
0.1985721448192584
0.1989817175219439
0.19949015260113975
0.19998446448369123
0.20045052997295407
0.2009801498471164
0.20148858492631222
0.20211000557866268
0.20268905664108014
0.20332460049007492
0.2041366842971238
0.20487815212095106
0.20553488076491233
0.20605037744243032
0.20655175092330397
0.20713080198572145
0.20768160665485025
0.20828184251223422
0.20877615439478572
0.20931989746559237
0.20977890135653304
0.2102237820508294
0.2106333547535149
0.21109942024277775
0.21159373212532925
0.21226458396593484
0.21281538863506366
0.2134156244924476
0.21408647633305322
0.2146443426005042
0.21516690087634435
0.21558353517735204
0.21595073829010458
0.21633206459950144
0.2167204525072205
0.21715827160319467
0.21759609069916885
0.21799154020521005
0.21842935930118423
0.2188883631921249
0.21945329105789804
0.22015945089011446
0.22110570506528449
0.22188954247904472
0.22263101030287194
0.22359844927300845
0.22433285549851353
0.22494721455254182
0.22547683442670413
0.22604176229247727
0.22641602700355198
0.22685384609952616
0.22723517240892305
0.22775066908644104
0.22819554978073736
0.22873223125322184
0.2293183439139615
0.22993976456631193
0.23042701485054126
0.23090720353644845
0.23142270021396644
0.23189582730155142
0.23232658479920346
0.2328279582800771
0.23345644053074974
0.23426852433779863
0.2350241153582702
0.23552548883914384
0.23630932625290407
0.2367400837505561
0.2371355332565973
0.23752392116431634
0.23799704825190132
0.2383642513646539
0.2387738240673394
0.23904922640190382
0.23933875193311255
0.23967064705425425
0.23995311098714084
0.2402143901250609
0.24048979245962532
0.24069457881096806
0.24099822753882114
0.24129481466835204
0.24157021700291645
0.24190211212405816
0.24229756163009936
0.2425447175713751
0.2428766126925168
0.24314495342875905
0.243356801378424
0.2436322037129884
0.24406296121064042
0.24439485633178212
0.2446773202646687
0.2449739073941996
0.24527755612205265
0.24561651284151656
0.24605433193749074
0.24645684304185408
0.24701470930930508
0.24738897402037976
0.24788328590293127
0.2482363658190395
0.24855413774353688
0.24899901843783323
0.24934503675561925
0.24960631589353935
0.24994527261300323
0.25026304453750065
0.2507008636334748
0.25126579149924794
0.2518448425616654
0.2523391544442169
0.2530100062848225
0.25373735091200544
0.25428109398281207
0.2547612826687192
0.2552979641412037
0.25578521442543306
0.2563642654878505
0.25681620778046904
0.25730345806469834
0.25780483154557204
0.25815084986335807
0.2585604225660436
0.25890644088382964
0.2592312744066492
0.2594854919462471
0.2597891406741002
0.2601987133767857
0.2605729780878604
0.2609189964056465
0.26135681550162065
0.2618793737774608
0.26231719287343497
0.2627267655761205
0.2632422622536385
0.26360240376806887
0.26406140765900954
0.26457690433652753
0.26505003142411254
0.26536780334860993
0.2657773760512955
0.2663423039170686
0.26678012301304277
0.2672250037073391
0.26761339161505815
0.26810770349760965
0.2685878921835168
0.2689550952962694
0.2695553311536533
0.27000021184794964
0.2705580781154006
0.2709747124164083
0.2714478395039933
0.271906843394934
0.2722316769177536
0.27259181843218394
0.2729731447415808
0.273326224657689
0.27372873576205237
0.2741171236697714
0.2745055115774904
0.2748020987070213
0.2751057474348744
0.2754164577610496
0.2759390160368898
0.2763062191496423
0.2765674982875624
0.276849962220449
0.27715361094830204
0.27740782848789997
0.277711477215753
0.2779586331570288
0.27825522028655963
0.27860830020266786
0.2789613801187761
0.27944863040300544
0.2799076342939461
0.2803383917915981
0.280677348511062
0.2809880588372372
0.28166597227616497
0.2823368241167706
0.28279582800771125
0.2831630311204638
0.2835231726348942
0.2838409445593916
0.2841940244754998
0.28465302836644046
0.2852179562322136
0.28575463770469806
0.2862842575788604
0.2867361998714789
0.28708927978758714
0.2874070517120845
0.28776013162819275
0.2881202731426231
0.2884804146570535
0.28886174096645034
0.2892642520708137
0.28957496239698893
0.2899139191164528
0.29019638304933937
0.2906695101369244
0.29122737640437535
0.2916369491070609
0.2920535834080686
0.2924278481191433
0.29278798963357366
0.2931410695496819
0.2935153342607566
0.29386841417686477
0.2942073708963287
0.29456751241075907
0.29490646913022295
0.2953301650295528
0.29561969056076154
0.29603632486176923
0.2963399735896223
0.2967424846939856
0.297060256618483
0.2972791661664701
0.2977028620658
0.2980276955886195
0.29835252911143906
0.2987056090275473
0.29903044255036687
0.29938352246647504
0.29963774000607296
0.3001249902903023
0.30049925500137703
0.30088764290909603
0.30119129163694913
0.3015090635614465
0.30197512905070933
0.30237057855675054
0.30279427445608037
0.30321797035541026
0.3036416662547401
0.30416422453058023
0.3046514748148096
0.3051810946889719
0.3056330369815904
0.3060073016926651
0.3064592439852836
0.30681232390139185
0.3072148350057552
0.30745492934870877
0.3078291940597835
0.30823170516414683
0.3085777234819329
0.30890255700475244
0.30939686888730394
0.30986999597488896
0.31014539830945337
0.31044198543898427
0.3107950653550925
0.31105634449301256
0.31135293162254346
0.31169188834200734
0.31205909145475985
0.31235567858429075
0.31263108091885516
0.3129135448517417
0.31322425517791697
0.3134996575124814
0.31391629181348907
0.3143964804993962
0.31492610037355856
0.3153074266829554
0.31561813700913066
0.3159712169252389
0.31646552880779033
0.31701633347691915
0.317482398966182
0.31790609486551186
0.31834391396148604
0.31867580908262777
0.3192054289567901
0.3197703568225632
0.3202364223118261
0.32067424140780026
0.32106969091384147
0.32152869480478213
0.3219453291057898
0.322298409021898
0.32270798172458354
0.3230963696323026
0.32345651114673296
0.32384489905445196
0.3240779317990834
0.3243321493386813
0.3246499212631787
0.32489707720445443
0.32527134191552914
0.325610298634993
0.3259068857645239
0.32616110330412185
0.3264223824420419
0.3266977847766063
0.3270014335044594
0.3273615750188898
0.32771465493499796
0.32808185804775053
0.32852673874204685
0.3289574962396989
0.32941650013063956
0.3298260728333251
0.3302215223393663
0.3304192470923869
0.33074408061520644
0.33107597573634817
0.3313443164725904
0.33159147241386616
0.3318668747484306
0.3322623242544718
0.33267895855547946
0.33303910006990983
0.333349810396085
0.3335545967474278
0.33385824547528087
0.33411952461320094
0.33449378932427565
0.3349033620269612
0.33533411952461323
0.3359131705870307
0.3363227432897162
0.33666170000918005
0.33697947193367744
0.33728312066153054
0.33753733820112847
0.33786923332227015
0.3382152516400562
0.3386036395477752
0.3389214114722726
0.339366292166569
0.33966994089442204
0.34002302081053026
0.340397285521605
0.3406726878561694
0.3410610757638884
0.34160481883469507
0.3420496995289914
0.34241690264174396
0.34275585936120784
0.3431301240722825
0.34356088156993453
0.34381509910953245
0.34405519345248603
0.344267041402151
0.3445636285316819
0.3448602156612128
0.34511443320081064
0.3454322051253081
0.3458205930330271
0.34615954975249097
0.34651969126692134
0.34677390880651926
0.3471340503209496
0.34741651425383624
0.3476989781867228
0.348009688512898
0.3483062756424289
0.34867347875518145
0.3492525298175989
0.34970447211021743
0.3500081208380705
0.3503188311642457
0.35062247989209877
0.35088375903001884
0.35123683894612706
0.3516887812387456
0.3519359371800213
0.3522819554978074
0.3526067890206269
0.35288219135519133
0.3531505320914336
0.35345418081928665
0.35370839835888457
0.353983800693449
0.3541885870447917
0.35455579015754424
0.3548241308937865
0.3552125188015055
0.35554441392264724
0.3558904322404333
0.3561093417884204
0.3563282513364075
0.35661071526929405
0.3568437480139255
0.35710502715184556
0.35740161428137646
0.3577829405907733
0.35827019087500267
0.3585385316112449
0.35886336513406447
0.3591528906652732
0.35939298500822675
0.35976724971930146
0.3601697608236648
0.36052990233809523
0.3608617974592369
0.3611089534005127
0.3613984789317214
0.3617515588478296
0.36208345396897135
0.3624082874917909
0.36265544343306666
0.36297321535756405
0.36344634244514906
0.3640395167042108
0.364604444569984
0.3650281404693138
0.36538122038542203
0.3657484234981746
0.3659179018579065
0.36627098177401474
0.36658169210019
0.36689240242636517
0.36728079033408423
0.3675632542669708
0.3678174718065687
0.3680575661495223
0.3682764756975094
0.3685236316387851
0.3688272803666382
0.3691238674961691
0.36934983864247833
0.3695405017971768
0.3697311649518752
0.36987945851664067
0.3700559984746948
0.3702607848260375
0.3705008791689911
0.3707480351102669
0.3709740062565761
0.37117879260791886
0.37139770215590595
0.3716519196955039
0.37187789084181316
0.37213210838141103
0.3723792643226868
0.3726687898538955
0.3729936233767151
0.3732337177196687
0.3734808736609444
0.3737280296022202
0.3739610623468516
0.3742223414847717
0.37444125103275877
0.37463897578577937
0.37490025492369944
0.37516859565994165
0.37541575160121743
0.37561347635423803
0.37578295471396994
0.3759241866804132
0.37613603463007816
0.3764255601612869
0.37670096249585133
0.377032857616993
0.3773506295414904
0.3777319558508873
0.378063850972029
0.37835337650323775
0.37867114842773514
0.3789112427706887
0.37924313789183045
0.37956090981632784
0.3798221889542479
0.38016820727203393
0.380556595179753
0.38094498308747204
0.38136161738847973
0.38175000529619874
0.3822090091871394
0.38266801307808007
0.38303521619083264
0.3834447888935182
0.38380493040794855
0.38412270233244594
0.38433455028211083
0.3846593838049304
0.38491360134452834
0.3851183876958711
0.3853443588421803
0.38561976117674474
0.38591634830627564
0.3861352578542627
0.3863329826072833
0.3865165841636596
0.3867990480965462
0.38705326563614406
0.3873427911673528
0.3876817478868167
0.38804188940124706
0.38844440050561047
0.3888398500116516
0.3893412234925253
0.38979316578514384
0.3901744920945407
0.3905840647972262
0.3909865759015896
0.39124785503950965
0.39158681175897353
0.39196107647004824
0.3923424027794451
0.3926954826955533
0.39297088503011773
0.3933733961344811
0.3938959544103212
0.3942772807197181
0.3945526830542825
0.3948351469871691
0.395174103706633
0.3954283212462309
0.39560486120428495
0.39580258595730555
0.39604974189858133
0.3962898362415349
0.3966641009526096
0.39693244168885183
0.3972572752116714
0.3976174167261018
0.39792106545395484
0.39829533016502955
0.3985636709012718
0.3988602580308027
0.39910741397207844
0.3993333851183877
0.3996299722479186
0.399905374582483
0.4002231465069804
0.40047030244825615
0.4007951359710757
0.40108466150228445
0.40135300223852666
0.4016354661714132
0.4019391148992663
0.4022145172338307
0.4024757963717508
0.4028218146895368
0.4032666953838332
0.40359152890665273
0.4040081632076604
0.4045024750902119
0.40514508053752885
0.4055546532402144
0.4059501027462556
0.40631024426068596
0.4066350777835055
0.4069104801180699
0.4072282520425673
0.4075319007704204
0.4079697198663946
0.40842166215901304
0.40884535805834293
0.40927611555599497
0.40968568825868046
0.4100881993630438
0.41039890968921905
0.41071668161371644
0.41106976152982466
0.4114793342325102
0.4119100917301622
0.4122349252529818
0.41251738918586833
0.4128069147170771
0.41308937864996365
0.41340008897613884
0.4137672920888914
0.4140144480301671
0.414353404749631
0.41464293028083976
0.4149253942137263
0.4151866733516464
0.41550444527614383
0.41569510843084223
0.4159069563805072
0.4161117427318499
0.4163518370748035
0.4165989930160793
0.41683908735903286
0.4171003664969529
0.41734752243822865
0.417877142312391
0.41831496140836516
0.4186186101362182
0.41892932046239345
0.4191341068137362
0.4193953859516563
0.4196778498845429
0.4199532522191073
0.42015803857045003
0.4204193177083701
0.4206452888546794
0.42085007520602213
0.42107604635233137
0.42134438708857364
0.4216268510214602
0.42191637655266895
0.42218471728891116
0.4223753804436096
0.42255898199998587
0.4227708299496508
0.42304623228421523
0.42333575781542393
0.4236464681415992
0.42392893207448573
0.4241690264174393
0.424543291128514
0.4248398782580449
0.42511528059260933
0.42539068292717375
0.42563783886844947
0.4259203028013361
0.42613921234932317
0.42633693710234377
0.42659821624026384
0.42704309693456016
0.4274314848422792
0.42775631836509875
0.4281164598795291
0.4283636158208049
0.4286107717620806
0.4288791124983229
0.42923219241443106
0.4295005331506733
0.4296911963053718
0.42990304425503667
0.4301784465896011
0.43073631285705205
0.4311882551496706
0.43160488945067826
0.4321556941198071
0.4324734660443045
0.43271356038725806
0.4329395315335673
0.4331937490731652
0.43354682898927344
0.4338857857087373
0.4341823728382682
0.4344507135745104
0.43473317750739704
0.4350156414402836
0.43527692057820366
0.4355311381178016
0.4357782940590773
0.43601132680370874
0.4362514211466623
0.4364915154896159
0.4366963018409587
0.43699995056881175
0.4373389072882756
0.4376072480245179
0.43786852716243796
0.4380733135137807
0.43828516146344565
0.4385393790030436
0.43869473416613114
0.4388430277308966
0.439033690885595
0.43930909322015943
0.43958449555472384
0.43985989788928825
0.44013530022385267
0.4404107025584171
0.44077084407284745
0.4410603696040562
0.4413357719386206
0.44161117427318497
0.4419218845993602
0.4421831637372803
0.4423950116869452
0.4426068596366102
0.44286107717620804
0.44317884910070543
0.44347543623023633
0.4437649617614451
0.44400505610439867
0.44434401282386254
0.4446052919617826
0.4448100783131254
0.4450289878611125
0.4452196510158109
0.4454244373671537
0.4456362853168186
0.4459187492497052
0.44609528920775926
0.4462577059691691
0.44641306113225665
0.4466037242869551
0.4468226338349422
0.4469779889980298
0.4471404057594396
0.44732400731581584
0.44754291686380293
0.4477900728050787
0.44803722874635443
0.4482985078842745
0.4486445262020606
0.4489764213232023
0.44925888525608887
0.44961902677051924
0.44996504508830526
0.45033930979937997
0.450770067297032
0.45109490081985154
0.45151153512085923
0.45185049184032317
0.4521258941748875
0.45245778929602926
0.45270494523730503
0.4530085939651581
0.453220441914823
0.45342522826616577
0.4536300146175085
0.45391247855039507
0.4541878808849595
0.45443503682623526
0.4547386855540883
0.45502114948697486
0.45531773661650576
0.4556496317376475
0.45591091087556757
0.45620749800509847
0.45642640755308556
0.45677242587087163
0.45709725939369117
0.4573797233265777
0.45764806406282
0.4579375895940287
0.45822711512523745
0.4585590102463792
0.45889090536752086
0.459152184505441
0.45950526442154915
0.45978772835443577
0.46012668507389964
0.4603879642118197
0.46064218175141763
0.46079047531618306
0.4610517544541031
0.4612212328138351
0.4614118959685335
0.4616096207215541
0.46182146867121904
0.4621251173990721
0.4623652117420257
0.4625558748967241
0.4626971068631674
0.4629018932145102
0.4631208027624973
0.463367958703773
0.4636433610383374
0.46385520898800237
0.46411648812592243
0.46440601365713113
0.46466023119672906
0.46486501754807186
0.46518278947256925
0.4656135469702212
0.4660725508611619
0.4663903227856593
0.4665527395470691
0.466891696266533
0.4672024065927082
0.4674001313457288
0.4677037800735819
0.4679721208098241
0.4681910303578112
0.4683958167091539
0.4686217878554632
0.4689960525665379
0.46934913248264615
0.46956804203063324
0.4697869515786203
0.46999173792996307
0.47018946268298367
0.4703377562477491
0.47050723460748106
0.470676712967213
0.47090268411352226
0.4710792240715764
0.47119220964473096
0.4713758112011073
0.4715523511591614
0.4717430143138598
0.4718983694769474
0.47211021742661236
0.4722373261964113
0.47242798935110975
0.47259746771084166
0.4728658084470839
0.47312002598668185
0.4733459971329911
0.4735225370910452
0.4737414466390323
0.4739956641786302
0.47424988171822813
0.47441936007796004
0.4745676536427255
0.4748218711823234
0.4750054727386997
0.4752173206883646
0.4754715382279625
0.4759164189222589
0.47626949883836706
0.47659433236118665
0.47684148830246237
0.47708864424373815
0.4773499233816582
0.47759707932293394
0.4778089272725989
0.4780137136239416
0.47819731518031794
0.4784374095232715
0.4788540438242792
0.4790941381672328
0.4793412941085085
0.4796166964430729
0.4798850371793152
0.48004745394072496
0.4802310554971012
0.48045702664341045
0.4806900593880419
0.48095840012428415
0.4812408640571707
0.481382096023614
0.4816080671699232
0.4818057919229438
0.48196114708603144
0.4821023790524747
0.48228598060885103
0.4824907669601938
0.48267436851657003
0.48290740126120146
0.4830910028175777
0.48334522035717564
0.48356412990516273
0.4837265466665725
0.483874840231338
0.4840796265826807
0.48435502891724513
0.4845951232601987
0.48489877198805176
0.485167112724294
0.48537896067395897
0.4855060694437579
0.4856755478034898
0.48578853337664446
0.4859933197279872
0.4861416132927527
0.48634639964409543
0.4865088164055052
0.48667829476523716
0.4868618963216134
0.48707374427127836
0.48731383861423194
0.4874974401706082
0.4876457337353737
0.48775871930852827
0.4879776288565154
0.4881682920112138
0.48837307836255656
0.48857786471389936
0.488733219876987
0.4889380062283297
0.4891781005712833
0.4894746877008142
0.48970065884712344
0.48989838360014404
0.490067861959876
0.49027970990954095
0.49051274265417233
0.49071046740719293
0.490971746545113
0.49130364166625473
0.4915154896159197
0.4917414607622289
0.4919462471135717
0.4921580950632366
0.4923770046112237
0.4925111749793448
0.49274420772397626
0.4930054868618963
0.49318202681995044
0.49345036755619265
0.4936622155058576
0.4938881866521668
0.4940788498068653
0.4943542521414297
0.4948273792290147
0.4951663359484786
0.4955123542662646
0.49580187979747337
0.4960137277471383
0.4962538220900919
0.4964233004498238
0.49671282598103256
0.49695292032398614
0.49722126106022835
0.49747547859982627
0.4977579425327128
0.49804040646559944
0.49823813121862004
0.4984429175699628
0.4987183199045272
0.49895135264915863
0.49912083100889054
0.49922675498372304
0.49944566453171013
0.499657512481375
0.49981286764446264
0.4999823460041946
0.5001165163723157
0.5002789331337255
0.5004131035018466
0.5007167522296997
0.500985092965942
0.5013028648904393
0.5015147128401042
0.5017053759948027
0.5019101623461454
0.5022279342706428
0.5024397822203077
0.5026798765632613
0.5029199709062149
0.503096510864269
0.5032377428307123
0.5034425291820551
0.5036685003283643
0.5040639498344055
0.5045512001186349
0.5049325264280318
0.5052291135575626
0.5055327622854157
0.5057446102350807
0.5059423349881013
0.506147121339444
0.5063519076907868
0.506535509247163
0.5067967883850831
0.5070580675230032
0.5072275458827351
0.5074040858407892
0.5075806257988433
0.507743042560253
0.5080184448948175
0.5083785864092478
0.508724604727034
0.50907062304482
0.5095366885340828
0.5098403372619359
0.5100310004166343
0.5102357867679771
0.5103982035293868
0.5106665442656291
0.5108925154119384
0.5111184865582475
0.5112809033196574
0.5114856896710002
0.5116481064324099
0.5118034615954975
0.5120435559384511
0.5122765886830826
0.5125519910176469
0.5128062085572448
0.5129756869169768
0.513159288473353
0.5132440276532191
0.513371136423018
0.513498245192817
0.5137030315441597
0.5139290026904689
0.5141832202300669
0.5143809449830875
0.5145221769495307
0.514705778505907
0.5149317496522163
0.5151859671918142
0.5155390471079224
0.5158073878441647
0.5160474821871183
0.5163158229233604
0.5165347324713475
0.5167607036176568
0.5170361059522213
0.5172338307052419
0.5174386170565846
0.5176222186129609
0.517756388981082
0.5179823601273912
0.5181800848804118
0.5183354400434994
0.518490795206587
0.5186461503696747
0.5188579983193397
0.51921813983377
0.5195570965532339
0.5198466220844425
0.5201855788039065
0.5204539195401487
0.5206869522847801
0.5210047242092776
0.5212801265438419
0.5215625904767285
0.5218168080163265
0.5220145327693471
0.5221981343257233
0.5223676126854552
0.522572399036798
0.5227913085847851
0.5230243413294166
0.5232714972706922
0.5235115916136458
0.5237869939482103
0.5241471354626406
0.5244295993955271
0.5246908785334473
0.5249521576713674
0.5251357592277436
0.5253829151690194
0.5257148102901611
0.5258984118465373
0.5261314445911688
0.5262938613525785
0.5264986477039213
0.5266398796703646
0.52678817323513
0.5268799740133182
0.5270494523730501
0.527176561142849
0.5274095938874805
0.5276426266321119
0.5278756593767433
0.5279674601549315
0.5280733841297639
0.5282640472844624
0.5284547104391608
0.5286736199871479
0.5288007287569468
0.5290337615015782
0.529196178262988
0.5294080262126529
0.529584566170707
0.5297752293254056
0.5299517692834597
0.5301141860448694
0.5302907260029235
0.5305449435425215
0.5308768386636631
0.5310816250150059
0.53125816497306
0.5314205817344698
0.531646552880779
0.5318372160354775
0.5320631871817867
0.5322538503364852
0.5324939446794388
0.5326846078341372
0.5328611477921913
0.5330306261519232
0.5331506733234
0.5333695828713871
0.5335531844277633
0.5337862171723948
0.5340192499170262
0.5341957898750803
0.5343864530297787
0.5346406705693767
0.5348101489291086
0.5350573048703844
0.535255029623405
0.5354668775730699
0.5357140335143457
0.5359611894556214
0.5361659758069641
0.5364343165432064
0.5367520884677037
0.5371334147771006
0.5374370635049537
0.5377477738311289
0.5380302377640155
0.5382773937052913
0.5385174880482448
0.5387152128012654
0.5389058759559638
0.5390753543156959
0.5392307094787834
0.5394001878385154
0.5395767277965695
0.5397391445579792
0.539901561319389
0.5401416556623426
0.540417057996907
0.540671275536505
0.540890185084492
0.5410526018459018
0.5412291418039559
0.5413491889754327
0.5415257289334868
0.5417658232764404
0.5419988560210718
0.5422107039707368
0.5424084287237574
0.5427120774516104
0.542909802204631
0.5431852045391954
0.5434606068737599
0.5436583316267805
0.5438913643714118
0.5441102739193989
0.5443079986724195
0.5445834010069839
0.5447952489566489
0.5450353432996025
0.5452260064543009
0.5454731623955766
0.545706195140208
0.5459886590730946
0.5461651990311487
0.5463346773908806
0.5465818333321564
0.5468007428801435
0.5469843444365198
0.547252685172762
0.5474504099257826
0.5476057650888703
0.5477893666452465
0.5479588450049784
0.5481636313563212
0.5483896025026305
0.5485802656573289
0.5487497440170608
0.5488839143851819
0.5490251463516252
0.549272302292901
0.5494135342593442
0.5496324438073313
0.5498372301586741
0.5499643389284731
0.550091447698272
0.5502750492546483
0.550437466016058
0.5506351907690786
0.5509176547019653
0.551164810643241
0.551376658592906
0.5515885065425709
0.5518568472788131
0.5520757568268002
0.5523299743663981
0.5526053767009625
0.5528101630523052
0.5529867030103593
0.5531703045667357
0.5533468445247898
0.5535375076794882
0.5537352324325088
0.5539541419804959
0.5542083595200937
0.5543990226747922
0.5546249938211014
0.5548015337791555
0.5549286425489546
0.55507693611372
0.5553099688583514
0.5554865088164055
0.5556842335694261
0.5559455127073462
0.5560938062721116
0.5562491614351992
0.5563621470083538
0.5565245637697637
0.556842335694261
0.5570824300372146
0.5573366475768126
0.5575414339281553
0.5576967890912429
0.5578027130660754
0.5579368834341965
0.5580781154006398
0.5581557929821835
0.5582687785553382
0.5584453185133923
0.5585724272831912
0.5587489672412453
0.5588619528144
0.5589325687976217
0.5590031847808433
0.5591373551489645
0.5592715255170856
0.5594339422784953
0.5595822358432607
0.5598011453912478
0.5599988701442684
0.5601330405123895
0.5603590116586988
0.5605779212066859
0.5607191531731293
0.5609310011227941
0.5610863562858818
0.5612628962439359
0.5614676825952786
0.5617007153399101
0.561827824109709
0.5619690560761523
0.5621102880425956
0.5622373968123945
0.5623998135738043
0.5625339839419254
0.5626752159083687
0.5627387702932681
0.5629294334479666
0.563120096602665
0.5633531293472964
0.5636355932801831
0.5637556404516598
0.5639039340164252
0.5640522275811908
0.564151089957701
0.5642923219241444
0.5645465394637422
0.5648219417983066
0.5650832209362268
0.5652526992959587
0.56548573204059
0.5658388119566983
0.5660506599063632
0.5662483846593838
0.5664461094124044
0.5665661565838812
0.5666932653536801
0.5669121749016672
0.5671663924412652
0.5673782403909301
0.5675618419473063
0.5676889507171053
0.5678584290768373
0.5679855378466362
0.5681408930097238
0.5682609401812007
0.5684092337459661
0.568663451285564
0.5689529768167727
0.5692142559546928
0.5694331655026799
0.5696661982473114
0.5698639230003318
0.5700687093516746
0.5702381877114066
0.5703935428744942
0.570555959635904
0.5707395611922803
0.5708666699620792
0.5710432099201334
0.5713397970496642
0.5716151993842287
0.5717705545473163
0.571975340898659
0.5721801272500018
0.5723778520030224
0.5725473303627543
0.5726815007308754
0.5728933486805403
0.5730840118352388
0.573267613391615
0.5735006461362465
0.5735853853161125
0.5737478020775222
0.5739808348221537
0.574213867566785
0.5743621611315505
0.5745316394912825
0.5748070418258469
0.5750895057587334
0.575244860921821
0.5754567088714859
0.5756403104278622
0.5757744807959834
0.575929835959071
0.5761134375154472
0.5762476078835683
0.5763747166533674
0.5765653798080658
0.5767419197661199
0.5769255213224961
0.5770455684939729
0.5772079852553827
0.5774057100084034
0.577610496359746
0.577864713899344
0.5780765618490089
0.578295471396996
0.5784931961500166
0.5786273665181377
0.5788250912711583
0.5790086928275345
0.5791852327855886
0.5793335263503542
0.5794818199151196
0.5796866062664624
0.5798560846261943
0.5800679325758592
0.5802797805255242
0.5804775052785447
0.5807175996214984
0.5808729547845859
0.5810706795376065
0.581303712282238
0.5814661290436477
0.5817274081815678
0.581953379327877
0.5821511040808977
0.582341767235596
0.5825818615785497
0.5827513399382817
0.5828713871097584
0.5830408654694904
0.5832032822309001
0.5833798221889542
0.5835210541553976
0.5836905325151295
0.5838529492765393
0.5840294892345934
0.5841989675943253
0.5843048915691578
0.5844531851339232
0.5846226634936551
0.5848556962382866
0.5850746057862737
0.5852864537359386
0.585477116890637
0.5855971640621138
0.5857807656184901
0.5859008127899669
0.5860137983631215
0.586119722337954
0.5861973999194978
0.5863739398775519
0.5865292950406396
0.5866422806137941
0.5867835125802374
0.5868964981533921
0.5870094837265467
0.5871295308980234
0.5873131324543998
0.5874261180275544
0.5875037956090982
0.587623842780575
0.5877933211403069
0.587969861098361
0.5882311402362811
0.5884359265876239
0.5886407129389666
0.5888313760936651
0.5889867312567526
0.5891773944114511
0.5892903799846058
0.5893963039594382
0.5895163511309149
0.5896646446956805
0.5897493838755464
0.5898906158419897
0.5901024637916547
0.590335496536286
0.5906108988708504
0.59093573239367
0.5912393811215231
0.5914371058745437
0.5916560154225308
0.5918466785772292
0.5920726497235385
0.5922703744765591
0.5925175304178347
0.5927223167691775
0.5928776719322651
0.5930047807020641
0.5931671974634739
0.5933154910282393
0.593470846191327
0.5935908933628037
0.5937886181158243
0.5940004660654893
0.5942546836050872
0.5944312235631413
0.5946077635211954
0.5948125498725382
0.5949749666339479
0.595109137002069
0.5952574305668344
0.5953916009349556
0.5955257713030767
0.5956528800728756
0.5958506048258962
0.5960765759722055
0.5962531159302596
0.596436717486636
0.5965497030597906
0.596740366214489
0.5968604133859657
0.5969733989591204
0.5971075693272415
0.5972841092852956
0.5975030188332827
0.5977360515779141
0.5979549611259012
0.5982303634604657
0.5984422114101305
0.5985340121883187
0.598675244154762
0.5988376609161717
0.5990071392759037
0.5992189872255687
0.5993390343970454
0.5995438207483882
0.5997415455014088
0.5998757158695299
0.600052255827584
0.6002358573839602
0.600440643735303
0.600610122095035
0.6007513540614783
0.6009773252077876
0.6012597891406741
0.6014575138936947
0.6016552386467153
0.6018247170064472
0.6020083185628236
0.6021495505292668
0.602417891265509
0.6026932936000734
0.6028415871648389
0.603060496712826
0.6033005910557796
0.6034771310138337
0.6037031021601429
0.6038019645366532
0.6039785044947074
0.604133859657795
0.6042397836326274
0.6043527692057821
0.6045010627705475
0.6046564179336351
0.6048612042849779
0.6051083602262536
0.6053131465775964
0.6055320561255835
0.6056874112886711
0.6058710128450473
0.6060404912047793
0.6062311543594777
0.606372386325921
0.6065277414890087
0.6067042814470627
0.6069655605849829
0.6071491621413591
0.6073680716893461
0.6075234268524338
0.6077140900071322
0.6079259379567972
0.6081095395131734
0.6083778802494156
0.608568543404114
0.6087380217638461
0.6088792537302893
0.6090063625000882
0.6091546560648538
0.60933825762123
0.6094724279893511
0.6095854135625057
0.6097407687255934
0.6098678774953923
0.6100302942568021
0.6102138958131783
0.6105175445410315
0.6107858852772736
0.6110259796202272
0.6112378275698922
0.6114496755195571
0.6116050306826447
0.6116968314608329
0.6119016178121756
0.6120993425651962
0.612304128916539
0.6124947920712374
0.6126713320292915
0.6128761183806343
0.6130597199370106
0.6131938903051317
0.6133774918615079
0.6135328470245955
0.6136952637860054
0.613942419727281
0.6141260212836573
0.6142601916517785
0.6144014236182217
0.6145779635762758
0.6148039347225851
0.6150087210739279
0.615142891442049
0.6153194314001031
0.6154818481615129
0.6156372033246005
0.6157854968893659
0.6160397144289639
0.6161597616004406
0.6162939319685617
0.6164422255333272
0.6166540734829922
0.6168094286460798
0.6169365374158787
0.617077769382322
0.617204878152121
0.6173672949135307
0.617508526879974
0.6176426972480952
0.6178616067960823
0.6179534075742703
0.6181158243356801
0.6182570563021235
0.6184335962601776
0.618581889824943
0.6186807522014532
0.6188078609712523
0.6188996617494403
0.6191326944940718
0.619273926460515
0.6193516040420589
0.6194575280168914
0.6196340679749455
0.6197682383430666
0.6198600391212548
0.6199306551044763
0.6200083326860202
0.6201919342423964
0.6202978582172289
0.620389658995417
0.6205308909618603
0.6206862461249479
0.6208557244846798
0.6209757716561567
0.6210605108360227
0.6211664348108551
0.6213712211621979
0.6216254387017958
0.6217878554632056
0.621936149027971
0.6220561961994477
0.622239797755824
0.6224445841071669
0.622628185663543
0.6228329720148859
0.6229600807846848
0.6230448199645507
0.6231860519309941
0.6234190846756255
0.623701548608512
0.6239345813531435
0.6241181829095197
0.6242735380726073
0.6244571396289836
0.6246689875786485
0.6248878971266356
0.625036190691401
0.6251632994612001
0.6252974698293212
0.6254245785991202
0.6255516873689191
0.6256717345403958
0.6257917817118727
0.6259188904816716
0.6260459992514705
0.6262084160128804
0.6263002167910685
0.6264767567491226
0.6266391735105323
0.626709789493754
0.6268722062551638
0.6269993150249628
0.6271334853930839
0.6272535325645606
0.627394764531004
0.6275148117024807
0.6276772284638905
0.6278184604303338
0.6279738155934215
0.6281150475598647
0.6283057107145631
0.6284610658776507
0.6286517290323492
0.6288000225971146
0.6289624393585244
0.6291389793165785
0.6292590264880553
0.6293931968561765
0.6295273672242976
0.6297250919773182
0.6299510631236274
0.6301346646800037
0.630367697424635
0.6305866069726221
0.6307419621357098
0.6309538100853748
0.631179781231684
0.6313351363947716
0.6314198755746375
0.6315399227461144
0.6316740931142355
0.6318576946706117
0.6320271730303437
0.6322319593816864
0.63247205372464
0.6326062240927611
0.6327827640508152
0.6328886880256477
0.6330934743769905
0.6332700143350446
0.63341830789981
0.6336372174477971
0.6338420037991399
0.6340467901504827
0.6341527141253152
0.6343786852716243
0.6345057940414234
0.6346893955977996
0.6349436131373976
0.6352331386686062
0.6354167402249825
0.6355720953880701
0.635783943337735
0.6359887296890778
0.6361864544420984
0.6363700559984747
0.6365183495632402
0.6366172119397504
0.6367513823078715
0.6368784910776705
0.6369491070608921
0.6370832774290133
0.6372033246004901
0.6373233717719669
0.637372802960222
0.6374857885333767
0.6376340820981421
0.6377470676712967
0.6378812380394179
0.6380083468092168
0.6381425171773379
0.6382978723404256
0.6384673507001575
0.6386156442649229
0.6387356914363997
0.6388274922145879
0.6389404777877424
0.6390252169676085
0.6392017569256625
0.6393429888921058
0.639434789670294
0.6395548368417707
0.6397101920048583
0.6398019927830465
0.6399361631511676
0.6400420871260001
0.6401762574941212
0.6402468734773429
0.640381043845464
0.6405152142135851
0.6406070149917732
0.640769431753183
0.6409036021213042
0.6410236492927809
0.6411719428575464
0.6413414212172783
0.6414897147820438
0.6416027003551984
0.6417227475266752
0.6418639794931185
0.6419981498612396
0.6421111354343942
0.6422029362125824
0.6423865377689586
0.6425207081370797
0.6426336937102344
0.6427184328901003
0.6428243568649328
0.642873788053188
0.6429726504296983
0.6431068207978193
0.6432339295676184
0.6433822231323838
0.6434669623122498
0.6436293790736596
0.6437211798518476
0.643777672638425
0.6438765350149352
0.6440036437847343
0.6441095677595667
0.64425079972601
0.6443637852991646
0.64451207886393
0.6446603724286956
0.6448298507884275
0.6449569595582264
0.6451405611146027
0.6453029778760124
0.6454936410307109
0.6455995650055434
0.6457266737753423
0.6458749673401077
0.6460444456998397
0.646228047256216
0.6463269096327263
0.6464116488125923
0.646574065574002
0.6467011743438009
0.6468070983186335
0.6468635911052107
0.6469624534817211
0.6471107470464865
0.6471884246280303
0.6472872870045406
0.6474143957743396
0.6475061965525277
0.6475979973307159
0.6476544901172931
0.64777453728877
0.6478875228619245
0.6480287548283679
0.6481770483931333
0.6483959579411204
0.6485795594974967
0.6487843458488394
0.648939701011927
0.6490738713800481
0.649193918551525
0.6493280889196461
0.6494905056810558
0.6496034912542105
0.6498224008021976
0.6500201255552182
0.650224911906561
0.6503590822746821
0.650486191044481
0.6505921150193135
0.6507474701824011
0.6509805029270325
0.6511852892783753
0.6513477060397851
0.651474814809584
0.6516442931693159
0.6517643403407928
0.6519267571022025
0.6520750506669679
0.6522586522233442
0.6524493153780426
0.6525693625495195
0.6526894097209962
0.6527882720975066
0.6528588880807282
0.6530424896371044
0.6532543375867694
0.6534308775448235
0.6535721095112668
0.6537345262726766
0.6539110662307307
0.6540452365988518
0.6541723453686508
0.6543347621300605
0.6545183636864368
0.6547302116361017
0.654871443602545
0.6550621067572434
0.6551539075354316
0.6552810163052305
0.6554081250750294
0.6555422954431506
0.6557400201961712
0.6559165601542253
0.6561213465055681
0.6562696400703335
0.6564461800283876
0.6565591656015423
0.6566650895763747
0.656806321542818
0.6569404919109392
0.6570464158857716
0.6571805862538928
0.6573712494085912
0.6575124813750344
0.657667836538122
0.6578020069062431
0.6579361772743643
0.6580985940357741
0.6582892571904725
0.6584940435418153
0.6586352755082585
0.6588118154663126
0.6589036162445008
0.6590942793991992
0.6592002033740316
0.6593273121438307
0.6594191129220188
0.6595462216918178
0.6596733304616167
0.6597792544364491
0.6598922400096038
0.6599699175911475
0.6601464575492016
0.6602665047206785
0.6604571678753769
0.6605983998418202
0.6607325702099414
0.6608173093898073
0.6609444181596063
0.6610785885277274
0.6612621900841036
0.6614104836488691
0.6615305308203459
0.6616435163935005
0.6618129947532324
0.6619401035230315
0.6620319043012195
0.6621237050794077
0.6622719986441731
0.6623920458156499
0.662568585773704
0.6627592489284024
0.6629287272881343
0.6630346512629669
0.6631476368361214
0.663253560810954
0.6633736079824307
0.6634936551539076
0.6636348871203508
0.6637549342918276
0.6638396734716936
0.6639385358482038
0.6640868294129694
0.6641856917894796
0.6642704309693456
0.664376354944178
0.6644610941240441
0.6646517572787425
0.6648071124418301
0.6649695292032398
0.6650754531780724
0.6651601923579383
0.665273177931093
0.665364978709281
0.6655203338723686
0.6656333194455233
0.6657886746086109
0.6659369681733763
0.6660993849347862
0.6662547400978738
0.6664030336626392
0.6666007584156598
0.6667702367753917
0.6669255919384793
0.6671091934948556
0.6673210414445205
0.6675117045992189
0.667638813369018
0.6677235525488839
0.6678224149253942
0.6679212773019045
0.6680130780800927
0.6681119404566029
0.6682319876280798
0.6683237884062678
0.6684367739794225
0.6685638827492214
0.6687121763139869
0.6688392850837859
0.6689593322552626
0.6690793794267395
0.6691994265982162
0.6692982889747265
0.669404212949559
0.6695383833176801
0.6696372456941905
0.6697149232757342
0.6698561552421776
0.6700256336019095
0.6701386191750641
0.6702374815515744
0.6703222207314403
0.6704210831079507
0.6705199454844609
0.6705693766727161
0.6707671014257367
0.6709718877770795
0.6711201813418449
0.6712543517099661
0.6713532140864763
0.6714803228562752
0.6716286164210408
0.6717133556009067
0.6718757723623164
0.6720311275254041
0.6721794210901696
0.6722429754750691
0.6723630226465458
0.6724830698180226
0.6726666713743988
0.6727867185458757
0.6729208889139968
0.673104490470373
0.6732386608384942
0.6734222623948705
0.6735776175579581
0.6737188495244013
0.6738035887042674
0.6738953894824554
0.6739801286623214
0.6740154366539323
0.6740789910388317
0.6742202230052751
0.6743614549717183
0.6744815021431951
0.674650980502927
0.6748133972643368
0.6749263828374914
0.675039368410646
0.6751382307871564
0.6752724011552775
0.6753712635317878
0.6754771875066202
0.6755689882848084
0.6756537274646743
0.6757314050462182
0.675809082627762
0.6758938218076279
0.6759997457824604
0.6761409777489037
0.67632457930528
0.6764446264767567
0.6765364272549449
0.676628228033133
0.676755336802932
0.6769036303676974
0.6771084167190402
0.6772143406938727
0.6773202646687051
0.6774968046267592
0.6776097901999139
0.6777298373713906
0.6778710693378339
0.6779911165093108
0.6781111636807875
0.6782735804421973
0.6784077508103185
0.6785136747851509
0.6786125371616611
0.6787113995381715
0.6788455699062926
0.6789020626928699
0.6789656170777694
0.6790997874458905
0.6791845266257565
0.6792833890022668
0.6794599289603209
0.6795799761317977
0.6797070849015966
0.6798271320730734
0.6798906864579729
0.6799895488344831
0.68010959600596
0.6801590271942152
0.6802508279724033
0.6803496903489136
0.680455614323746
0.6806109694868336
0.680801632641532
0.6809287414113311
0.681140589360996
0.6812888829257614
0.6814230532938825
0.6815077924737485
0.6816278396452253
0.6817267020217356
0.681832625996568
0.6819950427579778
0.6820727203395216
0.6822068907076427
0.6823198762807974
0.6824187386573077
0.6825317242304624
0.6826447098036169
0.6827506337784495
0.6828565577532819
0.6829766049247586
0.6830966520962355
0.6832237608660344
0.6833014384475782
0.6833932392257663
0.6834567936106658
0.6834991632005988
0.6835980255771091
0.6837745655351632
0.6839299206982509
0.684021721476439
0.6841700150412044
0.6842759390160369
0.6843606781959028
0.6844877869657018
0.6845654645472457
0.6846643269237559
0.6848126204885213
0.6849397292583204
0.6850597764297971
0.685186885199596
0.6853351787643616
0.685441102739194
0.6855611499106707
0.6856529506888589
0.6857800594586578
0.6859283530234234
0.686083708186511
0.6861543241697325
0.6863167409311424
0.6864791576925521
0.6865850816673846
0.6867333752321501
0.6869099151902042
0.6870229007633588
0.6871500095331577
0.6872700567046345
0.6873618574828226
0.6875172126459103
0.6876372598173871
0.6877573069888638
0.6878561693653742
0.6880044629301396
0.688195126084838
0.6883504812479256
0.688541144402624
0.6886753147707452
0.688795361942222
0.6889719019002761
0.6890919490717529
0.6892049346449075
0.6893673514063173
0.6895015217744385
0.6896427537408817
0.6897910473056471
0.6898899096821575
0.6899746488620234
0.6900593880418894
0.6901653120167218
0.6902924207865209
0.6904618991462528
0.6906596238992734
0.690772609472428
0.6909138414388712
0.6909844574220929
0.6911115661918918
0.6912174901667243
0.6913163525432346
0.6914717077063223
0.6915705700828325
0.691676494057665
0.691845972417397
0.6919589579905516
0.6920719435637062
0.6921708059402165
0.6922908531116932
0.6924391466764588
0.6925238858563247
0.6926509946261237
0.692792226592567
0.6928981505673995
0.6930464441321649
0.6931735529019638
0.6932865384751185
0.6934348320398839
0.6935195712197498
0.6936254951945824
0.6937384807677369
0.693823219947603
0.6939715135123684
0.6940986222821673
0.6942751622402215
0.6943740246167317
0.6944728869932421
0.6945646877714302
0.6947482893278064
0.6948400901059946
0.6949671988757935
0.6950731228506261
0.6951931700221028
0.6952990939969352
0.6954968187499558
0.6956380507163992
0.6957934058794868
0.6959275762476079
0.6960688082140511
0.696146485795595
0.696231224975461
0.6962877177620382
0.6963653953435821
0.6964854425150588
0.696534873703314
0.6967114136613681
0.6968102760378784
0.6969091384143887
0.697050370380832
0.6971562943556645
0.697311649518752
0.6974740662801618
0.6976647294348602
0.6978130229996258
0.6978836389828473
0.6979895629576799
0.6981096101291566
0.698208472505667
0.6983638276687546
0.6984909364385535
0.6986109836100303
0.6986745379949297
0.6987945851664066
0.6989570019278163
0.6991900346724478
0.699288897048958
0.6993665746305019
0.6994795602036565
0.699585484178489
0.6997408393415766
0.6998750097096977
0.7000233032744632
0.7001433504459399
0.7002563360190945
0.7004328759771487
0.7005387999519811
0.7006588471234579
0.7007577094999682
0.7008495102781563
0.7009271878597002
0.7010966662194321
0.701266144579164
0.7014073765456074
0.7015486085120506
0.7016615940852052
0.7017604564617156
0.701824010846615
0.7019440580180918
0.7020711667878907
0.7021559059677568
0.702254768344267
0.7023183227291665
0.702381877114066
0.7024595546956098
0.7025654786704423
0.7026572794486304
0.7028126346117181
0.7029114969882283
0.7030174209630607
0.7031586529295041
0.7032292689127257
0.7032787001009808
0.7033846240758134
0.7034764248540014
0.7035682256321896
0.7036670880086999
0.7037800735818546
0.7038577511633983
0.7039424903432643
0.7040554759164189
0.7041472766946071
0.7042461390711173
0.7043379398493055
0.7044156174308494
0.7045921573889034
0.7046698349704472
0.7047404509536689
0.7048675597234678
0.704959360501656
0.7050794076731327
0.7051429620580322
0.705263009229509
0.7053830564009858
0.7055454731623956
0.7057290747187719
0.7058279370952821
0.7059550458650811
0.7061104010281687
0.7062304481996455
0.7062869409862228
0.7064069881576996
0.7066117745090423
0.7067741912704522
0.7069083616385733
0.7070072240150835
0.7070990247932717
0.707197887169782
0.7073320575379032
0.7074097351194469
0.7075085974959572
0.7076639526590448
0.7078051846254881
0.7079252317969649
0.7080311557717974
0.7081158949516634
0.7082500653197845
0.708355989294617
0.7084548516711272
0.708574898842604
0.7086808228174365
0.7088220547838798
0.7089491635536788
0.709048025930189
0.7091680731016659
0.7092669354781761
0.709351674658042
0.7094222906412637
0.7094999682228076
0.70960589219764
0.709690631377506
0.7097753705573719
0.7098530481389158
0.7099307257204596
0.7100013417036812
0.7100931424818694
0.7102131896533461
0.7103261752265008
0.7103967912097224
0.7104815303895884
0.7105309615778436
0.7106015775610651
0.7106651319459647
0.7107428095275085
0.7108063639124079
0.7108557951006631
0.7109546574771733
0.7110323350587172
0.7111382590335497
0.7112159366150934
0.7112936141966373
0.7113854149748254
0.7114913389496579
0.7115690165312016
0.711710248497645
0.7118373572674439
0.7119079732506656
0.7120209588238202
0.7121198212003305
0.7122328067734851
0.7123246075516733
0.7124234699281835
0.7125223323046939
0.7125858866895933
0.7126635642711371
0.7127977346392582
0.7128542274258356
0.7129460282040238
0.713044890580534
0.7131366913587222
0.7132214305385881
0.7132991081201319
0.7133556009067092
0.7134685864798639
0.7136168800446293
0.7137439888144282
0.7139275903708046
0.7140829455338922
0.7142171159020133
0.7143936558600674
0.7145348878265106
0.7146266886046988
0.7147396741778534
0.7148385365543637
0.7149515221275183
0.715064507700673
0.7151633700771832
0.715325786838593
0.7154246492151033
0.7154882036000029
0.7155941275748353
0.7156929899513456
0.7158130371228224
0.715926022695977
0.7160248850724873
0.7161237474489976
0.7161943634322192
0.7162932258087296
0.7163850265869177
0.7164909505617502
0.7165898129382604
0.7167098601097373
0.7168510920761805
0.7169782008459795
0.7171053096157785
0.7171829871973222
0.7172677263771882
0.7173736503520207
0.7175501903100748
0.7176490526865851
0.7177479150630954
0.7178750238328944
0.7179950710043711
0.7181009949792035
0.7181716109624252
0.7182704733389356
0.7183552125188015
0.7184752596902783
0.7185599988701443
0.7186588612466546
0.7188283396063865
0.7189483867778633
0.7190331259577293
0.719103741940951
0.7191955427191391
0.7193085282922936
0.719407390668804
0.7194850682503477
0.7195698074302137
0.7196616082084019
0.719711039396657
0.719838148166456
0.7199370105429663
0.7200358729194766
0.7201206120993425
0.7202406592708194
0.7203324600490075
0.72043838402384
0.7205584311953167
0.7206008007852497
0.7206855399651158
0.720784402341626
0.7208197103332368
0.7208903263164584
0.7210033118896131
0.7211021742661234
0.7212080982409559
0.7212857758224996
0.7213916997973321
0.7215046853704867
0.7216459173369301
0.7217447797134403
0.7218507036882728
0.7219425044664609
0.7220554900396156
0.7221896604077367
0.7223167691775356
0.7223944467590795
0.722507432332234
0.7225780483154557
0.7226204179053887
0.7227687114701542
0.7228534506500202
0.7229452514282083
0.7230017442147856
0.7231359145829067
0.7232418385577392
0.723361885729216
0.7235101792939814
0.7236161032688139
0.7237997048251902
0.7239338751933112
0.724053922364788
0.7241669079379427
0.7242728319127751
0.7243646326909633
0.7244564334691515
0.7245129262557287
0.7245976654355947
0.7247671437953266
0.724823636581904
0.7249295605567364
0.7249860533433137
0.7250637309248575
0.7251908396946565
0.7252826404728446
0.7253885644476771
0.7255015500208317
0.7256145355939864
0.7256922131755301
0.725819321945329
0.7259534923134502
0.7260664778866048
0.7261935866564038
0.7263136338278806
0.7264478041960017
0.7265396049741899
0.7266455289490223
0.726716144932244
0.72680088411211
0.7269209312835867
0.7269844856684862
0.7271257176349295
0.7272175184131177
0.7273163807896279
0.7275847215258702
0.7277047686973469
0.727831877467146
0.7279166166470119
0.7280366638184886
0.7281496493916433
0.7282767581614422
0.7283403125463417
0.7284532981194963
0.728523914102718
0.7285874684876175
0.7286580844708391
0.7287922548389603
0.728869932420504
0.7290041027886252
0.729124149960102
0.7291877043450015
0.7292936283198339
0.7293924906963443
0.729512537867821
0.7296678930309086
0.7297596938090968
0.7298938641772179
0.7299574185621174
0.7300350961436611
0.730112773725205
0.7301833897084266
0.7302398824950039
0.7303387448715142
0.7304305456497023
0.730543531222857
0.7306494551976894
0.7307695023691663
0.7308754263439987
0.7309531039255425
0.7310378431054084
0.7311720134735296
0.7312991222433286
0.7313697382265502
0.7315109701929935
0.7315957093728594
0.7316733869544032
0.7318004957242022
0.7319276044940012
0.7320264668705114
0.7321112060503775
0.732266561213465
0.7323442387950089
0.7324431011715191
0.7325419635480295
0.7326973187111171
0.732824427480916
0.7329162282591042
0.7330927682171583
0.733212815388635
0.7332693081752124
0.7333116777651454
0.7334529097315886
0.7335305873131325
0.7336576960829314
0.7337565584594417
0.733855420835952
0.7339119136225293
0.7340107759990396
0.7341166999738721
0.7341873159570937
0.7343073631285705
0.7343779791117921
0.7344839030866246
0.7346392582497122
0.7347522438228669
0.7348934757893102
0.7350276461574313
0.7351406317305859
0.735274802098707
0.7354160340651503
0.7355007732450163
0.7355996356215265
0.7357620523829363
0.735875037956091
0.7359809619309234
0.7360798243074338
0.7361433786923333
0.73626342586381
0.7363764114369646
0.736475273813475
0.736609444181596
0.7367153681564286
0.7368071689346166
0.7368777849178383
0.7369554624993822
0.7371037560641476
0.7372167416373022
0.7373297272104569
0.7374356511852893
0.7375627599550882
0.7377816695030753
0.737937024666163
0.7380358870426732
0.7381276878208614
0.738283042983949
0.7383607205654928
0.7384666445403253
0.7386008149084464
0.7387067388832789
0.7387702932681783
0.7388479708497221
0.7389397716279102
0.7390245108077762
0.7391163115859644
0.7392010507658303
0.7393069747406628
0.7393917139205288
0.7394411451087839
0.7395258842886498
0.739660054656771
0.7397871634265699
0.7399072105980468
0.7400413809661679
0.7401826129326111
0.7402885369074437
0.7404509536688534
0.7405780624386523
0.7406769248151627
0.7407687255933508
0.740860526371539
0.7409240807564385
0.7410300047312709
0.7411994830910028
0.7412771606725467
0.7413689614507347
0.7414325158356342
0.7415313782121445
0.7416231789903327
0.7417079181701987
0.7417855957517424
0.7419480125131522
0.7420609980863069
0.7421386756678506
0.7422092916510723
0.7422587228393275
0.7423010924292605
0.7423928932074486
0.7424776323873146
0.7425623715671805
0.74262592595208
0.742710665131946
0.7428024659101341
0.7428730818933558
0.7429436978765774
0.7430637450480542
0.7431484842279201
0.7432473466044305
0.7433250241859742
0.7434803793490619
0.7435863033238943
0.7436851657004047
0.7438052128718814
0.7438899520517473
0.7439676296332912
0.7440382456165129
0.7441088615997344
0.744172415984634
0.7442571551645
0.7443207095493994
0.7443983871309432
0.7444831263108092
0.7446102350806082
0.7446737894655077
0.7447444054487292
0.7448362062269174
0.7449138838084612
0.7450198077832937
0.7451469165530926
0.7452810869212138
0.745379949297724
0.7454788116742344
0.7455564892557781
0.7456906596238992
0.7458036451970539
0.7458530763853091
0.7459307539668528
0.7460508011383297
0.7462061563014173
0.7463473882678605
0.7464180042510822
0.7464886202343038
0.7465733594141698
0.7466580985940358
0.7467569609705461
0.7468558233470564
0.746968808920211
0.7470817944933656
0.7472159648614868
0.7473289504346414
0.7474701824010846
0.747569044777595
0.7476961535473939
0.7478091391205486
0.7478938783004145
0.7479644942836362
0.7480562950618243
0.7481692806349789
0.7482963894047778
0.7483670053879995
0.7484446829695434
0.7485294221494093
0.7486070997309531
0.7487624548940407
0.7488401324755846
0.7489248716554505
0.749030795630283
0.7491155348101489
0.7492143971866593
0.74924970517827
0.7493203211614917
0.749419183538002
0.7495109843161901
0.7496169082910226
0.7496875242742442
0.7497934482490767
0.7498781874289426
0.7499134954205535
0.7499911730020973
0.7500829737802854
0.7501535897635071
0.7502453905416953
0.7502948217299503
0.7503866225081385
0.7504854848846488
0.7506196552527699
0.750711456030958
0.750796195210824
0.7509091807839786
0.7509797967672003
0.7510574743487441
0.7511633983235766
0.7512834454950533
0.7514317390598187
0.7515094166413626
0.7516294638128393
0.751742449385994
0.7518130653692157
0.7519048661474038
0.7520178517205585
0.7520884677037801
0.7521661452853239
0.752257946063512
0.7523285620467337
0.7524415476198882
0.7525262867997543
0.7526533955695532
0.7527028267578083
0.7527875659376744
0.7529005515108289
0.7529711674940506
0.753077091468883
0.7531618306487491
0.7533242474101588
0.7534442945816356
0.7535714033514346
0.7536208345396898
0.7536561425313005
0.7537479433094887
0.7538326824893546
0.7538891752759319
0.7539880376524423
0.7540374688406974
0.754108084823919
0.7541716392088186
0.7542705015853288
0.7543834871584835
0.7544541031417051
0.7545317807232489
0.7546165199031148
0.7547153822796252
0.7548283678527798
0.7548989838360014
0.7549907846141896
0.7551108317856664
0.7551885093672102
0.755223817358821
0.7553156181370091
0.7553650493252643
0.7554144805135194
0.7554709733000967
0.7555204044883519
0.7555557124799627
0.7556475132581508
0.7557746220279498
0.7558664228061379
0.7559864699776148
0.7561065171490915
0.7562195027222461
0.75629718030379
0.7564031042786225
0.7564949050568106
0.7566290754249316
0.7567844305880193
0.7568691697678852
0.7569821553410399
0.7570457097259393
0.7571657568974162
0.7572504960772821
0.7573140504621816
0.7574270360353362
0.7575117752152022
0.7576035759933903
0.7576812535749341
0.757758931156478
0.7578366087380217
0.7579142863195656
0.758020210294398
0.7581190726709083
0.7582320582440629
0.7583379822188955
0.75845096779205
0.7585568917668826
0.7586698773400371
0.7587404933232588
0.7588181709048026
0.7588887868880242
0.7589523412729237
0.759008834059501
0.7591006348376892
0.7591712508209109
0.7592771747957433
0.7594184067621865
0.7595384539336634
0.7595878851219185
0.7596585011051401
0.7597149938917175
0.759778548276617
0.7599197802430602
0.7600045194229262
0.7600680738078257
0.760124566594403
0.7602022441759467
0.7603011065524571
0.7603575993390344
0.7604494001172225
0.760512954502122
0.7605835704853436
0.7607106792551426
0.7607954184350085
0.7608660344182302
0.7609931431880291
0.761113190359506
0.7612120527360162
0.7613038535142044
0.761374469497426
0.7614521470789698
0.7614945166689029
0.7615510094554802
0.7616145638403796
0.7616922414219235
0.7617699190034672
0.7618334733883667
0.7619252741665549
0.7620523829363538
0.762144183714542
0.7622006765011192
0.7623419084675626
0.7624195860491063
0.7624690172373615
0.7625537564172274
0.7626384955970934
0.7627302963752816
0.7628009123585032
0.762878589940047
0.7629350827266244
0.7630268835048125
0.7631257458813228
0.7632316698561552
0.7632952242410547
0.7633658402242763
0.7634717641991088
0.7636059345672299
0.7636694889521294
0.7637542281319954
0.7638813369017944
0.7639801992783046
0.7640084456715933
0.7641073080481036
0.7641567392363587
0.7642132320229361
0.7643120943994464
0.764382710382668
0.7645027575541448
0.7645945583323329
0.7646863591105211
0.7647499134954205
0.7648699606668974
0.7649335150517969
0.765025315829985
0.765110055009851
0.765201855788039
0.7653219029595159
0.7653995805410596
0.7654701965242813
0.7655549357041472
0.7656749828756241
0.7657738452521343
0.7658373996370339
0.7659645084068328
0.7660351243900545
0.7661269251682425
0.7661763563564977
0.7662399107413972
0.7663246499212631
0.7664093891011291
0.7664729434860287
0.7665082514776395
0.7665647442642167
0.7666071138541497
0.7667130378289823
0.766748345820593
0.7668189618038147
0.766917824180325
0.7669813785652244
0.767087302540057
0.7671508569249564
0.7672497193014667
0.7673062120880441
0.7673980128662321
0.7675039368410647
0.7675745528242862
0.7676663536024744
0.7677299079873738
0.7678358319622063
0.7678852631504615
0.7679770639286496
0.7680335567152269
0.7680900495018043
0.768210096673281
0.768294835853147
0.7683725134346908
0.7684996222044898
0.7685561149910671
0.7686337925726109
0.7687044085558326
0.768767962940732
0.7688173941289872
0.7688809485138867
0.7689868724887191
0.7690433652752964
0.7691422276518067
0.769198720438384
0.76928345961825
0.7693540756014716
0.769410568388049
0.7694882459695928
0.7695518003544922
0.7695871083461031
0.7696365395343582
0.769714217115902
0.7697777715008015
0.7698201410907345
0.769883695475634
0.7699331266638891
0.7699966810487886
0.7700602354336881
0.7701379130152318
0.7702014674001314
0.7702932681783194
0.7703850689565076
0.7704768697346958
0.770575732111206
0.7706463480944277
0.770745210470938
0.7708652576424148
0.7709499968222807
0.7710276744038246
0.7711124135836905
0.771218337558523
0.7713101383367111
0.7713948775165771
0.7714584319014766
0.7715361094830204
0.7715926022695977
0.7716844030477858
0.7717832654242961
0.7718750662024843
0.7719315589890616
0.7720092365706054
0.7721010373487935
0.7721716533320152
0.7722352077169147
0.7722987621018141
0.7723693780850358
0.7724823636581903
0.772595349231345
0.7726730268128889
0.7727436427961105
0.7728142587793321
0.7729060595575202
0.7729837371390641
0.7730755379172521
0.7731320307038295
0.7731885234904068
0.7732873858669171
0.7733791866451053
0.7734639258249713
0.7735627882014815
0.7736475273813475
0.7737110817662469
0.7737816977494686
0.7739017449209454
0.7740359152890666
0.7741347776655768
0.7742760096320201
0.7744384263934299
0.7745019807783293
0.7745867199581954
0.7746714591380613
0.7747561983179273
0.7747915063095381
0.774869183891082
0.7749468614726257
0.7750316006524917
0.7750951550373911
0.7751657710206128
0.775257571798801
0.7753140645853782
0.7753917421669221
0.7754835429451102
0.7755470973300097
0.7756106517149092
0.7757024524930973
0.7758295612628963
0.7759143004427622
0.775991978024306
0.7760484708108834
0.7761685179823601
0.7763097499488034
0.7763591811370586
0.7763944891286694
0.7764509819152468
0.7765004131035018
0.7765780906850457
0.7766487066682672
0.7766910762582003
0.7767687538397441
0.7768746778145765
0.776938232199476
0.7770370945759864
0.7770794641659193
0.7771359569524966
0.777234819329007
0.7773054353122286
0.7773901744920946
0.7774466672786718
0.7775102216635713
0.7775667144501487
0.7776302688350482
0.7777079464165919
0.7777573776048471
0.7778491783830352
0.7779056711696125
0.778011595144445
0.7780751495293444
0.7781528271108883
0.77822344309411
0.7783293670689424
0.7783505518639089
0.7784282294454526
0.7784776606337078
0.7785553382152517
0.7786471389934397
0.7786965701816949
0.7787954325582053
0.7789225413280042
0.7790778964910918
0.7791626356709578
0.7792756212441124
0.7793674220223006
0.7794592228004886
0.7795086539887438
0.7795863315702877
0.7796922555451201
0.7797487483316974
0.7798052411182748
0.779861733904852
0.7799323498880737
0.7800100274696175
0.7800453354612283
0.7801018282478056
0.7801653826327051
0.780250121812571
0.7803136761974705
0.7804125385739809
0.7804902161555246
0.7805537705404241
0.780589078532035
0.7806455713186122
0.7807514952934447
0.7808009264816999
0.7808715424649215
0.7809209736531767
0.780977466439754
0.7810057128330427
0.7810833904145864
0.7812034375860633
0.7812669919709627
0.7813164231592179
0.7814859015189498
0.78158476389546
0.7816765646736482
0.7817613038535142
0.7818460430333801
0.7819307822132462
0.7819943365981457
0.7820649525813672
0.7821285069662668
0.7821991229494883
0.7822909237276765
0.782354478112576
0.7824039093008311
0.7824674636857306
0.7825168948739858
0.7825804492588853
0.7826934348320399
0.7827852356102281
0.7828487899951275
0.782912344380027
0.7829900219615707
0.7830676995431146
0.7831171307313698
0.7831736235179471
0.7832371779028465
0.7832866090911017
0.7833219170827125
0.7833925330659341
0.7834490258525114
0.7834984570407666
0.783554949827344
0.7836255658105655
0.783689120195465
0.7837738593753311
0.7838303521619083
0.7839150913417743
0.7839715841283517
0.7840351385132511
0.7841198776931171
0.7842328632662717
0.784374095232715
0.7844800192075474
0.7845365119941248
0.784593004780702
0.7846636207639237
0.7847271751488232
0.7847977911320448
0.7849037151068773
0.7849460846968103
0.7850025774833876
0.7850237622783541
0.7850873166632536
0.7851508710481531
0.7852144254330525
0.7852991646129185
0.7853697805961402
0.7854333349810396
0.7855392589558721
0.785623998135738
0.785751106905537
0.785835846085403
0.785970016453524
0.7860265092401014
0.7860900636250009
0.7861465564115782
0.786224233993122
0.7862807267796993
0.786351342762921
0.7864502051394313
0.7864855131310421
0.7865773139092302
0.786697361080707
0.7868174082521838
0.7869162706286941
0.7870221946035265
0.7870928105867482
0.7871987345615806
0.7872340425531915
0.7873187817330575
0.7874176441095677
0.7875094448877559
0.787558876076011
0.7876153688625883
0.7876577384525213
0.7877071696407765
0.7877989704189646
0.7879048943937971
0.7879755103770187
0.7880249415652739
0.7881238039417842
0.7881661735317171
0.7882579743099053
0.7883427134897713
0.7884062678746707
0.7884768838578924
0.7885616230377583
0.7886604854142687
0.788716978200846
0.7887805325857454
0.7889076413555444
0.7889923805354104
0.7890488733219877
0.789105366108565
0.789190105288431
0.789324275656552
0.7893737068448072
0.7894796308196397
0.789536123606217
0.7896067395894387
0.7896702939743382
0.7897620947525262
0.7898538955307144
0.7899174499156139
0.7899598195055468
0.7900657434803794
0.7901151746686345
0.790221098643467
0.7903128994216551
0.7903835154048767
0.7904753161830649
0.790567116961253
0.790609486551186
0.7906801025344077
0.7907719033125957
0.7908142729025287
0.7908637040907839
0.7909272584756833
0.7909908128605828
0.7910684904421267
0.7911673528186369
0.7912379688018586
0.7913085847850803
0.7914215703582349
0.7915133711364231
0.7915769255213225
0.791682849496155
0.7917605270776987
0.7918946974458199
0.7919794366256858
0.7920500526089075
0.792113606993807
0.7921489149854178
0.7921983461736729
0.7922548389602503
0.7923395781401162
0.7924031325250157
0.7924455021149487
0.7925019949015261
0.792586734081392
0.7926785348595801
0.7927067812528688
0.7928056436293791
0.7928762596126007
0.7929680603907888
0.7930245531773662
0.7930810459639435
0.7931163539555544
0.7931869699387759
0.7932646475203198
0.7933493867001857
0.7934411874783739
0.793532988256562
0.7935965426414615
0.7936954050179718
0.7937801441978377
0.7938154521894486
0.7938648833777037
0.793921376164281
0.7939778689508583
0.7940414233357578
0.7941049777206572
0.7941967784988454
0.7942673944820671
0.7943591952602552
0.7944227496451547
0.794479242431732
0.7945639816115979
0.7946204743981753
0.7946769671847526
0.794740521569652
0.7948040759545516
0.7948535071428067
0.7949311847243505
0.79499473910925
0.795079478289116
0.7951289094773711
0.7951712790673041
0.7952277718538814
0.7952630798454923
0.7953195726320695
0.795383127016969
0.7954396198035464
0.7955102357867679
0.7956161597616005
0.7956726525481778
0.7957079605397885
0.7957785765230102
0.7958845004978427
0.7959127468911313
0.7959904244726751
0.7960610404558968
0.7961316564391184
0.7961528412340849
0.7962446420122731
0.7963081963971725
0.7963364427904612
0.7963929355770385
0.7964423667652937
0.7965129827485153
0.7965412291418039
0.7966542147149586
0.7967389538948245
0.7968519394679792
0.7969437402461673
0.7970426026226776
0.7970990954092549
0.7972120809824096
0.7973391897522085
0.7974168673337523
0.7974662985220075
0.7975722224968399
0.7976710848733503
0.7977558240532162
0.7978123168397935
0.7979394256095925
0.7980382879861028
0.7981300887642909
0.7982148279441569
0.7982783823290563
0.798348998312278
0.7984054910988553
0.798476107082077
0.7985255382703321
0.7986032158518759
0.7986808934334197
0.7987585710149635
0.7988080022032187
0.7988291869981852
0.798864494989796
0.7989351109730176
0.7990480965461723
0.7991187125293939
0.7992175749059042
0.7992811292908036
0.799337622077381
0.7993941148639583
0.7994859156421464
0.7995353468304016
0.7996200860102676
0.7997401331817443
0.799810749164966
0.7998813651481876
0.7999731659263758
0.8000508435079196
0.8001497058844299
0.8002415066626181
0.8002697530559066
0.8003121226458396
0.800326245842484
0.8003968618257057
0.800453354612283
0.8005522169887932
0.8006087097753706
0.80067226416027
0.8007428801434917
0.8008064345283912
0.8008629273149684
0.8008841121099349
0.8009547280931566
0.8010888984612777
0.801187760837788
0.8012583768210096
0.8012866232142983
0.8013784239924865
0.8014843479673189
0.8015973335404736
0.8016538263270508
0.8017315039085947
0.8018021198918163
0.8018939206700044
0.8019292286616153
0.8019715982515483
0.8020280910381256
0.8020704606280585
0.8021551998079245
0.8021975693978575
0.8022823085777235
0.802345862962623
0.8024094173475225
0.802430602142489
0.8024941565273884
0.8025577109122879
0.802649511690476
0.8027060044770533
0.8027624972636307
0.8028684212384631
0.8029107908283961
0.8029602220166513
0.8030167148032286
0.8030308379998728
0.8030873307864502
0.803165008367994
0.8032426859495378
0.8032991787361151
0.8033486099243703
0.8034121643092698
0.8034827802924914
0.8035745810706796
0.803680505045512
0.8037299362337672
0.8037864290203445
0.8038429218069217
0.8039135377901434
0.8039488457817543
0.8039841537733651
0.8040406465599423
0.8040830161498753
0.8041465705347749
0.8042030633213522
0.8042454329112851
0.8043231104928289
0.8043866648777285
0.8044431576643057
0.8045137736475274
0.8045843896307491
0.8046055744257156
0.8046761904089371
0.8046973752039036
0.804796237580414
0.8048527303669912
0.8048950999569242
0.8049939623334346
0.8050928247099448
0.8052411182747103
0.8053187958562541
0.8053682270445093
0.8054741510193417
0.8056012597891407
0.8056718757723623
0.8057777997471948
0.8058766621237051
0.8059331549102824
0.806046140483437
0.806130879663303
0.8062085572448467
0.8062791732280684
0.8064204051945117
0.8064910211777334
0.8065475139643107
0.806604006750888
0.8066746227341096
0.8067452387173313
0.806822916298875
0.8068723474871302
0.8069500250686741
0.8070488874451843
0.807119503428406
0.8072183658049162
0.8072677969931714
0.8073313513780709
0.8073737209680039
0.8074090289596147
0.807465521746192
0.8075431993277359
0.8076208769092796
0.8076914928925013
0.8077762320723673
0.8078327248589445
0.8079104024404884
0.8079880800220322
0.8080798808002203
0.8081434351851198
0.8081999279716972
0.8082140511683414
0.8082705439549187
0.8083552831347848
0.8083976527247178
0.8084682687079393
0.8085530078878054
0.8086377470676713
0.8086942398542486
0.808750732640826
0.808842533419014
0.80892727259888
0.8090402581720346
0.8091179357535785
0.8092309213267331
0.8092803525149882
0.8093227221049212
0.8093933380881428
0.8094286460797537
0.8095063236612975
0.8095769396445192
0.8096051860378078
0.8096687404227073
0.8097676027992176
0.8098029107908284
0.80987352677405
0.8099441427572717
0.8099865123472046
0.8100571283304263
0.8100994979203593
0.8101559907069366
0.8102548530834469
0.8103466538616351
0.8104384546398232
0.8105090706230448
0.8105867482045886
0.8106714873844546
0.8107421033676763
0.8107915345559313
0.8108903969324417
0.8109539513173412
0.8110033825055963
0.811031628898885
0.8111375528737175
0.8111869840619725
0.8112929080368051
0.8113494008233824
0.811377647216671
0.8114482631998927
0.8114976943881478
0.8115965567646581
0.8116601111495576
0.8117166039361349
0.811808404714323
0.8118860822958669
0.8119213902874777
0.8119990678690214
0.8120908686472096
0.8121685462287535
0.8122321006136529
0.8123239013918411
0.8124015789733848
0.8124368869649956
0.8124721949566065
0.812535749341506
0.8126204885213719
0.8126911045045936
0.8127405356928488
0.812797028479426
0.8128888292576142
0.8129735684374801
0.8130229996257353
0.8130583076173461
0.8131289236005678
0.8131924779854672
0.8132348475754002
0.8132984019602997
0.8133760795418435
0.8134678803200316
0.813524373106609
0.8135949890898306
0.8136656050730522
0.8137362210562739
0.8137927138428512
0.8138562682277507
0.8139268842109723
0.8140045617925161
0.8140610545790934
0.8141104857673486
0.8141599169556037
0.8142093481438589
0.8142870257254027
0.8143293953153357
0.8144070728968795
0.8144494424868125
0.8144988736750676
0.8145341816666785
0.814555366461645
0.8146471672398331
0.8147460296163433
0.8148519535911758
0.814901384779431
0.8149578775660082
0.8150355551475521
0.815162663917351
0.8152120951056062
0.81528977268715
0.8154027582603046
0.8154663126452041
0.8155086822351371
0.8155792982183587
0.8156287294066139
0.8156781605948691
0.8157699613730571
0.8158123309629902
0.815847638954601
0.8158970701428562
0.8159606245277556
0.8160029941176886
0.8160665485025881
0.8161089180925211
0.8161724724774205
0.81623602686232
0.8162925196488974
0.8163490124354746
0.8164055052220519
0.8164690596069515
0.8165255523935288
0.8165537987868174
0.8166314763683612
0.8167374003431936
0.816793893129771
0.816878632309637
0.8169351250962142
0.8169986794811137
0.8170622338660133
0.817139911447557
0.8171964042341343
0.817224650627423
0.8172811434140004
0.8173588209955441
0.8174153137821214
0.8174859297653431
0.8175565457485647
0.8176059769368199
0.8176765929200415
0.817740147304941
0.817782516894874
0.817824886484807
0.8179166872629952
0.8179873032462167
0.8180579192294384
0.8181144120160158
0.8181638432042708
0.818213274392526
0.8182838903757477
0.8183474447606471
0.8183968759489023
0.8184321839405131
0.8184674919321239
0.8184886767270904
0.8185663543086342
0.8186157854968894
0.8186793398817889
0.8187217094717218
0.8187852638566213
0.8187993870532656
0.8188205718482321
0.818898249429776
0.8189759270113197
0.8190606661911857
0.8191524669693738
0.8191877749609847
0.8192230829525955
0.8192583909442063
0.8193078221324614
0.8193854997140053
0.8194419925005826
0.8195196700821263
0.8195973476636702
0.8196609020485697
0.8197032716385027
0.8197809492200465
0.8198374420066238
0.8199292427848119
0.8199857355713892
0.8200492899562887
0.8200916595462217
0.820148152332799
0.8202470147093093
0.8202893842992423
0.8203811850774304
0.8204447394623299
0.820494170650585
0.820578909830451
0.820621279420384
0.8206918954036057
0.8207272033952164
0.8207836961817938
0.8208190041734046
0.8208896201566263
0.8209178665499149
0.8209390513448814
0.821009667328103
0.8210379137213917
0.8211085297046133
0.8211720840895128
0.8212144536794458
0.8212780080643453
0.8213415624492447
0.8213980552358221
0.8214686712190438
0.8215110408089767
0.8216169647838092
0.8216663959720644
0.8217087655619973
0.8217581967502524
0.8217935047418633
0.821864120725085
0.8218994287166957
0.8219700446999174
0.822040660683139
0.8221536462562936
0.822210139042871
0.822294878222737
0.8223372478126699
0.8223796174026029
0.8224502333858246
0.8224926029757575
0.822556157360657
0.8226126501472343
0.8226620813354895
0.8227044509254224
0.8227468205153554
0.8228174364985771
0.8228739292851543
0.8229233604734095
0.8229798532599869
0.8230787156364971
0.8231352084230745
0.8231705164146853
0.8232128860046183
0.8232623171928735
0.8233046867828064
0.8233753027660281
0.8234529803475719
0.8234741651425384
0.8235306579291157
0.8235942123140152
0.8236930746905254
0.8237636906737471
0.8238131218620023
0.8238625530502574
0.8238978610418682
0.8239472922301234
0.8239826002217342
0.8240320314099894
0.8241379553848218
0.8242226945646878
0.824279187351265
0.824321556941198
0.8243498033344867
0.8244133577193862
0.8244627889076414
0.8245122200958965
0.8245545896858295
0.8246110824724068
0.8246393288656955
0.8246958216522727
0.8247523144388501
0.8247664376354944
0.8248158688237496
0.8248653000120048
0.824921792798582
0.8249782855851594
0.825006531978448
0.825048901568381
0.8250700863633474
0.8251195175516026
0.8251760103381799
0.8252889959113345
0.8253596118945562
0.8254161046811336
0.825479659066033
0.8255573366475768
0.8255785214425433
0.8256350142291207
0.8257056302123422
0.8257550614005974
0.8258327389821413
0.8259174781620072
0.8259880941452288
0.8260445869318062
0.8260657717267726
0.8261858188982494
0.8262352500865046
0.8262776196764375
0.8263199892663705
0.8263552972579814
0.8263976668479144
0.8264824060277803
0.8265318372160355
0.8266024531992571
0.8266518843875122
0.8266871923791231
0.8267013155757674
0.8267436851657004
0.8267931163539556
0.826856670738855
0.8269202251237545
0.826983779508654
0.8270685186885199
0.8270967650818086
0.8271603194667081
0.8272168122532854
0.827287428236507
0.8273439210230844
0.8274074754079839
0.8274215986046282
0.8274922145878498
0.8275345841777828
0.8276546313492595
0.8277181857341591
0.8277958633157029
0.8278311713073137
0.8278523561022801
0.8278947256922132
0.827930033683824
0.8280288960603343
0.8280853888469116
0.8281348200351668
0.8281983744200663
0.8282689904032878
0.828318421591543
0.8283325447881874
0.8283678527797982
0.8284384687630199
0.8285020231479193
0.8285090847462415
0.8285797007294631
0.8286291319177183
0.8286926863026177
0.8287138710975842
0.8287633022858394
0.8287986102774502
0.8288480414657053
0.8288833494573161
0.828918657448927
0.8289539654405378
0.829003396628793
0.8290669510136924
0.8291093206036254
0.8292081829801358
0.829264675766713
0.8293141069549682
0.8293988461348342
0.8294624005197336
0.8295047701096666
0.8295259549046331
0.8296177556828213
0.8296883716660429
0.8297307412559759
0.8297801724442311
0.829864911624097
0.8299425892056408
0.8300202667871847
0.8300767595737619
0.8301332523603392
0.8301968067452388
0.8302744843267825
0.8303239155150377
0.830338038711682
0.830422777891548
0.8304580858831588
0.8305075170714139
0.8305357634647026
0.8306063794479243
0.8306628722345015
0.8307334882177232
0.8308323505942335
0.8308747201841665
0.8309523977657103
0.8309877057573211
0.831023013748932
0.8310795065355092
0.8311501225187309
0.8311995537069861
0.831284292886852
0.8313337240751072
0.8313972784600067
0.8314537712465839
0.8315032024348391
0.8315455720247721
0.8316091264096716
0.8317009271878597
0.8317927279660479
0.8318350975559808
0.8318774671459138
0.831926898334169
0.8319833911207463
0.8320469455056457
0.8321034382922231
0.8321387462838339
0.8321881774720891
0.8322164238653776
0.8322517318569885
0.8323011630452437
0.8323788406267875
0.8324212102167204
0.8324706414049756
0.8325130109949086
0.8325765653798081
0.8326542429613518
0.8326966125512849
0.8327389821412179
0.832788413329473
0.8328378445177281
0.8328731525093389
0.832915522099272
0.8329720148858493
0.8330214460741044
0.8330426308690709
0.8330991236556482
0.8331414932455812
0.8332050476304806
0.8333109716053132
0.8333815875885348
0.8334239571784677
0.8334663267684007
0.8335228195549781
0.8335581275465889
0.8336146203331662
0.8336993595130322
0.8337417291029652
0.8337982218895424
0.8338617762744419
0.8339112074626971
0.833946515454308
0.8340312546341739
0.8340877474207512
0.8341513018056507
0.8341866097972616
0.8342289793871945
0.8342642873788053
0.8343490265586713
0.8344125809435707
0.8344620121318259
0.8345255665167254
0.8345679361066584
0.83463855208988
0.8347091680731017
0.8347303528680682
0.8347868456546454
0.8348221536462563
0.8348504000395449
0.8348998312278001
0.8349492624160553
0.834977508809344
0.8350340015959212
0.835069309587532
0.8351258023741094
0.8352105415539753
0.8353164655288078
0.8353588351187408
0.8354012047086737
0.8354506358969289
0.8355000670851841
0.8355636214700836
0.8355918678633723
0.8356201142566608
0.835669545444916
0.835711915034849
0.8357684078214263
0.8358107774113593
0.8358531470012923
0.8359025781895474
0.8359378861811583
0.8359943789677355
0.836057933352635
0.836100302942568
0.8361638573274675
0.8362062269174004
0.8362768429006221
0.8363262740888773
0.8363898284737767
0.8364533828586762
0.8364675060553206
0.8365169372435757
0.8365593068335087
0.8366369844150525
0.8366722924066633
0.8367076003982742
0.8367711547831737
0.8368276475697509
0.8368700171596839
0.8369194483479391
0.8369688795361943
0.8370324339210937
0.8370748035110267
0.8371171731009597
0.8371736658875369
0.8372160354774699
0.837258405067403
0.837300774657336
0.837392575435524
0.8374702530170679
0.8375055610086787
0.8375479305986117
0.8376397313767998
0.837689162565055
0.8377950865398874
0.8378445177281426
0.8378939489163978
0.8379433801046529
0.8379998728912302
0.8380281192845188
0.8381057968660627
0.8382046592425729
0.8382893984224389
0.8383882607989492
0.8384729999788152
0.8384941847737817
0.8385365543637147
0.8385789239536476
0.8386071703469363
0.8386636631335136
0.8386989711251245
0.8387342791167353
0.8387837103049904
0.8388472646898899
0.8388966958781451
0.8389673118613667
0.8390026198529775
0.8390802974345213
0.8391226670244543
0.8391791598110316
0.8392638989908976
0.8393345149741193
0.8393839461623744
0.839454562145596
0.839496931735529
0.8395322397271399
0.8395746093170728
0.8396169789070058
0.839666410095261
0.8397723340700934
0.8398641348482816
0.8398782580449259
0.8399488740281476
0.8399771204214362
0.8400406748063357
0.840097167592913
0.8401889683711011
0.8402313379610341
0.8402737075509671
0.8403090155425779
0.840358446730833
0.8403866931241217
0.8404361243123769
0.8404926170989542
0.8405349866888872
0.840612664270431
0.840655033860364
0.8407115266469413
0.8407750810318407
0.8408527586133846
0.8409233745966062
0.8409657441865391
0.8410222369731165
0.8410646065630495
0.8411069761529825
0.8411493457429154
0.8412058385294927
0.8412411465211036
0.8412835161110366
0.8413117625043253
0.8413753168892247
0.8414106248808355
0.8414600560690907
0.8414953640607015
0.8415306720523124
0.8415589184456009
0.8415942264372118
0.8416365960271448
0.8416860272154
0.841728396805333
0.8417848895919102
0.8418272591818432
0.8418555055751319
0.8419261215583536
0.8419684911482865
0.8420108607382195
0.8420532303281525
0.8421097231147298
0.8421520927046627
0.8422438934828509
0.8423074478677504
0.8423427558593612
0.8424063102442607
0.8424133718425828
0.8424416182358715
0.842505172620771
0.8425546038090261
0.8425969733989591
0.8426534661855364
0.8427382053654024
0.8427946981519797
0.8428441293402349
0.8428864989301679
0.8429218069217786
0.842978299708356
0.8430418540932555
0.8430559772898998
0.8430983468798328
0.8431477780680879
0.8431760244613766
0.8432254556496317
0.8432607636412426
0.8432890100345312
0.8433455028211085
0.8433808108127193
0.843451426795941
0.8434796731892297
0.8435149811808405
0.8435714739674178
0.8435997203607064
0.8436350283523173
0.8436844595405724
0.8437338907288275
0.8437691987204384
0.84383981470366
0.8438680610969487
0.843924553883526
0.8439881082684255
0.8440234162600363
0.8440799090466136
0.8441434634315131
0.8441646482264796
0.8442423258080234
0.8442776337996342
0.8443341265862115
0.8444188657660775
0.8444753585526548
0.8445318513392321
0.8446024673224538
0.8446518985107089
0.8446872065023198
0.8447578224855414
0.84478606887883
0.844870808058696
0.8449061160503069
0.844997916828495
0.845040286418428
0.8451179639999717
0.8451391487949382
0.8451885799831934
0.8452309495731264
0.8452803807613816
0.8453086271546701
0.845343935146281
0.845428674326147
0.8455275367026572
0.8455910910875568
0.8456546454724563
0.8457111382590335
0.8457393846523222
0.8457535078489665
0.8458029390372217
0.8458664934221212
0.8459159246103763
0.8459512326019871
0.8460077253885645
0.8460500949784975
0.8460924645684305
0.8461277725600412
0.8461983885432629
0.8462478197315181
0.8462831277231289
0.846332558911384
0.8463466821080283
0.8464384828862165
0.8464808524761495
0.8465161604677602
0.8465514684593711
0.8466220844425927
0.8466573924342036
0.8467138852207808
0.8467421316140695
0.8467986244006468
0.8468551171872242
0.8469045483754793
0.8469610411620566
0.8470034107519896
0.8470528419402448
0.847109334726822
0.847194073906688
0.8472576282915876
0.84736355226642
0.8473917986597086
0.8474835994378968
0.8475542154211184
0.8476248314043401
0.8476672009942731
0.8477166321825282
0.8477801865674277
0.8478508025506493
0.8479002337389044
0.8479355417305153
0.8479920345170926
0.8480202809103813
0.8480414657053478
0.8481050200902472
0.8481685744751467
0.8482462520566905
0.8483168680399121
0.8484016072197781
0.8484651616046776
0.8485357775878992
0.8485993319727987
0.8486417015627317
0.8486699479560204
0.8487123175459533
0.8487617487342085
0.8488041183241415
0.8488606111107188
0.8488959191023296
0.8489665350855513
0.8490371510687729
0.8490795206587058
0.8491501366419275
0.849213691026827
0.8492701838134044
0.8492984302066929
0.849340799796626
0.8494043541815255
0.8494820317630692
0.8495385245496465
0.8495879557379017
0.8496373869261569
0.849686818114412
0.8497998036875667
0.8498209884825332
0.8498704196707882
0.8499339740556877
0.8499763436456208
0.8500187132355538
0.8500893292187753
0.8501528836036748
0.8502164379885744
0.8502799923734738
0.8503223619634068
0.8503717931516619
0.850414162741595
0.8504918403231387
0.8505271483147495
0.8505553947080382
0.8505765795030047
0.8506260106912599
0.8506613186828706
0.850675441879515
0.8507248730677701
0.850802550649314
0.8508519818375692
0.8509225978207907
0.8509720290090459
0.8510002754023346
0.8510850145822005
0.8511273841721335
0.851190938557033
0.8512686161385769
0.8513039241301876
0.8513533553184428
0.8513957249083758
0.8514380944983088
0.8514804640882417
0.8515087104815304
0.8515510800714634
0.8515934496613964
0.851621696054685
0.8516711272429401
0.8517346816278396
0.8517982360127391
0.8518123592093835
0.8518547287993165
0.8519041599875716
0.8519606527741489
0.8519818375691154
0.8520312687573706
0.8520806999456257
0.8521160079372365
0.852137192732203
0.8521654391254917
0.8522007471171025
0.8522360551087133
0.8522925478952906
0.8523207942885793
0.8523419790835458
0.8523702254768344
0.8524055334684453
0.852440841460056
0.8524620262550225
0.852483211049989
0.8525326422382442
0.8525891350248215
0.8526526894097209
0.852695058999654
0.852737428589587
0.8528009829744865
0.8528645373593859
0.8529210301459632
0.8529775229325406
0.8529916461291849
0.8530057693258292
0.8530622621124065
0.8531399396939503
0.8531823092838833
0.8532317404721385
0.8532599868654271
0.8533235412503266
0.8533588492419374
0.8534012188318704
0.8534365268234813
0.8534930196100585
0.8535353891999915
0.8535706971916024
0.8536271899781797
0.8536766211664348
0.8537401755513343
0.8537754835429451
0.8538037299362338
0.8538743459194554
0.8539308387060327
0.8539802698942879
0.8540650090741538
0.854114440262409
0.8541638714506642
0.8541921178439528
0.8542486106305301
0.8543192266137517
0.8543545346053626
0.8543757194003291
0.8544322121869063
0.8544745817768393
0.8545169513667723
0.8545522593583832
0.8545946289483162
0.854629936939927
0.8546723065298599
0.8546793681281821
0.8547782305046925
0.8548064768979811
0.8548276616929475
0.8548770928812027
0.8549406472661022
0.8549618320610687
0.8550183248476461
0.855060694437579
0.8551383720191228
0.8551807416090558
0.855230172797311
0.8552654807889217
0.8553149119771769
0.8553784663620764
0.8554067127553651
0.8554773287385867
0.8555479447218083
0.8555832527134192
0.8556326839016744
0.8556609302949629
0.8556750534916073
0.8557103614832181
0.8557315462781846
0.8558021622614063
0.8558657166463057
0.8559080862362387
0.8559504558261717
0.8559928254161047
0.8560140102110712
0.8560563798010041
0.8561128725875815
0.8561411189808701
0.8561693653741588
0.8562399813573804
0.8562823509473134
0.8563176589389242
0.8563529669305351
0.8564023981187902
0.856437706110401
0.8564871372986562
0.856522445290267
0.8565789380768443
0.8565930612734887
0.8566707388550324
0.8567201700432876
0.8567766628298649
0.85682609401812
0.8568825868046974
0.8569178947963082
0.856995572377852
0.8570167571728184
0.8570520651644293
0.8571156195493288
0.857122681147651
0.8571862355325505
0.8572497899174499
0.8572921595073829
0.8573627754906046
0.8573980834822154
0.857468699465437
0.8575181306536922
0.8575887466369138
0.8576311162268467
0.8576664242184576
0.8577158554067128
0.8577794097916123
0.8578429641765117
0.8578853337664447
0.8579135801597334
0.8579630113479885
0.8580265657328879
0.8580971817161096
0.8581395513060426
0.8581889824942978
0.858245475280875
0.8582737216741637
0.8583655224523519
0.858414953640607
0.8584361384355735
0.8584785080255065
0.8585067544187952
0.8585703088036947
0.8586409247869162
0.8587044791718157
0.8587327255651044
0.8587750951550374
0.8588104031466482
0.8588739575315477
0.8589233887198029
0.8589798815063802
0.8590293126946353
0.8590575590879239
0.8590716822845683
0.8591352366694678
0.8592199758493337
0.8592623454392667
0.8593612078157771
0.8593965158073879
0.859445946995643
0.8595024397822203
0.8595518709704755
0.8595942405604085
0.8596366101503414
0.8596577949453079
0.8597001645352409
0.8597354725268517
0.8597707805184626
0.8598484581000063
0.859876704493295
0.8599049508865837
0.8599402588781945
0.8599755668698054
0.8600179364597383
0.8600814908446378
0.8601379836312151
0.8602015380161145
0.8602368460077254
0.8603004003926249
0.8603286467859135
0.8604063243674573
0.8604557555557125
0.8605122483422898
0.8605828643255115
0.8606252339154444
0.8606605419070552
0.8606887883003439
0.8607452810869212
0.8607947122751763
0.8608441434634315
0.8608935746516867
0.8609218210449753
0.8609783138315527
0.8610136218231634
0.8610630530114186
0.8611124841996738
0.8611901617812175
0.8612395929694727
0.8612749009610835
0.8613243321493387
0.8613667017392717
0.8613949481325603
0.8614938105090706
0.8615149953040371
0.8615644264922923
0.8616279808771917
0.8616562272704804
0.8617056584587356
0.8617409664503464
0.8618186440318901
0.8618680752201453
0.8619033832117562
0.861938691203367
0.8619810607933
0.8620375535798773
0.8620869847681324
0.8621505391530319
0.8622070319396092
0.8622564631278644
0.862284709521153
0.8623200175127639
0.8623906334959854
0.8624330030859184
0.8624683110775293
0.8625318654624288
0.8625671734540395
0.8626166046422947
0.862630727838939
0.8626730974288721
0.8627154670188051
0.8627648982070601
0.862800206198671
0.8628637605835705
0.8629484997634365
0.8629908693533694
0.8630544237382689
0.8631250397214906
0.8631744709097458
0.8632239020980008
0.8632592100896117
0.8632803948845782
0.8633227644745112
0.8633933804577328
0.8634216268510214
0.8634710580392766
0.8635346124241761
0.8635981668090755
0.8636475979973307
0.863661721193975
0.8637111523822302
0.8637535219721632
0.8638029531604183
0.8638453227503513
0.8638876923402843
0.8639300619302173
0.8639653699218282
0.8639865547167946
0.8640359859050497
0.8640430475033719
0.8640995402899492
0.8641419098798823
0.8641913410681373
0.8642690186496812
0.864304326641292
0.8643537578295472
0.8644031890178023
0.8644455586077353
0.8644879281976683
0.8645867905741785
0.864650344959078
0.8646997761473332
0.8647633305322326
0.8648127617204878
0.8648480697120986
0.8648763161053873
0.8649257472936425
0.8649610552852532
0.8649822400802197
0.8650387328667971
0.8650811024567301
0.8651305336449852
0.8651940880298847
0.8652576424147842
0.8653141352013615
0.8653282583980058
0.8653776895862609
0.8654553671678048
0.8654765519627713
0.8655118599543821
0.8655259831510264
0.8655895375359259
0.8656248455275367
0.8656672151174697
0.8657095847074027
0.8657378311006914
0.8657872622889465
0.865850816673846
0.8659002478621011
0.8659496790503562
0.8659779254436449
0.8660556030251887
0.8661120958117661
0.8661756501966655
0.8662109581882763
0.8662321429832428
0.8662745125731758
0.8663168821631088
0.8663451285563974
0.8664086829412969
0.8664722373261964
0.8665287301127738
0.8665640381043845
0.8666558388825727
0.8667052700708279
0.8667547012590829
0.8667829476523716
0.8668111940456603
0.866839440438949
0.8668747484305598
0.866931241217137
0.8669665492087479
0.8670371651919696
0.8670583499869361
0.8670795347819026
0.867143089166802
0.8671783971584128
0.8672419515433123
0.867312567526534
0.8673902451080777
0.8674255530996886
0.8674820458862659
0.867531477074521
0.8675950314594205
0.8676515242459978
0.8677150786308974
0.8678139410074076
0.8678351258023741
0.8678916185889515
0.867962234572173
0.8679975425637839
0.868046973752039
0.8681034665386164
0.8681670209235158
0.8682023289151266
0.8682870680949927
0.8683294376849257
0.8683788688731807
0.8684636080530467
0.868520100839624
0.8685765936262013
0.8686613328060673
0.8687037023960004
0.8687531335842554
0.8687884415758663
0.8688449343624436
0.8688802423540544
0.8689720431322425
0.8690144127221755
0.8690638439104307
0.8690920903037194
0.8691415214919745
0.869205075876874
0.8692686302617735
0.8693392462449951
0.8693957390315724
0.8694310470231832
0.8694734166131162
0.8695299093996935
0.8695722789896265
0.8696146485795595
0.8696570181694925
0.8697135109560697
0.8697488189476806
0.8697982501359358
0.8698194349309023
0.8698335581275466
0.8698688661191574
0.8699253589057347
0.869981851692312
0.8700383444788894
0.8700595292738559
0.870108960462111
0.8701725148470105
0.8702148844369435
0.8702501924285543
0.8702925620184873
0.8703490548050645
0.8704126091899641
0.8704549787798971
0.8704973483698301
0.870539717959763
0.8705538411564073
0.870582087549696
0.8706032723446625
0.8706385803362733
0.870666826729562
0.8707021347211727
0.8707233195161392
0.8707445043111057
0.8707868739010388
0.8708433666876161
0.8708645514825826
0.8709210442691598
0.8709351674658042
0.8709987218507037
0.8710340298423145
0.8710622762356032
0.8710834610305697
0.8711540770137913
0.8711823234070799
0.8712317545953351
0.871267062586946
0.8713023705785568
0.8713659249634562
0.8714153561517114
0.8714294793483557
0.8714436025450001
0.8714930337332552
0.8715212801265438
0.8715495265198325
0.8715918961097655
0.8716836968879537
0.8717260664778866
0.8717543128711752
0.8718037440594304
0.8718461136493634
0.8718602368460078
0.8718814216409743
0.8719379144275515
0.8719873456158067
0.8720226536074175
0.8720579615990284
0.8720932695906392
0.8721144543856056
0.8721427007788943
0.8721921319671494
0.8722274399587603
0.872305117540304
0.872347487130237
0.8724039799168144
0.8724534111050696
0.8725028422933246
0.8725663966782241
0.8726228894648015
0.8726723206530567
0.8727076286446674
0.8727782446278891
0.8728276758161442
0.8728841686027216
0.8729265381926545
0.8729618461842653
0.8730042157741983
0.8730254005691648
0.8730677701590978
0.8731313245439973
0.8731736941339303
0.8732160637238633
0.873286679707085
0.8733290492970179
0.8733572956903065
0.8733926036819174
0.8734914660584276
0.8735197124517163
0.8735762052382936
0.873682129213126
0.8737386219997034
0.8737809915896364
0.8738516075728581
0.8739081003594353
0.8739857779409792
0.8740422707275565
0.8740846403174894
0.8741552563007111
0.8742399954805771
0.8742682418738658
0.874324734660443
0.8743953506436647
0.8744447818319199
0.8744871514218528
0.8745577674050745
0.8745860137983631
0.8746566297815848
0.8746989993715177
0.8747908001497059
0.8748755393295718
0.874924970517827
0.8749602785094378
0.8749885249027265
0.8750167712960152
0.8750732640825925
0.8751156336725254
0.8751791880574249
0.8752356808440023
0.8752639272372909
0.8753062968272238
0.8753698512121234
0.8754687135886337
0.8755393295718553
0.8756028839567548
0.875701746333265
0.8757653007181645
0.8758429782997084
0.8758924094879635
0.8759489022745408
0.8760053950611182
0.8760548262493733
0.8761113190359506
0.8761607502242057
0.8761889966174944
0.8762313662074274
0.8763231669856155
0.8763937829688372
0.8764149677638037
0.8764502757554145
0.8765138301403139
0.8765491381319248
0.8765985693201799
0.8766833085000459
0.8767609860815897
0.8768033556715227
0.8768880948513886
0.8769375260396438
0.8770646348094427
0.8771281891943422
0.8771917435792417
0.8772411747674969
0.8773117907507185
0.8773894683322623
0.8774953923070948
0.8775871930852829
0.8776436858718603
0.8777072402567597
0.8777919794366257
0.8778343490265587
0.8778625954198473
0.8779261498047468
0.8779614577963576
0.878017950582935
0.878060320172868
0.8780885665661566
0.8781309361560896
0.8782015521393112
0.8782368601309221
0.8783004145158215
0.8783427841057545
0.8783992768923318
0.878448708080587
0.8784840160721977
0.8785475704570973
0.8786252480386411
0.8786746792268962
0.8786888024235405
