0.0006849750372499311
0.0031918424416182358
0.005211459561757208
0.006440177669813785
0.00732993905840648
0.007894866924179619
0.00844567159330843
0.00904590745069239
0.009511972939955229
0.009928607240962919
0.010345241541970609
0.011023154980898377
0.011814053992980772
0.012626137800029658
0.013381728820501232
0.01399608787452952
0.014716370903390273
0.015429592333928861
0.01614281376446745
0.02081053025541801
0.024517869374554236
0.02658691768294836
0.02799217574905904
0.029291509840337262
0.030167148032285627
0.03093686224940153
0.031579467696718475
0.032094964374236465
0.03272344662490908
0.033309559285648715
0.03405102710947596
0.035159698046055746
0.03624012258934687
0.03727111594438285
0.03860575802727189
0.039777983348751156
0.040597128754122205
0.0414868901427149
0.04263793066922767
0.04375366320412962
0.046345269788363896
0.04835076371185854
0.04989725374441251
0.05117540304072424
0.05238293635381432
0.05333625212730649
0.05390117999307963
0.054381368678986804
0.0550522205195924
0.05578662674509748
0.056711696125301
0.057198946409530334
0.05824406296121064
0.05932448750450177
0.060800361553834094
0.06286234826390605
0.06446533108303734
0.06531272288169704
0.06658381057968661
0.06863167409311424
0.07041825846862179
0.07172465415822217
0.07289687947970143
0.07380782566326062
0.07460578627366518
0.07524133012265996
0.07587687397165474
0.07748691838910819
0.07865208211226529
0.07952772030421365
0.08019857214481926
0.08078468480555889
0.08127899668811038
0.08189335574213867
0.08245828360791181
0.08307970426026227
0.0835669545444916
0.0841813135985199
0.08464737908778273
0.08536060051832131
0.08613031473543722
0.08678704337939849
0.08784628312772313
0.08872898291799367
0.08959049791329769
0.09061442967001151
0.09194201015457838
0.0927894019532381
0.09345319219552153
0.09403930485626116
0.09455480153377915
0.09497849743310902
0.09577645804351356
0.09666621943210627
0.09742181045257783
0.09812797028479427
0.0989118076985545
0.09946967396600546
0.09994280105359046
0.10064189928748472
0.10154578387272176
0.10314876669185304
0.1046740719294405
0.10587454364420842
0.1067501818361568
0.10735747929186291
0.10862856698985249
0.10952538997676735
0.10998439386770802
0.1103021657922054
0.11064112251166928
0.11120605037744243
0.11231472131402222
0.11290083397476185
0.11335277626738036
0.11377647216671022
0.11425666085261738
0.11500519027476679
0.11590907486000382
0.11707423858316092
0.11832414148618399
0.11972939955229467
0.12073920811236415
0.12155835351773521
0.12222214376001864
0.12289299560062425
0.12404403612713702
0.12499735190062919
0.12573175812613427
0.12642379476170637
0.1270875850039898
0.12768782086137376
0.12824568712882473
0.12871175261808757
0.12917075650902826
0.12978511556305655
0.1303500434288297
0.13083023211473685
0.13141634477547648
0.13188241026473932
0.13227785977078052
0.1326803708751439
0.13310406677447373
0.13359837865702523
0.13405032094964375
0.1344316472590406
0.1351660534845457
0.13576628934192966
0.13642301798589093
0.13716448580971818
0.13773647527381347
0.1382449103530093
0.1387392222355608
0.13946656686274372
0.14015154189999365
0.14096362570704254
0.14152855357281566
0.14206523504530016
0.1425877933211403
0.14301855081879233
0.14351992429966598
0.14407779056711695
0.14460741044127928
0.14496049035738748
0.1452782622818849
0.14556072621477145
0.14585731334430235
0.1462598244486657
0.14676119792953937
0.1471142778456476
0.14750266575336662
0.14783456087450833
0.1480393472258511
0.14835005755202632
0.14871726066477886
0.14899972459766544
0.14937398930874013
0.14990360918290246
0.15036261307384313
0.15094872573458276
0.15152777679700025
0.15211388945773988
0.15256583175035837
0.15306014363290987
0.1534697163355954
0.15379454985841495
0.15406995219297936
0.15431004653593294
0.15454307928056435
0.15476198882855147
0.1550515143597602
0.15552464144734518
0.15615312369801782
0.15671098996546878
0.15729004102788624
0.15772079852553827
0.15805975524500215
0.15846226634936553
0.1588365310604402
0.15930965814802522
0.15980397003057673
0.1602629739215174
0.16069373141916943
0.1611527353101101
0.1617035399792389
0.1624732541963548
0.16301699726716146
0.16340538517488049
0.16445756332488295
0.1658133902027385
0.1667596443779085
0.16752229699670224
0.16863096793328203
0.16937243575710925
0.16985262444301644
0.1705093530869777
0.17146266886046987
0.17204171992288736
0.1725289702071167
0.1728608653282584
0.17314332926114498
0.17355996356215267
0.17401190585477117
0.1744002937624902
0.1747745584735649
0.17532536314269373
0.17607389256484313
0.1764764036692065
0.17693540756014717
0.1776556905890079
0.1781711872665259
0.17871493033733254
0.17913156463834023
0.17958350693095876
0.179851847667201
0.1800848804118324
0.1806003770893504
0.18193501917223945
0.1831072444937187
0.18410999145546603
0.1849644448524479
0.18581889824942976
0.1863838261152029
0.1868004604162106
0.18722415631554046
0.1878102689762801
0.18824808807225427
0.1885587983984295
0.1888977551178934
0.18915903425581346
0.18946268298366653
0.1897027773266201
0.19001348765279533
0.19044424515044736
0.19079732506655556
0.1912422057608519
0.1916588400618596
0.1920754743628673
0.19253447825380796
0.19358665640381043
0.19441286340750366
0.1951119616413979
0.19581812147361433
0.19660902048569673
0.19747759707932294
0.19814138732160638
0.1990029023169104
0.2000903884585237
0.201608632097789
0.20317630692530947
0.20434147064846658
0.20543601838840203
0.20689776924109002
0.20766748345820593
0.20910098791760526
0.21047093799210514
0.2112265290125767
0.2119397504431153
0.2124552471206333
0.2129848669947956
0.21333794691090383
0.21376870440855583
0.21472908178037017
0.21525164005621034
0.215710643947151
0.2161625862397695
0.21649448136091123
0.21672751410554264
0.21715827160319467
0.2176808298790348
0.21801272500017654
0.21858471446427186
0.21943210626293155
0.2202088820783696
0.22073144035420977
0.2213175530149494
0.2220660824370988
0.222934659030725
0.223880913205895
0.2247918593894542
0.2259782079075778
0.2267902917146267
0.22772948429147452
0.2291771119475182
0.23035639886731962
0.23129559144416748
0.23193113529316225
0.23243250877403593
0.23284914307504362
0.23331520856430646
0.23369653487370332
0.23426852433779863
0.23497468417001505
0.2355537352324325
0.23606217031162832
0.23653529739921333
0.23693074690525454
0.23738268919787306
0.23801117144854567
0.23842074415123118
0.23883737845223887
0.23933875193311255
0.24058865483613562
0.24163377138781592
0.24237523921164317
0.24288367429083899
0.24328618539520236
0.24364632690963273
0.24401353002238527
0.24441604112674864
0.24474793624789035
0.24498096899252178
0.2455247120633284
0.24655570541836438
0.24709944848917104
0.24758669877340037
0.2481516266391735
0.24861769212843635
0.24902726483112186
0.24927442077239761
0.2495356999103177
0.24992408781803674
0.250192428554279
0.2505031388804542
0.2511739907210598
0.25161180981703396
0.25188721215159837
0.2522685384609953
0.25274166554858024
0.2533277782093199
0.253892706075093
0.2542104779995904
0.2545141267274435
0.2550649313965723
0.25586289200697687
0.25693625495194583
0.25815084986335807
0.2588993792855075
0.25947843034792495
0.2599374342388656
0.2603328837449068
0.26080601083249183
0.2614415546814866
0.26194998976068246
0.26277619676437564
0.2637083277429013
0.2643438715918961
0.26487349146605843
0.2654101729385429
0.265975100804316
0.2665188438751227
0.2669566629710969
0.2673803588704267
0.26786054755633393
0.2682701202590194
0.2687150009533158
0.2690610192711018
0.2694423455804987
0.26968950152177446
0.2699507806596945
0.27020499819929245
0.27057220131204496
0.27089703483486455
0.2711371291778181
0.2713207307341944
0.2717232418385577
0.2721893073278206
0.27264124962043906
0.27303669912648026
0.27355925740232045
0.2740394460882276
0.27451963477413477
0.2750704394432636
0.27557887452245944
0.27602375521675576
0.276334465542931
0.2766522374674284
0.27722422693152365
0.27782446278890766
0.27873540897246685
0.27985820310569093
0.2805573013395852
0.2809880588372372
0.28139056994160055
0.2816447874811985
0.28191312821744074
0.28232270092012623
0.2827322736228118
0.2831347847271751
0.28349492624160555
0.2839186221409354
0.28451885799831933
0.2852320794288579
0.2860229784409403
0.28674326146980106
0.2875200372852391
0.28800022597114633
0.2884804146570535
0.288889987359739
0.2893984224389348
0.28999865829631877
0.29108614443793207
0.2919900290231691
0.2925832032822309
0.29305633036981593
0.2935859502439782
0.2939460917584086
0.29436272605941627
0.29466637478726937
0.2950477010966662
0.29545727379935177
0.2959233392886146
0.29631172719633364
0.2967424846939856
0.29721561178157063
0.297660492475867
0.29820423554667363
0.29902338095204467
0.29966598639936165
0.3000190663154698
0.3003650846332559
0.30072522614768626
0.3011136140554053
0.3014949403648022
0.30195394425574285
0.3024906257282273
0.30294256802084585
0.3032674015436654
0.30376877502453903
0.3041854093255467
0.30459498202823226
0.30505398591917293
0.3055624209983688
0.3060708560775646
0.3065581063617939
0.30708066463763406
0.30758203811850776
0.3080269188128041
0.30833056754065713
0.3087189554483762
0.30907909696280655
0.30947454646884776
0.3099194271631441
0.3104702318322729
0.3108233117483811
0.31136705481918775
0.31188961309502794
0.3123486169859686
0.31280055927858713
0.31318894718630613
0.3134996575124814
0.3137538750520793
0.3140998933698653
0.3143611725077854
0.3146577596373163
0.31499671635678017
0.3154274738544322
0.3158935393436951
0.3163807896279244
0.31692453269873105
0.3171858118366511
0.31748946056450417
0.3176730621208804
0.3178919716688675
0.3181320660118211
0.3184145299447077
0.3188311642457154
0.31948789288967666
0.3199398351822952
0.320405900671558
0.32099201333229765
0.32205125308062227
0.322771536109483
0.3232517247953902
0.3238802070460628
0.324318026142037
0.32476290683633335
0.32515835634237455
0.32556792904506004
0.3260057481410342
0.3265212448185522
0.3270579262910367
0.3275098685836552
0.32796181087627374
0.3285408619386912
0.32892924984641025
0.32922583697594116
0.3295506704987607
0.3298472576282916
0.3300237975863457
0.3301932759460776
0.3304404318873534
0.3307087726235956
0.33101948294977085
0.3313725628658791
0.3317962587652089
0.33227644745111606
0.33258009617896916
0.3328484369152114
0.3331450240447423
0.33339217998601806
0.3337381983038041
0.3339359230568247
0.3341407094081674
0.33450791252092
0.33484686924038387
0.3351222715749483
0.3354471050977678
0.335927293783675
0.33641454406790433
0.3367323159924017
0.33730430545649703
0.337862171723948
0.3382576212299892
0.3385047771712649
0.33871662512092987
0.33897790425884994
0.3394580929447571
0.33986766564744264
0.3402489919568395
0.34061619506959206
0.34087041260919
0.3411811229353652
0.34164012682630585
0.34204263793066925
0.34241690264174396
0.3427417361645635
0.3430736312857052
0.3433772800135583
0.3437444831263108
0.3439987006659087
0.3442176102138958
0.34442945816356074
0.34468367570315867
0.34537571233873077
0.34572879225483893
0.34608893376926936
0.34637845930047806
0.34655499925853217
0.34671741601994194
0.34691514077296254
0.34728940548403725
0.34783314855484393
0.3485110619937717
0.3490336202696118
0.3494220081773309
0.34973271850350607
0.35005049042800346
0.3503117695659235
0.35056598710552145
0.35074252706357556
0.3509967446031735
0.351448686895792
0.35179470521357803
0.35219721631794143
0.3525008650457945
0.35278332897868103
0.352995176928346
0.35345418081928665
0.35431569581459066
0.35481706929546436
0.35533256597298235
0.35560090670922456
0.3558904322404333
0.35636355932801833
0.3568366864156033
0.35740161428137646
0.3580300965320491
0.35839023804647946
0.35867976357768816
0.35889867312567525
0.3590681514854072
0.35927999943507216
0.35949890898305925
0.3600567752505102
0.36048047114984005
0.3607488118860823
0.36115132299044567
0.36146203331662086
0.36176568204447396
0.36227411712366975
0.3626625050313888
0.3630014617508527
0.36324861769212846
0.3635169584283707
0.36373586797635776
0.36403245510588866
0.36437141182535254
0.3647809845280381
0.36531060440220037
0.36567780751495294
0.3660591338243498
0.36652519931361266
0.366970080007909
0.36733728312066155
0.3677397942250249
0.3681564285260326
0.36851657004046295
0.36886258835824903
0.36925097626596803
0.3698300273283855
0.3702325384327489
0.37056443355389057
0.3708539590850993
0.37112936141966374
0.3712917781810735
0.3715318725240271
0.3717295972770477
0.37192026043174614
0.3720614923981894
0.3722521555528878
0.37261229706731824
0.3728947610002048
0.3731136705481919
0.37329727210456815
0.37361504402906554
0.37406698632168406
0.3745189286143026
0.3749143781203438
0.37516859565994165
0.37539456680625094
0.37556404516598285
0.37607954184350084
0.37643262175960907
0.3768351328639724
0.37728707515659093
0.37767546306431
0.37790849580894137
0.3781838981435058
0.37852991646129186
0.37874176441095675
0.37908778272874283
0.37944086264485105
0.3796456489961938
0.37993517452740255
0.38020351526364476
0.38042948640995405
0.38066251915458543
0.38093792148914984
0.38121332382371426
0.3816793893129771
0.38204659242572964
0.38261858188982495
0.3831199553706986
0.38352952807338414
0.38391791598110314
0.3842851190938557
0.38511132609754894
0.38552089880023444
0.3858598555196983
0.3861988122391622
0.38634710580392767
0.38656601535191476
0.3867990480965462
0.3869473416613116
0.3871380048160101
0.3872862983807755
0.3875263927237291
0.3879571502213811
0.38836672292406665
0.388811603618363
0.3894047778774248
0.3899343977515871
0.3903439704542726
0.3907182351653473
0.3911136846713885
0.39154444216904055
0.3918692756918601
0.3921941092146797
0.3926178051140095
0.39285083785864094
0.3932321641680378
0.3934722585109914
0.3937052912556228
0.39391007760696556
0.39412898715495265
0.39430552711300676
0.39454562145596034
0.3948139621922026
0.39509642612508916
0.3953506436646871
0.3955695532126742
0.39578846276066126
0.3960638650952257
0.39627571304489057
0.39664291615764313
0.3969253800905297
0.39723609041670493
0.39753267754623584
0.3977939566841559
0.39817528299355276
0.398485993319728
0.3988461348341584
0.39906504438214546
0.3993192619217434
0.3994887402814753
0.3996440954445629
0.39987006659087215
0.4001313457287923
0.4003996864650345
0.4007245199878541
0.40097873752745194
0.40128238625530505
0.4017060821546349
0.4021792092422199
0.4026311515348384
0.4032243257939002
0.4038033768563177
0.4043259351321578
0.40465076865497734
0.4050179717677299
0.40534280529054945
0.4055758380351809
0.4058794867630339
0.4062184434824978
0.406783371348271
0.4071858824526343
0.4075742703603534
0.4078708574898843
0.40813213662780434
0.40844990855230173
0.40879592687008776
0.40919137637612896
0.40963625707042534
0.4099469673966005
0.4101517537479433
0.410568388048951
0.4113169174711004
0.4118959685335179
0.4122278636546596
0.4124891427925797
0.41276454512714406
0.41298345467513115
0.4131953026247961
0.41344245856607187
0.4136119369258038
0.41389440085869034
0.4141344952016439
0.4145158215110408
0.41490420941875983
0.4151866733516464
0.41550444527614383
0.4159069563805072
0.41609055793688343
0.4163588986731257
0.4165283770328576
0.4167472865808447
0.4169873809237983
0.4172980912499735
0.41757349358453794
0.4178135879274915
0.41815960624527754
0.41836439259662034
0.4185833021446074
0.4188163348892388
0.41921178439528
0.41944481713991144
0.419727281072798
0.4198896978342078
0.42005917619393973
0.4202710241436047
0.4204051945117258
0.4206382272563572
0.42078652082112267
0.4211325391389087
0.42139381827682876
0.42149974225166126
0.42164097421810454
0.4221494092973003
0.4225519204016637
0.42287675392448326
0.4230532938825374
0.4233498810120683
0.4236464681415992
0.4239430552711301
0.42422551920401663
0.4244444287520037
0.4246421535050243
0.42487518624965576
0.42505172620770987
0.4253553749355629
0.4257931940315371
0.4261250891526788
0.42637930669227675
0.42661940103523033
0.42698660414798284
0.42721257529429213
0.42746679283389
0.427939919921475
0.4283848006157714
0.4286743261469801
0.4289779748748332
0.4291968844228203
0.42954996433892845
0.43002309142651346
0.43032674015436656
0.43051740330906496
0.43078574404530723
0.4311035159698046
0.43140716469765766
0.4316331358439669
0.4319509077684643
0.43231811088121685
0.43243815805269364
0.4326288212073921
0.4330242707134333
0.43342678181779665
0.4337374921439719
0.43404114087182494
0.43431654320638935
0.43462725353256454
0.43498033344867276
0.4354110909463248
0.4357500476657887
0.4359972036070644
0.4361808051634407
0.4363432219248505
0.4367669178241803
0.4371341209369329
0.43751544724632974
0.43776966478592766
0.4379956359322369
0.4381227447020359
0.43837696224163375
0.4388359661325745
0.4391396148604275
0.4392808468268708
0.4394362019899584
0.43976809711110015
0.4400434994456645
0.4403683329684841
0.44060136571311553
0.4408414600560691
0.441180416775533
0.44171709824801747
0.44235264209701225
0.4430517403309065
0.4437861465564116
0.4443157664305739
0.4448030167148032
0.4452267126141331
0.44567865490675157
0.44607410441279277
0.44639893793561236
0.4466672786718546
0.44688618821984166
0.4471192209644731
0.44734519211078233
0.44764177924031323
0.44781831919836734
0.4483550006708518
0.4488563741517255
0.4494636716074316
0.4501062770547486
0.45070651291213254
0.451243194384617
0.45159627430072524
0.45226006454300866
0.45258489806582824
0.45278262281884885
0.4529379779819364
0.45329105789804464
0.4537994929772405
0.454166696089993
0.4543714824413358
0.45464688477590015
0.45502821108529706
0.45536010620643874
0.4557979253024129
0.456143943620199
0.45653233152791806
0.4570266434104695
0.4573444153349669
0.4576833720544308
0.457994082380606
0.45817768393698227
0.4585590102463792
0.45896152135074253
0.4592722316769178
0.4594487716349719
0.4597736051577914
0.46002076109906714
0.4601902394587991
0.46040208740846406
0.4606845513413506
0.4609740768725593
0.46126360240376807
0.46170142149974225
0.46205450141585047
0.4623016573571262
0.46261236768330144
0.46297957079605395
0.4633114659171957
0.46367160743162605
0.4640388105443786
0.4643283360755873
0.46468847759001775
0.4650909886943811
0.4653240214390125
0.4656064853718991
0.4661149204510949
0.46655980114539125
0.4670682362245871
0.4674848705255948
0.46781676564673647
0.4681698455628447
0.4684452478974091
0.468699465437007
0.46903136055814876
0.4693138244910353
0.46961747321888836
0.46996349153667444
0.4703660026410378
0.4706837745655352
0.47116396325144233
0.47170770632224895
0.4719689854601691
0.47220201820480046
0.47234325017124373
0.47261865250580815
0.47291523963533905
0.4731835803715813
0.47361433786923335
0.473988602580308
0.4742145737266173
0.47444054487292653
0.4746453312242693
0.47489248716554505
0.47516788950010946
0.47538679904809655
0.47557746220279495
0.47580343334910424
0.47648840838635415
0.4770957058420603
0.47747703215145715
0.4779360360423978
0.4784939023098488
0.478846982225957
0.47905883017562195
0.479320109313542
0.4794825260749518
0.4796096348447508
0.4797649900078384
0.4799556531625368
0.4801533779155574
0.4803793490618667
0.4805911970115316
0.48121261766388207
0.4818269767179103
0.4821306254457634
0.48236365819039484
0.48263199892663705
0.4828650316712685
0.4831969267924102
0.48352176031522975
0.483874840231338
0.48433384412227865
0.48470104723503116
0.48494114157798474
0.4851600511259718
0.48540014546892546
0.4857602869833558
0.48613455169443054
0.4864382004222836
0.48674891074845883
0.4869890050914124
0.4871584834511443
0.4873420850075206
0.4875256865638969
0.4877234113169175
0.4878363968900721
0.48816123041289167
0.488606111107188
0.48899449901490705
0.48930520934108224
0.4895311804873915
0.4897712748303451
0.4901879091313528
0.4904421266709507
0.49064691302229346
0.4908375761769919
0.4911553481014893
0.4916072903941078
0.491918000720283
0.4920662942850485
0.49219340305484743
0.49234169661961286
0.4925111749793448
0.49284307010048656
0.4931255340333731
0.49328088919646074
0.493464490752837
0.49375401628404575
0.493937617840422
0.4941777121833756
0.49436131373975184
0.4945519768944503
0.49476382484411524
0.49501098078539096
0.49522989033337805
0.4954205534880765
0.4955900318478084
0.4956888942243187
0.49582306459243985
0.49602078934546046
0.4961832061068702
0.49634562286828
0.49661396360452226
0.496818749955865
0.49708002909378507
0.4973695546249938
0.49767320335284687
0.49796979048237777
0.49833699359513034
0.49884542867432613
0.49917732379546786
0.49951628051493174
0.499699882071308
0.5002718715354033
0.5006320130498337
0.5010204009575527
0.5015147128401042
0.5019242855427898
0.5023479814421196
0.5026092605800397
0.5032024348391014
0.5034919603703102
0.5036261307384313
0.5038874098763514
0.5044170297505137
0.5047912944615884
0.5050666967961528
0.505327975934073
0.5057375486367585
0.5060482589629337
0.5062742301092429
0.5064719548622635
0.5066979260085728
0.5069027123599156
0.5071074987112583
0.5073193466609233
0.5077006729703201
0.5079690137065623
0.5082161696478381
0.508512756777369
0.5088093439068999
0.5091906702162967
0.5096637973038818
0.5098756452535467
0.5100310004166343
0.5102004787763662
0.5103558339394538
0.5106453594706626
0.5109984393867708
0.5111749793448249
0.511393888892812
0.5116198600391213
0.5117893383988532
0.51190938557033
0.5121777263065722
0.5124390054444923
0.5127497157706675
0.5130816108918093
0.5132581508498634
0.5134064444146288
0.5135900459710051
0.5138372019122808
0.5140349266653014
0.514232651418322
0.514444499367987
0.5146139777277189
0.5147763944891287
0.5149458728488606
0.5151930287901364
0.5154613695263786
0.5157579566559095
0.5159344966139636
0.5161392829653064
0.5163299461200048
0.5164782396847702
0.5167112724294016
0.5170925987387985
0.5174244938599403
0.517756388981082
0.5179682369307469
0.5181306536921567
0.518490795206587
0.5188156287294066
0.5189921686874607
0.5191475238505483
0.5193523102018911
0.51947941897169
0.5196983285196771
0.5200655316324296
0.5203197491720276
0.5207716914646461
0.5210753401924991
0.5213295577320971
0.5216049600666615
0.5218309312129708
0.5219862863760584
0.5221628263341125
0.5223817358820996
0.5225865222334423
0.5227277541998856
0.5229466637478727
0.5232714972706922
0.5234833452203572
0.5238999795213649
0.5242671826341174
0.5245355233703597
0.5247403097217024
0.5248462336965348
0.5250580816461998
0.525199313612643
0.5253829151690194
0.5256159479136507
0.5258560422566043
0.5260325822146584
0.5263362309425115
0.5265763252854652
0.5268658508166738
0.5271200683562718
0.5274095938874805
0.5277697354019109
0.5280027681465422
0.5282287392928515
0.5284405872425165
0.5286736199871479
0.5289066527317793
0.5291820550663437
0.5294503958025859
0.52962693576064
0.529838783710305
0.5300294468650034
0.5302130484213797
0.5304743275592998
0.5307567914921864
0.5310110090317842
0.5312228569814492
0.5314135201361476
0.5317242304623229
0.5320561255834646
0.5323244663197068
0.5324798214827944
0.532592807055949
0.5328540861938691
0.5331083037334671
0.5333060284864877
0.5334472604529309
0.5337156011891732
0.5339556955321267
0.5341957898750803
0.5344288226197117
0.534697163355954
0.534909011305619
0.5350361200754179
0.5351844136401833
0.5353750767948817
0.535558678351258
0.5357352183093121
0.5358835118740776
0.536074175028776
0.5362648381834745
0.5364413781415286
0.5366602876895157
0.5368862588358249
0.5370910451871677
0.537274646743544
0.5373946939150207
0.5376347882579743
0.5378325130109949
0.5379596217807938
0.5382138393203918
0.5384256872700567
0.5386022272281108
0.5388140751777757
0.538912937554286
0.5390471079224072
0.5391742166922061
0.5393366334536159
0.5395272966083143
0.5396897133697242
0.5398944997210668
0.5400569164824767
0.5403464420136854
0.5404735507834844
0.5406500907415385
0.5408195691012704
0.5410243554526132
0.5413350657787883
0.5415822217200641
0.5418081928663734
0.5419917944227497
0.5423448743388578
0.5425637838868449
0.5427332622465769
0.5428815558113423
0.5431075269576516
0.5433899908905382
0.5437148244133577
0.5444280458438963
0.5446540169902055
0.5448234953499375
0.5449506041197365
0.5450070969063138
0.5450988976845019
0.5453389920274555
0.5455014087888652
0.545663825550275
0.5460239670647055
0.5462358150143704
0.5463629237841693
0.5464688477590017
0.5466806957086667
0.5469490364449089
0.5472032539845069
0.5474786563190712
0.547810551440213
0.5481212617663882
0.5483119249210866
0.5485167112724294
0.5487285592220943
0.5488768527868598
0.5490745775398804
0.5492369943012901
0.5493852878660556
0.5494982734392102
0.5496677517989422
0.5498301685603519
0.550049078108339
0.5501832484764602
0.5503809732294808
0.5505292667942462
0.5507128683506225
0.5509529626935761
0.5510941946600193
0.5512636730197513
0.551468459371094
0.5516238145341816
0.551765046500625
0.5519698328519678
0.5521604960066662
0.5522946663747873
0.5524782679311635
0.5527042390774728
0.5528737174372047
0.5530643805919032
0.5533397829264676
0.5535940004660654
0.5539682651771402
0.5542719139049933
0.5545120082479469
0.5547521025909005
0.5550698745153978
0.5552958456617071
0.5554865088164055
0.5555924327912379
0.555719541561037
0.5558890199207689
0.5559949438956013
0.5561432374603668
0.5562774078284879
0.5564610093848642
0.5566587341378848
0.5569129516774827
0.5573437091751346
0.5576473579029878
0.5578450826560084
0.5580074994174181
0.5582052241704387
0.558515934496614
0.5589466919942659
0.559335079901985
0.5597093446130598
0.5600483013325236
0.5603166420687659
0.5605496748133972
0.5607262147714513
0.5608745083362168
0.5610510482942709
0.5612840810389024
0.561481805791923
0.5617713313231317
0.5619761176744744
0.5621667808291729
0.5623645055821934
0.562562230335214
0.5627882014815233
0.5630494806194434
0.5632542669707862
0.5634802381170955
0.5636850244684382
0.5638827492214588
0.564151089957701
0.564490046677165
0.564878434584884
0.565097344132871
0.5652738840909252
0.5654716088439458
0.5656834567936107
0.5659094279399199
0.5660506599063632
0.5661142142912626
0.5662060150694508
0.5662978158476389
0.5664955406006595
0.5666791421570359
0.5667991893285126
0.5669827908848889
0.5674135483825409
0.5679431682567032
0.5683103713694557
0.5685434041140872
0.5687834984570408
0.56900946960335
0.569221317553015
0.5693554879211361
0.5696732598456334
0.5700334013600639
0.570209941318118
0.5703864812761721
0.570555959635904
0.5707254379956359
0.5709161011503344
0.5711703186899323
0.5714880906144296
0.5717211233590611
0.572017710488592
0.5723001744214785
0.5724696527812105
0.5727168087224862
0.5730910734335609
0.573437091751347
0.5737689868724887
0.5740020196171202
0.5742209291651073
0.5744257155164499
0.5745669474828933
0.5747223026459809
0.5748635346124241
0.5749623969889345
0.5751389369469886
0.5753154769050427
0.5754567088714859
0.5756191256328957
0.5757391728043726
0.575845096779205
0.5763111622684678
0.576572441406388
0.5767489813644421
0.5769396445191405
0.5771232460755167
0.5772362316486713
0.5773421556235038
0.5774763259916249
0.5776599275480012
0.5778858986943105
0.5781683626271971
0.5784720113550501
0.5786203049198155
0.5788462760661248
0.5789239536476686
0.5790369392208232
0.5791852327855886
0.5793052799570655
0.5794747583167974
0.5795806822916298
0.5798490230278721
0.5801173637641144
0.5802656573288798
0.5804280740902896
0.5805269364667999
0.5806681684332432
0.5808305851946529
0.5810000635543849
0.5811342339225061
0.5813178354788823
0.5815155602319029
0.581692100189957
0.5818121473614338
0.5819392561312328
0.5820522417043874
0.5822146584657971
0.582341767235596
0.5824194448171399
0.5825041839970059
0.5828078327248589
0.5830126190762017
0.5831679742392893
0.5833303910006991
0.5834928077621089
0.5838670724731836
0.5843966923473459
0.5846720946819103
0.5848556962382866
0.5850816673845959
0.5852511457443278
0.5853853161124489
0.5854912400872814
0.5855759792671473
0.5856819032419798
0.5857948888151344
0.5859573055765442
0.5860702911496988
0.5862821390993638
0.5865010486473509
0.5866422806137941
0.5867411429903044
0.5868541285634591
0.5870447917181575
0.5871577772913121
0.5873060708560776
0.5875037956090982
0.5876379659772193
0.5878145059352734
0.5879557379017166
0.5881958322446703
0.5884500497842682
0.588612466545678
0.5888243144953429
0.5889937928550748
0.5892268255997062
0.5894598583443377
0.5896293367040696
0.5897281990805799
0.5898764926453454
0.5901024637916547
0.5902790037497088
0.5903919893228633
0.5905049748960179
0.5906391452641391
0.590766254033938
0.5908580548121262
0.5909922251802473
0.5912323195232009
0.5913523666946777
0.5915077218577652
0.5917054466107858
0.5918961097654843
0.592051464928572
0.5922280048866261
0.5923762984513915
0.5924892840245461
0.5926305159909894
0.5929200415221981
0.5932095670534069
0.5934567229946827
0.5937038789359583
0.593859234099046
0.5939439732789119
0.5940852052453552
0.594205252416832
0.5943606075799196
0.5944947779480407
0.5946713179060948
0.5948902274540819
0.5950738290104582
0.5951797529852907
0.5953916009349556
0.5955893256879762
0.5957799888426747
0.5959988983906618
0.5961966231436824
0.5963661015034143
0.5965567646581127
0.5969169061725431
0.5971428773188523
0.5973476636701951
0.5975100804316049
0.5976513123980481
0.5977996059628137
0.5979267147326126
0.598075008297378
0.5982374250587879
0.5984069034185198
0.59850576579503
0.5986116897698626
0.5988164761212053
0.5990071392759037
0.5992119256272465
0.5993249112004011
0.5994378967735557
0.5995932519366434
0.5997697918946975
0.6000381326309396
0.6002711653755711
0.6003770893504036
0.6004618285302695
0.600525382915169
0.6006313068900014
0.6008431548396664
0.6009632020111432
0.6010903107809421
0.6011609267641638
0.6013445283205401
0.6016411154500709
0.6018247170064472
0.6019941953661792
0.602156612127589
0.6022413513074549
0.6024461376587977
0.6026791704034291
0.6031381742943698
0.6033923918339676
0.6037525333483981
0.6039361349047744
0.6041974140426944
0.6043033380175269
0.6044657547789367
0.6045928635487356
0.6047482187118233
0.6049035738749109
0.6051154218245758
0.6052495921926969
0.6053908241591401
0.6055814873138387
0.6057792120668593
0.6059698752215577
0.606287647146055
0.6064853718990756
0.6066619118571297
0.6067960822252508
0.6069373141916942
0.6071067925514261
0.6072480245178694
0.6073327636977354
0.607572858040689
0.6079047531618307
0.6082295866846502
0.608519112215859
0.6086885905755909
0.6089004385252558
0.6090416704916991
0.609168779261498
0.6092182104497532
0.6094088736044516
0.6096277831524387
0.609811384708815
0.6100373558551242
0.6102492038047892
0.6104539901561319
0.6106587765074747
0.6109694868336499
0.6111389651933818
0.6113084435531139
0.6114991067078123
0.6116544618708999
0.6118451250255983
0.6120075417870081
0.6121840817450622
0.6123888680964049
0.6125089152678818
0.6125724696527812
0.6126572088326472
0.6127348864141909
0.612904364773923
0.6130597199370106
0.6132645062883533
0.6134904774346626
0.6137446949742604
0.613942419727281
0.6141613292752681
0.6142672532501007
0.6143590540282887
0.6145567787813093
0.6147333187393634
0.6149381050907062
0.6150863986554717
0.6152417538185593
0.6153688625883582
0.6155665873413788
0.6157501888977551
0.6161032688138633
0.6164139791400386
0.616562272704804
0.6167176278678916
0.6168800446293013
0.6170283381940669
0.6171413237672215
0.6172825557336648
0.6174308492984302
0.6177062516329946
0.6179745923692369
0.618235871507157
0.6183912266702446
0.6185324586366878
0.6186736906031312
0.6187937377746079
0.6189773393309842
0.6191962488789713
0.6193516040420589
0.6194434048202471
0.619655252769912
0.6197964847363552
0.6199306551044763
0.6200860102675639
0.6202413654306516
0.6204532133803164
0.620601506945082
0.6207003693215922
0.6207992316981026
0.620905155672935
0.6210252028444118
0.6211946812041438
0.62137828276052
0.6215689459152185
0.621893779438038
0.6220632577977699
0.6222962905424013
0.6224728305004554
0.6226070008685766
0.6226988016467647
0.6228047256215972
0.6229530191863626
0.6231507439393832
0.6232849143075043
0.6235885630353574
0.6237156718051564
0.6238922117632105
0.6241040597128754
0.6241887988927414
0.624301784465896
0.6243724004491177
0.6244853860222723
0.6246124947920713
0.6247254803652259
0.6248314043400583
0.6248808355283135
0.6250008826997903
0.6251562378628779
0.6252409770427438
0.6253469010175763
0.6254528249924087
0.6256011185571743
0.6256717345403958
0.6257847201135505
0.625933013678316
0.6259824448665711
0.6260318760548262
0.6261519232263031
0.6262437240044911
0.6262931551927463
0.626406140765901
0.6265050031424112
0.6266179887155658
0.6266886046987875
0.626752159083687
0.6267733438786535
0.6269145758450968
0.6270628694098622
0.6271405469914061
0.6272959021544936
0.6273806413343597
0.6275359964974472
0.6276772284638905
0.6278325836269781
0.6279667539950993
0.6281362323548312
0.6283975114927512
0.6286305442373827
0.6287647146055038
0.6289483161618801
0.629117794521612
0.6292731496846996
0.6295061824293311
0.6296968455840295
0.6299228167303388
0.6300781718934264
0.6301699726716145
0.6302547118514804
0.6303323894330243
0.6304171286128902
0.6305159909894006
0.6306007301692665
0.6307207773407433
0.6308196397172536
0.6309114404954418
0.6310456108635628
0.6311303500434289
0.6312715820098721
0.6314269371729597
0.6315893539343695
0.6317941402857122
0.632041296226988
0.6322955137665859
0.6325497313061839
0.6327403944608823
0.6329169344189364
0.6331075975736348
0.6332347063434338
0.6333335687199441
0.63341830789981
0.6335524782679312
0.6336089710545085
0.633672525439408
0.6338278806024956
0.6340114821588718
0.634145652526993
0.6342515765018254
0.63436456207498
0.6345057940414234
0.6346682108028331
0.6348165043675985
0.6349436131373976
0.6350636603088743
0.6352684466602171
0.6355367873964594
0.6357203889528356
0.6359039905092119
0.6360310992790108
0.6361793928437762
0.6363488712035082
0.636511287964918
0.6367019511196164
0.6368502446843819
0.6370197230441138
0.6371962630021679
0.6373445565669333
0.6374928501316988
0.6376199589014978
0.6377682524662632
0.6378812380394179
0.638015408407539
0.6381425171773379
0.6382766875454591
0.6384249811102245
0.6385167818884127
0.6386085826666008
0.6387145066414333
0.6389263545910981
0.6390958329508301
0.6393006193021729
0.6395760216367372
0.639907916757879
0.6401833190924434
0.6403951670421083
0.6405858301968067
0.6407553085565387
0.6408612325313712
0.6409954028994923
0.6411507580625799
0.6413202364223118
0.6415250227736546
0.6416521315434536
0.6417651171166082
0.6418922258864072
0.6419910882629174
0.6420617042461391
0.6422241210075489
0.6424500921538581
0.6426831248984896
0.6428243568649328
0.6430008968229869
0.6431562519860745
0.643262175960907
0.643389284730706
0.6435728862870822
0.643735303048492
0.6440177669813786
0.644208430136077
0.6443990932907754
0.6445615100521852
0.6446321260354069
0.6447874811984945
0.6448792819766827
0.6450275755414481
0.6452182386961465
0.6454724562357445
0.6456772425870871
0.6458608441434635
0.6459879529132624
0.6460515072981619
0.6461574312729943
0.6463622176243371
0.6464822647958138
0.646574065574002
0.6466305583605794
0.6467223591387675
0.6468565295068885
0.6470048230716541
0.6471036854481643
0.6471954862263525
0.6473296565944736
0.647477950159239
0.6478027836820586
0.6480499396233343
0.6481911715897777
0.6483253419578987
0.6484595123260198
0.648551313104208
0.6486854834723291
0.648805530643806
0.6488902698236719
0.6490950561750146
0.6493351505179682
0.649539936869311
0.6497870928105868
0.6500201255552182
0.6503449590780377
0.6507192237891124
0.6509240101404552
0.6511146732951536
0.6513335828431407
0.6515242459978392
0.6517219707508598
0.651990311487102
0.6521739130434783
0.652293960214955
0.652463438574687
0.6526611633277076
0.6528023952941509
0.6529718736538829
0.653197844800192
0.6533743847582462
0.65345206233979
0.6535509247163003
0.6536427254944884
0.6537204030760322
0.6539887438122745
0.6541370373770399
0.654271207745161
0.6543912549166379
0.6544901172931481
0.6547725812260347
0.6550479835605991
0.6551821539287203
0.6553092626985192
0.6554928642548955
0.6558741905642923
0.6561849008904675
0.6565238576099315
0.6567286439612742
0.6568698759277175
0.6570111078941607
0.6571382166639598
0.6573359414169804
0.6575054197767123
0.6576395901448334
0.6578161301028875
0.6579149924793978
0.6581197788307406
0.6582327644038952
0.6583881195669828
0.6584728587468488
0.6586070291149699
0.6587200146881245
0.6588541850562456
0.6589671706294002
0.6590801562025549
0.6591507721857766
0.6592284497673203
0.6593131889471863
0.6594544209136296
0.6595956528800728
0.6597368848465162
0.6599275480012146
0.6600617183693357
0.660202950335779
0.6603583054988666
0.6605207222602764
0.6606195846367867
0.6607466934065857
0.6608596789797403
0.6610856501260496
0.6612410052891371
0.6613963604522247
0.6615587772136345
0.6616929475817557
0.6618059331549103
0.6619330419247093
0.6621166434810855
0.6622931834391396
0.6624344154055829
0.6626250785602813
0.6627874953216911
0.6628581113049128
0.6630487744596112
0.6633665463841085
0.6635289631455183
0.6636631335136395
0.6637831806851162
0.6639102894549153
0.6640162134297477
0.6640868294129694
0.6642280613794126
0.6643975397391445
0.6644540325257219
0.6645599565005543
0.6646517572787425
0.6647718044502192
0.6648565436300853
0.6649977755965285
0.6651248843663274
0.6652378699394821
0.6653296707176702
0.6654355946925027
0.6655485802656573
0.6656403810438455
0.6657533666170001
0.6658451673951882
0.6659157833784098
0.666007584156598
0.6660782001398197
0.6661558777213634
0.6662406169012294
0.666395972064317
0.6665442656290825
0.6667349287837809
0.6668690991519021
0.666996207921701
0.6671091934948556
0.6672009942730438
0.6672786718545876
0.6673775342310979
0.6674763966076082
0.6676035053774071
0.6676670597623066
0.6677376757455282
0.6678153533270721
0.6679707084901597
0.6680625092683478
0.6681613716448581
0.668373219594523
0.6686133139374766
0.6688463466821081
0.6690017018451957
0.6691570570082832
0.6692347345898271
0.6693335969663373
0.6694960137277471
0.6697290464723785
0.6698985248321105
0.670046818396876
0.6701951119616414
0.6704140215096285
0.6706046846643269
0.6707529782290924
0.6709224565888243
0.6710495653586233
0.6711413661368114
0.6712896597015768
0.6713955836764093
0.6714803228562752
0.6716215548227186
0.6718969571572829
0.6720170043287598
0.6721511746968809
0.6722429754750691
0.6723771458431902
0.6724830698180226
0.6725536858012443
0.6726878561693653
0.6728079033408422
0.6728997041190303
0.6731115520686952
0.6733022152233936
0.673443447189837
0.6735634943613137
0.6737188495244013
0.6738530198925224
0.6740154366539323
0.6742202230052751
0.6742837773901745
0.6744250093566178
0.6746580421012492
0.6748063356660147
0.6749687524274244
0.6751170459921899
0.6752300315653444
0.6753571403351435
0.6755195570965532
0.6756890354562852
0.675809082627762
0.6759150066025944
0.6760138689791048
0.6763316409036021
0.6766564744264216
0.6768683223760866
0.6769883695475634
0.6770448623341407
0.6771719711039397
0.6772778950787721
0.6773696958569603
0.6774614966351484
0.6775532974133366
0.677616851798236
0.677786330157968
0.6779134389277669
0.6780264245009215
0.6781676564673649
0.6782523956472308
0.6783371348270968
0.6784148124086405
0.678520736383473
0.6786195987599833
0.6787113995381715
0.6787890771197153
0.6788455699062926
0.6789161858895142
0.6790009250693803
0.6790503562576353
0.6791492186341457
0.6792339578140116
0.6794387441653544
0.6796294073200528
0.6798553784663621
0.6800107336294496
0.6801378423992487
0.6802578895707254
0.6803285055539471
0.6804344295287795
0.6806250926834779
0.6808086942398542
0.6809711110012641
0.6811970821475732
0.6813877453022718
0.6815148540720707
0.6816137164485809
0.681790256406635
0.6818679339881789
0.6820162275529443
0.6821080283311325
0.6822139523059649
0.6824116770589855
0.6826588330002613
0.682863619351604
0.6830472209079803
0.6832166992677122
0.6833508696358334
0.683421485619055
0.683506224798921
0.6835627175854982
0.6836686415603308
0.6837463191418746
0.6838875511083179
0.6839934750831503
0.684106460656305
0.6842618158193926
0.6843748013925471
0.6844666021707353
0.684537218153957
0.6847137581120111
0.6848902980700652
0.6849750372499311
0.6850738996264415
0.6851798236012739
0.685441102739194
0.6855682115089929
0.6856882586804698
0.6858224290485908
0.6859212914251012
0.6860201538016114
0.6861472625714105
0.6862037553579877
0.6863026177344981
0.686387356914364
0.6865003424875187
0.6866627592489284
0.6867828064204052
0.6868887303952377
0.6869875927717479
0.6871217631398691
0.6872347487130237
0.6873124262945675
0.6873901038761113
0.687460719859333
0.6875595822358432
0.6876866910056422
0.6877996765787968
0.6878773541603407
0.6879550317418844
0.6880538941183948
0.6881456948965828
0.6882516188714154
0.6883151732563149
0.6883575428462478
0.6884352204277916
0.6885623291975905
0.6886188219841679
0.6887459307539668
0.6889295323103432
0.6890072098918869
0.6890707642767864
0.6891908114482632
0.6893744130046394
0.6895156449710828
0.6897345545190698
0.6898404784939023
0.6900593880418894
0.6902076816066548
0.6903206671798094
0.6904265911546419
0.6905325151294744
0.6906313775059847
0.6907584862757836
0.6908432254556496
0.6909773958237707
0.6911327509868583
0.6912245517650465
0.6913375373382011
0.6914152149197449
0.691634124467732
0.6919518963922294
0.6921849291368608
0.6923614690949149
0.6925027010613583
0.692622748232835
0.692749857002634
0.6929193353623659
0.6930535057304871
0.6931947376969303
0.6933289080650514
0.6934560168348504
0.6935760640063272
0.6936678647845154
0.6937879119559921
0.6939432671190797
0.6940703758888787
0.694253977445255
0.6944446405999534
0.6946070573613632
0.6947200429345178
0.6948753980976055
0.6950378148590152
0.6951719852271363
0.695284970800291
0.6954332643650564
0.6956521739130435
0.6958428370677419
0.6959840690341852
0.696146485795595
0.696273594565394
0.6964077649335151
0.6965701816949248
0.6968950152177443
0.6971280479623758
0.6972410335355305
0.6974034502969402
0.6975023126734505
0.6976223598449273
0.6977353454180819
0.6979330701711025
0.6980672405392236
0.698257903693922
0.6984132588570097
0.6984979980368756
0.6986109836100303
0.6987945851664066
0.6988934475429168
0.699027617911038
0.6992112194674143
0.6993665746305019
0.6994724986053343
0.6995925457768111
0.6998114553247982
0.6999032561029863
0.6999879952828523
0.7001080424543291
0.7002916440107054
0.7004258143788265
0.7005458615503033
0.7006659087217801
0.7007788942949347
0.7009483726546667
0.7011319742110429
0.7012449597841975
0.70135088375903
0.7014638693321846
0.7015980397003058
0.7016757172818495
0.7018593188382258
0.7019652428130583
0.7020923515828572
0.7021629675660789
0.7022759531392335
0.702381877114066
0.7024948626872206
0.702551355473798
0.7026007866620531
0.7026572794486304
0.7027561418251407
0.702897373791584
0.7029962361680943
0.7031304065362154
0.7032292689127257
0.7033422544858803
0.7034340552640684
0.7035541024355453
0.703631780017089
0.7037447655902437
0.7038577511633983
0.703970736736553
0.7041190303013184
0.704232015874473
0.704359124644272
0.7045780341922591
0.704705142962058
0.7047616357486354
0.7048251901335348
0.7049664220999781
0.7050582228781662
0.7051288388613879
0.7052277012378982
0.7053336252127307
0.7054466107858853
0.7055949043506508
0.7056655203338724
0.7057502595137384
0.7058985530785038
0.705997415455014
0.7060892162332022
0.7061527706181017
0.7062798793879007
0.706336372174478
0.7064069881576996
0.7065482201241429
0.7066753288939418
0.7068236224587073
0.7070354704083722
0.707197887169782
0.7072967495462923
0.7074238583160912
0.7075297822909238
0.7076780758556892
0.7078616774120654
0.708059402165086
0.7083630508929392
0.7085960836375705
0.7088503011771684
0.7090833339217999
0.7092386890848875
0.7093940442479751
0.7095070298211297
0.7096835697791838
0.7097753705573719
0.7098812945322044
0.7099730953103925
0.7100931424818694
0.7101708200634131
0.7102626208416013
0.7104109144063667
0.7106086391593873
0.7108628566989853
0.7110605814520059
0.7111876902218048
0.7113006757949595
0.7113924765731475
0.7114630925563692
0.7115902013261681
0.7117314332926115
0.7118938500540213
0.7119856508322093
0.7121339443969749
0.7122610531667738
0.712352853944962
0.712487024313083
0.7126000098862376
0.7127059338610701
0.7128330426308691
0.7129389666057016
0.7130590137771783
0.7132002457436216
0.7133273545134206
0.7134615248815417
0.7135250792664412
0.7136239416429515
0.7138146047976499
0.7139064055758381
0.7140405759439592
0.714118253525503
0.7142171159020133
0.7143654094667787
0.714464271843289
0.7145490110231549
0.7146619965963096
0.714767920571142
0.7148597213493302
0.7149232757342296
0.7150291997090622
0.7151633700771832
0.7152481092570493
0.7153540332318817
0.7154599572067142
0.7155588195832244
0.7156364971647683
0.7157000515496678
0.7157918523278559
0.7159189610976548
0.716053131465776
0.7161731786372527
0.7162791026120853
0.7163779649885955
0.7164980121600724
0.7166251209298713
0.716745168101348
0.7167945992896032
0.7168652152728249
0.7169358312560465
0.7170276320342346
0.7171123712141007
0.7173242191637655
0.7174442663352423
0.7175290055151083
0.7175784367033634
0.7176843606781959
0.7177973462513505
0.7179527014144381
0.7180091942010155
0.7181080565775257
0.7181998573557139
0.7182563501422912
0.718334027723835
0.7184117053053788
0.7184893828869227
0.7185882452634329
0.7186517996483324
0.7187294772298762
0.7188707091963195
0.718976633171152
0.7190896187443065
0.7192590971040386
0.7194568218570592
0.7196051154218246
0.7196969162000127
0.7197745937815565
0.7199158257479998
0.7200146881245101
0.7200711809110875
0.7201347352959869
0.7202265360741751
0.7203183368523631
0.7204666304171287
0.7205443079986724
0.7206078623835719
0.7207773407433038
0.7208973879147806
0.7209609422996801
0.7210386198812239
0.7211021742661234
0.7211869134459894
0.7213563918057213
0.7215823629520306
0.7216812253285408
0.7217871493033733
0.7218295188933063
0.7219142580731723
0.7220131204496826
0.7221049212278707
0.7221967220060589
0.7223167691775356
0.7223662003657908
0.7224297547506903
0.7225427403238449
0.7225921715121001
0.7226486642986774
0.7227828346667985
0.7228746354449866
0.7229523130265304
0.7230582370013628
0.7231429761812289
0.7232206537627727
0.7232559617543834
0.7233407009342494
0.7234183785157933
0.7234607481057262
0.7235454872855922
0.7236019800721696
0.7236725960553911
0.723750273636935
0.723835012816801
0.7239197519966669
0.7240327375698216
0.7242163391261979
0.7242728319127751
0.7243293246993524
0.724435248674185
0.7245482342473395
0.7246047270339169
0.7247247742053936
0.7249083757617699
0.7250496077282133
0.7251837780963343
0.7252614556778781
0.7254168108409658
0.7255721660040534
0.7256922131755301
0.7257769523553961
0.7258334451419735
0.7259605539117724
0.7260947242798935
0.7261865250580817
0.7262571410413032
0.7263277570245249
0.7264195578027131
0.7264760505892904
0.7265184201792234
0.7265960977607672
0.7266525905473444
0.7268220689070765
0.7269562392751976
0.7270409784550635
0.727189272019829
0.7273728735762053
0.7274787975510377
0.7275988447225145
0.7276906455007026
0.7278036310738573
0.7278954318520454
0.7279589862369449
0.7280154790235221
0.7281143414000325
0.7281920189815763
0.7282838197597644
0.7283897437345969
0.728523914102718
0.7286933924624499
0.728820501232249
0.7290111643869474
0.7290888419684911
0.7291594579517128
0.7292371355332566
0.7293006899181561
0.7293713059013777
0.7294842914745323
0.7296043386460092
0.7296820162275529
0.7297879402023854
0.7298938641772179
0.7299997881520504
0.7300774657335941
0.7301833897084266
0.7303034368799034
0.7304093608547358
0.7304941000346018
0.7305717776161457
0.7307059479842668
0.7307624407708441
0.73084717995071
0.7309107343356095
0.7310237199087641
0.7311508286785631
0.7313132454399729
0.731447415808094
0.7316027709711816
0.7317086949460141
0.7318428653141352
0.7319417276906455
0.7320335284688336
0.7321112060503775
0.732181822033599
0.732224191623532
0.7324148547782305
0.7326196411295732
0.7329021050624598
0.7330574602255474
0.7331280762087691
0.7332198769869572
0.7332904929701789
0.7333469857567562
0.7334034785433335
0.7334529097315886
0.733509402518166
0.7335870800997097
0.7336859424762201
0.7337636200577639
0.7338201128443412
0.7339048520242072
0.7340390223923283
0.7341873159570937
0.7343214863252149
0.7344274103000473
0.7345262726765576
0.7346251350530679
0.7346886894379674
0.7348299214044107
0.7349146605842767
0.7350276461574313
0.7351547549272303
0.7352394941070962
0.73531717168864
0.7354019108685059
0.7354725268517276
0.7356137588181709
0.7357267443913256
0.7357973603745471
0.7359032843493797
0.7360021467258899
0.7360445163158229
0.736178686683944
0.73626342586381
0.7363764114369646
0.7364823354117971
0.7365953209849517
0.7366447521732069
0.7367436145497172
0.7368989697128048
0.7370331400809259
0.7371884952440135
0.7373014808171682
0.7373862199970341
0.737548636758444
0.7377110535198537
0.7378169774946861
0.7379511478628072
0.7380994414275727
0.7382336117956938
0.7383395357705264
0.7383748437621371
0.7384666445403253
0.7385513837201912
0.7386573076950237
0.7387914780631448
0.7388903404396551
0.7390598187993871
0.7391798659708638
0.7392999131423407
0.7393564059289179
0.7394552683054283
0.739575315476905
0.7397094858450262
0.7397659786316034
0.7399354569913354
0.7400555041628122
0.7401614281376446
0.740260290514155
0.7403591528906652
0.7404792000621421
0.740563939242008
0.7406769248151627
0.7407546023967064
0.7408534647732168
0.74099469673966
0.7410864975178482
0.741164175099392
0.7412277294842915
0.7413054070658353
0.7414537006306007
0.7415243166138223
0.7416937949735544
0.7417644109567759
0.7418491501366419
0.7419762589064409
0.7421316140695285
0.7422234148477166
0.7423293388225491
0.7424705707889924
0.7425694331655027
0.7426400491487243
0.7427954043118119
0.7428872050900001
0.742971944269866
0.7430284370564434
0.743099053039665
0.7432826545960413
0.7433320857842964
0.7434309481608067
0.74357218012725
0.7436781041020825
0.7437699048802706
0.7438899520517473
0.7439888144282577
0.7440311840181907
0.7441300463947009
0.7442571551645
0.7443913255326211
0.7445396190973865
0.7446243582772525
0.7447020358587962
0.7448008982353066
0.7448785758168504
0.7449774381933607
0.7451327933564483
0.7452245941346365
0.745337579707791
0.7455282428624895
0.7456482900339663
0.7458036451970539
0.7459166307702085
0.7460013699500745
0.7461143555232291
0.7461849715064508
0.7462697106863168
0.7463968194561157
0.7464321274477265
0.746538051422559
0.7466298522007471
0.7467498993722239
0.7468981929369893
0.7469970553134997
0.7471241640832986
0.7471947800665203
0.7472583344514198
0.7473430736312857
0.7474560592044404
0.747526675187662
0.7476961535473939
0.7478020775222264
0.7479009398987366
0.7480139254718913
0.7480633566601465
0.7481622190366568
0.7482893278064557
0.7484376213712212
0.7485223605510871
0.7486635925175305
0.7487624548940407
0.748861317270551
0.7489601796470613
0.7490449188269273
0.7492285203833036
0.7493061979648473
0.7493838755463912
0.7494686147262571
0.7495957234960561
0.7496522162826335
0.7497934482490767
0.7499205570188756
0.7501253433702184
0.7502242057467288
0.7503160065249168
0.7503936841064607
0.7504572384913601
0.7505137312779374
0.7506337784494143
0.750753825620891
0.7508173800057905
0.7508738727923678
0.7509939199638446
0.7511422135286101
0.751311691888342
0.7514034926665302
0.7514882318463961
0.7515447246329734
0.7516365254111615
0.7517353877876719
0.7517989421725714
0.7519260509423703
0.7520319749172028
0.7521025909004244
0.7521520220886796
0.7522226380719012
0.7522932540551228
0.7523497468417002
0.7524133012265997
0.7524980404064656
0.7525474715947208
0.7525898411846538
0.7526392723729088
0.7526957651594862
0.7527593195443857
0.7527946275359965
0.7528511203225738
0.7529005515108289
0.752985290690695
0.7530912146655274
0.7532112618370042
0.753331309008481
0.7534513561799577
0.7535855265480789
0.7537126353178778
0.7538397440876768
0.7539386064641871
0.7540021608490866
0.7540727768323082
0.7541645776104964
0.7542563783886845
0.754319932773584
0.7544399799450607
0.7545741503131819
0.7547153822796252
0.7548213062544576
0.7549413534259344
0.7550472774007669
0.7552167557604988
0.7553226797353313
0.7554497885051302
0.7555133428900297
0.7555698356766071
0.7556192668648621
0.7556828212497617
0.7557675604296277
0.7558522996094936
0.7559370387893596
0.7559935315759369
0.756042962764192
0.7560923939524472
0.756170071533991
0.7562477491155348
0.7562901187054678
0.7563960426803003
0.7564666586635219
0.7565655210400322
0.7567420609980863
0.7568409233745966
0.7569468473494291
0.7570386481276172
0.7570598329225837
0.7571728184957384
0.7572504960772821
0.7573069888638595
0.757377604847081
0.7574340976336584
0.7574482208303027
0.7575117752152022
0.7576035759933903
0.7576459455833233
0.7576883151732563
0.7577942391480887
0.7578577935329882
0.7579284095162099
0.7579990254994315
0.7580767030809753
0.7581755654574857
0.7582956126289624
0.758359167013862
0.7584580293903722
0.758620446151782
0.758705185331648
0.7588181709048026
0.7588887868880242
0.7589664644695681
0.759051203649434
0.7591853740175551
0.7592771747957433
0.7593830987705757
0.7595102075403747
0.7596231931135293
0.7597079322933953
0.7598067946699056
0.7598915338497716
0.7599621498329932
0.7600045194229262
0.7600892586027922
0.7601528129876917
0.7602093057742689
0.7602587369625241
0.7602940449541349
0.7603646609373566
0.7604352769205782
0.7604917697071555
0.7605694472886994
0.7606612480668875
0.7607954184350085
0.7608872192131967
0.7610213895813178
0.761155559949439
0.7612826687192379
0.7613674078991038
0.7614239006856812
0.761459208677292
0.7615510094554802
0.7616851798236013
0.7617769806017894
0.761847596585011
0.7619535205598436
0.7620735677313203
0.7621088757229312
0.7621865533044749
0.7622289228944079
0.7623277852709183
0.7623984012541398
0.762490202032328
0.7625961260071604
0.7627867891618589
0.7629068363333357
0.763005698709846
0.7630551298981011
0.7631186842830006
0.7632034234628666
0.7632599162494439
0.7633870250192428
0.7634929489940753
0.7635635649772969
0.7636906737470959
0.7637965977219284
0.7639237064917274
0.7639801992783046
0.7641143696464258
0.7642344168179026
0.7643474023910571
0.764467449562534
0.7645592503407221
0.7646228047256216
0.7646722359138768
0.7647216671021319
0.7648064062819979
0.7648346526752865
0.7648911454618639
0.7649405766501189
0.7650182542316628
0.7650888702148845
0.7651524245997839
0.7652724717712607
0.7653854573444153
0.7654772581226035
0.7655337509091807
0.7655973052940802
0.7656608596789798
0.765717352465557
0.7657879684487787
0.7658232764403895
0.7658797692269669
0.7659574468085106
0.7660351243900545
0.766098678774954
0.7661763563564977
0.7662399107413972
0.7663528963145518
0.76644469709274
0.7665364978709281
0.7666424218457606
0.7667200994273043
0.7668189618038147
0.7668683929920699
0.7669319473769693
0.7669955017618688
0.7670308097534796
0.7670590561467683
0.7671084873350235
0.7671861649165672
0.7672709040964332
0.7673344584813326
0.7673838896695878
0.7674545056528095
0.7675957376192527
0.7677581543806625
0.7678782015521393
0.7679700023303274
0.7680264951169048
0.7681041726984486
0.768167727083348
0.7682877742548249
0.7683583902380465
0.7684078214263016
0.768513745401134
0.7685914229826779
0.7687185317524768
0.7688597637189202
0.7689374413004639
0.7690151188820078
0.7691492892501288
0.7692693364216057
0.7693399524048273
0.7694246915846933
0.7694882459695928
0.76954473875617
0.7696294779360361
0.7697424635091906
0.7699048802706004
0.7700531738353659
0.7701520362118762
0.7702155905967757
0.7703003297766416
0.7703780073581854
0.7704486233414071
0.7705969169061725
0.7706816560860386
0.7707381488726158
0.7708017032575153
0.7708793808390592
0.7709358736256364
0.7709782432155694
0.7710700439937576
0.7711053519853683
0.7711971527635565
0.7713383847299998
0.7713948775165771
0.7714513703031545
0.7715926022695977
0.7716844030477858
0.7717832654242961
0.7718256350142291
0.7718468198091956
0.7719174357924172
0.7720233597672497
0.772079852553827
0.7721504685370487
0.7722352077169147
0.7723128852984584
0.7723764396833579
0.7724188092732909
0.7726871500095331
0.7728425051726208
0.7730049219340306
0.7730402299256414
0.7731249691055073
0.773237954678662
0.7733438786534944
0.7733721250467831
0.7734144946367161
0.7734921722182598
0.7735557266031594
0.773626342586381
0.7736828353729583
0.7737393281595356
0.7738240673394016
0.773887621724301
0.7739511761092006
0.7740076688957779
0.7740571000840331
0.7744031184018191
0.7745443503682623
0.7746220279498062
0.7747279519246386
0.7748409374977933
0.7748974302843705
0.77496098466927
0.7750033542592031
0.7750739702424246
0.7751234014306798
0.7751940174139015
0.7752646333971231
0.7753211261837004
0.7753776189702777
0.7754552965518215
0.7755259125350432
0.775603590116587
0.7756883292964529
0.7757448220830303
0.7758013148696076
0.7758366228612185
0.7758860540494735
0.7759354852377287
0.7759849164259839
0.7761261483924271
0.7762956267521591
0.7763662427353807
0.7764368587186024
0.7764792283085353
0.7765357210951127
0.7765780906850457
0.7766416450699452
0.7767051994548446
0.7768323082246436
0.7769594169944425
0.7770370945759864
0.7771147721575301
0.7771783265424296
0.777234819329007
0.7773478049021616
0.7774607904753161
0.7775243448602157
0.7775949608434373
0.7776443920316924
0.7776867616216254
0.7777503160065249
0.777884486374646
0.7779551023578677
0.7780680879310223
0.7781316423159218
0.7781881351024991
0.778272874282365
0.7783293670689424
0.7783929214538419
0.7784141062488084
0.7784776606337078
0.7785129686253186
0.7785835846085403
0.7786542005917619
0.7787318781733057
0.7787954325582053
0.7788378021481382
0.7789013565330377
0.7789437261229707
0.779000218909548
0.7790637732944474
0.7791485124743134
0.7792050052608908
0.7792826828424345
0.7793603604239784
0.7794450996038443
0.7795227771853881
0.7795510235786768
0.7795933931686098
0.7796428243568649
0.7796710707501536
0.7797487483316974
0.7798264259132413
0.7799252882897515
0.7799676578796845
0.7800170890679397
0.7801159514444499
0.7801865674276716
0.7802571834108932
0.7803136761974705
0.7803701689840479
0.7804337233689473
0.7804831545572025
0.7805537705404241
0.7806173249253237
0.7808009264816999
0.7809845280380762
0.7810904520129086
0.7811751911927746
0.7812952383642514
0.7814223471340503
0.7814859015189498
0.7815282711088828
0.7815988870921045
0.7816977494686147
0.7817824886484807
0.7819307822132462
0.7820013981964677
0.7820931989746559
0.7822203077444548
0.7823191701209652
0.7824180324974754
0.7824957100790193
0.7825592644639188
0.7825945724555295
0.7827075580286842
0.7827569892169394
0.7828346667984831
0.7828840979867383
0.7829758987649265
0.7831312539280141
0.7832442395011687
0.7833148554843903
0.783385471467612
0.7834913954424444
0.7835902578189547
0.7836255658105655
0.7836749969988207
0.7837597361786867
0.7837879825719754
0.7838303521619083
0.7838515369568748
0.7839221529400965
0.7839715841283517
0.7840422001115732
0.7840986928981506
0.7841481240864057
0.7842116784713052
0.7842964176511712
0.7843529104377485
0.7844023416260036
0.7845082656008361
0.7846424359689572
0.7847907295337226
0.7848966535085551
0.7850167006800319
0.7851155630565422
0.7851720558431196
0.7852285486296968
0.7852850414162742
0.7853768421944622
0.7854333349810396
0.7855392589558721
0.7856169365374159
0.7856875525206375
0.7857652301021814
0.785835846085403
0.7858994004703025
0.7859558932568798
0.7860265092401014
0.7861253716166117
0.7862101107964776
0.7862524803864107
0.7863019115746658
0.7863654659595652
0.7864784515327199
0.786570252310908
0.7866267450974853
0.7867256074739957
0.7868244698505059
0.786909209030372
0.7869727634152714
0.7870363178001709
0.7870786873901039
0.7870857489884261
0.7871634265699698
0.7872834737414467
0.7873540897246682
0.7874247057078899
0.787558876076011
0.78768598484581
0.7878484016072198
0.7879684487786965
0.7880602495568847
0.788159111933395
0.788243851113261
0.7883497750880935
0.7884415758662816
0.7885192534478254
0.7885686846360805
0.7886534238159465
0.7887240397991682
0.7887875941840676
0.7889005797572223
0.7890559349203099
0.7891759820917866
0.7892607212716526
0.789324275656552
0.7893878300414516
0.7895008156146062
0.7895855547944722
0.789663232376016
0.789747971555882
0.7897974027441371
0.7898468339323923
0.7898821419240031
0.7899456963089025
0.7900586818820572
0.7901081130703124
0.7901787290535339
0.7902493450367556
0.7902987762250108
0.7903270226182995
0.7903905770031989
0.7904682545847427
0.7905388705679643
0.7906447945427968
0.7907083489276963
0.7908919504840726
0.7910614288438045
0.7911108600320597
0.7911885376136034
0.7912238456052143
0.7912873999901138
0.7913509543750132
0.7914003855632684
0.7914780631448122
0.7915204327347451
0.7915628023246781
0.7916192951112555
0.7917110958894437
0.7918099582659539
0.7918452662575647
0.7919158822407864
0.791986498224008
0.7920076830189745
0.7921489149854178
0.7922407157636059
0.7923113317468276
0.792374886131727
0.7924455021149487
0.792544364491459
0.7926079188763585
0.7926855964579023
0.7927773972360904
0.7928480132193121
0.7929115676042116
0.7930033683823997
0.7930527995706548
0.7931163539555544
0.7931940315370981
0.7932858323152863
0.793405879486763
0.7934623722733404
0.7935118034615954
0.7935965426414615
0.7936318506330723
0.7937589594028712
0.7937872057961599
0.7938366369844151
0.7938931297709924
0.7939849305491805
0.7941332241139459
0.7942250248921341
0.7943027024736778
0.7944298112434769
0.7945286736199871
0.7945851664065645
0.7946275359964975
0.7946416591931418
0.7946840287830748
0.7947193367746855
0.7947687679629407
0.7948676303394511
0.794952369519317
0.7950018007075722
0.7951289094773711
0.7952489566488479
0.7953195726320695
0.7953901886152912
0.7954325582052242
0.7955314205817344
0.7955879133683118
0.795637344556567
0.7957220837364329
0.7957785765230102
0.7958633157028762
0.7959056852928091
0.7959692396777086
0.7960327940626082
0.7961316564391184
0.7961599028324071
0.7961952108240179
0.7962234572173066
0.7962658268072396
0.7963646891837498
0.7964070587736828
0.7964353051669715
0.7964847363552267
0.7965482907401261
0.7966259683216699
0.796675399509925
0.7967248306981802
0.7967954466814019
0.7968731242629457
0.7969366786478451
0.7969931714344225
0.7970496642209998
0.7971132186058992
0.7971273418025436
0.7971626497941544
0.7971908961874431
0.797275635367309
0.797360374547175
0.7973815593421415
0.7975157297102626
0.7975792840951621
0.7976710848733503
0.7977134544632832
0.7977699472498605
0.7978688096263709
0.7979323640112703
0.7979888567978476
0.7980594727810693
0.7981018423710022
0.7981371503626131
0.7981865815508682
0.7982148279441569
0.7982713207307341
0.7983348751156337
0.7983631215089223
0.7984125526971775
0.7984902302787212
0.7985537846636208
0.7986173390485203
0.7987091398267083
0.79877975580993
0.7988433101948295
0.7989280493746954
0.799033973349528
0.7990975277344274
0.7991540205210047
0.7992599444958371
0.7993164372824145
0.7993446836757031
0.799422361257247
0.7995212236337572
0.7996271476085898
0.7997260099851
0.7997895643699995
0.7998601803532212
0.7999519811314093
0.800022597114631
0.8000861514995304
0.8001355826877855
0.8001920754743629
0.8002485682609402
0.8002768146542288
0.8003615538340948
0.8004321698173165
0.8004745394072494
0.8005522169887932
0.8005945865787262
0.8006369561686593
0.8006863873569143
0.8007428801434917
0.8008064345283912
0.800841742520002
0.8008629273149684
0.8009617896914788
0.8010253440763783
0.8011100832562442
0.801187760837788
0.8012795616159761
0.801314869607587
0.8013643007958421
0.801441978377386
0.8014772863689967
0.8015690871471849
0.8016750111220173
0.801703257515306
0.8018091814901385
0.8019080438666488
0.8019715982515483
0.8020069062431591
0.8020845838247029
0.8021481382096024
0.8022328773894684
0.8023176165693343
0.8023670477575895
0.8024517869374554
0.8025082797240327
0.8025718341089322
0.802649511690476
0.802776620460275
0.8028754828367852
0.8029249140250404
0.8030237764015508
0.8031085155814167
0.8031861931629605
0.8032709323428264
0.803334486727726
0.8033839179159811
0.803468657095847
0.8035039650874579
0.8035604578740352
0.8036240122589347
0.8036593202505455
0.8037087514388006
0.8038005522169888
0.8038641066018882
0.8039205993884656
0.8039912153716873
0.804026523363298
0.8040900777481975
0.8041818785263857
0.8042313097146409
0.8043513568861176
0.80445728086095
0.8045632048357826
0.8046408824173263
0.8046761904089371
0.8047609295888031
0.8049162847518907
0.805057516718334
0.8051069479065892
0.8051705022914887
0.8052128718814217
0.8053046726596098
0.8053752886428314
0.8054670894210195
0.8055165206092747
0.8055659517975299
0.8056224445841071
0.8056506909773958
0.805700122165651
0.8057636765505505
0.80582723093545
0.8058766621237051
0.8059472781069267
0.8060037708935041
0.8060602636800813
0.8061238180649808
0.8062014956465247
0.8062650500314241
0.8063921588012231
0.8064415899894782
0.8065122059726999
0.8065757603575994
0.8066322531441766
0.806731115520687
0.806822916298875
0.8068652858888081
0.8069147170770632
0.8069712098636406
0.80703476424854
0.8070841954367952
0.8071265650267282
0.8071901194116277
0.8072324890015606
0.8073384129763931
0.8074443369512255
0.8075149529344472
0.8076279385076018
0.8077762320723673
0.8078397864572667
0.8078892176455219
0.8079951416203544
0.8081151887918312
0.8082140511683414
0.8083058519465296
0.8083552831347848
0.808411775921362
0.8084894535029058
0.8085600694861275
0.8086448086659934
0.8087719174357925
0.8088707798123027
0.8089696421888131
0.8090402581720346
0.8091038125569341
0.8091603053435115
0.8091885517368002
0.8092026749334444
0.8092521061216996
0.8093227221049212
0.8093862764898208
0.8094498308747202
0.8094992620629753
0.8095416316529083
0.8095486932512305
0.8096193092344521
0.8096546172260629
0.8097181716109624
0.8097676027992176
0.8098805883723722
0.809958265953916
0.810043005133782
0.8101489291086145
0.8102054218951917
0.8102619146817691
0.8103537154599572
0.8104384546398232
0.8105090706230448
0.8105938098029107
0.8106361793928438
0.8107067953760654
0.8107915345559313
0.8108480273425087
0.8108974585307639
0.810946889719019
0.8109821977106298
0.8110528136938515
0.8110951832837845
0.811116368078751
0.8111940456602947
0.8112293536519056
0.8113070312334494
0.8113705856183488
0.811420016806604
0.8114906327898257
0.8116036183629802
0.8116742343462019
0.8117801583210343
0.8118437127059338
0.8119072670908334
0.8119920062706993
0.8120484990572766
0.8121261766388205
0.8121897310237199
0.8122532854086194
0.8122885934002302
0.8123733325800961
0.8124721949566065
0.8125498725381503
0.8126204885213719
0.8126981661029158
0.812754658889493
0.8128040900777482
0.8128676444626477
0.8129311988475472
0.8129523836425137
0.8130088764290909
0.8131006772072791
0.8131712931905007
0.8132842787636554
0.8133266483535884
0.8133690179435213
0.81339726433681
0.8134325723284208
0.813524373106609
0.8136091122864749
0.8137150362613074
0.8137644674495625
0.813828021834462
0.8138774530227172
0.8139268842109723
0.8139692538009053
0.8140469313824491
0.8140681161774156
0.8141034241690264
0.8141599169556037
0.8142093481438589
0.8142375945371475
0.8142729025287584
0.8143576417086243
0.8144353192901681
0.8145271200683563
0.8145836128549336
0.8146330440431887
0.8146683520347996
0.8147107216247326
0.8147460296163433
0.8147672144113098
0.8148307687962093
0.8148943231811088
0.8149508159676861
0.8149861239592969
0.8150426167458743
0.8151202943274181
0.8152262183022505
0.81528977268715
0.8153392038754051
0.8153745118670159
0.815416881456949
0.8154733742435263
0.8155228054317815
0.8155722366200365
0.8156569757999026
0.8156922837915134
0.8157558381764128
0.8157982077663458
0.815890008544534
0.8159253165361448
0.8159888709210442
0.8160736101009103
0.8161230412891654
0.8161865956740648
0.81623602686232
0.8162572116572865
0.8163843204270854
0.8165043675985623
0.8165891067784282
0.8166455995650056
0.8167091539499051
0.8167797699331266
0.8168221395230596
0.8168927555062813
0.8169633714895029
0.8170410490710467
0.8170763570626576
0.8171540346442013
0.8172175890291008
0.8173376362005776
0.8174153137821214
0.8174718065686988
0.8175141761586318
0.8175847921418534
0.8176201001334642
0.8176765929200415
0.817740147304941
0.8177542705015853
0.8178390096814513
0.8179025640663508
0.8179308104596394
0.8180014264428611
0.8180720424260827
0.8181002888193714
0.8181850279992373
0.8182627055807812
0.818298013572392
0.8183827527522579
0.8184533687354796
0.8184886767270904
0.8185734159069564
0.818601662300245
0.818644031890178
0.8186793398817889
0.8187005246767554
0.8187499558650105
0.8187923254549435
0.8188488182415208
0.8189123726264202
0.8189688654129976
0.8190677277895079
0.819117158977763
0.8191877749609847
0.8192089597559512
0.8192513293458842
0.8192725141408507
0.8193713765173609
0.8193996229106496
0.8194490540989048
0.8194914236888378
0.8195337932787707
0.8195691012703815
0.8196255940569589
0.8197173948351469
0.8197456412284356
0.8198091956133351
0.8198798115965568
0.819936304383134
0.8199716123747449
0.8200210435630001
0.8200775363495774
0.8201622755294433
0.820232891512665
0.8203741234791082
0.8204164930690413
0.8204659242572964
0.8205224170438737
0.8206424642153505
0.8207413265918608
0.8208048809767603
0.820882558558304
0.82096729773817
0.8210167289264252
0.8211932688844793
0.8212568232693788
0.8213345008509226
0.8214121784324664
0.8214545480223994
0.8215039792106545
0.8215463488005875
0.8215957799888427
0.8216452111770979
0.8217158271603194
0.8217511351519303
0.8218076279385076
0.8218711823234071
0.8218994287166957
0.8219700446999174
0.8220194758881725
0.8220477222814612
0.8221112766663606
0.8221607078546158
0.8222030774445488
0.8222454470344818
0.8222666318294483
0.8223372478126699
0.8223866790009251
0.8224502333858246
0.8224643565824689
0.8225279109673683
0.8226055885489122
0.8226620813354895
0.8227185741220668
0.8228103749002549
0.8228809908834765
0.8229374836700539
0.8229727916616647
0.823029284448242
0.823071654038175
0.823156393218041
0.8231917012096518
0.8232623171928735
0.823290563586162
0.8233470563727394
0.8233894259626724
0.8234106107576389
0.8234388571509276
0.8235730275190487
0.8236365819039482
0.8236930746905254
0.8237354442804584
0.8237848754687136
0.8238201834603244
0.8238978610418682
0.823975538623412
0.8239967234183785
0.8240532162049559
0.8240955857948888
0.8241379553848218
0.8242226945646878
0.8242509409579765
0.8243074337445537
0.8243851113260976
0.8244698505059636
0.8244980968992521
0.8245192816942186
0.8245898976774403
0.824660513660662
0.8247170064472392
0.8247876224304609
0.8248229304220718
0.8248864848069712
0.8249147312002598
0.8249429775935485
0.8249782855851594
0.8250206551750924
0.8250842095599918
0.8251407023465691
0.8252254415264351
0.825267811116368
0.825310180706301
0.825352550296234
0.8254161046811336
0.8254725974677108
0.8255785214425433
0.8256138294341542
0.825649137425765
0.8256985686140201
0.8257621229989196
0.8258044925888526
0.8258468621787856
0.8258892317687185
0.8259316013586515
0.8260163405385175
0.8260940181200613
0.8261152029150278
0.8261928804965716
0.8262352500865046
0.8262846812747597
0.8263341124630149
0.8263906052495922
0.8264117900445587
0.826468282831136
0.8264965292244246
0.8265388988143576
0.8265883300026128
0.8266518843875122
0.8267013155757674
0.8267789931573112
0.8268496091405328
0.8269131635254323
0.8269908411069762
0.8270332106969092
0.8270967650818086
0.8271320730734194
0.8271885658599968
0.827287428236507
0.8273156746297957
0.8273651058180509
0.8274215986046282
0.8274851529895276
0.8275557689727493
0.8276616929475817
0.8277605553240921
0.8278664792989245
0.8279582800771127
0.8280288960603343
0.8280995120435559
0.8281842512234219
0.8282266208133549
0.8282901751982543
0.8283537295831539
0.8284314071646977
0.828530269541208
0.8285938239261075
0.8286856247042955
0.8287350558925507
0.828833918269061
0.8289257190472492
0.8289539654405378
0.829003396628793
0.8290387046204037
0.8290810742103367
0.8291163822019476
0.8291728749885249
0.8292152445784579
0.8293352917499347
0.8293988461348342
0.8294270925281229
0.8294694621180558
0.8295400781012774
0.8295895092895326
0.82964600207611
0.8296883716660429
0.8297095564610094
0.829737802854298
0.8297801724442311
0.8298225420341641
0.8298507884274526
0.8298719732224191
0.8299214044106743
0.829949650803963
0.8300626363771176
0.8301191291636949
0.8301826835485944
0.8302179915402053
0.8302391763351717
0.830295669121749
0.8303097923183933
0.8303874698999372
0.830422777891548
0.8305569482596691
0.83059225625128
0.830634625841213
0.830684057029468
0.8307123034227567
0.8307334882177232
0.8307970426026227
0.8308252889959113
0.8308817817824886
0.8309523977657103
0.830980644158999
0.8310583217405427
0.8311077529287979
0.8311571841170531
0.8311783689120196
0.8312489848952412
0.8312772312885298
0.8313196008784628
0.8313549088700737
0.8313972784600067
0.8314325864516174
0.8314678944432283
0.8314961408365169
0.8315596952214164
0.8316020648113494
0.8316585575979267
0.8316797423928932
0.831715050384504
0.8317786047694035
0.8318633439492695
0.8319057135392025
0.8319622063257798
0.8319833911207463
0.8320398839073235
0.8320610687022901
0.8320963766939009
0.8321669926771226
0.8322093622670556
0.8322517318569885
0.8322870398485993
0.8323294094385323
0.832357655831821
0.8324070870200762
0.8324494566100091
0.8324777030032978
0.8325200725932308
0.8325624421831638
0.8326259965680632
0.8326542429613518
0.8326966125512849
0.8327531053378622
0.832788413329473
0.8328307829194059
0.8328660909110168
0.8329084605009498
0.833000261279138
0.8330991236556482
0.8331838628355142
0.8332332940237693
0.8332827252120245
0.8333109716053132
0.8333392179986018
0.8334168955801456
0.8334875115633672
0.8335228195549781
0.8335581275465889
0.8335934355381998
0.8335934355381998
0.8336428667264548
0.8336993595130322
0.8337699754962539
0.8339112074626971
0.8339677002492745
0.8340312546341739
0.834080685822429
0.834123055412362
0.8342148561905501
0.8342854721737718
0.834334903362027
0.8343843345502822
0.8345114433200811
0.8345538129100141
0.8346032440982692
0.8346456136882022
0.8346738600814908
0.8347303528680682
0.8347727224580012
0.8348150920479341
0.8348998312278001
0.8349563240143774
0.8349986936043104
0.835026939997599
0.8351046175791429
0.8351469871690759
0.8351822951606866
0.8352246647506196
0.8352458495455861
0.8352952807338413
0.8353447119220965
0.835365896717063
0.8354012047086737
0.8354506358969289
0.8355000670851841
0.8355706830684057
0.8355989294616943
0.8356836686415603
0.8357330998298155
0.8357754694197485
0.8358107774113593
0.8358531470012923
0.8358884549929031
0.8359378861811583
0.8359802557710913
0.8360014405660577
0.8360367485576685
0.836057933352635
0.8361073645408902
0.8361497341308232
0.8361638573274675
0.8362627197039778
0.836312150892233
0.836361582080488
0.8364463212603541
0.8365239988418979
0.8365522452351866
0.8366369844150525
0.8367287851932407
0.8367570315865293
0.8368488323647174
0.8368912019546504
0.8369265099462613
0.836961817937872
0.8369900643311607
0.8370253723227715
0.8371030499043154
0.8371595426908927
0.8372019122808256
0.837258405067403
0.8373148978539803
0.837392575435524
0.8374208218288127
0.8374490682221014
0.8374914378120344
0.8375408690002896
0.8375761769919003
0.837604423385189
0.8376679777700885
0.8377103473600215
0.8377880249415652
0.8378233329331761
0.8378657025231091
0.8379292569080086
0.8380069344895523
0.838077550472774
0.838119920062707
0.8381834744476064
0.8383035216190833
0.8383670760039827
0.83842356879056
0.8384518151838487
0.8385365543637147
0.838635416740225
0.8386919095268023
0.8387413407150575
0.8387978335016347
0.8388755110831786
0.8389390654680781
0.8389673118613667
0.8389884966563332
0.8390167430496218
0.8390591126395548
0.8390873590328435
0.8391438518194209
0.8391650366143873
0.8392285909992868
0.8392992069825084
0.8393062685808306
0.8393486381707636
0.8394051309573409
0.8394616237439182
0.839496931735529
0.8395181165304955
0.8395534245221064
0.8395957941120393
0.839624040505328
0.8396522868986166
0.8396946564885496
0.8397299644801605
0.8397652724717712
0.8398288268566707
0.8398500116516372
0.8398853196432481
0.8399559356264696
0.8400618596013022
0.8400901059945908
0.8401254139862017
0.8401819067727789
0.8402030915677454
0.8402666459526449
0.8403372619358666
0.8404078779190882
0.8404290627140547
0.840443185910699
0.8404926170989542
0.8405491098855314
0.8405844178771423
0.8406267874670753
0.840655033860364
0.8406903418519748
0.84073977304023
0.8407680194335185
0.8408174506217737
0.8408739434083511
0.8409516209898948
0.8410292985714387
0.8410787297596938
0.841128160947949
0.8411917153328484
0.8412482081194258
0.8413188241026474
0.8414106248808355
0.841516548855668
0.8416012880355339
0.8416577808221113
0.8417072120103665
0.8417495816002994
0.8417848895919102
0.8418060743868767
0.8418766903700984
0.8419190599600314
0.8419684911482865
0.842032045533186
0.8421097231147298
0.8421662159013071
0.8422227086878844
0.8422933246711061
0.8423639406543277
0.8424063102442607
0.8424839878258045
0.8425192958174154
0.8425899118006369
0.8426322813905699
0.8426534661855364
0.8427382053654024
0.8428158829469462
0.8428582525368792
0.8428935605284901
0.8429500533150673
0.8429994845033225
0.8430347924949333
0.8430701004865441
0.8430983468798328
0.8431830860596987
0.8432748868378869
0.8433172564278199
0.8433455028211085
0.8433737492143972
0.8434019956076858
0.8434373035992967
0.8435008579841962
0.8436138435573508
0.8436773979422503
0.8437409523271497
0.8437621371221162
0.843797445113727
0.8438327531053379
0.8438680610969487
0.8439104306868817
0.8439528002768146
0.8439951698667476
0.844051662653325
0.8441222786365465
0.8441717098248017
0.8442352642097012
0.8442635106029899
0.8443200033895671
0.8443694345778223
0.8444471121593662
0.8445036049459435
0.8445671593308429
0.8446024673224538
0.8446377753140646
0.8446660217073533
0.8447578224855414
0.844828438468763
0.8449061160503069
0.8449626088368841
0.8450191016234615
0.8450685328117166
0.8451179639999717
0.8451815183848712
0.8452168263764821
0.8452591959664151
0.8452874423597037
0.8453298119496366
0.845386304736214
0.8454498591211135
0.8454851671127243
0.8455204751043351
0.8455487214976237
0.8455981526858789
0.8456405222758119
0.8456687686691006
0.8457181998573557
0.8457605694472887
0.8458100006355439
0.8458664934221212
0.8459371094053428
0.8459582942003093
0.8460500949784975
0.8460995261667525
0.8461489573550077
0.8461842653466185
0.8462619429281624
0.8463113741164175
0.8463396205097061
0.8463961132962835
0.8464102364929278
0.8464455444845387
0.8465090988694381
0.8465726532543376
0.8466291460409149
0.8466715156308479
0.846720946819103
0.8467703780073582
0.8468763019821907
0.8469610411620566
0.8470034107519896
0.8470528419402448
0.847109334726822
0.8471375811201107
0.8472223202999767
0.8472646898899097
0.8473282442748091
0.8474129834546751
0.8474694762412525
0.8475330306261519
0.8475754002160849
0.8475965850110514
0.8476601393959509
0.8476883857892396
0.8477307553791725
0.8477448785758168
0.8477801865674277
0.8478154945590385
0.847836679354005
0.8479143569355488
0.8479426033288374
0.8479849729187704
0.8480273425087034
0.8480555889019921
0.8480697120986364
0.8481262048852137
0.8481685744751467
0.8482180056634019
0.848267436851657
0.8483309912365565
0.8483662992281673
0.8484016072197781
0.8484086688181003
0.8484439768097111
0.8484722232029998
0.8485004695962884
0.8485922703744766
0.8486346399644096
0.8486770095543426
0.8487546871358863
0.8487970567258193
0.848825303119108
0.8488817959056852
0.8489524118889069
0.8489806582821956
0.8490089046754843
0.8490653974620616
0.849086582257028
0.8491430750436054
0.8491995678301827
0.84925606061676
0.8492843070100486
0.8493125534033373
0.8493337381983038
0.8494043541815255
0.8494467237714585
0.8494820317630692
0.8495314629513244
0.8495738325412574
0.8496515101228012
0.8497009413110563
0.8497574340976337
0.8497998036875667
0.8498351116791775
0.8498986660640769
0.8499551588506542
0.8500045900389094
0.8500398980305203
0.8500610828254868
0.8500893292187753
0.8501316988087083
0.8501670068003192
0.8501952531936079
0.850244684381863
0.8503082387667624
0.8503364851600511
0.8503788547499841
0.8504000395449506
0.8504282859382393
0.8504918403231387
0.8505624563063604
0.8505907026996491
0.8506330722895821
0.8506825034778371
0.8507389962644145
0.8507743042560253
0.8508237354442805
0.8508943514275021
0.8509579058124016
0.8510002754023346
0.8510214601973011
0.851063829787234
0.8511203225738113
0.8511415073687778
0.8511768153603887
0.8512615545402547
0.8513039241301876
0.8513533553184428
0.8514239713016645
0.8514380944983088
0.8514804640882417
0.8515087104815304
0.8515440184731412
0.8515652032681077
0.8516075728580407
0.8516358192513294
0.8516499424479737
0.851664065644618
0.8516781888412623
0.851706435234551
0.8517276200295175
0.8517699896194505
0.851791174414417
0.8518617903976387
0.8518829751926051
0.8519465295775046
0.8520100839624041
0.8520736383473035
0.8521160079372365
0.8522007471171025
0.8522643015020019
0.8522996094936128
0.8523490406818679
0.8524055334684453
0.8524690878533447
0.8525397038365664
0.8525608886315329
0.852610319819788
0.8526456278113989
0.8526738742046875
0.852737428589587
0.8527444901879091
0.852822167769453
0.8528574757610637
0.8529139685476411
0.8529492765392519
0.8530198925224736
0.8530552005140843
0.8530622621124065
0.8531187548989838
0.8531470012922725
0.8531823092838833
0.8532670484637492
0.8533023564553601
0.8533235412503266
0.8533941572335483
0.8534294652251591
0.8534788964134142
0.8535424507983137
0.8536201283798575
0.8536483747731461
0.8536695595681126
0.8537189907563678
0.8537613603463008
0.8538037299362338
0.8538672843211332
0.8539590850993214
0.8539873314926101
0.8540226394842209
0.8540297010825431
0.8540579474758316
0.8540650090741538
0.8540791322707981
0.8541073786640868
0.854156809852342
0.8542062410405972
0.8542486106305301
0.8543121650154296
0.8543898425969734
0.8544180889902621
0.8545169513667723
0.8545946289483162
0.8546369985382491
0.8546581833332156
0.8547005529231486
0.8547711689063703
0.8548559080862362
0.8549053392744914
0.8549477088644244
0.8549477088644244
0.8550042016510017
0.8550253864459681
0.8550677560359011
0.8551171872241563
0.8551595568140893
0.8551807416090558
0.8552231111989888
0.8552725423872439
0.8553078503788547
0.8553360967721434
0.8553925895587208
0.855449082345298
0.855491451935231
0.8555196983285197
0.8555550063201305
0.8555903143117414
0.85561856070503
0.8556468070983186
0.8556962382865738
0.8557315462781846
0.8557951006630841
0.8558727782446279
0.8559010246379165
0.8559363326295274
0.855964579022816
0.8560210718093934
0.8560634413993263
0.8561269957842258
0.8561623037758366
0.8561976117674475
0.8562541045540247
0.8562752893489912
0.8563105973406021
0.8563670901271794
0.8564094597171124
0.856437706110401
0.8564871372986562
0.856522445290267
0.8565789380768443
0.8566213076667772
0.8567131084449654
0.8567342932399319
0.8567837244281871
0.85682609401812
0.8568896484030195
0.8569390795912747
0.8569743875828855
0.8569814491812077
0.856995572377852
0.8570308803694628
0.8571156195493288
0.8571579891392618
0.8571932971308726
0.8572356667208055
0.8573062827040272
0.8573557138922824
0.8574475146704705
0.8574898842604035
0.8575322538503365
0.8575675618419473
0.8576311162268467
0.8576664242184576
0.8577299786033571
0.8577582249966458
0.8577935329882566
0.8578288409798673
0.857857087373156
0.8578923953647669
0.8579559497496664
0.8580053809379214
0.8580195041345658
0.8580618737244988
0.8580759969211431
0.8581254281093983
0.8582172288875864
0.8582384136825529
0.8582807832724859
0.8583372760590632
0.8583584608540297
0.8583867072473184
0.8584008304439626
0.8584432000338956
0.8584855696238286
0.8585279392137617
0.8585561856070503
0.8585985551969832
0.8586550479835606
0.8587256639667823
0.8587892183516818
0.858845711138259
0.8588739575315477
0.8589233887198029
0.8589445735147694
0.8589869431047024
0.8590293126946353
0.8590716822845683
0.8590999286778569
0.8591352366694678
0.8591634830627565
0.8591987910543673
0.8592482222426224
0.8592694070375889
0.8593047150291997
0.8593258998241662
0.8593329614224884
0.8593612078157771
0.8593965158073879
0.8594247622006765
0.8594741933889316
0.859488316585576
0.8595165629788646
0.8595377477738312
0.859573055765442
0.8596083637570527
0.8596648565436301
0.8597001645352409
0.8597425341251739
0.8597637189201404
0.859791965313429
0.859834334903362
0.8598978892882615
0.8599543820748389
0.8599826284681275
0.8599896900664497
0.8600320596563826
0.8600744292463156
0.8600956140412821
0.8601097372379264
0.8601309220328929
0.860173291622826
0.8601944764177925
0.8602439076060475
0.8603286467859135
0.8603851395724909
0.8604204475641016
0.8604840019490011
0.8605546179322228
0.860568741128867
0.8606181723171222
0.8606676035053774
0.8606958498986661
0.8607240962919547
0.8607452810869212
0.8608088354718207
0.8608370818651093
0.8608794514550423
0.860950067438264
0.8609853754298747
0.8609924370281969
0.8610206834214856
0.8610489298147743
0.8610771762080629
0.8610983610030294
0.8611336689946403
0.8611689769862511
0.861211346576184
0.8612254697728284
0.8612678393627614
0.8613102089526944
0.8613525785426274
0.8614302561241711
0.8614373177224933
0.861465564115782
0.8614726257141041
0.8615291185006815
0.861592672885581
0.8616067960822252
0.8616491656721582
0.8617056584587356
0.8617339048520242
0.8618045208352458
0.8618327672285345
0.8619104448100783
0.8619598759983335
0.8620375535798773
0.8620940463664546
0.8621011079647768
0.8621222927597433
0.8621929087429648
0.8622352783328978
0.862284709521153
0.8623058943161195
0.862369448701019
0.8624330030859184
0.8624753726758515
0.862538927060751
0.8625671734540395
0.8626095430439725
0.8626519126339055
0.8626801590271942
0.8627225286171272
0.8627719598053823
0.8628143293953153
0.862842575788604
0.8628708221818927
0.8629061301735035
0.8629626229600807
0.8629908693533694
0.8630191157466581
0.8630614853365911
0.8631109165248463
0.8631250397214906
0.8631391629181349
0.8631674093114236
0.8632239020980008
0.8632662716879338
0.8633015796795447
0.8633298260728334
0.8633651340644442
0.8634216268510214
0.8634428116459879
0.8634922428342431
0.8635416740224983
0.8635911052107534
0.863619351604042
0.8636687827922972
0.8636829059889415
0.8637111523822302
0.8637464603738411
0.8637676451688076
0.8637958915620961
0.8638665075453178
0.8638876923402843
0.8639512467251838
0.8639794931184724
0.8640006779134389
0.8640359859050497
0.8640712938966606
0.8640995402899492
0.8641136634865936
0.8641489714782044
0.8641630946748488
0.8641701562731708
0.8642054642647817
0.8642337106580703
0.864261957051359
0.8642831418463255
0.8643113882396142
0.864346696231225
0.8643961274194801
0.8644455586077353
0.8644879281976683
0.8645373593859235
0.864565605779212
0.8645938521725007
0.8646362217624337
0.8646432833607559
0.864650344959078
0.8646785913523667
0.8647492073355884
0.8648057001221656
0.8648692545070651
0.8648975009003538
0.8649822400802197
0.8650457944651192
0.8650881640550522
0.8651375952433074
0.8651517184399516
0.8652011496282068
0.865250580816462
0.8652788272097507
0.8653141352013615
0.8653635663896166
0.8654059359795496
0.8654624287661269
0.8654906751594156
0.8655118599543821
0.8655612911426372
0.865596599134248
0.8656177839292145
0.8656460303225032
0.8656954615107584
0.8657166463057249
0.8657378311006914
0.8658013854855908
0.8658296318788795
0.8658861246654568
0.8659214326570676
0.8659779254436449
0.8659920486402892
0.8660344182302222
0.8660485414268666
0.8660626646235109
0.8661050342134439
0.8661262190084104
0.8661756501966655
0.8661897733933098
0.8662250813849207
0.8662674509748537
0.866281574171498
0.8663451285563974
0.8664086829412969
0.8664722373261964
0.8665075453178073
0.8665499149077402
0.8665922844976732
0.8666417156859284
0.86671233166915
0.8667829476523716
0.8667970708490159
0.8668182556439824
0.8668323788406268
0.8668535636355933
0.8668676868322376
0.8669383028154592
0.8669877340037144
0.867015980397003
0.8671077811751912
0.8671642739617685
0.8672066435517015
0.8672490131416345
0.8673055059282118
0.8673266907231783
0.8673619987147891
0.8673973067063999
0.8674608610912994
0.8675102922795546
0.8675526618694875
0.8675879698610983
0.8676020930577427
0.8676232778527092
0.8676797706392865
0.8677080170325752
0.8677362634258639
0.8678139410074076
0.8678633721956628
0.8678916185889515
0.8679481113755287
0.8679904809654617
0.8680116657604282
0.8680187273587504
0.8680328505553947
0.8680540353503612
0.8680893433419721
0.8681175897352607
0.8681599593251936
0.8682305753084153
0.8682446985050596
0.8682658833000261
0.868301191291637
0.8683506224798921
0.8684000536681472
0.8684494848564024
0.8684636080530467
0.8685059776429798
0.8685483472329127
0.868562470429557
0.8685907168228457
0.8686260248144565
0.8686966407976782
0.8687248871909669
0.8687531335842554
0.8687813799775441
0.8688308111657993
0.8688873039523766
0.8689437967389539
0.8689791047305647
0.868993227927209
0.869035597517142
0.869077967107075
0.8690920903037194
0.8691132750986859
0.869162706286941
0.8691909526802296
0.8692121374751961
0.8692827534584178
0.8693109998517065
0.8693674926382837
0.8693957390315724
0.8693957390315724
0.8694381086215054
0.8694522318181497
0.8694875398097606
0.8695369709980157
0.8695722789896265
0.8696005253829152
0.8696499565711703
0.8696711413661368
0.8697064493577477
0.8697629421443249
0.8697841269392914
0.8698053117342579
0.8698264965292244
0.8698829893158018
0.8698971125124461
0.8699324205040568
0.8699889132906342
0.8700383444788894
0.8700877756671445
0.8701372068553996
0.8701583916503661
0.8702148844369435
0.870278438821843
0.8703066852151315
0.8703349316084202
0.8703843627966754
0.8704196707882862
0.8704691019765414
0.8705185331647965
0.8705679643530516
0.8706456419345955
0.8707162579178171
0.8707798123027166
0.8708151202943274
0.8708433666876161
0.8708716130809048
0.8708927978758713
0.8709492906624485
0.8709775370557372
0.8709987218507037
0.8710199066456702
0.8710410914406367
0.8710693378339254
0.8711399538171469
0.8711893850054021
0.8712176313986908
0.8712600009886238
0.8713235553735232
0.871358863365134
0.8713871097584227
0.871401232955067
0.8714436025450001
0.8714577257416444
0.8715212801265438
0.8715777729131211
0.8716342656996985
0.871697820084598
0.8717613744694974
0.8717684360678196
0.8717966824611082
0.8718108056577526
0.8718602368460078
0.871916729632585
0.8719379144275515
0.872001468812451
0.8720367768040619
0.8720720847956727
0.8721215159839278
0.8721568239755386
0.8722062551637938
0.8722203783604381
0.8722345015570824
0.8722909943436598
0.872347487130237
0.8723827951218479
0.8724251647117809
0.8724604727033917
0.8725099038916468
0.8725663966782241
0.872644074259768
0.8726793822513788
0.8727217518413117
0.8727711830295669
0.8728064910211777
0.8728841686027216
0.8728912302010438
0.8729335997909767
0.8729759693809097
0.8730183389708427
0.8730536469624535
0.8730960165523864
0.8731242629456751
0.8731595709372859
0.8731736941339303
0.8732019405272189
0.8732301869205076
0.8732584333137963
0.873293741305407
0.8733502340919844
0.8734137884768839
0.8734490964684947
0.8734914660584276
0.873547958845005
0.8735762052382936
0.8736397596231931
0.873682129213126
0.8736962524097704
0.8737527451963477
0.8738092379829251
0.8738445459745359
0.8738798539661466
0.873936346752724
0.8739716547443348
0.8740281475309122
0.8740775787191672
0.8741552563007111
0.8741976258906441
0.8742046874889663
0.8742470570788993
0.87428236507051
0.8743317962587652
0.8743741658486982
0.8744377202335977
0.8744730282252084
0.8745083362168193
0.874536582610108
0.874578952200041
0.8746142601916518
0.8746778145765512
0.8747343073631285
0.8747696153547394
0.8748119849446724
0.8748472929362832
0.8748967241245383
0.8749320321161491
0.87496734010776
0.8750026480993708
0.8750450176893038
0.8751085720742032
0.8751650648607806
0.8752286192456801
0.8752921736305795
0.8752921736305795
0.875313358425546
0.875355728015479
0.8754334055970229
0.8754757751869559
0.8755322679735331
0.8755605143668218
0.8756170071533991
0.8756170071533991
0.8756734999399765
0.8757299927265537
0.8757935471114532
0.8758500398980306
0.8758782862913191
0.87591359428293
0.8759630254711851
0.8760124566594403
0.8760477646510512
0.8760901342409841
0.8761183806342727
0.8761536886258836
0.8761819350191722
0.8762243046091053
0.8762666741990383
0.8763372901822598
0.876386721370515
0.8764149677638037
0.8764714605503809
0.8765067685419918
0.8765420765336026
0.8766197541151465
0.8766691853034015
0.8767044932950124
0.876732739688301
0.8767468628849454
0.876775109278234
0.8768245404664892
0.8768739716547443
0.8768880948513886
0.8769375260396438
0.8769728340312546
0.8770010804245433
0.8770505116127985
0.8770858196044092
0.8771493739893087
0.8771776203825974
0.8772270515708526
0.8772623595624633
0.8772764827591077
0.877332975545685
0.8773894683322623
0.8774106531272288
0.8774671459138061
0.8775165771020613
0.8775518850936721
0.8776083778802494
0.8776436858718603
0.8776860554617932
0.8777284250517262
0.877763733043337
0.8778202258299144
0.8778343490265587
0.8778837802148138
0.8779402730013911
0.8779967657879685
0.8780391353779015
0.87806738177119
0.8781168129594452
0.8781379977544117
0.8781733057460226
0.8782156753359556
0.8782368601309221
0.878279229720855
0.8783357225074323
0.8783922152940097
0.8784416464822647
0.8784840160721977
0.8785263856621308
0.8785758168503859
0.8786252480386411
0.878667617628574
0.8787382336117957
0.8787664800050844
0.8788229727916617
0.8788582807832724
0.8788865271765611
0.8789077119715276
0.878964204758105
0.879006574348038
0.879048943937971
0.8791054367245482
0.8791548679128034
0.8792042991010586
0.8792466686909916
0.8793031614775688
0.8793455310675018
0.8794020238540792
0.87943733184569
0.8794938246322672
0.8795715022138111
0.8796068102054219
0.8796844877869657
0.8797480421718652
0.8797762885651539
0.8798186581550869
0.8798751509416641
0.8799387053265636
0.8799810749164966
0.8800022597114631
0.8800305061047518
0.8800658140963625
0.880086998891329
0.8801223068829399
0.8801646764728729
0.8801999844644837
0.8802141076611281
0.8802282308577724
0.8802635388493831
0.8802847236443496
0.8803059084393161
0.8803200316359605
0.8803341548326048
0.8803624012258935
0.8803906476191822
0.8804188940124708
0.8804753867990481
0.8805036331923367
0.8805177563889811
0.8805318795856254
0.8805530643805919
0.8805954339705249
0.8806095571671693
0.88064486515878
0.8806942963470352
0.8807578507319347
0.8807931587235455
0.8808355283134784
0.8808567131084449
0.8808920211000558
0.8808990826983779
0.8808990826983779
0.8809202674933444
0.8809343906899888
0.8809555754849553
0.8809838218782439
0.8810614994597877
0.8810968074513985
0.881117992246365
0.8811533002379759
0.8812097930245532
0.8812380394178418
0.8812521626144861
0.8812592242128083
0.8812662858111305
0.8813086554010635
0.88132984019603
0.8813651481876408
0.8814216409742182
0.8814781337607954
0.8815134417524062
0.8815487497440171
0.8815769961373057
0.881633488923883
0.8816405505222052
0.8816687969154938
0.8817041049071047
0.8817464744970377
0.8817817824886485
0.881802967283615
0.8818382752752258
0.8818523984718701
0.8819088912584474
0.8819230144550918
0.8819371376517361
0.8819653840450248
0.8819936304383134
0.8820077536349578
0.8820501232248907
0.882064246421535
0.8820995544131459
0.8821348624047567
0.882148985601401
0.8821631087980454
0.8821701703963675
0.8821984167896562
0.8822478479779113
0.8822902175678443
0.8823114023628108
0.8823467103544216
0.8823820183460325
0.8824173263376432
0.8824385111326097
0.8824596959275762
0.8824879423208649
0.8825373735091201
0.8825656199024087
0.882622112688986
0.8826503590822746
0.8827139134671742
0.8827562830571072
0.8827845294503958
0.882791591048718
0.8828339606386509
0.8828692686302618
0.8828763302285839
0.8828975150235504
0.8829186998185169
0.8829328230151613
0.8829610694084499
0.8829822542034164
0.8830316853916715
0.8830811165799267
0.8831164245715375
0.8831587941614705
0.8831870405547592
0.8832364717430143
0.8832647181363029
0.8832859029312695
0.883307087726236
0.8833353341195246
0.8833635805128133
0.883398888504424
0.8834271348977127
0.883441258094357
0.8834553812910014
0.8835118740775787
0.8835259972742231
0.8835330588725452
0.8835824900608004
0.8836177980524111
0.883653106044022
0.8836813524373106
0.8837095988305993
0.8837237220272437
0.8837731532154988
0.8838225844037539
0.8838649539936869
0.8839214467802643
0.8839708779685194
0.8840132475584523
0.8840485555500632
0.8840697403450297
0.8840979867383183
0.8841403563282514
0.8841615411232179
0.8841756643198622
0.8842109723114729
0.8842604034997281
0.8842957114913389
0.8843239578846276
0.8843522042779163
0.884387512269527
0.8844016354661715
0.8844581282527487
0.8845004978426817
0.8845287442359704
0.8845569906292591
0.8845922986208699
0.8846205450141585
0.884641729809125
0.8846558530057693
0.8846770378007358
0.8847335305873131
0.8847476537839575
0.8847547153822797
0.8847759001772462
0.8848112081688569
0.8848182697671791
0.8848394545621456
0.8848535777587899
0.8849030089470451
0.8849312553403337
0.8849665633319446
0.8850159945201997
0.8850583641101327
0.8850795489050992
0.8851077952983878
0.8851360416916765
0.8851784112816095
0.8852066576748981
0.8852349040681868
0.8852631504614754
0.8852984584530863
0.8853337664446971
0.8853902592312745
0.885418505624563
0.8854538136161739
0.8854749984111404
0.8855103064027512
0.8855385527960399
0.8855738607876507
0.8856162303775836
0.8856444767708723
0.885672723164161
0.8857292159507383
0.8857504007457048
0.8857786471389935
0.8858210167289264
0.8858422015238929
0.8858986943104702
0.8859340023020811
0.8859551870970476
0.8859834334903361
0.8860258030802692
0.8860399262769135
0.8860752342685243
0.8861105422601352
0.8861176038584573
0.8861317270551017
0.886145850251746
0.8861811582433567
0.8862164662349676
0.8862800206198671
0.8863012054148336
0.8863435750047666
0.8863859445946995
0.8864212525863104
0.886449498979599
0.8865201149628207
0.8865624845527537
0.8865907309460423
0.8866542853309418
0.8866895933225526
0.88674608610913
0.8868025788957072
0.8868237636906737
0.8868731948789289
0.8869226260671841
0.8869649956571171
0.8870144268453721
0.8870567964353052
0.8870850428285938
0.8871132892218825
0.8871627204101377
0.8871909668034262
0.8872121515983927
0.8872403979916814
0.8872898291799366
0.8873745683598026
0.8874098763514133
0.887438122744702
0.8874734307363129
0.8875087387279237
0.8875087387279237
0.8875369851212124
0.8875722931128232
0.8875934779077896
0.8876782170876556
0.8876923402843
0.8877276482759108
0.8877488330708773
0.887826510652421
0.8878688802423541
0.8879112498322871
0.8879748042171866
0.8880312970037638
0.8880595433970525
0.888123097781952
0.8881795905685292
0.8882572681500731
0.8883208225349726
0.888384376919872
0.8884549929030937
0.8885256088863154
0.8885609168779262
0.8886315328611478
0.8887021488443695
0.8887445184343025
0.8887939496225575
0.8888928119990679
0.8889775511789338
0.8890481671621555
0.8891187831453772
0.889154091136988
0.8891893991285987
0.8891964607269209
