0.00026834073624224105
0.0009886237651029934
0.002104356300004943
0.0029164401070538304
0.0036861543241697324
0.004639470097661905
0.0055221698879324346
0.006355438489947815
0.007174583895318867
0.007965482907401261
0.008735197124517164
0.009483726546666573
0.010253440763782474
0.010987846989287555
0.011665760428215322
0.012400166653720403
0.01307808009264817
0.013755993531575937
0.014455091765470196
0.01544371553057319
0.016072197781245808
0.016771296015140068
0.01762574941212194
0.018706173955413068
0.019906645670180988
0.021022378205082938
0.022018063568508096
0.02302081053025542
0.024002372697036246
0.02497687326549491
0.0259866818255644
0.027151845548721496
0.028479426033288374
0.030717952701414437
0.032779939411486395
0.034792494933303206
0.03646609373565613
0.038429218069217785
0.040060447281637726
0.04159987571586953
0.0429486409954029
0.04438214545480224
0.04587214270077889
0.04725621597192309
0.04861204284977862
0.04969246739306975
0.05092824709944849
0.05246061393535813
0.05409890474610023
0.05561008678704338
0.05690235927999943
0.05830761734611012
0.05992472336188573
0.061534767779339174
0.06303182662363799
0.06420405194511726
0.06548926283975115
0.06654850258807579
0.06744532557499064
0.06836333335687199
0.069309587532042
0.07031939609211149
0.07139275903708045
0.0723319516139283
0.07334882177231995
0.07421033676762398
0.0751354061478275
0.07583450438172176
0.07685137454011341
0.07758578076561849
0.07839080297434521
0.07906165481495081
0.07952065870589149
0.08009970976830896
0.08063639124079344
0.08129311988475471
0.0818086165622727
0.08243709881294532
0.08300202667871846
0.08367287851932406
0.0840824512220096
0.08465444068610489
0.08516993736362288
0.08571368043442953
0.08661756501966655
0.08731666325356081
0.08795926870087775
0.0886018741481947
0.08923035639886732
0.08985177705121777
0.09044495131027958
0.09098163278276405
0.09153243745189286
0.09208324212102167
0.09254930761028451
0.09311423547605766
0.0937356561284081
0.09435707678075855
0.09489375825324303
0.09543043972572753
0.09603067558311149
0.09658854185056245
0.09716053131465777
0.09775370557371955
0.09841043421768084
0.09889768450191017
0.09942024277775031
0.0999569242502348
0.10042298973949763
0.10089611682708265
0.101298627931446
0.10184237100225264
0.10225900530326033
0.10285217956232214
0.10337473783816228
0.10415151365360036
0.10486473508413895
0.10552852532642239
0.10629117794521611
0.10687022900763359
0.10756226564320569
0.10836022625361025
0.10924998764220294
0.11005500985092966
0.11078941607643474
0.11155206869522848
0.1121805509459011
0.11286552598315103
0.1135222546271123
0.11408012089456328
0.11486395830832351
0.1156548573204059
0.11625509317778986
0.11677765145363002
0.11756855046571241
0.11828883349457316
0.1189526237368566
0.1195034284059854
0.12000480188685907
0.1205132369660549
0.12104285684021722
0.12158659991102386
0.12209503499021969
0.12256816207780469
0.12307659715700052
0.12357797063787418
0.12404403612713702
0.12451716321472202
0.12532218542344875
0.12577412771606725
0.12638848677009554
0.12690398344761353
0.1274618497150645
0.12790673040936085
0.12828099512043556
0.12889535417446385
0.12931198847547154
0.12982042355466736
0.1302088114623864
0.13062544576339408
0.13104208006440177
0.13144459116876514
0.13181179428151768
0.13233435255735784
0.13310406677447373
0.1336266250503139
0.13414212172783188
0.13476354238018234
0.13541320942582144
0.13598519888991675
0.13663486593555585
0.13728453298119497
0.1378918304369011
0.13852737428589587
0.13905699416005818
0.13969253800905296
0.14024334267818178
0.1407729625523441
0.14140850640133887
0.14194518787382335
0.14239713016644187
0.14312447479362478
0.1436752794627536
0.14431788491007055
0.14473451921107824
0.14520764629866323
0.14556072621477145
0.14601973010571212
0.14648579559497496
0.146916553092627
0.14746029616343362
0.147862807267797
0.14839948874028147
0.1488655542295443
0.1492610037355855
0.14962820684833805
0.1501931347141112
0.15100521852116008
0.15157014638693322
0.15213507425270636
0.15253052375874757
0.15296128125639957
0.15345559313895107
0.15385810424331442
0.15433123133089943
0.15471961923861846
0.15509388394969317
0.1554822718574122
0.15583535177352043
0.15624492447620594
0.1566262507856028
0.1569863923000332
0.15750188897755119
0.15798207766345834
0.15861762151245312
0.15923904216480358
0.15971923085071074
0.16035477469970552
0.16077847059903538
0.1614634456362853
0.16201425030541414
0.16240263821313317
0.162868703702396
0.16333476919165885
0.16394912824568714
0.16451405611146028
0.1650366143873004
0.1655944806547514
0.16612410052891372
0.1666749051980425
0.16732457224368164
0.16784006892119963
0.1683414424020733
0.16876513830140313
0.16919589579905517
0.1695630989118077
0.16998679481113754
0.17038224431717874
0.17083418660979727
0.17127200570577145
0.17172394799838994
0.17221825988094144
0.17267020217355997
0.17309389807288983
0.17362351794705214
0.17423787700108043
0.1746756960970546
0.1751064535947066
0.1756643198621576
0.17626455571954155
0.1766953132171936
0.17744384263934299
0.17796640091518315
0.1786443143541109
0.17915274943330672
0.1796329381192139
0.18021905077995354
0.18079104024404885
0.18138421450311062
0.18197738876217243
0.1824363926531131
0.18295188933063108
0.1835450635896929
0.1839970058823114
0.18449837936318506
0.18509155362224686
0.1855364343165432
0.1860731157890277
0.18655330447493484
0.18699112357090905
0.18742188106856106
0.18789500815614607
0.1884034432353419
0.18874239995480577
0.18915903425581346
0.18959685335178764
0.19002761084943967
0.1903524443722592
0.1908114482631999
0.1914258073172282
0.19192011919977967
0.19239324628736468
0.19279575739172805
0.19322651488938006
0.19366433398535424
0.19408096828636193
0.19453291057898045
0.1950130992648876
0.195373240779318
0.1957898750803257
0.19624887897126636
0.19654546610079726
0.1969691620001271
0.19731518031791315
0.19771769142227652
0.19810607932999555
0.19855802162261407
0.19903114871019906
0.19945484460952892
0.19996327968872474
0.2003869755880546
0.20069062431590767
0.20102251943704938
0.2013544145581911
0.20198289680886372
0.20284441180416776
0.20341640126826305
0.20393189794578104
0.20436265544343307
0.20485696732598457
0.2054007103967912
0.2059162070743092
0.2063540261702834
0.2069048308394122
0.20737089632867503
0.20783696181793787
0.20831008890552288
0.2087408464031749
0.2092139734907599
0.20961648459512325
0.2101037348793526
0.21054155397532678
0.21091581868640147
0.21142425376559731
0.2117773336817055
0.21229989195754567
0.21280126543841932
0.21326733092768216
0.2138110739984888
0.21424183149614084
0.21455254182231606
0.21486325214849128
0.21527988644949897
0.21569652075050666
0.21604960066661488
0.21648741976258906
0.2168758076703081
0.21723594918473849
0.21770907627232347
0.21812571057333116
0.2185140984810502
0.2190507799535347
0.21942504466460938
0.21986286376058356
0.2201947588817253
0.22053371560118917
0.221042150680385
0.22137404580152673
0.22176949530756793
0.2221084520270318
0.22246859354146217
0.2228569814491812
0.2231747533736786
0.22350664849482033
0.22385266681260638
0.22417043873710377
0.2245941346364336
0.2250107689374413
0.22527910967368353
0.22559688159818092
0.22594289991596697
0.22630304143039737
0.22663493655153907
0.22707275564751325
0.22758119072670907
0.22796251703610595
0.22831559695221415
0.22868986166328886
0.2289793871944976
0.2292759743240285
0.22955843825691508
0.22985502538644598
0.23020810530255417
0.23046938444047427
0.2308365875532268
0.23119672906765718
0.23155687058208754
0.2319028888998736
0.23217122963611583
0.2326302335270565
0.23311042221296369
0.23365416528377034
0.23414847716632184
0.23462160425390682
0.2350382385549145
0.23541250326598923
0.23595624633679588
0.23647174301431387
0.23688131571699939
0.2372767652230406
0.23762278354082664
0.23801117144854567
0.23839249775794252
0.23881619365727239
0.23928225914653523
0.23974832463579807
0.24015083574016144
0.24063808602439077
0.24106884352204277
0.24161258659284943
0.24197978970560197
0.24241054720325397
0.24272831912775136
0.24314495342875905
0.24354040293480025
0.24392172924419714
0.24433130194688266
0.24472675145292386
0.24512220095896506
0.24551765046500626
0.2459060383727253
0.24627324148547783
0.24659101340997522
0.24698646291601642
0.24738897402037976
0.24779148512474314
0.24820811942575083
0.24856119934185902
0.24901314163447755
0.2493591599522636
0.24968399347508316
0.2501006277760908
0.2503972149056217
0.25067967883850834
0.2509409579764284
0.2512375451059593
0.2516329946120005
0.2520708137079747
0.25252981759891535
0.25284758952341274
0.25326422382442043
0.2536808581254281
0.2540974924264358
0.25437995635932237
0.25467654348885327
0.25511436258482745
0.25570753684388925
0.25612417114489694
0.25649843585597165
0.2568020845838247
0.2571198565083221
0.2574517516294638
0.2578330779388607
0.25810141867510294
0.25846862178785546
0.2588499480972523
0.2590971040385281
0.2594431223563141
0.25973264788752287
0.26004335821369806
0.26033994534322896
0.2607777644392032
0.2611096595603449
0.26134975390329845
0.26166752582779584
0.2620347289405484
0.2624301784465896
0.26277619676437564
0.2631857694670612
0.2635106029898807
0.26389899089759977
0.2642450092153858
0.26451334995162806
0.2648876146627028
0.26530424896371047
0.26562202088820785
0.26598922400096037
0.2664199814986124
0.2666671374398881
0.26704846374928504
0.2674297900586819
0.26788879394962256
0.2682348122674086
0.26858083058519466
0.26899040328788015
0.26933642160566623
0.2696400703335193
0.27000727344627184
0.27035329176405787
0.27059338610701145
0.27101002040801914
0.27128542274258355
0.27158200987211445
0.2719139049932562
0.2722034305244649
0.2726200648254726
0.27305788392144675
0.27345333342748795
0.2739617685066838
0.274357218012725
0.2747738523137327
0.2752257946063512
0.2757130448905805
0.2762144183714542
0.27661692947581756
0.27705474857179174
0.2775349372576989
0.2778738939771628
0.27831877467145916
0.27875659376743334
0.27913085847850805
0.2795545543778379
0.2799500038838791
0.28043019256978624
0.2808115188791831
0.28117872199193567
0.28149649391643305
0.28190606661911854
0.28216734575703867
0.28249924087818035
0.28280288960603345
0.28308535353892
0.2833536942751622
0.2836361582080488
0.2839539301325462
0.2842152092704663
0.28459653557986314
0.28497080029093785
0.2853168186087239
0.285578097746644
0.2858676232778527
0.28615714880906146
0.28653141352013617
0.28684212384631136
0.28715989577080875
0.2875270988835613
0.28785899400470305
0.28828975150235503
0.2887275705983292
0.2890735889161153
0.2893984224389348
0.28965263997853274
0.2899351039114193
0.2902316910409502
0.29054240136712545
0.2908036805050455
0.2911426372245094
0.2913968547641073
0.29160870271377226
0.29194765943323614
0.2923007393493443
0.29254083369229794
0.29278798963357366
0.29312694635303754
0.29342353348256844
0.2936918742188107
0.2939249069634421
0.2942003092980065
0.2944474652392823
0.2947440523688132
0.29497708511344456
0.2952666106446533
0.2955278897825734
0.29579623051881565
0.2960786944517022
0.2963964663761996
0.2967495462923078
0.2969613942419727
0.2972862277647923
0.29764636927922267
0.29798532599868655
0.2982960363248618
0.298606746651037
0.29902338095204467
0.29931996808157557
0.299722479185939
0.300068497503725
0.30047100860808834
0.3008099653275522
0.3011277372520496
0.3015655563480238
0.30197512905070933
0.3022858393768846
0.3026883504812479
0.30301318400406746
0.30338038711682
0.3037617134262169
0.30415010133393594
0.3046091052248766
0.3049763083376291
0.3053929426386368
0.3058519465295775
0.3062120880440079
0.30659341435340476
0.3068758782862913
0.3073207589805877
0.3077303316832732
0.308323505942335
0.308839002619853
0.30937568409233746
0.3099194271631441
0.31056203261046106
0.31113402207455637
0.3116212723587857
0.31196729067657175
0.31237686337925724
0.3126098961238887
0.31295591444167475
0.31336548714436024
0.3137326902571128
0.3141069549681875
0.31441060369604057
0.3146789444322828
0.31491903877523636
0.3151520715198678
0.3154062890594657
0.3156463834024193
0.3158723545487286
0.3161618800799373
0.3163596048329579
0.3166138223725558
0.3167833007322877
0.3170304566735635
0.3172987974098057
0.3175177069577928
0.3177789860957129
0.318040265233633
0.3183297907648417
0.3186334394926948
0.3188876570322927
0.31916305936685707
0.3193960921114885
0.31960087846283125
0.3198550960024292
0.3201869911235709
0.32051182464639044
0.3207801653826327
0.32100613652894194
0.3212744772651842
0.32150751000981564
0.3216487419762589
0.3218605899259238
0.3221289306621661
0.32234784021015317
0.32258793455310675
0.3228209672977382
0.32310343123062474
0.32347769594169945
0.323802529464519
0.32416267097894935
0.32443807331351376
0.324748783639689
0.3250665555641864
0.3253631426937173
0.32568797621653683
0.32596337855110125
0.3263023352705651
0.32655655281016305
0.3269166943245934
0.32712854227425836
0.3274745605920444
0.3279053180896964
0.32833607558734845
0.3286397243152015
0.3289786810346654
0.32920465218097467
0.3295083009088277
0.3298260728333251
0.33013678315950035
0.33048280147728637
0.33087825098332757
0.3312101461044693
0.3315985340121883
0.3319233675350079
0.3322340778611831
0.3326083425722578
0.3329261144967552
0.3333215640027964
0.3336746439189046
0.33399947744172415
0.33430312616957725
0.3346773908806519
0.3350516555917266
0.33540473550783484
0.33572250743233223
0.3360261561601853
0.3363086200930719
0.3366193304192471
0.3369017943521337
0.3372195662766311
0.33753027660280627
0.3378833565189145
0.33818700524676754
0.3384270995897211
0.3387025019242855
0.3390202738487829
0.33929567618334733
0.3395428321246231
0.3398606040491205
0.3401995607685844
0.34055970228301474
0.3409410285924116
0.34127292371355333
0.34166131162127233
0.34209206911892437
0.3424027794450996
0.3426711201813418
0.34292533772093975
0.34314424726892684
0.3434125880051691
0.34363855915147834
0.3438504071011433
0.3441046246407412
0.3443447189836948
0.3446413061132257
0.3448602156612128
0.3451850491840323
0.34547457471524107
0.3457217306565168
0.3460465641793363
0.34639964409544455
0.3467386008149084
0.3470281263461172
0.3472823438857151
0.347621300605179
0.3479108261363877
0.3482144748642408
0.34851812359209383
0.34881471072162473
0.3489841890813567
0.34933726899746487
0.34976096489679476
0.35015641440283596
0.350502432720622
0.350806081448475
0.3511097301763281
0.35139925570753683
0.3517099660337121
0.35207010754814244
0.3523808178743177
0.35271977459378157
0.3530728545098898
0.35342593442599796
0.35375076794881755
0.3540826630699593
0.35446398937935614
0.35475351491056484
0.35490887007365246
0.35522664199814985
0.3555585371192916
0.3558833706421111
0.3561305265833869
0.3564977296961394
0.35682962481728114
0.35714739674177853
0.3574369222729873
0.3577546941974847
0.35801597333540475
0.3582490060800362
0.3585950243978222
0.35887748833070876
0.3592588146401056
0.3595624633679587
0.35978843451426795
0.3601485760286983
0.3604734095515179
0.3607276270911158
0.3611301381954792
0.36134904774346627
0.3617021276595745
0.36205520757568266
0.36242947228675737
0.3628037369978321
0.3631991865038733
0.36358757441159234
0.3639406543277005
0.3642443030555536
0.36459032137333963
0.3649010316995149
0.3651128796491798
0.3653741587870999
0.3656989923099194
0.3659885178411282
0.36624273538072605
0.36652519931361266
0.3668288480414657
0.367097188777708
0.36745733029213834
0.3678598413965017
0.3682058597142877
0.36859424762200677
0.3688696499565712
0.3691803602827464
0.36944870101898863
0.36982296573006335
0.3702325384327489
0.37066329593040087
0.37118585420624106
0.3716660428921482
0.37193438362839043
0.3722450939545657
0.3726546666572512
0.3730077465733594
0.37325490251463517
0.37355148964416607
0.3738763231669856
0.374194095091483
0.37453305181094687
0.3748437621371221
0.37511916447168653
0.37551461397772773
0.37586063229551375
0.37618546581833334
0.3765879769226967
0.3769057488471941
0.37728707515659093
0.37766133986766565
0.37791555740726357
0.3782686373233718
0.3784663620763924
0.37877001080424544
0.37906659793377634
0.37938436985827373
0.37970920338109326
0.38004816010055714
0.38034474723008804
0.38062721116297465
0.380902613497539
0.3812203854220364
0.3814392949700235
0.3816935125096214
0.3819194836559307
0.38222313238378375
0.3825126579149925
0.38276687545459037
0.3830634625841213
0.3833600497136522
0.3835718976633171
0.38388260798949236
0.3841650719223789
0.38448990544519845
0.3848500469596288
0.38516075728580407
0.3855350219968788
0.385888101912987
0.38626942822238386
0.38654483055694827
0.3868908488747343
0.38720155920090954
0.3876111319035951
0.38785122624654866
0.3881266285811131
0.3884161541123218
0.3887409876351413
0.38895283558480626
0.3893835930824583
0.38966605701534485
0.3901533072995742
0.39053463360897106
0.3908170975418576
0.39112780786803286
0.39143851819420805
0.39172098212709466
0.39217292441971313
0.39247657314756623
0.3927166674905198
0.39311917859488316
0.3933733961344811
0.393585244084146
0.39383240002542175
0.394016001581798
0.3943196503096511
0.39457386784924897
0.3948563317821356
0.39513879571502214
0.3953647668613314
0.39568960038415096
0.39602855710361484
0.3963675138230787
0.39667822414925397
0.39697481127878487
0.39728552160496006
0.3975538623412023
0.39782220307744454
0.3981470366002641
0.3984224389348285
0.3986837180727486
0.399001489997246
0.3992486459385217
0.3995664178630191
0.39986300499255
0.4001807769170474
0.40047030244825615
0.4006750887995989
0.40090812154423033
0.40119764707543903
0.4016213429747689
0.40189674530933334
0.402271010020408
0.4025746587482611
0.402871245877792
0.4031395866140342
0.4034079273502765
0.40366920648819654
0.40383868484792845
0.4040505327975934
0.4042694423455805
0.40453778308182275
0.4047425694331655
0.40505327975934075
0.40526512770900563
0.4054557908637041
0.4056747004116912
0.40595716434457774
0.40621138188417566
0.40655740020196174
0.4069175417163921
0.4071858824526343
0.4074683463855209
0.40779317990834046
0.4080968286361935
0.40840753896236875
0.4086688181002888
0.40894422043485323
0.40924080756438413
0.40950914830062635
0.4097563042419021
0.4100387681747887
0.4102929857143866
0.4105825112455953
0.4109214679650592
0.4111474391113685
0.41146521103586586
0.4118112293536519
0.4121431244747936
0.4125315123825127
0.41278572992211054
0.4130752554533193
0.41334359618956157
0.41363312172077027
0.41385909286707956
0.4141344952016439
0.41444520552781916
0.4146782382724506
0.4149677638036593
0.4151866733516464
0.41539852130131133
0.4156880468325201
0.4158857715855407
0.41609055793688343
0.41634477547648135
0.4165707466227906
0.4167755329741334
0.4170015041204426
0.41721335207010757
0.4173404608399065
0.41756643198621574
0.41779946473084717
0.41802543587715646
0.41824434542514355
0.41854093255467445
0.41875984210266154
0.4190140596422594
0.419338893165079
0.4195366179180996
0.41976258906440883
0.42003799139897324
0.42023571615199384
0.42041225611004795
0.4206594120513237
0.4208359520093778
0.4210336767623984
0.42124552471206334
0.4215491734399164
0.42181045257783645
0.4219799309375684
0.42219177888723336
0.4223683188452874
0.42260135158991885
0.42282026113790594
0.42301798589092654
0.4232863266271688
0.4235193593718002
0.42378770010804245
0.4240207328526739
0.4243173199822048
0.42462803030838
0.4248822478479779
0.42509409579764285
0.4254259909187846
0.42568727005670465
0.4259697339895912
0.4262875059140886
0.42654878505200866
0.4268806801731504
0.4271984520976478
0.4275232856204673
0.4277492567667766
0.42813058307617347
0.42842717020570437
0.42868844934362443
0.4289497284815445
0.42923925401275326
0.42943697876577386
0.42961351872382797
0.42985361306678155
0.43010076900805727
0.43030555535940007
0.4305950808906088
0.4308916680201397
0.43108233117483813
0.4313647951077247
0.43150602707416796
0.43176730621208803
0.43206389334161893
0.43233929567618334
0.43259351321578127
0.43295365473021163
0.43328554985135337
0.4335891985792064
0.43392109370034815
0.4342035576332347
0.43454957595102073
0.43480379349061865
0.43504388783357223
0.43517805820169336
0.43539696774968045
0.4357006164775335
0.4359760188120979
0.4362514211466623
0.43648445389129376
0.4367739794225025
0.4370705665520334
0.4374095232714973
0.43778378798257195
0.4382216070785462
0.43857468699465435
0.43889952051747394
0.43917492285203835
0.4393585244084146
0.43959155715304604
0.4398175282993553
0.44003643784734237
0.4402906553869403
0.4405448729265382
0.4408414600560691
0.44104624640741186
0.4412722175537211
0.441526435093319
0.4417735910345948
0.44204899336915915
0.4423879500886231
0.4426986604147983
0.44298818594600703
0.4432070954939941
0.44341188184533686
0.44367316098325693
0.4439132553262105
0.44414628807084194
0.4443793208154734
0.444577045568494
0.44476770872319243
0.4449724950745352
0.4451207886393006
0.44538912937554287
0.4456009773252078
0.44582694847151705
0.4461094124044036
0.446427184328901
0.44673789465507624
0.4470768513745401
0.44733106891413804
0.4475358552654808
0.44771945682185704
0.4480089823530658
0.4481572759178312
0.4483267542775632
0.44858803341548326
0.4488563741517255
0.4490187909131353
0.4491670844779007
0.4493859940258878
0.4495695955822641
0.449823813121862
0.4500215378748826
0.45014158504635937
0.4503322482010578
0.45050878815911194
0.45070651291213254
0.45096073045173046
0.4511302088114624
0.45139854954770464
0.45159627430072524
0.45180812225039013
0.4520976477815989
0.45230949573126383
0.45255665167253956
0.45290266999032563
0.4530650867517354
0.4532769347014003
0.45346759785609875
0.4536794458057637
0.4539901561319389
0.45439972883462443
0.45469631596415533
0.45502114948697486
0.4553318598131501
0.4556072621477145
0.4558967876789232
0.4561227588252325
0.4563840379631526
0.4565888243144953
0.45677242587087163
0.4569842738205365
0.45725967615510094
0.4574503393097994
0.45761275607120916
0.4577469264393303
0.4579728975856395
0.4581353143470493
0.4582553615185261
0.4584742710665132
0.4586578726228895
0.45891209016248735
0.4591451229071188
0.4594487716349719
0.45971005077289195
0.4599360219192012
0.46022554745040994
0.4605503809732295
0.460875214496049
0.4610941240440361
0.46132715678866754
0.4616166823198763
0.46187796145779636
0.46217454858732726
0.46249232051182465
0.4627818460430334
0.4630996179675308
0.463410328293706
0.46369279222659254
0.4639399481678683
0.46419416570746624
0.4644342600504198
0.4646461080000847
0.46487914074471615
0.46515454307928056
0.4654440686104893
0.4656417933635099
0.46582539491988617
0.4660301812712289
0.4662349676225717
0.46648212356384744
0.46675752589841185
0.4669411274547881
0.4671670986010974
0.4673153921658628
0.4675060553205613
0.46773908806519265
0.46793681281821325
0.46814159916955606
0.4683958167091539
0.4685441102739194
0.46871358863365137
0.46894662137828275
0.4691584693279477
0.46946917965412294
0.46966690440714354
0.4697869515786203
0.46996349153667444
0.4701753394863393
0.4703942490343264
0.4705778505907027
0.4708108833353341
0.4709803616950661
0.4711851480464088
0.4713546264061408
0.4715735359541279
0.47178538390379277
0.47198310865681337
0.4721737718115118
0.4723361885729216
0.47254097492426433
0.47273869967728493
0.472957609225272
0.4731482723799705
0.47333187393634674
0.47351547549272305
0.47363552266419984
0.4738403090155426
0.47410158815346265
0.4743346208980941
0.47457471524104766
0.4747865631907126
0.47503371913198833
0.47525969027829756
0.47547859982628465
0.47570457097259394
0.47587404933232585
0.47609295888031294
0.47635423801823307
0.4764601619930655
0.4766296403527975
0.476827365105818
0.47696859707226136
0.4771310138336711
0.4772934305950809
0.47748409374977935
0.4776888801011221
0.47785129686253186
0.47794309764072
0.4781620071887071
0.4783244239501169
0.47846565591656015
0.4786986886611916
0.4789529062007895
0.4792071237403874
0.4795107724682405
0.4798002979994492
0.4800615771373693
0.48034404107025586
0.4805488274215986
0.4807677369695857
0.48100783131253927
0.48130441844207017
0.4815374511867016
0.4818057919229438
0.48201763987260876
0.4822294878222737
0.4823989661820056
0.48267436851657003
0.4828932780645571
0.48314749560415504
0.48332403556220915
0.48354294511019624
0.4837689162565055
0.4839666410095261
0.4842491049424127
0.48440446010550026
0.4846728008417425
0.48484227920147444
0.4850329423561729
0.4852659751008043
0.48547782305046927
0.48573204059006714
0.4859580117363764
0.48608512050617536
0.48628284525919596
0.4864170156273171
0.4866641715685928
0.48687601951825776
0.48709492906624485
0.4873067770159098
0.4874833169739639
0.4876457337353737
0.4878717048816829
0.48807649123302566
0.48826009278940197
0.488563741517255
0.48875440467195347
0.48897331421994056
0.4892345933578606
0.48940407171759254
0.48960179647061314
0.48983482921524457
0.490025492369943
0.4902585251145744
0.4904633114659172
0.4906045434323605
0.49081639138202543
0.49096468494679085
0.49116240969981145
0.49138131924779854
0.4915225512142418
0.4916920295739738
0.49193212391692737
0.49219340305484743
0.492433497397801
0.49264534534746596
0.4928713164937752
0.4932243964098834
0.493464490752837
0.49371164669411277
0.4938811250538447
0.4941000346018318
0.4942553897649194
0.4944742993129065
0.4947002704592157
0.494841502425659
0.49507453517029043
0.4952863831199554
0.4955970934461306
0.49586543418237283
0.4960490357387491
0.4962750068850584
0.4965221628263341
0.4966775179894217
0.49685405794747584
0.49703059790552995
0.49727775384680567
0.49744723220653764
0.4976661417545247
0.49792035929412265
0.4980686528588881
0.49823813121862004
0.49842879437331844
0.4985700263397617
0.49881012068271535
0.4989372294525143
0.4991137694105684
0.49924793977868953
0.49944566453171013
0.4995798348998312
0.49977049805452967
0.5000600235857384
0.5002506867404368
0.5004484114934574
0.5006602594431223
0.5009286001793646
0.5012181257105733
0.5014511584552047
0.5017830535763464
0.5020302095176222
0.5022420574672871
0.5025103982035294
0.5027222461531943
0.5028776013162819
0.503138880454202
0.5033930979937999
0.5035837611484983
0.5037744243031967
0.5039368410646066
0.5041416274159494
0.5043746601605807
0.5045794465119235
0.5047348016750112
0.5049607728213203
0.5051090663860859
0.5052502983525291
0.5054833310971605
0.5056457478585703
0.5058364110132687
0.5059847045780342
0.5061188749461553
0.5063377844941424
0.5065213860505187
0.5067685419917944
0.5069803899414593
0.5071498683011912
0.5073899626441448
0.507608872192132
0.5078419049367634
0.5080537528864283
0.5082797240327376
0.5085056951790469
0.5087669743169669
0.5089223294800546
0.5091271158313972
0.5093813333709952
0.5095578733290493
0.509805029270325
0.5099038916468354
0.5100945548015338
0.5102993411528766
0.510490004307575
0.5107371602488507
0.5109278234035491
0.5111749793448249
0.511436258482745
0.5116834144240208
0.5119517551602629
0.5121494799132835
0.5123966358545593
0.5126932229840903
0.5128203317538892
0.5130604260968428
0.5132228428582525
0.5133993828163066
0.5135617995777164
0.5136889083475153
0.5139078178955024
0.5141408506401339
0.5143668217864431
0.5144939305562422
0.5147128401042292
0.5149529344471828
0.5152071519867807
0.5153766303465126
0.5156026014928219
0.5158073878441647
0.516125159768662
0.5163158229233604
0.5165700404629584
0.516767765215979
0.5169231203790666
0.5171349683287315
0.5173185698851078
0.5175657258263835
0.5177705121777263
0.5179823601273912
0.518187146478734
0.5184060560267211
0.5185543495914865
0.5187944439344401
0.5189709838924942
0.5191969550388035
0.5193876181935019
0.5195712197498782
0.5197901292978653
0.5200302236408189
0.5203126875737054
0.5205315971216925
0.5207434450713575
0.5209341082260559
0.5210965249874656
0.521237756953909
0.5214425433052517
0.5216332064599501
0.5217815000247156
0.5219509783844475
0.5221910727274012
0.5223887974804218
0.5226218302250532
0.5229537253461949
0.5232008812874706
0.5233703596472026
0.5235751459985453
0.5237446243582773
0.5239141027180092
0.5240623962827746
0.5242248130441844
0.5243377986173391
0.5244931537804267
0.5246555705418364
0.5248391720982127
0.5249945272613004
0.5252134368092874
0.5253758535706972
0.5256300711102951
0.525799549470027
0.5259831510264034
0.5262161837710347
0.5264139085240553
0.5266186948753981
0.5268164196284187
0.5270423907747279
0.5272048075361377
0.5273954706908361
0.5276355650337897
0.5278262281884882
0.5280310145398309
0.5283276016693619
0.5286594967905036
0.5289278375267458
0.5290973158864778
0.5293444718277535
0.5295210117858076
0.5297116749405061
0.5298740917019158
0.5300294468650034
0.5302342332163462
0.5304390195676889
0.5306367443207095
0.5308627154670188
0.5310392554250729
0.53125816497306
0.5314841361193693
0.5317030456673564
0.5319078320186991
0.5320843719767532
0.532246788738163
0.5324162670978949
0.5325716222609825
0.5327269774240702
0.5329176405787686
0.5330376877502454
0.533277782093199
0.533539061231119
0.5337438475824619
0.5339486339338045
0.534181666678436
0.5344711922096448
0.534654793766021
0.5348383953223973
0.5350643664687065
0.5353538919999152
0.5356787255227348
0.5358905734723998
0.536158914208642
0.5363848853549512
0.5366461644928713
0.5368791972375028
0.5370839835888455
0.5372534619485775
0.5374088171116651
0.5376771578479073
0.5378960673958944
0.538051422558982
0.5382773937052913
0.5385033648516006
0.5387787671861649
0.5390047383324742
0.5392024630854948
0.539428434231804
0.5396049741898581
0.5397391445579792
0.5399086229177112
0.5401134092690539
0.5403040724237524
0.540544166766706
0.540671275536505
0.5408760618878476
0.5411373410257678
0.54140568176201
0.5416528377032858
0.5419494248328166
0.5421895191757703
0.5424084287237574
0.5426414614683888
0.542994541384497
0.5431428349492624
0.5433264365056387
0.5435382844553036
0.5437077628150355
0.5439125491663783
0.5441032123210767
0.5443221218690638
0.5444916002287958
0.5446963865801385
0.5448799881365148
0.5450424048979245
0.5451906984626901
0.5455155319855096
0.5457132567385302
0.5458827350982621
0.5460733982529605
0.5463276157925585
0.5465677101355121
0.546779558085177
0.546991406034842
0.5471185148046409
0.5472668083694063
0.5474715947207491
0.5476763810720918
0.5478952906200789
0.548114200168066
0.5483542945110196
0.5484672800841742
0.5485802656573289
0.5487356208204165
0.5488697911885376
0.5490110231549808
0.5491098855314912
0.5492369943012901
0.5493994110627
0.5495406430291432
0.54966069020062
0.5498937229452514
0.5500702629033055
0.5502468028613596
0.5504515892127024
0.5506422523674008
0.5507834843338442
0.5509600242918983
0.5511577490449189
0.5512919194130399
0.5514190281828389
0.5515885065425709
0.551807416090558
0.5520122024419007
0.5522028655965991
0.5525347607177409
0.552753670265728
0.5529867030103593
0.5532621053449238
0.553488076491233
0.5536646164492871
0.5538764643989521
0.5541165587419057
0.5542930986999598
0.5544555154613695
0.5547379793942561
0.5549568889422432
0.5551546136952638
0.5553594000466066
0.5555641863979494
0.5557760343476142
0.5559384511090241
0.556150299058689
0.5563127158200987
0.5564680709831863
0.5566234261462739
0.5567787813093615
0.5569341364724492
0.5570612452422481
0.5572236620036579
0.5573719555684233
0.5574496331499672
0.5576191115096991
0.557788589869431
0.5579721914258073
0.5581204849905728
0.5582546553586939
0.5584100105217815
0.5585229960949362
0.5586783512580238
0.5588266448227892
0.5589608151909103
0.55912323195232
0.5592997719103742
0.5594339422784953
0.5595822358432607
0.5597093446130598
0.5599282541610469
0.5600624245291679
0.5601754101023225
0.560366073257021
0.5605284900184307
0.5606979683781627
0.5608745083362168
0.5610439866959488
0.5612487730472915
0.5614323746036678
0.5616654073482992
0.5618419473063533
0.5620396720593739
0.562216212017428
0.5624421831637373
0.5626257847201136
0.5628517558664228
0.5629859262345439
0.5631836509875645
0.5634237453305181
0.5636920860667604
0.5638403796315258
0.5640310427862242
0.5641652131543453
0.5643135067191108
0.5644406154889098
0.5646524634385747
0.5648290033966288
0.5650055433546829
0.5651185289278375
0.5652456376976365
0.5654363008523349
0.5655916560154225
0.565824688760054
0.5660647831030076
0.5662978158476389
0.566516725395626
0.5666297109687807
0.5668415589184456
0.5670322220731441
0.5672370084244868
0.5673923635875744
0.567590088340595
0.5677666282986491
0.567978476248314
0.5681197082147573
0.5683456793610666
0.5685292809174428
0.568621081695631
0.5687834984570408
0.5690518391932831
0.5691718863647598
0.5693060567328809
0.5694896582892572
0.5696308902557005
0.5697650606238216
0.5699416005818757
0.5701746333265071
0.5703158652929504
0.5705771444308705
0.5707607459872468
0.5710432099201334
0.5712833042630869
0.5715233986060405
0.5717423081540276
0.5719470945053703
0.5720459568818806
0.5722507432332234
0.5723919751996667
0.5725473303627543
0.5726461927392646
0.5728509790906073
0.5730133958520172
0.5731828742117491
0.5733594141698032
0.5734300301530249
0.573613631709401
0.5737266172825557
0.5739314036338985
0.5741503131818856
0.5743480379349062
0.5746375634661149
0.5749200273990015
0.5751036289553778
0.5753366617000092
0.5754425856748416
0.5756614952228287
0.5758380351808828
0.5760357599339034
0.5761911150969911
0.5764312094399446
0.5765512566114215
0.5767842893560529
0.5769961373057177
0.5771585540671276
0.5773350940251817
0.5775045723849136
0.5776387427530347
0.5777729131211559
0.5779776994724986
0.5782319170120965
0.5784155185684728
0.578599120124849
0.5787474136896145
0.5789310152459908
0.5790863704090784
0.5792770335637768
0.5794182655302201
0.5796230518815628
0.5797925302412948
0.5799478854043825
0.5801456101574031
0.5802444725339133
0.5803857045003566
0.5805410596634443
0.5806752300315653
0.5807882156047199
0.5809365091694855
0.5810777411359287
0.5812330962990163
0.5813884514621039
0.5815932378134467
0.5817203465832457
0.5818615785496889
0.5820310569094209
0.582165227277542
0.5822782128506966
0.5824759376037172
0.5825889231768718
0.5827019087500265
0.5828713871097584
0.5829631878879465
0.583111481452712
0.583238590222511
0.5833515757956655
0.5834998693604311
0.5836552245235187
0.5838458876782171
0.5839941812429825
0.5841071668161372
0.584269583577547
0.5844531851339232
0.5846014786986886
0.5847497722634541
0.5849263122215083
0.5850392977946628
0.5852087761543948
0.5853853161124489
0.5855194864805701
0.5857172112335907
0.5858937511916447
0.5861055991413097
0.5862680159027194
0.586423371065807
0.5866422806137941
0.5868611901617812
0.587065976513124
0.5872637012661446
0.5874614260191652
0.5876026579856085
0.5877862595419847
0.5879204299101058
0.5881110930648042
0.58835824900608
0.5885630353574228
0.5887819449054099
0.5889090536752088
0.5890573472399743
0.5892197640013841
0.5894174887544047
0.5895940287124588
0.5897281990805799
0.5898835542436676
0.5900530326033995
0.5902013261681649
0.5904061125195077
0.5905544060842731
0.5907380076406494
0.5909074860003813
0.5910063483768916
0.5911617035399792
0.5913453050963555
0.5915500914476983
0.5916983850124637
0.5918537401755514
0.592009095338639
0.59214326570676
0.5923339288614585
0.5925387152128012
0.5927788095557549
0.5929553495138089
0.5931530742668295
0.5933084294299171
0.5934920309862934
0.5936685709443476
0.5938874804923346
0.5940428356554223
0.5941770060235434
0.594332361186631
0.594417100366497
0.5945442091362959
0.5946642563077728
0.5947772418809273
0.5950243978222031
0.5952221225752237
0.5954763401148215
0.59566700326952
0.595836481629252
0.5959565288007288
0.5961118839638164
0.5962460543319374
0.59635197830677
0.5964932102732132
0.5966061958463679
0.5967333046161668
0.5968957213775766
0.5970016453524091
0.5971358157205302
0.5972699860886513
0.5975030188332827
0.5976724971930146
0.597771359569525
0.5978914067410017
0.5980538235024115
0.5981950554688549
0.598413965016842
0.5985834433765739
0.5987458601379836
0.5989153384977156
0.5990848168574475
0.5992754800121459
0.5994732047651665
0.599579128739999
0.5996850527148315
0.5998474694762412
0.5999675166477181
0.6001087486141613
0.6002146725889937
0.6003912125470479
0.6005112597185247
0.6006736764799344
0.6008078468480555
0.6009632020111432
0.6011114955759087
0.6012527275423519
0.6013586515171844
0.6015351914752385
0.6016411154500709
0.6018459018014137
0.6019941953661792
0.6021495505292668
0.6022978440940322
0.602502630445375
0.6026438624118183
0.6028204023698724
0.6030110655245708
0.6032652830641687
0.6035053774071223
0.6037101637584651
0.6039361349047744
0.6041903524443722
0.6043880771973928
0.604564617155447
0.6047976499000783
0.6050236210463876
0.6051789762094753
0.6053272697742407
0.6055744257155165
0.6057297808786041
0.6058851360416917
0.6060051832131684
0.6061464151796118
0.6062947087443772
0.6064430023091426
0.6066054190705524
0.6067395894386736
0.6068596366101503
0.6069796837816271
0.6071279773463926
0.6072903941078024
0.60744574927089
0.6075869812373332
0.6078129523836425
0.607918876358475
0.6081307243081399
0.6082507714796167
0.6083920034460599
0.6085473586091475
0.6086885905755909
0.608865130533645
0.6089851777051217
0.6091334712698873
0.6091970256547867
0.6093170728262635
0.6094441815960625
0.609557167169217
0.6097831383155263
0.6099173086836475
0.6101291566333124
0.6102280190098227
0.6103410045829774
0.6104610517544541
0.6105810989259309
0.6107435156873406
0.610884747653784
0.6110683492101602
0.611188396381637
0.6113366899464024
0.6114637987162014
0.6116332770759334
0.6117815706406988
0.6119581105987529
0.6120781577702297
0.61217702014674
0.6123394369081497
0.6125089152678818
0.6126289624393585
0.6128266871923791
0.6129820423554667
0.6131020895269436
0.6132009519034538
0.6132998142799642
0.6134410462464074
0.6136740789910389
0.613892988539026
0.6140483437021136
0.6142319452584898
0.6144155468148661
0.6145779635762758
0.6147403803376856
0.614881612304129
0.6149592898856727
0.615142891442049
0.6153194314001031
0.6154889097598351
0.6156301417262783
0.6157925584876881
0.6159902832407087
0.616131515207152
0.6163292399601726
0.6164916567215823
0.6166540734829922
0.6167741206544689
0.6169718454074895
0.6171413237672215
0.617339048520242
0.6174732188883632
0.6176215124531287
0.6177980524111828
0.6179322227793038
0.6181228859340023
0.618285302695412
0.6184406578584997
0.61853952023501
0.6186736906031312
0.6188784769544738
0.6190408937158837
0.6192809880588372
0.6194645896152136
0.6196199447783011
0.6197470535481001
0.6199024087111877
0.620043640677631
0.6202343038323294
0.6204108437903835
0.6205803221501155
0.6207356773132031
0.6208204164930691
0.6209404636645458
0.6211311268192443
0.6212864819823318
0.6214135907521309
0.6215689459152185
0.6216678082917287
0.6218019786598499
0.6219573338229375
0.6221197505843472
0.622282167345757
0.6223598449273009
0.6224445841071669
0.622578754475288
0.622712924843409
0.6228612184081745
0.6230024503746178
0.6231366207427389
0.62327079111086
0.6234332078722699
0.6235603166420688
0.6236803638135455
0.6237580413950894
0.6239275197548213
0.6240616901229424
0.6242099836877079
0.6243582772524733
0.6244642012273058
0.6246195563903933
0.6247819731518032
0.6249232051182465
0.6250856218796562
0.6252833466326768
0.6254598865907309
0.6255940569588521
0.6257141041303289
0.6258482744984499
0.6259965680632155
0.6261519232263031
0.6262225392095246
0.626321401586035
0.6265120647407334
0.6266462351088545
0.6268227750669086
0.6269710686316741
0.6271193621964395
0.6272041013763056
0.6273312101461045
0.6274865653091921
0.627656043668924
0.6277972756353674
0.6279031996101998
0.62800206198671
0.628086801166576
0.628213909936375
0.6283127723128853
0.6284398810826842
0.6285528666558389
0.6286587906306713
0.6287929609987924
0.6289059465719471
0.6290613017350347
0.6291884105048337
0.6293155192746326
0.6294285048477872
0.6295767984125527
0.629675660789063
0.6298168927555062
0.6299581247219496
0.6301276030816815
0.6302264654581918
0.630367697424635
0.6305089293910784
0.6306925309474547
0.6308549477088644
0.631010302871952
0.6311515348383954
0.6312857052065164
0.6314339987712819
0.6315469843444366
0.6316882163108798
0.6318223866790009
0.6318930026622226
0.6319918650387328
0.6321401586034984
0.6323025753649081
0.6324438073313514
0.6325779776994725
0.6327545176575265
0.6328533800340369
0.6329663656071916
0.6330934743769905
0.6331993983518229
0.6333547535149106
0.6334748006863874
0.6335948478578641
0.6337431414226296
0.6338561269957842
0.6339338045773281
0.634060913347127
0.6341950837152481
0.6343080692884028
0.6344281164598795
0.6345622868280006
0.634703518794444
0.6348306275642429
0.6349436131373976
0.63504953711223
0.6351483994887402
0.6353673090367273
0.635480294609882
0.6356215265763253
0.6357768817394129
0.635953421697467
0.6360875920655881
0.6362853168186087
0.6363771175967968
0.636511287964918
0.6366878279229721
0.6368431830860597
0.6369632302575365
0.637118585420624
0.6372245093954566
0.6373939877551885
0.6375422813199539
0.6376411436964643
0.6377753140645854
0.6378812380394179
0.6380789627924385
0.6382696259471369
0.6384955970934462
0.6386368290598894
0.6387568762313662
0.6388557386078765
0.6389616625827089
0.6390393401642528
0.6391593873357295
0.6392653113105621
0.6393853584820388
0.6394842208585492
0.6396607608166033
0.639823177578013
0.6399855943394228
0.6401409495025104
0.6403033662639201
0.6404375366320413
0.6405363990085516
0.6406635077783506
0.6407623701548608
0.6408894789246599
0.6410165876944588
0.6412072508491572
0.641369667610567
0.6415532691669432
0.6416521315434536
0.6418710410914407
0.6419699034679509
0.6420899506394278
0.642231182605871
0.6423371065807035
0.6424359689572138
0.6425489545303684
0.6427537408817112
0.642831418463255
0.6429585272330539
0.643092697601175
0.643177436781041
0.6433045455508399
0.6434669623122498
0.6435870094837266
0.6437282414501698
0.6438412270233245
0.6440460133746673
0.6441589989478218
0.6442861077176208
0.6444061548890976
0.6445191404622522
0.6446674340270176
0.6447592348052058
0.6449075283699712
0.6450558219347368
0.6451758691062135
0.6453100394743346
0.6454230250474893
0.6455501338172882
0.6457266737753423
0.645846720946819
0.6459950145115846
0.6461221232813835
0.6462421704528603
0.6464187104109144
0.6465458191807134
0.6466446815572237
0.6467647287287005
0.6468424063102443
0.6469906998750097
0.6470966238498421
0.6472096094229968
0.6473649645860844
0.6475061965525277
0.6476403669206489
0.6477533524938035
0.647908707656891
0.6480570012216565
0.6481841099914555
0.6483535883511874
0.6485018819159528
0.6486148674891075
0.6487278530622621
0.6488620234303832
0.6490103169951487
0.649109179371659
0.6492221649448137
0.6493210273213239
0.6495469984676332
0.6496670456391099
0.6497588464172981
0.649885955187097
0.6500201255552182
0.6501966655132723
0.6503308358813934
0.6504296982579036
0.650570930224347
0.6506486078058907
0.6507333469857568
0.6508604557555557
0.6510228725169654
0.6511358580901201
0.6512700284582412
0.6513547676381072
0.651432445219651
0.6515383691944835
0.6516937243575711
0.6517855251357593
0.651905572307236
0.6520256194787128
0.6522233442317334
0.6523575145998546
0.6524846233696535
0.6526752865243519
0.6528447648840838
0.6529577504572385
0.6530989824236818
0.653197844800192
0.6532967071767024
0.6534026311515349
0.6535226783230116
0.6536497870928106
0.6537486494693209
0.653840450247509
0.6539463742223415
0.6540664213938183
0.6541652837703286
0.6542853309418054
0.6543912549166379
0.6545466100797255
0.6547019652428131
0.6548431972092563
0.6550056139706661
0.6551609691337538
0.6552739547069084
0.6553728170834187
0.6554787410582511
0.6556199730246944
0.6557400201961712
0.6559094985559032
0.6561849008904675
0.6563261328569109
0.6564885496183206
0.656636843183086
0.656806321542818
0.6569263687142948
0.6570817238773824
0.6572653254337587
0.6574136189985241
0.6575619125632896
0.657710206128055
0.6578514380944983
0.6579503004710086
0.6581127172324184
0.6582610107971838
0.6584304891569158
0.6585505363283926
0.6587200146881245
0.6588612466545678
0.6589742322277224
0.6591154641941657
0.6592920041522198
0.6594756057085961
0.6596097760767172
0.6597439464448384
0.6598357472230265
0.6599769791894697
0.6600687799676579
0.6601676423441681
0.6602665047206785
0.6604430446787326
0.6605630918502093
0.6607537550049079
0.660937356561284
0.6610715269294052
0.6612056972975263
0.6613610524606139
0.6614387300421577
0.661537592418668
0.6616576395901448
0.6618200563515546
0.6619471651213535
0.662053089096186
0.6622155058575958
0.6623214298324283
0.6624202922089386
0.6624767849955159
0.6625756473720262
0.6626815713468587
0.6628228033133019
0.6629075424931679
0.6630275896646447
0.6631617600327658
0.663295930400887
0.6634089159740416
0.6634936551539076
0.6636207639237065
0.6637125647018947
0.6638114270784049
0.6639244126515595
0.664072706216325
0.6641927533878018
0.6642774925676678
0.664326923755923
0.6644328477307554
0.6645246485089435
0.6645740796971986
0.6646517572787425
0.6647859276468636
0.6648989132200183
0.6649695292032398
0.6650542683831059
0.6651884387512269
0.6652873011277373
0.6653861635042475
0.6654991490774022
0.6656333194455233
0.6658381057968661
0.666007584156598
0.6661205697297526
0.6662547400978738
0.666353602474384
0.6664877728425052
0.6666007584156598
0.6667561135787474
0.6668832223485464
0.6669820847250567
0.667080947101567
0.6671868710763994
0.6672786718545876
0.6674057806243865
0.6675117045992189
0.667638813369018
0.6677659221388169
0.6679283389002266
0.668027201276737
0.6680836940633142
0.6681825564398246
0.6682743572180128
0.6684085275861339
0.6685497595525771
0.668627437134121
0.668761607502242
0.6688463466821081
0.6689240242636518
0.6690370098368065
0.6691288106149946
0.6692488577864714
0.6693900897529147
0.6695101369243914
0.6695878145059353
0.6696866768824455
0.6698208472505667
0.6699338328237213
0.6700538799951982
0.6701456807733862
0.6702586663465409
0.6703716519196955
0.6704634526978837
0.6705411302794274
0.6707035470408372
0.6708165326139919
0.6709436413837908
0.6710919349485562
0.6712261053166774
0.671296721299899
0.6713885220780872
0.671466199659631
0.6715580004378191
0.6716427396176851
0.6717486635925175
0.6718616491656721
0.6720311275254041
0.6722147290817804
0.672370084244868
0.6724830698180226
0.6726243017844659
0.6727090409643318
0.6728149649391644
0.6729138273156746
0.673012689692185
0.6731539216586282
0.6732598456334606
0.6733728312066153
0.6734928783780921
0.6736411719428576
0.67374709591769
0.6739095126790998
0.674043683047221
0.6741637302186977
0.6742979005868188
0.6744108861599735
0.6745168101348059
0.6746297957079606
0.6747710276744038
0.6749334444358136
0.6750464300089682
0.6751452923854785
0.6752653395569553
0.6754065715233986
0.6755195570965532
0.6756042962764192
0.6757525898411847
0.6758796986109836
0.6759785609874939
0.6761762857405145
0.6763457641002465
0.676458749673401
0.6765999816398444
0.6767270904096433
0.6768047679911872
0.6768612607777644
0.6769742463509191
0.6771649095056175
0.6772849566770943
0.677447373438504
0.6775815438066252
0.677701590978102
0.6777792685596458
0.6778640077395117
0.6779840549109886
0.6780687940908545
0.6782029644589757
0.678386566015352
0.6785066131868287
0.6786125371616611
0.6787537691281045
0.6788667547012591
0.679036233060991
0.6790997874458905
0.6791986498224009
0.6792904506005889
0.6794104977720657
0.6795305449435425
0.6796082225250863
0.6796929617049523
0.6798341936713956
0.6799613024411946
0.680067226416027
0.6802084583824702
0.6802861359640141
0.6804485527254239
0.6805544767002564
0.6806039078885114
0.6806815854700553
0.68079457104321
0.6808793102230759
0.6810276037878413
0.6811476509593182
0.6812676981307949
0.6814512996871712
0.6815925316536144
0.6816772708334804
0.6817620100133465
0.6819314883730784
0.6820515355445551
0.6821645211177098
0.6822704450925422
0.6824046154606633
0.6824964162388515
0.6826023402136839
0.6827012025901943
0.6827647569750938
0.6828565577532819
0.682990728121403
0.6830613441046246
0.6831460832844906
0.6832237608660344
0.6832873152509339
0.6834779784056323
0.6836686415603308
0.6837886887318075
0.6839228590999287
0.6840570294680498
0.6841417686479158
0.6842759390160369
0.6844030477858358
0.6845019101623462
0.6846078341371786
0.6847278813086554
0.6848479284801322
0.6850032836432198
0.6851092076180523
0.6852080699945625
0.685356363559328
0.6854905339274492
0.6855893963039594
0.685744751467047
0.6858506754418795
0.6859354146217455
0.6860978313831553
0.6862108169563099
0.6863520489227531
0.686514465684163
0.6866839440438949
0.6867686832237608
0.6868534224036268
0.6869805311734258
0.6871217631398691
0.6872559335079902
0.6873689190811448
0.6874819046542995
0.6876090134240984
0.6876866910056422
0.6878844157586628
0.6880115245284618
0.6881456948965828
0.6883151732563149
0.6884846516160468
0.6886117603858457
0.6887035611640339
0.6888236083355107
0.6889648403019539
0.6890848874734308
0.6891908114482632
0.6892896738247735
0.6893320434147064
0.6893814746029616
0.6895650761593379
0.6896710001341704
0.6897910473056471
0.6899464024687347
0.6900240800502786
0.6901935584100105
0.6902641743932322
0.6903418519747759
0.6904407143512863
0.6905042687361858
0.6905960695143739
0.6906737470959177
0.6908008558657166
0.6908855950455827
0.6910197654137037
0.691160997380147
0.6912598597566573
0.6913375373382011
0.6914575845096779
0.691591754877799
0.6916623708610207
0.6918247876224305
0.6919730811871959
0.6920790051620284
0.6921849291368608
0.6922555451200825
0.6923685306932371
0.6925097626596803
0.6926368714294794
0.6927427954043118
0.6928981505673995
0.6929617049522989
0.6931594297053195
0.6932724152784742
0.6933359696633736
0.6934772016298169
0.6935407560147163
0.6936184335962602
0.6937596655627034
0.6939220823241132
0.6940138831023014
0.6941480534704225
0.6942398542486107
0.6943599014200874
0.6944728869932421
0.6945717493697523
0.6946917965412291
0.6947765357210951
0.694896582892572
0.6949671988757935
0.6950307532606931
0.6951649236288141
0.6952567244070023
0.6953979563734456
0.6955321267415667
0.6956168659214327
0.6957016051012986
0.6958216522727754
0.695977007435863
0.6960688082140511
0.6961817937872058
0.6962947793603604
0.6965207505066697
0.6966761056697572
0.6967961528412341
0.6969303232093552
0.6970291855858655
0.6970786167741206
0.6971633559539866
0.6973257727153964
0.697481127878484
0.6976294214432495
0.6977918382046593
0.6979401317694247
0.6980460557442572
0.6981307949241231
0.698257903693922
0.6983285196771437
0.6984485668486206
0.6985615524217751
0.6986321684049968
0.6987522155764736
0.6988510779529838
0.6989358171328498
0.6990205563127159
0.6991547266808369
0.6992677122539915
0.6994089442204349
0.6995289913919116
0.6996631617600327
0.6997761473331874
0.6999032561029863
0.6999879952828523
0.7001504120442621
0.7002563360190945
0.7004611223704373
0.7005882311402363
0.7007082783117131
0.7008495102781563
0.700962495851311
0.7011107894160764
0.7012873293741305
0.7014003149472852
0.701520362118762
0.7016686556835274
0.7018098876499707
0.701866380436548
0.7019793660097027
0.7020570435912464
0.7021700291644011
0.7022335835493005
0.7023536307207774
0.7024948626872206
0.7026078482603753
0.7027420186284964
0.7028620657999731
0.7029679897748057
0.7030668521513159
0.7031939609211149
0.7033422544858803
0.7034764248540014
0.7036600264103777
0.703758888786888
0.7038648127617205
0.7040342911214524
0.7040978455063519
0.7042037694811843
0.7042885086610503
0.7043732478409163
0.7044650486191044
0.7045215414056818
0.7046062805855478
0.7047263277570245
0.7048040053385684
0.7048958061167565
0.7049734836983003
0.7050723460748106
0.7051429620580322
0.7052418244345425
0.7052700708278312
0.7053759948026637
0.7055031035724626
0.7056796435305167
0.705778505907027
0.7059267994717925
0.7060962778315244
0.7062022018063568
0.706294002584545
0.706378741764411
0.7064634809442769
0.7065552817224651
0.7066329593040088
0.706682390492264
0.7067883144670964
0.7069013000402511
0.7069719160234728
0.7070566552033387
0.7071413943832047
0.7072473183580371
0.7073179343412588
0.7074026735211247
0.7074874127009907
0.7075933366758232
0.707671014257367
0.7078051846254881
0.7079322933952871
0.7080029093785087
0.7080805869600525
0.7081441413449521
0.7082430037214623
0.7083630508929392
0.7084477900728051
0.7084972212610602
0.7085254676543489
0.7086384532275035
0.7087231924073695
0.7087655619973025
0.7088573627754906
0.7089209171603901
0.7090197795369004
0.7091186419134107
0.7092033810932766
0.7093163666664313
0.7094011058462972
0.7094999682228076
0.7095705842060291
0.7096553233858952
0.7097118161724725
0.7097824321556941
0.7098459865405936
0.7098883561305266
0.7100084033020033
0.7101072656785137
0.7101849432600574
0.7102626208416013
0.7103402984231451
0.7104391607996554
0.7105450847744879
0.7106157007577095
0.7106933783392533
0.7107851791174414
0.7108628566989853
0.7109546574771733
0.7110888278452945
0.7111665054268383
0.7112653678033486
0.7113501069832145
0.7114984005479801
0.7116113861211346
0.7117031868993228
0.7118444188657661
0.7119220964473099
0.7120421436187867
0.7121339443969749
0.7122398683718073
0.712359915543284
0.7125152707063717
0.7126000098862376
0.712698872262748
0.712741241852681
0.7128330426308691
0.7129036586140907
0.7129813361956345
0.713087260170467
0.7132143689402659
0.7133273545134206
0.7135038944714747
0.7136310032412736
0.713729865617784
0.7138569743875829
0.713991144755704
0.7140970687305365
0.7142594854919463
0.7143724710651008
0.7144572102449669
0.7145631342197993
0.7146831813912761
0.7147891053661085
0.7148526597510081
0.7149515221275183
0.715064507700673
0.7151139388889282
0.7152410476587271
0.7153752180268482
0.7154740804033585
0.7155800043781909
0.7156506203614126
0.715756544336245
0.7158977763026884
0.7160460698674538
0.7161661170389306
0.7162437946204744
0.7163638417919512
0.7164344577751728
0.7165121353567167
0.7166251209298713
0.7167169217080595
0.7168016608879254
0.7168934616661136
0.7169711392476573
0.7170558784275233
0.7171688640006779
0.7172324183855774
0.7172747879755104
0.7173665887536985
0.7174372047369202
0.7175078207201417
0.7175784367033634
0.7176702374815516
0.7177973462513505
0.7179032702261829
0.718030378995982
0.7181363029708144
0.7182210421506804
0.7183410893221571
0.7184328901003453
0.7185176292802112
0.7186588612466546
0.718764785221487
0.7188777707946417
0.7189483867778633
0.719061372351018
0.7191672963258504
0.7192449739073942
0.7193508978822266
0.7194780066520257
0.7195627458318916
0.7196192386184689
0.7197039777983348
0.719838148166456
0.7199370105429663
0.7200217497228323
0.7201629816892755
0.7202265360741751
0.720311275254041
0.72043838402384
0.7205372464003502
0.7206361087768606
0.7207208479567265
0.7208479567265255
0.7209680038980023
0.7210244966845796
0.7211516054543785
0.7212928374208218
0.7214058229939765
0.7214835005755202
0.7215894245503527
0.7217094717218295
0.721815395696662
0.7219636892614274
0.7220625516379378
0.7221119828261929
0.7221967220060589
0.7223450155708243
0.722458001143979
0.7225286171272006
0.7226345411020331
0.7227404650768655
0.7227969578634428
0.7228746354449866
0.7229805594198191
0.7230864833946515
0.7232206537627727
0.7232842081476721
0.7233760089258603
0.7234113169174711
0.7234678097040484
0.7235666720805587
0.7236514112604246
0.723750273636935
0.7238420744151232
0.7239479983899556
0.7240186143731773
0.7240892303563988
0.7242022159295535
0.7242940167077416
0.7243858174859298
0.7244705566657957
0.7245552958456617
0.7246612198204941
0.7247600821970045
0.7248518829751927
0.7249789917449916
0.725084915719824
0.7251625933013678
0.7252614556778781
0.7253461948577441
0.7254097492426436
0.7255439196107647
0.7256286587906307
0.7257345827654631
0.7258334451419735
0.7259252459201616
0.7260452930916383
0.7262500794429811
0.7263771882127801
0.7264760505892904
0.7265678513674785
0.7266737753423109
0.726758514522177
0.7268573768986872
0.7269633008735197
0.7270409784550635
0.7271610256265403
0.7272528264047284
0.7273799351745274
0.7274576127560712
0.7275494135342594
0.7276623991074139
0.7277753846805686
0.7279378014419784
0.7280437254168108
0.7281143414000325
0.7281567109899655
0.7282485117681536
0.7283473741446639
0.7284109285295634
0.728523914102718
0.7286439612741948
0.7287004540607721
0.7288628708221819
0.7289193636087592
0.7290111643869474
0.7291453347550685
0.7292300739349344
0.7293218747131226
0.729427798687955
0.7295831538510427
0.7296749546292308
0.7297950018007076
0.7298726793822514
0.7299574185621174
0.7300774657335941
0.7302116361017152
0.7303316832731921
0.7304517304446688
0.7305788392144678
0.7307200711809111
0.7308330567540657
0.7309531039255425
0.7310802126953415
0.7311720134735296
0.7312708758500399
0.7313979846198388
0.7315039085946713
0.7316239557661481
0.7317228181426584
0.7318852349040682
0.7319911588789006
0.7320617748621223
0.7321465140419883
0.7322453764184985
0.7323583619916532
0.7324501627698413
0.7325490251463517
0.7326549491211841
0.7327467498993723
0.7328456122758825
0.7329585978490372
0.7330009674389701
0.7330715834221918
0.7331351378070913
0.7332269385852794
0.7333046161668232
0.7333893553466891
0.7334882177231995
0.7336153264929984
0.7337212504678309
0.7337848048527303
0.7338483592376298
0.7339189752208515
0.7339966528023953
0.7341025767772278
0.734201439153738
0.7343850407101143
0.7344697798899803
0.734540395873202
0.7346604430446787
0.7347310590279004
0.7348652293960215
0.7349075989859545
0.7350700157473643
0.7351476933289081
0.7352606789020627
0.7353666028768951
0.7355007732450163
0.735571389228238
0.7356984979980369
0.7357973603745471
0.7358467915628023
0.7359103459477018
0.7359880235292456
0.7361221938973668
0.7361857482822662
0.736305795453743
0.7363975962319311
0.7364893970101193
0.7365953209849517
0.7366588753698512
0.7367436145497172
0.7368142305329388
0.7369201545077713
0.7370402016792481
0.7371178792607919
0.7371814336456913
0.7372591112272352
0.7373226656121347
0.7374285895869671
0.7374921439718666
0.7376333759383099
0.7378169774946861
0.737937024666163
0.7380288254443511
0.7381206262225392
0.7382336117956938
0.7382971661805933
0.7383960285571036
0.7384878293352918
0.7386078765067685
0.7387349852765674
0.7388056012597891
0.7388620940463665
0.738932710029588
0.7390174492094541
0.7390880651926757
0.7391021883893201
0.7391657427742195
0.739229297159119
0.7392857899456963
0.7393846523222066
0.7394482067071061
0.7395117610920056
0.7395965002718715
0.7397447938366369
0.7398083482215365
0.7398930874014025
0.7399283953930132
0.7400131345728792
0.7401119969493896
0.740175551334289
0.7402885369074437
0.7404297688738869
0.7405145080537529
0.7405851240369745
0.7406416168235519
0.7407687255933508
0.7408464031748946
0.7409593887480492
0.7410229431329487
0.7411147439111369
0.7411712366977141
0.7412418526809358
0.7413618998524126
0.7414607622289229
0.7415455014087888
0.7416655485802657
0.7417008565718765
0.7417855957517424
0.7418491501366419
0.74194095091483
0.7420539364879847
0.742152798864495
0.7422092916510723
0.7422587228393275
0.7423717084124821
0.7424282011990594
0.7424988171822811
0.7426047411571135
0.742710665131946
0.7427600963202011
0.7427883427134898
0.7428730818933558
0.7429507594748995
0.743014313859799
0.743141422629598
0.7432402850061083
0.7433603321775851
0.7434380097591289
0.7435509953322835
0.7436216113155052
0.7437204736920154
0.7438334592651701
0.7439111368467138
0.7439888144282577
0.744045307214835
0.7441018000014124
0.7441794775829561
0.7442924631561108
0.7443701407376545
0.7444690031141649
0.7445254959007421
0.7446384814738968
0.7447302822520849
0.7448150214319509
0.7448856374151726
0.7449844997916828
0.7450621773732267
0.7451469165530926
0.7452245941346365
0.745337579707791
0.7454293804859792
0.7455282428624895
0.7456059204440333
0.7457542140087987
0.745895445975242
0.745980185155108
0.7460790475316184
0.7461426019165178
0.7462344026947059
0.7463332650712162
0.7463897578577935
0.7464744970376596
0.746580421012492
0.7467145913806131
0.7468205153554456
0.746926439330278
0.7469829321168553
0.7470676712967212
0.7471806568698759
0.7472583344514198
0.7473642584262522
0.7474489976061182
0.7475196135893398
0.747569044777595
0.7476749687524274
0.7477455847356491
0.7478091391205486
0.747915063095381
0.7479786174802805
0.7480492334635022
0.7481057262500794
0.7481834038316233
0.7482398966182006
0.7483387589947109
0.7484164365762547
0.7484941141577984
0.7485717917393423
0.7486212229275975
0.7486777157141747
0.7487695164923629
0.748861317270551
0.7489248716554505
0.7490025492369943
0.7490943500151824
0.7492214587849814
0.7493273827598138
0.7494050603413577
0.7495321691111566
0.7496239698893448
0.7496875242742442
0.7497440170608215
0.7498711258306205
0.7499488034121643
0.750019419395386
0.7501041585752519
0.7502242057467288
0.7503513145165277
0.7504360536963937
0.7505631624661926
0.7506549632443807
0.750753825620891
0.7508456263990791
0.750965673570556
0.7511210287336436
0.7512340143067981
0.7513681846749193
0.7514882318463961
0.7516012174195508
0.7516718334027724
0.75182718856586
0.7518907429507595
0.7519684205323033
0.7520319749172028
0.7520672829088135
0.7521237756953909
0.7521943916786126
0.7523073772517672
0.7523921164316332
0.7525051020047878
0.7525545331930429
0.7526957651594862
0.7527663811427079
0.7528511203225738
0.7529287979041176
0.7530488450755944
0.7531335842554604
0.753246569828615
0.7533454322051253
0.7534725409749242
0.7535643417531124
0.7536490809329783
0.7537126353178778
0.7538114976943882
0.7538750520792876
0.7539950992507645
0.754065715233986
0.7541292696188855
0.7542281319953958
0.754362302363517
0.7544541031417051
0.7545459039198932
0.7546730126896922
0.7547648134678803
0.7548283678527798
0.7549060454343236
0.7549695998192231
0.7550260926058004
0.7551320165806329
0.7552096941621766
0.7553297413336535
0.7554356653084859
0.7555486508816406
0.7556051436682178
0.7556475132581508
0.7557322524380168
0.7558028684212384
0.7559017307977488
0.7559652851826483
0.7560147163709033
0.7561135787474137
0.7561559483373467
0.7562265643205683
0.7563113035004343
0.7563960426803003
0.7565019666551327
0.7565655210400322
0.756685568211509
0.756770307391375
0.7568550465712409
0.7569468473494291
0.757031586529295
0.7571728184957384
0.7572928656672151
0.7573987896420475
0.7574764672235914
0.7575400216084909
0.757631822386679
0.7577236231648672
0.7578224855413774
0.7579001631229212
0.7580131486960758
0.7580343334910423
0.7581755654574857
0.7582603046373516
0.7583379822188955
0.7583874134071505
0.7584792141853387
0.7585286453735939
0.7585639533652047
0.7586133845534598
0.758705185331648
0.7587758013148697
0.7588252325031247
0.7588958484863464
0.7589170332813129
0.7589947108628567
0.759093573239367
0.759178312419233
0.7592489284024546
0.7593124827873541
0.7594466531554752
0.7595313923353412
0.7596020083185628
0.7596585011051401
0.759736178686684
0.7597997330715834
0.7598844722514494
0.7599762730296376
0.7600468890128592
0.760124566594403
0.7601881209793024
0.7602446137658798
0.7603575993390344
0.760428215322256
0.7605412008954107
0.7606683096652096
0.7608377880249416
0.7609578351964184
0.7610778823678952
0.7611908679410497
0.7612614839242714
0.7613603463007818
0.761416839087359
0.7614662702756142
0.7615651326521244
0.7616569334303126
0.7617346110118565
0.7618122885934002
0.7619040893715884
0.7619817669531321
0.7620947525262868
0.7621936149027971
0.7622924772793074
0.762363093262529
0.7623913396558177
0.762447832442395
0.7625255100239389
0.7625961260071604
0.7626738035887043
0.7627726659652145
0.762836220350114
0.7628997747350135
0.7629915755132016
0.7630127603081681
0.7630763146930676
0.7631469306762892
0.7632457930527996
0.7633799634209207
0.7634223330108537
0.7635353185840082
0.7636412425588408
0.7637471665336732
0.7638389673118614
0.7638954600984387
0.7639731376799825
0.7640649384581706
0.7641920472279696
0.7643050328011242
0.7643968335793123
0.7645168807507892
0.7646439895205881
0.7647499134954205
0.7648064062819979
0.7649123302568304
0.7650041310350185
0.7651383014031395
0.7652089173863612
0.7653219029595159
0.7654066421393818
0.7654772581226035
0.7655337509091807
0.7656396748840133
0.7657032292689128
0.7657667836538122
0.7658303380387117
0.7658727076286447
0.7659574468085106
0.7660492475866988
0.7661198635699205
0.7662116643481085
0.7663105267246189
0.7663882043061626
0.7665153130759617
0.7666282986491162
0.7666777298373714
0.766748345820593
0.7668825161887142
0.7669743169669023
0.7670378713518018
0.7671861649165672
0.7672850272930776
0.7673697664729435
0.7674615672511316
0.767518060037709
0.7675886760209306
0.7676592920041522
0.7677652159789847
0.767821708765562
0.7678923247487837
0.7679700023303274
0.7680406183135491
0.7681606654850259
0.7682454046648919
0.7683301438447578
0.768421944622946
0.7684996222044898
0.7685490533927449
0.7686196693759666
0.7687044085558326
0.7687820861373763
0.768852702120598
0.768895071710531
0.7689515644971083
0.7690504268736186
0.7690927964635516
0.769156350848451
0.7692340284299949
0.7693399524048273
0.7694176299863711
0.769495307567915
0.7695800467477809
0.7696294779360361
0.7696930323209356
0.7697354019108685
0.7698625106806675
0.7699401882622112
0.7699966810487886
0.7700884818269768
0.77022971379342
0.7703356377682524
0.770441561743085
0.7705121777263065
0.7705827937095282
0.7706463480944277
0.7707381488726158
0.7708017032575153
0.770872319240737
0.7709853048138916
0.7710559207971133
0.771133598378657
0.7711900911652343
0.7712889535417446
0.7713666311232884
0.7714654934997988
0.7715290478846982
0.771606725466242
0.7716985262444301
0.7718044502192626
0.7719103741940951
0.7719809901773167
0.7720374829638941
0.7721151605454378
0.7721998997253038
0.7722563925118812
0.7723340700934249
0.7724329324699353
0.7725035484531569
0.7725671028380564
0.7726730268128889
0.7727436427961105
0.772849566770943
0.7729272443524867
0.7729696139424197
0.77306847631893
0.7731179075071852
0.7732238314820177
0.7733156322602057
0.7734144946367161
0.7734709874232933
0.7735980961930924
0.7737110817662469
0.7737605129545021
0.7738099441427573
0.7738664369293345
0.7739511761092006
0.7740288536907444
0.7741135928706103
0.7741489008622211
0.7742124552471207
0.774268948033698
0.7743536872135639
0.7744525495900743
0.7745443503682623
0.774614966351484
0.7746926439330278
0.7748126911045046
0.774918615079337
0.7750033542592031
0.7750527854474581
0.7751163398323576
0.7751940174139015
0.7752363870038345
0.7752999413887339
0.7754199885602108
0.775476481346788
0.7755329741333653
0.7756177133132314
0.7756812676981308
0.7757377604847081
0.775857807656185
0.7759284236394065
0.7759990396226282
0.7760484708108834
0.7761261483924271
0.776203825973971
0.776246195563904
0.7763309347437699
0.7763874275303472
0.7764439203169246
0.7764933515051797
0.77659221388169
0.7766840146598781
0.7767899386347106
0.7768323082246436
0.7768605546179322
0.7769523553961204
0.7770088481826977
0.7771359569524966
0.777192449739074
0.7772630657222955
0.7773054353122286
0.7773760512954502
0.7774396056803496
0.7775031600652492
0.7775878992451152
0.7776585152283367
0.7777291312115584
0.7778350551863908
0.777884486374646
0.778011595144445
0.7781245807175996
0.7781669503075326
0.7782658126840429
0.7783081822739759
0.7783434902655867
0.7784352910437748
0.7785129686253186
0.7785765230102182
0.7786612621900841
0.7787318781733057
0.7787883709598831
0.778873110139749
0.7789649109179372
0.7790355269011588
0.7791202660810248
0.7791767588676021
0.7792544364491459
0.7793250524323675
0.7794027300139114
0.7794521612021665
0.779473345997133
0.7795227771853881
0.7796075163652542
0.7796569475535092
0.7797134403400866
0.7797911179216304
0.7798687955031742
0.7799252882897515
0.779988842674651
0.7800947666494834
0.7801512594360608
0.780200690624316
0.780250121812571
0.7803489841890814
0.7804125385739809
0.7804549081639138
0.7805255241471355
0.7806032017286793
0.7807303104984782
0.7808291728749885
0.7809280352514988
0.7810198360296869
0.7811116368078751
0.7811751911927746
0.7813376079541844
0.7814717783223055
0.7816130102887487
0.7817259958619034
0.7817895502468029
0.7818531046317023
0.7819731518031792
0.7820013981964677
0.7821143837696224
0.7821779381545219
0.782227369342777
0.7822979853259987
0.7823827245058647
0.7824392172924419
0.782523956472308
0.782615757250496
0.7826651884387512
0.7827216812253286
0.782827605200161
0.782912344380027
0.7829758987649265
0.7830959459364032
0.7831241923296919
0.78321599310788
0.7832724858944573
0.7833360402793569
0.7834278410575449
0.7835125802374109
0.7835902578189547
0.7836608738021764
0.7837032433921094
0.7837879825719754
0.7838939065468078
0.7839645225300295
0.7839998305216402
0.7840704465048619
0.7841340008897614
0.7842116784713052
0.7843034792494933
0.7843670336343929
0.7844305880192923
0.7844800192075474
0.7845365119941248
0.784593004780702
0.784677743960568
0.7847695447387562
0.7848260375253335
0.7848684071152665
0.7849178383035216
0.7849884542867432
0.7850378854749984
0.7851085014582201
0.7851438094498309
0.7852567950229855
0.785320349407885
0.7853768421944622
0.7854545197760061
0.7855604437508386
0.785623998135738
0.7856946141189597
0.7857652301021814
0.785835846085403
0.7858923388719803
0.7859841396501684
0.7860688788300344
0.7861394948132561
0.7862171723947998
0.786308973172988
0.7863795891562096
0.7864713899343978
0.7865349443192973
0.786612621900841
0.7867044226790292
0.7867891618588951
0.7868527162437946
0.7869162706286941
0.7870080714068822
0.7870857489884261
0.7871563649716476
0.7872481657498358
0.7872834737414467
0.7873329049297018
0.7873893977162791
0.7874600136995007
0.7875659376743332
0.7876294920592327
0.7877142312390987
0.7878060320172868
0.7878554632055419
0.7879048943937971
0.7879966951719852
0.7880673111552069
0.7881026191468177
0.788159111933395
0.788201481523328
0.788243851113261
0.7883356518914492
0.7883850830797042
0.7884415758662816
0.7884980686528589
0.7885757462344027
0.7886110542260135
0.7886957934058795
0.7887452245941347
0.7888087789790341
0.7888793949622558
0.7889076413555444
0.7890065037320547
0.7890841813135985
0.7891759820917866
0.789274844468297
0.7893454604515185
0.7894301996313846
0.7895008156146062
0.7895502468028613
0.7896279243844052
0.7896773555726603
0.7897267867609155
0.7898256491374258
0.7899174499156139
0.7900869282753459
0.7901928522501783
0.7902705298317221
0.790355269011588
0.7904188233964876
0.7905106241746757
0.7905741785595751
0.7906236097478303
0.7906871641327298
0.7907295337226627
0.7908283960991731
0.7908495808941396
0.7908848888857504
0.7909766896639385
0.7910543672454824
0.791124983228704
0.7912238456052143
0.791336831178369
0.791428631956557
0.7914851247431344
0.7915628023246781
0.7916546031028663
0.7917110958894437
0.7917746502743431
0.7918452662575647
0.7919088206424643
0.7919653134290415
0.7920429910105853
0.7921277301904514
0.7921842229770286
0.7922336541652838
0.7923113317468276
0.792374886131727
0.7924666869099152
0.792544364491459
0.7926220420730028
0.7926573500646136
0.7927279660478352
0.7927985820310569
0.7928480132193121
0.7929468755958223
0.7930386763740105
0.79310223075891
0.7931728467421316
0.7932364011270311
0.7933140787085748
0.793448249076696
0.7934835570683069
0.7935400498548841
0.793617727436428
0.793660097026361
0.7936883434196496
0.7937377746079047
0.7938225137877707
0.7939143145659588
0.7940202385407913
0.7941332241139459
0.7942320864904563
0.794309764072
0.7943662568585774
0.794436872841799
0.7945357352183093
0.7945992896032088
0.7946416591931418
0.7946769671847526
0.7947475831679742
0.7948323223478402
0.7948958767327396
0.7949876775109278
0.7951006630840824
0.7951854022639484
0.7952348334522036
0.795298387837103
0.7953478190253582
0.7954325582052242
0.7954608045985129
0.7955172973850901
0.7955526053767009
0.7956020365649561
0.7956655909498556
0.7957785765230102
0.7958703773011984
0.7959268700877756
0.7959974860709973
0.7960398556609303
0.7960751636525412
0.7961599028324071
0.7962446420122731
0.7963011347988503
0.7964070587736828
0.7964635515602602
0.7965200443468374
0.7965906603300591
0.7966824611082473
0.7967954466814019
0.7968660626646236
0.7969437402461673
0.7970002330327446
0.7970496642209998
0.7971273418025436
0.7972120809824096
0.7972544505723426
0.7972968201622755
0.7974098057354302
0.7974945449152961
0.7975439761035513
0.7976357768817394
0.7977134544632832
0.7977770088481827
0.7978193784381157
0.797875871224693
0.7979464872079146
0.7980171031911363
0.7980594727810693
0.7981159655676466
0.7981865815508682
0.7982713207307341
0.7983348751156337
0.7984266758938218
0.7984902302787212
0.7985537846636208
0.7986244006468424
0.798695016630064
0.7987585710149635
0.7988150638015409
0.7988856797847624
0.7989774805629506
0.7990057269562393
0.7990975277344274
0.7991469589226826
0.7992246365042264
0.7993093756840923
0.7993658684706697
0.7994506076505357
0.7995565316253681
0.7996342092069119
0.799683640395167
0.7997825027716774
0.7998389955582547
0.7999166731397984
0.7999661043280536
0.8000296587129531
0.8000861514995304
0.8001638290810742
0.8002273834659737
0.8002556298592624
0.8003121226458396
0.8003615538340948
0.8004180466206722
0.8004957242022159
0.8005875249804041
0.8006652025619478
0.8007216953485252
0.8007781881351025
0.8008558657166464
0.8009194201015458
0.8009829744864453
0.801053590469667
0.8011171448545664
0.8011806992394659
0.8012583768210096
0.8013078080092648
0.8014137319840973
0.8014490399757082
0.8015055327622854
0.8015690871471849
0.8016255799337622
0.8017103191136282
0.801745627105239
0.801787996695172
0.8018868590716823
0.8019362902599374
0.8020139678414813
0.8020987070213472
0.8021693230045689
0.8022470005861126
0.8023176165693343
0.8024164789458446
0.8025012181257106
0.8025506493139657
0.8026212652971874
0.802691881280409
0.8027554356653085
0.8027907436569193
0.8028542980418187
0.8029037292300739
0.8029602220166513
0.8030237764015508
0.8030873307864502
0.8031791315646384
0.8032426859495378
0.8033133019327595
0.8033697947193368
0.8034121643092698
0.8034757186941692
0.8035533962757131
0.8035816426690017
0.803638135455579
0.803765244225378
0.8038146754136332
0.8038994145934991
0.8039559073800764
0.8040053385683316
0.8040759545515532
0.8041183241414862
0.804153632133097
0.8042101249196744
0.8042666177062516
0.8043372336894733
0.8043937264760506
0.8044360960659835
0.8044714040575944
0.8045349584424939
0.8045843896307491
0.8046479440156485
0.8046903136055815
0.8047679911871253
0.8048103607770583
0.8049021615552464
0.8049798391367903
0.805057516718334
0.805184625488133
0.8052552414713546
0.8053329190528984
0.8054176582327645
0.805445904626053
0.8054953358143082
0.8055800749941742
0.8056859989690066
0.8057495533539061
0.8058484157304164
0.8059049085169937
0.8060037708935041
0.8060532020817592
0.8061450028599473
0.8062368036381354
0.8063003580230349
0.8063497892112901
0.8063921588012231
0.8064486515878004
0.8064839595794112
0.8065545755626329
0.8066322531441766
0.8066958075290761
0.8067593619139756
0.8068582242904859
0.8069076554787411
0.8069853330602849
0.8070277026502178
0.8070841954367952
0.8071548114200168
0.8072183658049162
0.8073384129763931
0.8073595977713596
0.8074160905579368
0.8075008297378029
0.8075643841227024
0.8076350001059239
0.80771973928579
0.807804478465656
0.8078468480555889
0.8079104024404884
0.8079598336287436
0.8080022032186766
0.8080445728086095
0.8081363735867977
0.808192866373375
0.8082987903482074
0.8083764679297513
0.8084400223146507
0.8085318230928389
0.8085600694861275
0.8085883158794162
0.8087013014525708
0.8088142870257254
0.8088637182139805
0.8089484573938466
0.8089908269837796
0.8090261349753903
0.8091179357535785
0.8091885517368002
0.8092944757116326
0.8093792148914986
0.8094992620629753
0.809569878046197
0.8096193092344521
0.8096828636193516
0.8097252332092846
0.8097676027992176
0.8098664651757279
0.8099723891505604
0.8100571283304263
0.8101206827153258
0.810170113903581
0.8102619146817691
0.8103466538616351
0.8104243314431788
0.8105020090247227
0.8105655634096222
0.8106291177945216
0.8106644257861324
0.8107421033676763
0.8108127193508979
0.8108762737357974
0.8109751361123076
0.8110457520955293
0.8111234296770731
0.811208168856939
0.8113211544300937
0.8114058936099596
0.8114412016015705
0.8115118175847922
0.8115753719696917
0.8116389263545911
0.8117448503294236
0.8117942815176787
0.8118648975009004
0.8119284518857999
0.8120131910656658
0.8120838070488875
0.8121685462287535
0.812196792622042
0.8122674086052637
0.8123168397935189
0.812366270981774
0.8124368869649956
0.8125145645465395
0.8125851805297611
0.8126416733163384
0.8127052277012379
0.8127687820861373
0.8128252748727147
0.8129523836425137
0.8130441844207018
0.81313598519889
0.8132136627804337
0.813270155567011
0.8133690179435213
0.8134466955250651
0.8135031883116425
0.8135596810982197
0.8136444202780857
0.8137220978596296
0.8137785906462068
0.8138421450311063
0.813912761014328
0.8139763153992274
0.8139975001941939
0.8141104857673486
0.8141881633488924
0.8142517177337919
0.8143223337170135
0.8143717649052686
0.8144353192901681
0.8144988736750676
0.8146118592482222
0.8146471672398331
0.8147319064196991
0.8148095840012428
0.8148801999844645
0.8149508159676861
0.8150002471559413
0.8150426167458743
0.8150779247374851
0.8151485407207067
0.8152191567039284
0.815332142277083
0.8153745118670159
0.815416881456949
0.8154874974401706
0.8155228054317815
0.8155651750217144
0.8156710989965469
0.8157346533814464
0.8158123309629902
0.8158688237495675
0.8159111933395005
0.8159676861260777
0.8160383021092994
0.8161230412891654
0.8162007188707092
0.8163348892388304
0.8164055052220519
0.8164549364103071
0.8165043675985623
0.8165608603851395
0.8166385379666834
0.8166738459582942
0.8167091539499051
0.8168009547280931
0.8168574475146705
0.8169068787029257
0.8169774946861472
0.8170551722676911
0.8171187266525906
0.81718228103749
0.8172599586190338
0.8173446977988998
0.8173941289871549
0.8174435601754101
0.8175000529619875
0.8175847921418534
0.8176695313217194
0.8177119009116524
0.8177895784931961
0.8178319480831291
0.8178955024680287
0.8179943648445389
0.8180720424260827
0.81812853521266
0.8181850279992373
0.818255643982459
0.8183333215640028
0.8184321839405131
0.8185310463170234
0.8186087238985672
0.8186934630784332
0.8187428942666883
0.8187782022582991
0.8188488182415208
0.8189194342247424
0.8189688654129976
0.8190677277895079
0.8191454053710517
0.8192372061492398
0.8193078221324614
0.8193643149190388
0.8194137461072939
0.819505546885482
0.8195408548770928
0.819590286065348
0.8196397172536032
0.8197032716385027
0.8197950724166908
0.8198586268015903
0.8199009963915233
0.8199645507764227
0.8200069203663557
0.8200563515546109
0.8201199059395103
0.8202187683160207
0.8202964458975645
0.8203246922908531
0.8203670618807861
0.8204588626589743
0.8205012322489073
0.8205930330270953
0.8206989570019279
0.8207413265918608
0.8208119425750825
0.8208613737633376
0.8209461129432035
0.8209884825331365
0.8210379137213917
0.8210873449096469
0.8211508992945463
0.8212003304828015
0.8212780080643453
0.8213486240475669
0.8214121784324664
0.8214827944156881
0.8215604719972318
0.8216310879804535
0.8217087655619973
0.8217723199468968
0.821864120725085
0.8219488599049509
0.8220124142898504
0.8220618454781056
0.8220900918713941
0.822167769452938
0.8222242622395153
0.8222807550260927
0.8223301862143477
0.8223866790009251
0.8224149253942137
0.8224431717875024
0.8224784797791133
0.8225208493690462
0.8225702805573013
0.8226550197371673
0.8227256357203889
0.8227962517036106
0.8228668676868323
0.8229233604734095
0.8230010380549534
0.8230645924398529
0.8231281468247523
0.8232128860046183
0.823290563586162
0.8233823643643502
0.8234388571509276
0.8234953499375048
0.8235589043224043
0.8236436435022703
0.8237071978871697
0.8237425058787806
0.8237989986653579
0.8238625530502574
0.8239472922301234
0.8240037850167007
0.8240744009999224
0.8241167705898553
0.8241944481713991
0.8242509409579765
0.8243003721462315
0.8243709881294532
0.8244345425143527
0.8244980968992521
0.8245545896858295
0.824618144070729
0.8246816984556284
0.8247734992338166
0.8248088072254274
0.8248370536187161
0.8248935464052933
0.8249288543969042
0.8249924087818037
0.8250559631667032
0.8251124559532804
0.8251689487398578
0.825218379928113
0.8252819343130124
0.8253596118945562
0.8254443510744222
0.825522028655966
0.8256208910324763
0.825649137425765
0.8257338766056309
0.8257691845972417
0.8258609853754298
0.8259316013586515
0.8259669093502623
0.8260234021368397
0.8260657717267726
0.8261222645133499
0.8261999420948938
0.826256434881471
0.8263058660697262
0.8263764820529479
0.8264400364378474
0.8264965292244246
0.8265318372160355
0.8265671452076463
0.826637761190868
0.8267154387724117
0.8268001779522777
0.826856670738855
0.8269131635254323
0.8269555331153653
0.827026149098587
0.8270685186885199
0.8271250114750973
0.8271815042616746
0.827245058646574
0.8272662434415405
0.827287428236507
0.8273086130314735
0.8273439210230844
0.8273933522113395
0.8274639681945611
0.8275275225794606
0.827584015366038
0.8276405081526153
0.8276616929475817
0.8277323089308034
0.8277958633157029
0.827845294503958
0.8279017872905353
0.8279582800771127
0.8280077112653678
0.8280712656502672
0.8281136352402003
0.8282124976167106
0.8282972367965765
0.8283325447881874
0.8283749143781204
0.8284172839680534
0.8284667151563084
0.8285373311395301
0.828572639131141
0.8286008855244296
0.8286503167126847
0.828706809499262
0.8287350558925507
0.8287915486791281
0.828833918269061
0.8288692262606718
0.8289045342522826
0.8289680886371822
0.8290457662187259
0.8291093206036254
0.8291728749885249
0.829264675766713
0.8293282301516125
0.8293847229381899
0.8294624005197336
0.8295542012979218
0.8295965708878548
0.829653063674432
0.8297095564610094
0.8297731108459089
0.8298296036324861
0.8298860964190635
0.8299567124022851
0.8300061435905403
0.8300838211720841
0.8301473755569836
0.8302391763351717
0.8303097923183933
0.830380408301615
0.8304369010881923
0.8304863322764474
0.8305357634647026
0.8305781330546356
0.8306275642428907
0.830684057029468
0.8307476114143675
0.8307970426026227
0.8308676585858443
0.8309100281757773
0.8310088905522877
0.8310724449371871
0.8311077529287979
0.8311571841170531
0.8312136769036303
0.8312772312885298
0.831326662476785
0.8313902168616845
0.8314325864516174
0.8314678944432283
0.8314961408365169
0.8315455720247721
0.8316232496063158
0.8316868039912154
0.8317291735811484
0.8317715431710814
0.8317927279660479
0.8318774671459138
0.8319127751375246
0.8319551447274576
0.8320328223090014
0.8321034382922231
0.8321811158737669
0.8322446702586663
0.8323082246435658
0.8324070870200762
0.8324706414049756
0.8325130109949086
0.8325695037814859
0.8326048117730968
0.8326471813630297
0.8327248589445735
0.8327954749277952
0.8328237213210838
0.8328731525093389
0.8329225836975941
0.8329861380824936
0.83300732287746
0.8330426308690709
0.8331132468522926
0.8331626780405477
0.833219170827125
0.8332827252120245
0.833346279596924
0.8334451419734342
0.8334733883667229
0.8335440043499446
0.8336216819314883
0.8336640515214213
0.8337417291029652
0.8337982218895424
0.8338052834878646
0.8338617762744419
0.8338970842660528
0.833946515454308
0.8340030082408852
0.8340595010274625
0.8340877474207512
0.8341583634039729
0.8342289793871945
0.8342572257804831
0.8343066569687383
0.8343631497553157
0.8344196425418929
0.8344690737301481
0.8345326281150476
0.8345538129100141
0.8346032440982692
0.8346526752865243
0.8346950448764573
0.8347374144663903
0.8347868456546454
0.8348150920479341
0.8348574616378671
0.8349139544244444
0.8349492624160553
0.8350057552026325
0.8350481247925655
0.8350904943824985
0.8351399255707537
0.8352034799556531
0.8352740959388748
0.8353517735204186
0.8354223895036402
0.8354859438885397
0.8355353750767949
0.8355918678633723
0.8356201142566608
0.8356836686415603
0.8357754694197485
0.8358037158130371
0.8358390238046479
0.8358955165912253
0.8359590709761248
0.8360367485576685
0.8360932413442459
0.836142672532501
0.8361850421224339
0.8362485965073335
0.836312150892233
0.8363827668754545
0.8364392596620319
0.8365098756452536
0.8365804916284751
0.8366299228167303
0.8366864156033077
0.8367923395781401
0.8368417707663953
0.8369194483479391
0.8369971259294828
0.837046557117738
0.8371383578959262
0.8372019122808256
0.8372866514606916
0.8373502058455911
0.8374208218288127
0.8374984994103566
0.8375479305986117
0.8375973617868668
0.8376609161717663
0.8376821009667328
0.8377174089583437
0.8377597785482767
0.8378092097365317
0.8379010105147199
0.837992811292908
0.8380422424811632
0.8381128584643849
0.8381693512509621
0.8382470288325059
0.8383176448157276
0.8384023839955935
0.8384729999788152
0.8385153695687482
0.8385577391586811
0.8386071703469363
0.8386566015351915
0.8387413407150575
0.8387907719033126
0.8388543262882121
0.8389320038697559
0.8389531886647223
0.8389884966563332
0.8390379278445883
0.8390802974345213
0.8391791598110316
0.8392074062043203
0.8392568373925754
0.8393062685808306
0.8393768845640522
0.839412192555663
0.839496931735529
0.8395110549321734
0.8395675477187506
0.8396028557103615
0.8396169789070058
0.8396593484969388
0.8397582108734492
0.8398641348482816
0.8398994428398924
0.8399488740281476
0.8400336132080135
0.8401042291912352
0.8401536603794902
0.8402172147643898
0.8402666459526449
0.8403231387392223
0.840358446730833
0.840443185910699
0.840485555500632
0.8405349866888872
0.8405844178771423
0.8406056026721088
0.8406620954586861
0.8407044650486191
0.8407680194335185
0.8408315738184181
0.8408810050066732
0.8409657441865391
0.8409939905798278
0.8410504833664052
0.8411069761529825
0.8411705305378819
0.8412270233244593
0.8412623313160701
0.8413258857009696
0.8414106248808355
0.8414600560690907
0.8415306720523124
0.8416083496338561
0.8416507192237891
0.8416930888137221
0.8417848895919102
0.8418343207801654
0.8418908135667427
0.8419614295499643
0.842032045533186
0.8421026615164077
0.8421591543029849
0.8422156470895622
0.8422721398761396
0.8422933246711061
0.8423639406543277
0.842420433440905
0.8424698646291602
0.8425192958174154
0.8425828502023148
0.8426464045872143
0.8427382053654024
0.842808821348624
0.8428582525368792
0.8429076837251344
0.8429712381100338
0.8430277308966111
0.843105408478155
0.8431548396664101
0.8432113324529874
0.8432748868378869
0.8433384412227863
0.8433808108127193
0.8434161188043302
0.8434867347875518
0.8435714739674178
0.8436420899506394
0.8437056443355389
0.843797445113727
0.843882184293593
0.843924553883526
0.8440163546617141
0.84410109384158
0.8441293402348687
0.8441575866281574
0.8441787714231239
0.8442352642097012
0.8443058801929229
0.8443694345778223
0.8444471121593662
0.8445600977325208
0.8446024673224538
0.8446872065023198
0.8447507608872192
0.8448001920754744
0.8448778696570182
0.8449131776486289
0.8449837936318506
0.8450685328117166
0.8451179639999717
0.8451956415815156
0.8452591959664151
0.8453015655563481
0.8453651199412475
0.8454145511295027
0.8454781055144022
0.8455557830959459
0.8456193374808454
0.8456758302674228
0.8457111382590335
0.8457535078489665
0.8457958774388995
0.8458806166187655
0.8459159246103763
0.8460006637902423
0.8461065877650747
0.8461772037482964
0.8462901893214511
0.846332558911384
0.8463819900996391
0.8464737908778273
0.846502037271116
0.8465585300576932
0.8465726532543376
0.8466291460409149
0.8466644540325258
0.8467138852207808
0.8467845012040025
0.8468551171872242
0.8469045483754793
0.8469257331704458
0.8469963491536674
0.8470316571452783
0.8470881499318555
0.847194073906688
0.8472999978815206
0.8473847370613865
0.8474341682496416
0.8475118458311854
0.8475612770194406
0.8476107082076957
0.8476672009942731
0.8477236937808503
0.8477448785758168
0.8478225561573607
0.847879048943938
0.8479567265254818
0.8479920345170926
0.8480626505003143
0.8481262048852137
0.8482180056634019
0.8482744984499792
0.8483380528348786
0.8483733608264895
0.8484298536130668
0.8485004695962884
0.8485569623828657
0.8485922703744766
0.8486487631610539
0.848740563939242
0.8488111799224637
0.8488817959056852
0.8489312270939404
0.8489806582821956
0.8490653974620616
0.8491148286503167
0.8491642598385719
0.8492701838134044
0.8492843070100486
0.8493478613949481
0.849425538976492
0.8494608469681028
0.8494961549597135
0.8495597093446131
0.8495808941395796
0.8496091405328682
0.8496656333194456
0.849729187704345
0.849813926884211
0.8498351116791775
0.8498774812691104
0.8498986660640769
0.8499339740556877
0.8500116516372316
0.8500822676204532
0.8501316988087083
0.850159945201997
0.85020231479193
0.850244684381863
0.8502799923734738
0.8503435467583733
0.8504071011432728
0.8504353475365615
0.850505963519783
0.8505553947080382
0.8505977642979712
0.8506542570845486
0.8506895650761593
0.8507036882728036
0.8507672426577031
0.8508378586409248
0.8509296594191129
0.8510002754023346
0.8510497065905898
0.8510850145822005
0.8511132609754892
0.8511626921637443
0.8512191849503217
0.8512615545402547
0.8513109857285098
0.8513604169167649
0.8514098481050201
0.8514663408915975
0.8515228336781747
0.8515863880630742
0.851621696054685
0.8516993736362288
0.8517276200295175
0.851791174414417
0.8518194208077056
0.8518829751926051
0.8519747759707932
0.8519888991674376
0.852052453552337
0.8521018847405922
0.852137192732203
0.8522007471171025
0.852221931912069
0.8522713631003241
0.8523207942885793
0.8523702254768344
0.852440841460056
0.8524902726483112
0.852525580639922
0.8525750118281772
0.8526244430164324
0.8527233053929426
0.8527868597778421
0.8528645373593859
0.8529422149409297
0.8529987077275071
0.85304107731744
0.8530905085056952
0.8531611244889168
0.8532317404721385
0.8533023564553601
0.8533870956352261
0.8534577116184477
0.8535071428067029
0.8535706971916024
0.853641313174824
0.8537331139530121
0.8537896067395895
0.853853161124489
0.8539167155093884
0.8539732082959657
0.8540085162875766
0.8540932554674425
0.8541426866556977
0.854199179442275
0.8542909802204631
0.8543898425969734
0.8544533969818728
0.8545098897684502
0.8545663825550275
0.8546511217348934
0.8547005529231486
0.8547358609147594
0.8547782305046925
0.854841784889592
0.854891216077847
0.85493358566778
0.8550253864459681
0.8550748176342233
0.8551313104208006
0.855187803207378
0.8552725423872439
0.8553360967721434
0.8553572815671099
0.8554278975503316
0.8555196983285197
0.8555903143117414
0.8556468070983186
0.8556891766882516
0.8557315462781846
0.8557809774664398
0.8558727782446279
0.8559010246379165
0.8559575174244939
0.8560140102110712
0.8560705029976485
0.8561269957842258
0.856176426972481
0.856218796562414
0.8562894125456356
0.8563459053322129
0.8563812133238237
0.8564588909053675
0.8565153836919448
0.8565648148802
0.8566424924617438
0.8567342932399319
0.8568119708214758
0.8568472788130865
0.856953202787919
0.8570167571728184
0.857080311557718
0.8571085579510066
0.8571438659426175
0.8572497899174499
0.8573204059006716
0.8573415906956381
0.8573910218838932
0.8574051450805376
0.8574616378671148
0.8575322538503365
0.857595808235236
0.8576240546285246
0.8576593626201354
0.8577441018000014
0.8577864713899344
0.8578712105698003
0.8579135801597334
0.8579559497496664
0.8580336273312101
0.8581042433144318
0.8581748592976535
0.8582242904859085
0.8582737216741637
0.8583302144607411
0.8584078920422848
0.8584855696238286
0.8585561856070503
0.8586056167953054
0.8586621095818827
0.8587397871634266
0.858803341548326
0.8588598343349033
0.8589022039248363
0.858972819908058
0.8590151894979909
0.8590293126946353
0.8590787438828904
0.8591634830627565
0.859276468635911
0.8593117766275219
0.8593753310124214
0.8594177006023543
0.8594600701922873
0.8595095013805425
0.8596013021587307
0.8596577949453079
0.8597707805184626
0.8598272733050398
0.8599402588781945
0.8599967516647719
0.8600603060496713
0.8601379836312151
0.8602156612127589
0.8603215851875914
0.8603710163758466
0.8604486939573903
0.860476940350679
0.8605122483422898
0.8606040491204779
0.8606746651036996
0.8607240962919547
0.8607947122751763
0.8608935746516867
0.8609218210449753
0.8609853754298747
0.8610136218231634
0.8610842378063851
0.8610983610030294
0.8611548537896068
0.861253716166117
0.8612890241577279
0.8613525785426274
0.861423194525849
0.8614796873124263
0.8615220569023593
0.8615714880906145
0.8616421040738361
0.8617197816553799
0.8617903976386015
0.8618680752201453
0.8619528144000113
0.8620304919815551
0.8621081695630989
0.8621505391530319
0.8621858471446427
0.8622635247261865
0.8623341407094082
0.8623835718976633
0.8624330030859184
0.862496557470818
0.862588358249006
0.8626589742322277
0.8627013438221607
0.8627648982070601
0.8627931446003488
0.8628496373869261
0.8629202533701478
0.8630332389433024
0.8631179781231684
0.8631956557047122
0.8632521484912895
0.8632945180812225
0.8633651340644442
0.8634428116459879
0.8634993044325653
0.863569920415787
0.863661721193975
0.8637040907839081
0.8637676451688076
0.8638382611520291
0.8639088771352508
0.8639512467251838
0.8639794931184724
0.8640289243067276
0.8641207250849158
0.864177217871493
0.8642266490597482
0.864304326641292
0.8643325730345807
0.8643608194278694
0.8643890658211579
0.8644526202060574
0.8645020513943126
0.8645514825825678
0.8646150369674672
0.8646785913523667
0.8647068377456554
0.8647562689339106
0.8648057001221656
0.8648833777037095
0.8649186856953203
0.8649893016785419
0.8650881640550522
0.8651799648332403
0.8652576424147842
0.865292950406395
0.8653706279879388
0.8653918127829053
0.8654483055694826
0.8654906751594156
0.8655471679459928
0.8656107223308924
0.8656672151174697
0.8657307695023692
0.8657731390923021
0.8658720014688125
0.865942617452034
0.8659920486402892
0.8660132334352557
0.8660767878201552
0.8661615270000211
0.8662180197865985
0.866239204581565
0.8662886357698202
0.8663451285563974
0.8663874981463304
0.8664228061379413
0.8664651757278743
0.8665075453178073
0.8665640381043845
0.8666770236775392
0.8667335164641164
0.8667900092506938
0.8668606252339155
0.8669383028154592
0.8670512883886139
0.8671289659701577
0.8672207667483458
0.8672843211332453
0.8673690603131112
0.8674608610912994
0.8675667850661318
0.86765858584432
0.8677715714174746
0.8678210026057298
0.8678563105973406
0.867912803383918
0.8679975425637839
0.8680540353503612
0.8681105281369386
0.8681811441201601
0.8682023289151266
0.8682941296933148
0.8683647456765364
0.8684494848564024
0.8684847928480132
0.868562470429557
0.868647209609423
0.8687107639943225
0.8687884415758663
0.8688378727641214
0.8688731807557323
0.8689437967389539
0.8689791047305647
0.8690497207137864
0.8691203366970081
0.8691768294835853
0.8692262606718405
0.8692827534584178
0.8693392462449951
0.8694310470231832
0.8695016630064049
0.8695581557929822
0.8696287717762038
0.8697064493577477
0.8697770653409693
0.8698335581275466
0.8698618045208353
0.8698900509141239
