Total times: 1142537
Item	Time empty	Estimated value	Time
43865151	13585	0.9068830210927205	1054
74042578	64015	0.87664226008692	1054
77682184	27779	0.8669916643921902	1054
72581182	12357	0.8373163956215545	1054
66676859	5881	0.836534133088646	1054
16397274	5605	0.8300337773633923	1054
4257083	15627	0.8162170743186192	1054
79177655	7323	0.8127463329195436	1054
17801250	21661	0.8082741619641535	1054
63590356	8211	0.7998901296453099	1054
75735062	14668	0.7992160186653704	1054
16995428	65492	0.7943578901125133	1054
11847569	14996	0.7655338594309931	1054
52503871	17329	0.7368506461823441	1054
2609199	18564	0.7347214510066764	1054
61210275	18918	0.7267454309955457	1054
1528629	22634	0.7127190882245592	1054
10353921	23920	0.7095445338860625	1054
86547763	28358	0.7067007668268837	1054
16347072	25957	0.6953807038838432	1054
76423928	27798	0.686708869751771	1054
61949274	28587	0.6773179605327846	1054
67976638	28730	0.6646050089737661	1054
63720689	30941	0.6470376540134044	1054
774905	32581	0.6389610087393383	1054
1672747	33505	0.601066462960947	1054
91412514	38844	0.5694160310983165	1054
70151784	34393	0.5668210936723241	1054
16015457	38850	0.561849667142234	1054
6132153	45602	0.5604668164226753	1054
60797755	39693	0.5417484593435183	1054
58484831	41029	0.5410026169741451	1054
75943787	47331	0.5215794323293248	1054
4841406	42825	0.5149512845629678	1054
39955981	43342	0.5097882654192495	1054
74411753	44397	0.4940642580102028	1054
89978661	45968	0.490825947563017	1054
67751351	49348	0.4842124155272252	1054
93868746	49390	0.48264332846732594	1054
68734298	51461	0.47976385844707314	1054
77810916	51423	0.46687687375846687	1054
14954817	54558	0.4637108279295411	1054
75066331	96040	0.4556446420394252	1054
70312948	54660	0.4545008318074632	1054
78278329	59577	0.4544072065397702	1054
77052505	55714	0.4534612055166575	1054
80877874	70393	0.4524713304434469	1054
73399731	57780	0.44572613518064097	1054
2995148	69491	0.44297136179937013	1054
13259634	61033	0.44280037985718806	1054
61449519	59696	0.43966669009146847	1054
72718191	68151	0.43557535626421423	1054
88304149	78945	0.4325258969982973	1054
63776202	68161	0.4275821496984227	1054
72935484	66580	0.42620932631305236	1054
3151015	68536	0.42228534490747077	1054
85017611	115540	0.39937814028400037	1054
67589109	70644	0.39754353698297545	1054
74709640	74757	0.3867950193853917	1054
87722879	72002	0.38615429148161085	1054
77960617	205642	0.38611960190377687	1054
90282069	121848	0.3842720599227279	1054
81024170	74772	0.3762824283299692	1054
73691383	75517	0.3747184926074307	1054
78468571	79755	0.3726431071140838	1054
65391788	103509	0.3691279944066274	1054
5375255	81343	0.36274133643522405	1054
4675615	80937	0.36196469864455916	1054
69292911	81902	0.35371786248301795	1054
9883417	100122	0.35064785914921537	1054
17217573	97043	0.34915288019746116	1054
5222185	106692	0.34368598468877126	1054
70151283	83254	0.3431448234301898	1054
6344074	84097	0.34220712164822764	1054
71430746	90823	0.33709997351665866	1054
73357729	159264	0.3348238627315867	1054
73854012	97277	0.331080910267434	1054
16744376	87883	0.3296890566313595	1054
81508148	133486	0.32918781405881686	1054
69794865	121504	0.3285026001587739	1054
9214703	88703	0.3262063649276646	1054
13280907	110322	0.3223935370216177	1054
2287585	103339	0.32230374538005757	1054
68344627	192452	0.3220049838441618	1054
75159440	88721	0.3210710516761632	1054
60850009	101826	0.3204666519861304	1054
62315343	90315	0.31870524821782525	1054
70292437	124119	0.31710945312404387	1054
17489120	95889	0.3157220420418141	1054
76570826	126294	0.315206540178365	1054
75997659	127390	0.3150012453946083	1054
78867449	92301	0.31374992021961656	1054
8883995	112091	0.3120505903717108	1054
67582502	90840	0.3120279356617527	1054
89071893	113411	0.30958081388980846	1054
69992142	376218	0.30893369728705594	1054
64322720	105323	0.3083195635928258	1054
9331740	106204	0.3075192389339595	1054
10041539	115161	0.3057535224128408	1054
86262325	137206	0.3046984369764087	1054
16762601	127348	0.30182597230942876	1054
89184603	106155	0.29820651555805444	1054
65850520	245086	0.2958687980476395	1054
51245031	240728	0.2950726471585862	1054
65989449	123556	0.29443681652138415	1054
81434692	114665	0.2934275590833219	1054
15148124	125110	0.29160646322634637	1054
74625078	129646	0.28977484639305107	1054
10737055	127128	0.2890553051112985	1054
64230569	127457	0.28601892842606647	1054
16053451	173691	0.28437449073198845	1054
79938348	129880	0.27878565397818855	1054
71100142	131988	0.27462914683685546	1054
89160781	222016	0.274504171495054	1054
83063136	156903	0.2701126648379171	1054
70411902	137024	0.2696920838574343	1054
25671361	253697	0.2691920845280964	1054
55629131	133597	0.2660994743866561	1054
91217118	140346	0.26335669830942143	1054
17099088	134261	0.2628666344850556	1054
5316158	143348	0.2625437491674131	1054
10200421	139270	0.2624586623389028	1054
4189327	231354	0.2624095683706662	1054
13421009	139959	0.2613198701331664	1054
13148373	167313	0.26131372177007717	1054
66213996	211908	0.2597703789034904	1054
67204737	188665	0.25754988958012337	1054
16435287	150473	0.25624792427163756	1054
8348762	145456	0.25562431370056365	1054
78315219	152748	0.25360370142443156	1054
71578197	349538	0.250721473956835	1054
87623241	266109	0.2506883891174402	1054
96246640	144784	0.24939613253196283	1054
66241687	142504	0.24913105874768646	1054
13779595	146055	0.24875962676220006	1054
82550184	147483	0.24726009150722383	1054
15676309	201439	0.24694061540662576	1054
61107680	146648	0.24629509515366255	1054
17410069	205170	0.2445846324885517	1054
5600091	152994	0.24387353595709682	1054
11130036	195561	0.24345430941827206	1054
78907413	197147	0.24295851861894874	1054
1869815	164247	0.23981204416139917	1054
72071167	154048	0.23978826804303902	1054
17605922	233302	0.23873562850533123	1054
66947315	161662	0.23861998226079892	1054
71752391	243708	0.23778490298871285	1054
62048229	206803	0.23691268292843995	1054
8642307	158264	0.23609420223537886	1054
66985565	225513	0.23514785978425545	1054
64104781	408365	0.2342088624847833	1054
89414147	176563	0.23346680107161902	1054
85205712	255926	0.23187988046437097	1054
73814281	173064	0.23167565758710132	1054
68788868	277855	0.22751562349632914	1054
90984519	262561	0.22716779638147164	1054
17587494	163164	0.22706068863347423	1054
8192953	154487	0.22682147125147384	1054
81863242	187587	0.22672190506035494	1054
46219471	267834	0.22282114618259008	1054
5667620	354539	0.22210707394969487	1054
8647650	168804	0.22152578415596097	1054
2926402	163708	0.22093810898420363	1054
15036397	358467	0.2205336226512652	1054
13679251	290569	0.2198686176689262	1054
16748714	172806	0.21893616570596025	1054
861187	365774	0.21869341993077093	1054
72277601	268568	0.21736804178046776	1054
84986265	426727	0.21730171823983918	1054
77705868	158409	0.2154082504669687	1054
11102580	246752	0.21419313420272645	1054
69035594	179103	0.21278988157898526	1054
16287865	167401	0.21271108094234767	1054
4313595	190116	0.2119665803359938	1054
66293468	212924	0.21192832679601234	1054
2247288	174054	0.21131128466420676	1054
8247183	173194	0.21097362346278156	1054
74770835	261731	0.21044345931370487	1054
14827425	290697	0.21036571745087856	1054
84039329	322719	0.20977088748112288	1054
78074950	177236	0.20896194625324338	1054
71579567	180157	0.2087709318248489	1054
1400070	342795	0.20826493122343856	1054
13685758	183293	0.20819424489845365	1054
67653031	301943	0.20799093660174703	1054
45730161	273278	0.2078023250312588	1054
70292834	191668	0.2069882938651606	1054
31102171	570644	0.20630082750417827	1054
74457421	390185	0.20524713550030288	1054
2159153	317883	0.20373710831574424	1054
8426856	184789	0.20367355459126052	1054
69841660	356321	0.20339149123950578	1054
70555369	353859	0.2033660685951377	1054
62264016	328095	0.20289086140156648	1054
8750746	419492	0.2022607632415266	1054
89056103	326922	0.20200861082556273	1054
61076942	181452	0.20199463491775307	1054
69946823	189515	0.20120568534681949	1054
77329649	179775	0.20106442725572543	1054
9971564	274614	0.2009048689849119	1054
71560165	185061	0.20084788579839397	1054
12343704	232083	0.2007267193035494	1054
71350313	217168	0.19978090982594807	1054
63766620	189584	0.19950818364004955	1054
2405183	402360	0.1991555783981755	1054
76503289	206710	0.19880085366774483	1054
22549011	250218	0.19796061036933468	1054
70870518	196186	0.19742746427053215	1054
65668966	199727	0.1969063146948687	1054
66237014	234357	0.19634303475830978	1054
81608188	349527	0.19634078397004345	1054
85089986	312675	0.19597518345584738	1054
65431390	399860	0.19489013205510564	1054
73363564	206112	0.19460777061577078	1054
23527011	201178	0.19448718605338297	1054
16169324	371791	0.19421008041812546	1054
73246025	193658	0.1938041798492291	1054
69180862	372775	0.19379722327441418	1054
98104668	294140	0.19221645203495805	1054
86307237	212193	0.1915537341847272	1054
37368811	207377	0.18977137274512318	1054
70586395	296839	0.1889138452867115	1054
70045109	321109	0.18865931993933194	1054
36741151	298534	0.18818255511392487	1054
69562013	307558	0.18816225458483027	1054
90546071	214301	0.18783471395765405	1054
11979974	214860	0.18782594837170835	1054
4967715	310748	0.187789115757541	1054
78695208	285480	0.18737098066265392	1054
10188258	534247	0.18657046298790786	1054
63336157	237129	0.18637411098873646	1054
66181073	215199	0.18615061741942968	1054
16133496	218042	0.18572131980568862	1054
7561859	221239	0.18469312118007	1054
81888572	319089	0.18317945072151093	1054
33291631	376909	0.18238232986589317	1054
79535742	226750	0.18178167864037867	1054
4678105	272047	0.18174996225919174	1054
83930047	499722	0.18166203661784386	1054
57719221	307743	0.18151744905872055	1054
63920967	219160	0.1814116319330886	1054
15232718	283278	0.1803388324931955	1054
62343841	434048	0.1803242403631415	1054
62188697	384157	0.179597939586078	1054
15597432	464643	0.1793006236025473	1054
78361807	361108	0.17894879463996302	1054
64706999	283075	0.17837757829427967	1054
76068551	376444	0.1774347306388542	1054
95955228	211788	0.1771131342406284	1054
4701067	262697	0.17658956493717262	1054
65443904	296101	0.17636047373003585	1054
16878842	508185	0.17634663577390688	1054
76310214	441405	0.17627889287292722	1054
78758277	444366	0.17544436878320907	1054
16498595	222210	0.17526953967689102	1054
73388496	240316	0.1744601444677945	1054
55007601	253338	0.17386626094240318	1054
91108501	579344	0.1732491924319032	1054
72325972	484171	0.17251732288737098	1054
78580184	275597	0.17201489960654462	1054
12985555	457249	0.17155702526134758	1054
8198424	278656	0.171055875503069	1054
68288613	233713	0.170655310562063	1054
82925846	271815	0.17062965635599459	1054
71152082	300985	0.1703595964003115	1054
536440	570842	0.17026465281443964	1054
93970958	526871	0.17017347368882435	1054
86514651	234596	0.16986248605755888	1054
65292429	279913	0.16925038155254984	1054
14873288	249774	0.16922968270631794	1054
61452968	330735	0.16889486104114787	1054
86483013	686279	0.1688860225231268	1054
70743428	243600	0.1676434828832071	1054
88991703	361558	0.16693390376902312	1054
64962419	553464	0.1664614278976718	1054
75092622	512588	0.16634496379754515	1054
90146311	312632	0.16631055666114467	1054
5999869	338842	0.16606735017211913	1054
16033869	367953	0.16596949479265707	1054
66268564	243795	0.1659573925628854	1054
67619943	519837	0.1659175707793573	1054
4096104	590999	0.16572971641499515	1054
83671708	410829	0.16562211610392663	1054
71142799	303085	0.16547361073237649	1054
99677218	479051	0.1651819471831662	1054
17084042	278779	0.16495230742916403	1054
72875132	396765	0.16494709680925126	1054
81234030	362164	0.1644620393840802	1054
8979556	460774	0.163988239312137	1054
60838240	474313	0.16383023244675762	1054
71179576	597065	0.16332974278144055	1054
75710556	365796	0.16304451009245038	1054
16622424	247640	0.16303013740799363	1054
65007713	371833	0.16286362518178668	1054
14931763	428567	0.16257658217829768	1054
66931072	332732	0.16239693249426798	1054
61805276	302039	0.1621185671115541	1054
86319349	257437	0.16155422569887307	1054
73201591	285224	0.16130135586637237	1054
55366941	246939	0.16085755881357364	1054
10287363	253334	0.16005444513800215	1054
14491576	736546	0.15999747156811672	1054
73203277	279289	0.15981311264875958	1054
78780122	336486	0.15922478449772481	1054
5698694	261563	0.1590594651919455	1054
67199484	481044	0.1589719366782498	1054
60987641	244152	0.15883842578183563	1054
5344097	252685	0.15874439355385309	1054
15136498	333786	0.15869067569760073	1054
9188742	673730	0.1584769582331179	1054
66295263	594991	0.15847171908421043	1054
56047801	301100	0.15845567077813735	1054
23172981	313114	0.15788696302392916	1054
78461516	279314	0.157365961629763	1054
74476228	317815	0.15648628760147687	1054
61898421	289461	0.15640350030128844	1054
3338125	447431	0.15633148072359254	1054
6526074	451072	0.15615802324083333	1054
70977719	314464	0.15611648060778865	1054
8599257	290743	0.1551714828925714	1054
71242791	281589	0.154646889452548	1054
10127578	557917	0.15420731209285524	1054
68221676	367801	0.1532750330902465	1054
6991004	289976	0.15324687357444983	1054
77674537	546849	0.15323471012252352	1054
64258200	284168	0.15251527542741178	1054
81306288	494629	0.15132450470618883	1054
79318731	408123	0.15094800649639836	1054
70823508	512992	0.150322743425066	1054
65850390	438900	0.1501119816869102	1054
9943235	413809	0.14872899061361555	1054
69618629	436856	0.14828834518467296	1054
87360055	285222	0.1481058134217513	1054
75851194	306396	0.14802503974395403	1054
72549866	572738	0.14795604036422577	1054
74041643	312110	0.1476574181021824	1054
87226779	338809	0.147605350776746	1054
7747321	380899	0.1475216937307316	1054
14440304	343329	0.14706386994263088	1054
80492204	318749	0.14671493953170206	1054
11565079	333516	0.14629067944984572	1054
67346349	342181	0.1460667183965344	1054
82138970	396833	0.1457617724037607	1054
87045823	384441	0.14551314999215603	1054
68254523	541006	0.145493443571997	1054
11016852	488892	0.1451531443913817	1054
3666919	411346	0.14510503619850568	1054
86255145	486498	0.14496316518891642	1054
62392492	361649	0.14424559493655295	1054
74215323	499999	0.14411008099049089	1054
75666691	314042	0.14376127322660007	1054
72269660	581277	0.1434413003623649	1054
11331629	585323	0.14327754618689	1054
6829354	332843	0.14321784971032533	1054
13385260	320420	0.14264808310155613	1054
81246014	561169	0.14260685652888017	1054
4954825	534088	0.14242378435974168	1054
72787889	379275	0.14209571677510902	1054
66302827	338257	0.14198885670749511	1054
91011063	468740	0.14192571354253364	1054
91917646	461706	0.1417629608548321	1054
1118030	620813	0.14121721636229298	1054
29177071	323648	0.14114300469074384	1054
78446434	466288	0.14076663995710728	1054
2323940	674572	0.1406861962559753	1054
87954089	349392	0.14051555647971006	1054
3464299	330567	0.13920777342537044	1054
66755681	343501	0.13917825409895854	1054
70463099	525478	0.13917023488958888	1054
585200	470096	0.1391523031511212	1054
71614478	387355	0.13897614928671753	1054
67427521	331335	0.13883001964713548	1054
77522417	739351	0.13878636988098092	1054
63264439	339458	0.13847344003818277	1054
68780748	640141	0.1383862929936173	1054
88385813	454163	0.1377502780915171	1054
77014514	542441	0.13756274524058248	1054
75286204	440491	0.13718545632237347	1054
76375991	358949	0.13586364204897378	1054
9100736	576814	0.13584594836012343	1054
65018773	562853	0.13584195519932832	1054
1103326	344269	0.13503714016592827	1054
73205697	479700	0.13449495165322764	1054
52491881	416634	0.1339686597713217	1054
80947484	422827	0.1335350648416735	1054
77023726	511189	0.13328853807869326	1054
6862149	639669	0.1331216549514213	1054
74066212	601427	0.13259676746632626	1054
70608592	396184	0.13222464937322434	1054
65845323	348771	0.13211840051166437	1054
74911301	502342	0.1314388781877151	1054
73378305	379356	0.1314306793978327	1054
79962226	490263	0.13141771479377054	1054
9391101	431848	0.13132292200860193	1054
64516028	486336	0.13112574002617672	1054
1702066	672229	0.130772498304527	1054
17460500	845955	0.13046312182847314	1054
65483312	422906	0.13007221021810908	1054
15661190	549168	0.12974094688101084	1054
13471586	574584	0.12965854062679644	1054
60776064	415292	0.12955836408945126	1054
63117347	367395	0.12948727046310585	1054
62019639	746272	0.1289778356572322	1054
2557026	780266	0.12889219213244799	1054
47057261	583776	0.12886724657452217	1054
15100914	421379	0.12885691666713692	1054
56939851	471919	0.12884375660289685	1054
9420701	366796	0.12883086195056773	1054
70962170	471881	0.12875867608400346	1054
69124664	544443	0.1283614453147459	1054
13509734	666506	0.12831674181912311	1054
84768993	548304	0.12816298952705754	1054
8818789	441744	0.12798085446157179	1054
88365603	410092	0.12773226625447745	1054
63992344	522503	0.1276766424745346	1054
64813415	565037	0.1275397590787757	1054
46725701	473855	0.1269659137211057	1054
67839834	474901	0.12683175488484158	1054
26388241	376881	0.12680360033349344	1054
73009950	348726	0.12676166142414763	1054
13123158	377997	0.126531561423325	1054
78405037	511774	0.12647450626324447	1054
91236046	729706	0.12613911605751746	1054
23372091	570307	0.12595957110205494	1054
71876015	559035	0.12584595248085376	1054
8478319	503058	0.12572162316042695	1054
56050751	375294	0.1255264442959489	1054
4517211	695619	0.12546341935080327	1054
12561291	433956	0.12539674468325196	1054
4119245	616080	0.12494305774197946	1054
70679517	554217	0.12486628768961523	1054
15123380	486377	0.12480320823329573	1054
66107883	514458	0.12446699146202375	1054
18167172	400299	0.12370463871420062	1054
71655629	601435	0.123412987849238	1054
12547602	555763	0.12311724792359993	1054
11051209	698901	0.12255837029919901	1054
15792789	683341	0.12235079326386962	1054
68670357	642904	0.12217736250599387	1054
16201983	384224	0.12180738384973047	1054
77664234	782648	0.12129650731931545	1054
14012408	657738	0.12120714194660996	1054
8206833	401730	0.12104246045934358	1054
73933929	405569	0.12067970112493834	1054
4819939	831007	0.12066303637546742	1054
71605337	654104	0.12052669949292591	1054
72756274	384801	0.12010341866551369	1054
71379069	689800	0.12004430394544695	1054
88519867	447767	0.11998503316986174	1054
98400694	709999	0.11982344400893884	1054
7444285	536025	0.11944226403532118	1054
83141690	655970	0.11936082897957177	1054
91940648	528848	0.11931625102466854	1054
69990343	596605	0.1192678799661128	1054
87904287	661799	0.1191185919816016	1054
60741126	609756	0.11905424135922278	1054
5563439	659456	0.11886111806006472	1054
74710553	416369	0.11870975186238551	1054
7541920	394432	0.11828769303871585	1054
46822571	403231	0.11779140122357336	1054
5832569	477256	0.11718771916514055	1054
2030307	875965	0.11714773293776243	1054
5826100	494501	0.11712765615767894	1054
76372266	720530	0.11706620266265177	1054
17964785	693386	0.11696447649773983	1054
33357171	460268	0.11692161525500908	1054
41112091	390278	0.11666915456469967	1054
7107386	385628	0.11657811481200323	1054
4630502	571021	0.1161780607548735	1054
71418484	701222	0.11616848247650502	1054
7854296	447622	0.11591819454212626	1054
64699288	394481	0.11591160261222946	1054
6495689	419103	0.11590241829660627	1054
78543531	648904	0.11549033466946727	1054
16999015	631472	0.11542718200157936	1054
61256514	555626	0.11509234615741366	1054
64384132	480010	0.11483924320752317	1054
67552090	877774	0.11454979482882947	1054
70077941	678373	0.11445628493643625	1054
38095111	403579	0.11418808351103223	1054
14510923	415548	0.11413764949740339	1054
78852759	740608	0.11404627699932894	1054
13070544	607209	0.11397777692093887	1054
83735798	426419	0.11379222427003498	1054
83888799	570919	0.11353284345547751	1054
5673785	681010	0.11339622273715497	1054
74591612	713628	0.11327138905823851	1054
74326190	698656	0.11284438580883249	1054
70366909	588144	0.11280709135339129	1054
41773241	705085	0.1125389413097476	1054
78077516	581868	0.11250707525065282	1054
78160898	587908	0.11245063068087148	1054
80455166	420765	0.11226291441629559	1054
72527358	667360	0.11210506295291518	1054
76401318	450736	0.11191609899354571	1054
10258708	517371	0.11167439527054546	1054
69733434	686172	0.1115057557943094	1054
62329923	826576	0.1111675943317788	1054
17528473	643396	0.11063083461138337	1054
64422296	706315	0.1106268431667657	1054
71539796	508338	0.11054232583453755	1054
76729905	715737	0.11046627937439144	1054
69818709	433797	0.11040402300042497	1054
4729155	913961	0.11037548711717918	1054
74571723	433198	0.1097587941146996	1054
20590281	535984	0.10962108841100324	1054
11433264	635643	0.10946233760377305	1054
1209016	842684	0.1093199781636615	1054
9779570	512473	0.10911413642907283	1054
13176911	454040	0.10902581010719933	1054
3275927	425797	0.10895479715834872	1054
71603224	514168	0.10882954848482476	1054
77603443	652127	0.10871598160944271	1054
75623204	430983	0.10845871669025768	1054
65503200	522048	0.10845150299808705	1054
36839571	428028	0.10839122729693534	1054
4250024	794568	0.10815196427573756	1054
891436	565619	0.10790487573422672	1054
11689986	501481	0.10776527382244751	1054
78158755	431317	0.10772358828450601	1054
8966603	477228	0.10758577257973748	1054
78171374	450784	0.10734396059511996	1054
78041957	548495	0.10724478473708167	1054
49553651	631556	0.10700313027826167	1054
72541825	702109	0.10696748975867845	1054
67429227	648811	0.10633575582622866	1054
69237717	555479	0.1060857813278815	1054
91539098	458101	0.10587044340929683	1054
18172952	479119	0.10580220252766938	1054
75249221	449235	0.10576267470491323	1054
29056981	605806	0.1055921030984996	1054
90988663	529979	0.10494806426537104	1054
82973838	479467	0.10485319346443746	1054
17380488	625353	0.10484061917397731	1054
7761148	464987	0.10476736047147432	1054
75265469	750224	0.10470086522255712	1054
11856914	465479	0.10459712172375428	1054
16103952	479801	0.10456433538225617	1054
56552931	473158	0.10453586427484572	1054
9757537	573008	0.1045200533682089	1054
57598911	828754	0.1044983675548854	1054
23190261	668414	0.10448373935029895	1054
16960561	828213	0.1043740292002182	1054
67687597	522171	0.10418535009110153	1054
83504220	674816	0.10392588693218803	1054
20912871	802793	0.10371103605353063	1054
3369711	953606	0.10354984844593175	1054
23724351	611363	0.10337542907942139	1054
65301357	572370	0.10276329569247547	1054
69614247	526349	0.10260463519563805	1054
1125208	500713	0.10247277626011451	1054
96254942	492187	0.10187153582563929	1054
73331759	673634	0.10186542694087095	1054
66703496	503361	0.10185866800168396	1054
94914090	514333	0.1013557545409079	1054
65954048	715211	0.10110183688096543	1054
54445651	789180	0.10080099900147982	1054
77279367	667435	0.10076731010284695	1054
78745107	839482	0.10062185527992427	1054
8855569	723962	0.1005816038976057	1054
65991636	470154	0.10053831651084887	1054
2410091	481134	0.10020343199510023	1054
90055837	524441	0.10003910713348593	1054
89623327	617466	0.09988792973597353	1054
80962504	603764	0.0997832548351049	1054
76551964	810875	0.09921905541481912	1054
77705560	707369	0.09895867851253536	1054
72609857	504043	0.09892952619559173	1054
12150665	504181	0.09889781796583172	1054
12491045	799238	0.09880827527009825	1054
14556837	587019	0.09840264654627418	1054
91145851	536519	0.09820984035601937	1054
72759996	746617	0.09818183001152848	1054
73549639	850433	0.09806466939547485	1054
7682490	853437	0.0978759936045862	1054
14218071	646530	0.09783300198027543	1054
1674626	832766	0.09756034113855963	1054
77273513	728674	0.09744290939758164	1054
3302777	600502	0.09721295136426142	1054
12650242	896143	0.09707110062921595	1054
61776943	686812	0.09706304751792924	1054
70135318	780822	0.09687046953694006	1054
72070691	820681	0.09682134192552656	1054
80619478	601383	0.09645347337579825	1054
75212845	519210	0.09626005465611387	1054
69501553	631576	0.09619643502349576	1054
71708675	521867	0.09603485900302297	1054
90052073	768686	0.09575148904313512	1054
71148057	709215	0.09563270183461334	1054
72410285	533305	0.09510962031080852	1054
70761560	554876	0.09499500002240725	1054
18752211	845908	0.09481035783959409	1054
11643845	604493	0.0946935656756263	1054
15409904	667844	0.09466015829779585	1054
4940699	596457	0.09410492199034651	1054
8570739	760209	0.09397212862580608	1054
61139071	525810	0.09384405788016782	1054
72461447	521985	0.0937791247411481	1054
69121790	696621	0.09372644680830955	1054
64169643	564871	0.09357105329238861	1054
14229391	572219	0.09337274028386663	1054
45790471	586925	0.09330446529038386	1054
9476033	774126	0.09328907918127446	1054
14047278	716489	0.09321620618613553	1054
75575521	885213	0.09291080643851622	1054
2586286	797601	0.09286927244434331	1054
14861779	790592	0.09265871463420637	1054
10752377	658918	0.0926533245330371	1054
82900774	658789	0.09251759711652933	1054
14201087	783300	0.09219808821760626	1054
71840449	635588	0.09208608488910583	1054
4343780	894247	0.09131524228342977	1054
9114730	740755	0.0912410723890228	1054
72135139	694864	0.09118009019444157	1054
63423553	950567	0.0907581448955246	1054
73184322	564357	0.0906360274773949	1054
6081186	556474	0.09041013273193647	1054
64200398	591275	0.09012918715816662	1054
9103959	585934	0.09010022314117352	1054
94636848	963362	0.08997970927110317	1054
6250190	600553	0.08997349235345209	1054
4405502	651246	0.08980431041952973	1054
5564767	874660	0.08948246323387044	1054
75463284	644673	0.08946291370909551	1054
73638064	796972	0.08922809476891175	1054
74879737	722437	0.089219660587697	1054
73675971	587618	0.08912617192140489	1054
13749961	726904	0.08904512505438231	1054
79775986	960754	0.08845052584047294	1054
4297595	836877	0.08827633228690716	1054
63983298	601690	0.08826660543330135	1054
9159424	622870	0.08816989269045966	1054
83355578	767972	0.0881225162994352	1054
8431767	959619	0.08782258667599471	1054
64580001	620827	0.08770793618264006	1054
85324704	792070	0.08723812729331662	1054
82938704	609884	0.08715484039397632	1054
66685987	718251	0.08713542184999988	1054
83294786	615774	0.08712546846359849	1054
66541060	769019	0.08708129145285622	1054
11602496	611301	0.08701375922518857	1054
3921282	743845	0.0868233325271629	1054
37563911	619047	0.08653225520069752	1054
70563713	986441	0.08641044850567231	1054
2957577	621718	0.08638090426904048	1054
67181610	643317	0.08630604969502857	1054
16329637	706781	0.086300528409474	1054
11521425	601320	0.08607542936470379	1054
4432859	689349	0.08598618157103945	1054
5726259	614340	0.08584178477314151	1054
74805689	611247	0.08583806497939395	1054
90543131	772429	0.08564953848851999	1054
42415611	732495	0.08448960515164619	1054
76218879	622636	0.08445532608052266	1054
65838489	754957	0.08443087713905306	1054
53471471	673475	0.08426224367941654	1054
74677465	932158	0.08418916398652883	1054
6154428	628978	0.08418558185837226	1054
75605075	623152	0.08412954246646454	1054
89658637	799313	0.08409683526039452	1054
70625832	939030	0.08399414468483803	1054
87813009	770204	0.08391455374321936	1054
42232481	666853	0.08387431318470653	1054
17165097	772980	0.08386523492758582	1054
4156841	717673	0.08340674910654189	1054
2693105	678363	0.08333617421932285	1054
79345729	728561	0.08319463251896524	1054
45265831	625003	0.08319127221273655	1054
68825735	712377	0.08314703482265334	1054
11640186	624797	0.08296258749404184	1054
61377345	650921	0.08294690274264205	1054
10659848	642921	0.08271705367104978	1054
26341801	880545	0.08209481495201479	1054
2840362	688915	0.08191918520972995	1054
61339484	761842	0.08177714335412332	1054
5466246	811491	0.08166426111648116	1054
77787512	625078	0.08165847969399571	1054
85051554	630254	0.08161803518791513	1054
71938672	652893	0.08150000636890505	1054
74173803	674941	0.08118073792375045	1054
14150982	705159	0.08091602186389753	1054
62707024	833536	0.08053536454827939	1054
16082575	901533	0.08032530752555925	1054
75419623	665541	0.08015453466189755	1054
64049872	675472	0.08005172072374281	1054
99107038	801592	0.07972287298311574	1054
89106253	950448	0.07955622539812067	1054
90714907	922922	0.07950484920266447	1054
13550230	920597	0.07935777624737263	1054
1805436	823328	0.07928065932999022	1054
14538246	640649	0.07899359401982758	1054
12848552	642409	0.078709544865955	1054
75677523	798948	0.07870790057060927	1054
12734529	805613	0.07860256639176072	1054
17963617	934094	0.07859762958284443	1054
1481358	683536	0.07836248799789057	1054
12119896	916130	0.07809800524462587	1054
6914695	693493	0.07764957441948081	1054
75125497	823733	0.07733575962527933	1054
43957041	860119	0.07728609548190551	1054
7880174	953411	0.0772497222983474	1054
67540709	868986	0.07717926390829022	1054
83785402	762891	0.07717353182191138	1054
61220152	723580	0.07710451485038013	1054
3850238	733196	0.07690486768599998	1054
9627370	837251	0.07647607643248525	1054
75372277	697626	0.07634844576630116	1054
66211014	723643	0.0761065635527864	1054
17270322	865739	0.07601983207195377	1054
55954551	726750	0.07601226968125512	1054
78216243	913146	0.07576809109681698	1054
65155203	812029	0.07570288534815213	1054
90727095	812457	0.07545789509160936	1054
69497946	816739	0.07543417627573197	1054
50929511	908898	0.07540782293867322	1054
89790609	733803	0.0753147260624573	1054
77244359	746446	0.07528680552535542	1054
94436884	763054	0.07520885240873042	1054
11517123	714490	0.07477697142989233	1054
21926661	910382	0.07458406364359423	1054
12633684	959863	0.07447509316426301	1054
74250587	803903	0.07421294432760414	1054
81899946	786126	0.07397459481947685	1054
13014284	697606	0.07376320080540198	1054
2970306	743330	0.07372591030757543	1054
20370431	800670	0.07363264944574688	1054
3513394	887024	0.07330848509310423	1054
73994908	845212	0.07313647538314784	1054
43430201	707009	0.07291193890331858	1054
6422598	729241	0.07286050294525112	1054
59858331	729235	0.07284068783171113	1054
68627303	857155	0.07279786701173326	1054
10319874	855908	0.0727188954698257	1054
8524489	803239	0.07265751469572852	1054
74951498	720008	0.07261108710379295	1054
70083584	891647	0.07252505349211885	1054
46510391	1023646	0.07237595387623301	1054
3164755	848094	0.07233631004752328	1054
82492738	839888	0.07217190661703951	1054
15447602	956063	0.07210243686191344	1054
64330503	972846	0.07198689085456483	1054
6260076	691880	0.07188691284781065	1054
78533863	877870	0.07164739793935773	1054
85884367	757431	0.07160172368452895	1054
70315379	822959	0.07139220660374065	1054
9597446	726259	0.07116528825123908	1054
8212530	749737	0.07114521749614028	1054
12369894	934672	0.07091845079879985	1054
97774228	735653	0.07090488304569754	1054
61582313	775474	0.07085263530701981	1054
78436103	874539	0.07075901363316414	1054
32238981	745722	0.07072979052779348	1054
80966354	963493	0.07052130987274807	1054
92129718	744379	0.07041892893776111	1054
5953902	850318	0.07040719448426747	1054
68559485	771176	0.07029133395900956	1054
68068261	896694	0.07027716744496404	1054
78426407	928420	0.07024535284898002	1054
72462639	775950	0.07023089217031017	1054
66761683	747724	0.07001280774239911	1054
10206502	795961	0.06976839890031568	1054
80933110	1021817	0.06900804630496643	1054
99757138	755593	0.0689230488742028	1054
13085516	862837	0.06892233868492136	1054
75479128	901389	0.06892112932084289	1054
39874111	751068	0.06884887826095418	1054
84592297	754926	0.06861900030346853	1054
74396670	754986	0.06848954021464347	1054
11725882	964213	0.0683578534270468	1054
92125584	840662	0.06835449764317994	1054
84085449	750491	0.0680749872585223	1054
84922427	777265	0.06766197320971469	1054
89850847	801580	0.06746901361719229	1054
76455055	750667	0.0672523234614222	1054
62500634	773706	0.06696277941157758	1054
4927984	761668	0.06672726837692892	1054
62176636	877758	0.06672693114528251	1054
64766302	805900	0.06656733025344508	1054
82548950	968029	0.06612213009795721	1054
92169736	814798	0.06568942245196914	1054
74512312	1019662	0.06563667961803003	1054
7925568	1004681	0.06554698039161587	1054
50405761	773598	0.06547616792141804	1054
65126194	1031954	0.06525871644707147	1054
89813133	801745	0.06512415327665616	1054
8046663	871770	0.06509766271332598	1054
89827469	789148	0.06507130637225053	1054
28495341	817569	0.06505905300739843	1054
72783014	916680	0.06499629278022787	1054
72032570	828327	0.06469561934733745	1054
77649073	782029	0.06448222912020671	1054
9702723	945486	0.06435242217175668	1054
12123622	936664	0.06408256403603495	1054
78236344	963135	0.06407328567634621	1054
75549879	801967	0.06404289319664133	1054
66320486	903942	0.06400515675580692	1054
6240693	936780	0.06375076935719078	1054
67093926	855491	0.06313845784656408	1054
18161074	898549	0.06298174152855802	1054
2560749	890746	0.06289710857953068	1054
16162722	809430	0.06283971617618081	1054
66786687	913789	0.06280235468459226	1054
78530149	924298	0.06268136132798295	1054
73882686	929308	0.06247988061232075	1054
66543219	814521	0.062165252720594685	1054
78802486	812516	0.06202533139915618	1054
83204020	814608	0.061743986494056324	1054
6521475	867015	0.061277433290005213	1054
91503926	916673	0.06104812904373797	1054
62742762	968199	0.06097041543459884	1054
34321711	1035629	0.060947649157921016	1054
78153059	966578	0.06094602706768509	1054
74583904	815663	0.06080004559509047	1054
5147891	909174	0.06078118734007537	1054
14663882	864047	0.06068176403186759	1054
8422045	831760	0.060581595363189675	1054
75517415	844721	0.0605343154908751	1054
89454833	881293	0.06048094315192822	1054
68965877	985401	0.060267035410200585	1054
4524232	869123	0.06015226111063527	1054
1711270	847883	0.05999977938642721	1054
75401504	1014854	0.05999204649029632	1054
28073371	833491	0.05993171426304076	1054
82445156	1011327	0.059466177154037445	1054
77158575	997338	0.05940455074006502	1054
13526995	980212	0.059380086465789864	1054
73853929	904883	0.0591659896929162	1054
71764550	1054186	0.05894379776667315	1054
62297140	928298	0.05888845029187823	1054
9088995	833150	0.05884144920143067	1054
772894	965791	0.0587583077822709	1054
84063179	1040241	0.05861831211479877	1054
61258057	855478	0.058612100242604076	1054
36995311	921028	0.05860186911595874	1054
15825404	1028153	0.058548568777896985	1054
68071549	1013024	0.0584348507590699	1054
53349101	864665	0.05813794807849122	1054
70405744	881433	0.0580756287657212	1054
57787651	979556	0.057902161469898024	1054
34575991	1019530	0.05789908770347661	1054
15493514	1010372	0.057886008600627696	1054
84707419	928606	0.05782367528195034	1054
1955175	1050567	0.05781886044551648	1054
10524260	870439	0.05777479246150653	1054
66893259	1027816	0.05738121800255296	1054
7524272	923124	0.0571269688740458	1054
11790246	850064	0.056887931382871126	1054
82264336	886870	0.05683685684392603	1054
63730180	1088221	0.05678622956444818	1050
15735462	835704	0.05654329255327557	1054
72482166	878449	0.05653826989475657	1054
63610804	904165	0.056406024889777966	1054
74831447	893229	0.05636379763191574	1054
71647994	994797	0.056156934583279666	1054
33456271	969029	0.056138962873397244	1054
73561246	870531	0.05611322442801999	1054
55678111	940995	0.05606081638922137	1054
69920682	1052957	0.05600307830931085	1054
4403979	848528	0.05583737868515816	1054
65081458	964458	0.055633523303757274	1054
67744137	881344	0.05556105509502232	1054
5775938	845930	0.05551717734419655	1054
77586629	880113	0.05548066575825791	1054
8028053	1005724	0.05542644284460647	1054
67467804	880266	0.05525378501499503	1054
36449671	1004008	0.055154978651628675	1054
70744165	889503	0.0541356469646976	1054
74738131	905313	0.05392351069438027	1054
12220450	991131	0.05382607706605443	1054
11335416	889144	0.053623350582248396	1054
73214241	1088804	0.05332232414897429	1049
71349507	895827	0.053061318622670564	1054
14603033	914369	0.05275611482443865	1054
5479603	987658	0.05232953828260161	1054
53801451	941838	0.052256742190261656	1054
73044122	926516	0.052129012694662996	1054
78650008	963650	0.05209879611793486	1054
23540241	1062471	0.052034851963745334	1054
15864476	1000519	0.051903473696751724	1054
67758791	969456	0.05184717641582472	1054
8629910	977092	0.051807876087455254	1054
4556695	988712	0.05111672100800137	1054
14245093	1072903	0.05108927427230719	1052
71615450	943709	0.05108767293640526	1054
9176639	989948	0.05069039790661811	1054
72033090	1008527	0.05063671730349735	1054
1589044	1007489	0.050467504019270706	1054
71586056	964789	0.05043436996051619	1054
3407958	903813	0.05034528316026401	1054
86847717	1093548	0.05002017514374372	1048
16256608	1067018	0.04983229414792799	1054
3411439	1038025	0.049760297284573866	1054
64550046	1029465	0.04946856403214297	1054
52147611	994398	0.04933493369309991	1054
67810265	1010680	0.04921277869410634	1054
12488724	896100	0.04915768591706124	1054
89233599	1028928	0.04905533092864186	1054
63676154	937084	0.04896407659713299	1054
14693816	1019127	0.04893373117477437	1054
1243656	1033481	0.04892290617302022	1054
9566254	1025436	0.048731043529919485	1054
14147479	996658	0.04824649210406723	1054
2481288	969005	0.04822410653233468	1054
2704335	1022052	0.047987283870942005	1054
37260501	971771	0.04790285590446858	1054
89911461	941773	0.04789542701547004	1054
80593378	924987	0.047895059042395854	1054
6405162	910583	0.04788095156292354	1054
14201825	998340	0.0478251492287762	1054
60835820	913299	0.04774080938746117	1054
7584125	917806	0.047726626060705164	1054
86451941	1068980	0.04771006380298852	1054
83628768	979279	0.04752801357483202	1054
11435612	977204	0.047427066396549006	1054
94073932	1035190	0.04729607277899771	1054
74984635	1042577	0.047290380029841456	1054
74863964	972688	0.04725344345141137	1054
54767811	978750	0.04698119322483361	1054
5384567	988262	0.04693010661850848	1054
14841167	909381	0.04689971905098665	1054
75696425	965021	0.046810557622756474	1054
92169672	971866	0.04612181124796247	1054
90117913	927297	0.04609722767803179	1054
5074544	986681	0.0459928540505393	1054
86837991	1040028	0.04598830682584517	1054
84538015	979012	0.045882549560490614	1054
53489001	1068932	0.0456789994320578	1054
36012181	1026083	0.04558936127908583	1054
62945228	924367	0.045404548800926085	1054
22299021	1110270	0.045224788354120825	1027
88026203	1010916	0.04448376013869014	1054
90256929	936964	0.04417833445268326	1054
92234118	1091008	0.044143655519422995	1047
71358064	992452	0.044053875336886074	1054
526229	1046713	0.043967170822155545	1054
68220174	1097179	0.04373397468372308	1047
73687753	969161	0.04365283312991653	1054
1926589	1069458	0.043556517473969866	1054
21838201	968796	0.043141843240051526	1054
7888115	935336	0.0430428663859888	1054
67755007	983657	0.04297455190731864	1054
60886698	992167	0.042893858166303145	1054
18018384	1093752	0.04287894188719086	1050
65117707	986897	0.0425925761125957	1054
12220488	999856	0.042431528663989256	1054
75131988	988108	0.04224518552074106	1054
64126400	1071026	0.04220098258464035	1053
8419426	987374	0.04183632916318723	1054
66382929	1009404	0.041749952781031816	1054
18054075	1055958	0.04169234269889746	1054
8458109	1022517	0.041226403263440035	1054
21926321	1075656	0.04108455193380844	1052
79032380	1054904	0.0408213016104197	1054
16302319	1064761	0.040434266588767136	1054
90075069	1024625	0.039723559402463866	1054
79297993	1093927	0.03971499821019596	1049
1730398	1009434	0.039693615194435025	1054
63331372	1012573	0.03954640455908806	1054
71173042	1031487	0.03935219707499118	1054
6271760	1009411	0.03921183282017944	1054
70294292	997033	0.039077860271520076	1054
20595241	1068304	0.038858325595453755	1054
69815375	1044742	0.03876992260008116	1054
76993066	1020759	0.03837484234347322	1054
87926321	1004727	0.03794601336146227	1054
72996973	1082640	0.0377849884205157	1052
61159458	1032003	0.03775412204179618	1054
81791220	1082071	0.03761660199391678	1050
9472834	1058854	0.037495381229928404	1054
3001334	1060052	0.03740001705606709	1054
88593241	1040460	0.037289268544880814	1054
65802069	1035553	0.03724568620193481	1054
46183361	1072374	0.03719696591644826	1054
2057449	1070094	0.03685566435304969	1054
74035232	1060880	0.036789890648527834	1054
68267799	1097863	0.0365231349132835	1049
7946793	1046954	0.036017180906971445	1054
15430061	1044017	0.035848906095968455	1054
81038580	1037684	0.03574740560595506	1054
61964403	1052404	0.035740952262405146	1054
68058194	1082634	0.035582822662136436	1052
2261410	1096565	0.0355217984767935	1046
1286176	1032023	0.03536132341551236	1054
74162962	1076977	0.03529167300136911	1052
62228580	1039335	0.03527323507064693	1054
89216421	1050026	0.03522647084129922	1054
80893728	1077890	0.03497345883704495	1053
78368276	1055753	0.034964820560124135	1054
91415418	1047406	0.03474499331420032	1054
71051592	1059252	0.03470210741563691	1054
63514338	1073428	0.034627036896569714	1054
13382403	1044397	0.03452642109887276	1054
14320658	1082384	0.034494879506352924	1052
1364404	1107267	0.03433854209165016	1028
73914717	1039538	0.03407758931919308	1054
74330740	1116366	0.03397645695766535	1008
85369522	1040592	0.03375913818419582	1054
10343177	1134327	0.033705614499602785	798
71972153	1078196	0.033701125040423434	1053
11173693	1114424	0.03359928164738508	1011
15080702	1075313	0.03348223459553284	1052
59454851	1068090	0.033471931559064486	1054
7235600	1057362	0.03340966171492726	1054
69634806	1075033	0.03260397157810688	1054
2484112	1055780	0.032599793097762036	1054
84582213	1109332	0.03252358936085562	1029
60878713	1082247	0.03250396105999855	1053
6898773	1082206	0.03224737785958734	1053
63883063	1085579	0.03198209178217169	1054
56640741	1075911	0.03150959406877473	1054
56930031	1084549	0.03118223939648864	1052
81956284	1111893	0.031064258977761	1021
39917131	1087376	0.03097869590758252	1053
78671626	1092400	0.03087598125166564	1054
10466925	1112578	0.030751083367800577	1028
62530583	1087835	0.030741886826030004	1052
8307491	1096800	0.029784696139718538	1053
62652749	1096371	0.02949247167584354	1049
80788398	1087952	0.029359979062224574	1054
69043121	1133234	0.029326066513267846	812
91091131	1101025	0.028492453950383988	1047
37934501	1096859	0.028473746759090385	1054
61080156	1122400	0.028404817784700904	961
86744433	1105104	0.028327516444563806	1050
65607413	1098479	0.028174943127120905	1045
16869671	1102276	0.028080922944917826	1041
64460833	1120265	0.027676959459981384	971
69425079	1106696	0.027670248226396826	1036
65290774	1097878	0.027617469243304514	1051
82027610	1108453	0.027581942147254755	1049
7695006	1120817	0.027433408766846894	982
76572516	1100911	0.02742674435316849	1043
18008990	1129641	0.02702291023248889	878
70769431	1103521	0.02683504383783481	1052
60992209	1103466	0.026793165197509614	1052
11277493	1111127	0.026720692486557656	1054
14757686	1106181	0.02606069858343139	1036
73390801	1124471	0.026027135768409884	951
3648429	1102090	0.025789808831674765	1050
87123785	1134884	0.02433217554945198	794
69551279	1112462	0.02405028910358591	1050
75764632	1117451	0.02371040420271259	1027
5632174	1109715	0.023670453473128857	1033
77355543	1128339	0.02354342769273851	916
86452109	1118699	0.023247255529734855	1035
3473230	1117161	0.023216280206545047	998
12697219	1114874	0.022840315872458956	1041
4566336	1117628	0.02273458987905535	1042
6739525	1116169	0.022400222479530534	1036
68710493	1124800	0.02176611479517734	1000
75296739	1119020	0.02163280808985398	1034
12668977	1124266	0.021133227433859852	1005
24403451	1125320	0.020737727720124225	989
73626918	1122606	0.02052031022053776	992
16950738	1128045	0.020504589177469848	888
67785320	1119005	0.020183355029544558	1033
12280130	1122153	0.019772335328718128	1001
25580011	1124542	0.019700572565370413	976
68325218	1131278	0.019536065036626797	878
4157260	1135563	0.019148377318174304	763
12126020	1129859	0.01908557466322112	933
2555176	1126077	0.01879476315317714	1006
63816989	1132149	0.01821616791430977	832
81539762	1140492	0.017862990691519358	588
68091989	1131002	0.017658560523317064	955
1936363	1133815	0.01727246827281345	900
7784560	1135071	0.01716690591826262	933
92373474	1136160	0.016572469538560387	849
1863914	1137787	0.016177668470523005	809
84208593	1137179	0.015868776650541313	922
17950794	1138452	0.01544259903771144	677
9240886	1138654	0.014873623828293537	771
76118727	1136460	0.014322133119549142	966
78349466	1142390	0.01413548221630674	520
936457	1141905	0.013998208678912393	583
65645769	1140701	0.013686363910891737	823
11421822	1140388	0.013628288035395873	632
78595139	1140693	0.012215522637124838	685
30692001	1141457	0.01193385544595295	660
77699618	1142532	0.011109471821238618	456
85540098	1141449	0.011030091053275327	775
76455835	1142357	0.010265196690258875	506
29946871	1142531	0.006796650650291851	616
79063887	1142515	0.0020080321285140556	498
