Total times: 1142537
Item	Time empty	Estimated value	Time
69992142	644191	0.9999845016282048	1054
77960617	550415	0.999511681488797	1054
86483013	952444	0.9960621739605626	1054
91108501	1050741	0.994813540429069	1053
8883995	1082851	0.9943885477542971	1054
75066331	953123	0.9939269901927898	1054
67619943	1066310	0.9929696197620832	1054
55629131	1096731	0.9854984442158706	1054
79938348	1106657	0.9847651929749974	1053
75943787	1085452	0.9794006263738593	1054
20912871	1072572	0.9766860809633735	1053
61256514	1061849	0.9726625458001195	1054
23372091	1102564	0.969028044675996	1053
90282069	954119	0.9648112353570344	1054
861187	999844	0.9643174203576981	1054
68254523	1115578	0.9577717644112546	1052
6862149	1081222	0.9513556757640691	1054
86255145	1087664	0.9502395373065704	1054
12150665	1135599	0.9497100047310667	1047
11102580	1109443	0.9465738024950093	1054
79318731	1108703	0.9436583603137699	1053
64962419	1070566	0.9433623792393332	1054
13070544	1137677	0.9413576767646703	1049
21926661	1141223	0.9375174977414249	1043
4189327	1070888	0.936696900687305	1054
51245031	972521	0.9273978951382276	1054
62188697	1089727	0.9266674768027803	1053
29056981	1120531	0.9172718862379181	1052
93868746	1129742	0.9108135482468992	1051
84039329	1105851	0.9080891075515742	1053
7854296	1133547	0.9078382254987041	1050
74457421	1107959	0.9044879052098653	1054
33291631	1103506	0.9028961943298519	1052
77682184	1141272	0.9002814566384465	1051
16435287	1123283	0.8986466700229413	1051
70292437	1104459	0.8984704515348504	1050
78580184	1125545	0.8964848609435307	1045
13385260	1124721	0.8911439180556613	1048
57719221	1140042	0.8906261514178628	1045
88991703	1101743	0.8838508766189577	1052
66676859	1130611	0.8800428426846177	1044
77664234	1128997	0.8752063905943797	1049
63336157	1132329	0.87512971312505	1039
2247288	1120281	0.8695072041027831	1052
88304149	1079817	0.8694114080157145	1054
77014514	1129519	0.866077544309827	1048
73357729	1125458	0.8619000461182625	1050
72277601	1043355	0.8617085303815715	1053
71578197	1126535	0.8600667700868575	1051
78745107	1115415	0.8527391823801146	1053
43865151	1009753	0.847611898292908	1054
4157260	1141493	0.8457033634185795	1046
73363564	1129305	0.844245437467227	1048
17410069	1115859	0.8379804010534562	1052
76503289	1127942	0.8325406425949514	1049
72325972	1130753	0.828571994433617	1050
4257083	1118084	0.8285311088912306	1050
65391788	1135075	0.8271836859816563	1050
4250024	1123781	0.8268846581980125	1047
8570739	1116562	0.8252068787370781	1048
17217573	1137316	0.8225187437024836	1043
70823508	1136108	0.8223277153050641	1043
73675971	1140058	0.8209420448329183	1035
1400070	1139718	0.8186668382289873	1047
20590281	1109682	0.8149702549126857	1049
91917646	1105603	0.813488550904498	1050
66302827	1120417	0.8125375532645625	1045
3369711	1141333	0.8100901295069634	1051
70555369	1137948	0.8032288192985417	1047
8979556	1101873	0.8029202440048817	1053
87226779	1120548	0.7993323067237592	1050
79177655	1118242	0.7934921469445221	1048
99677218	1098678	0.7920496489660676	1053
74215323	1138770	0.7899250463311804	1047
74066212	1141088	0.7879299763975656	1046
92169736	1111532	0.7852804102003583	1051
50929511	1134435	0.7834934014974273	1047
89184603	1104256	0.7813965133473282	1050
10737055	1095291	0.7813303828927322	1052
91011063	1129857	0.7760059849463266	1049
74326190	1142047	0.7755894682000104	1046
3302777	1141876	0.7746678590929155	1046
71603224	1139317	0.7735677084459678	1049
67429227	1139363	0.7678327868174262	1047
14954817	1116774	0.7673796373254689	1053
78436103	1123350	0.7669906631367741	1044
6526074	1138613	0.7667689382766141	1046
73184322	1129730	0.7666235065553355	1042
5466246	1127297	0.7656493262917403	1038
16498595	1137335	0.7636886240289305	1045
77023726	1129223	0.7631836686236123	1048
2405183	1134707	0.7630450332175277	1049
76570826	1132117	0.762381917158837	1052
16622424	1139139	0.7597892358904579	1042
7880174	1142077	0.7597820768383159	1043
17380488	1125301	0.7586079782443971	1040
76729905	1118874	0.7583341345456436	1046
63992344	1137011	0.7578323596613941	1044
74173803	1136510	0.7578304112116712	1040
11643845	1133577	0.7578132357449517	1043
86451941	1123101	0.7548829327752351	1044
65845323	1122742	0.7546444847848836	1046
68734298	1131755	0.7525709300331495	1049
64258200	1120203	0.7519836435313894	1046
74035232	1142380	0.7512512281538193	1048
15597432	1138603	0.7424740528744125	1052
66293468	1086086	0.7412813874438161	1054
70045109	1133039	0.739355767954674	1051
85089986	1072679	0.7380699416116976	1053
70292834	1125111	0.7269095025877751	1053
7925568	1130571	0.7227955330195642	1044
69618629	1134861	0.7227854729168985	1049
67751351	1132895	0.7198491776646337	1046
63920967	1142469	0.7187901623548151	1038
9331740	1099739	0.7160115298488765	1049
4096104	1103985	0.7141586575180869	1050
34575991	1084102	0.7124252844405994	1051
11051209	1096167	0.7112570046768207	1054
46219471	1131938	0.7110186759463264	1052
71655629	1102625	0.70813140299498	1052
65126194	1130773	0.7070393624053475	1049
77158575	1128254	0.7060585618055537	1044
84986265	1115737	0.7043433856950886	1049
93970958	1121209	0.7010191993983421	1053
65668966	1069931	0.7007658618141217	1054
9214703	1125923	0.7002275367588773	1048
73388496	1136061	0.6993203230723	1047
64550046	1134330	0.6960454367363482	1046
12123622	1134793	0.6959018744528294	1042
72527358	1133313	0.6954027135852858	1042
16082575	1130114	0.6953278296359845	1043
16053451	1116643	0.692340707164188	1054
15148124	1130589	0.69195667413333	1047
2926402	1110937	0.6919556580863174	1047
62019639	1139562	0.6892774904180947	1045
77810916	1133897	0.6885083394754711	1045
46725701	1115500	0.6876632261663456	1051
2323940	1134727	0.6815247400118217	1050
52503871	1089381	0.680805463985966	1052
98104668	1129707	0.6799890414055629	1048
1125208	1129839	0.6799404062767282	1050
62742762	1126599	0.6797142607001687	1049
15036397	1048697	0.6769825551295681	1054
65850520	1137134	0.6747946700186244	1052
13550230	1141861	0.6739382755206214	1047
53489001	1140976	0.6721196810576959	1041
72875132	1140353	0.6720429811273612	1048
16878842	1098505	0.6708470557839779	1053
76068551	1114303	0.6705756133755014	1054
72581182	1091721	0.6675604213191045	1051
70563713	1127281	0.6645986342755392	1041
82492738	1141332	0.664123568720699	1038
71379069	1122502	0.6631688329125796	1049
80593378	1117314	0.6613774319996542	1048
71840449	1135972	0.6601717567836138	1043
10287363	1118520	0.6584521030496422	1045
13679251	1135526	0.6569004361535924	1044
73009950	1121545	0.6565094152622932	1047
536440	1128514	0.6525600868483064	1045
17165097	1141469	0.6494315863009775	1036
91940648	1130615	0.6485683327343522	1046
70077941	1108554	0.6473420865484137	1051
2287585	1134572	0.645863888875595	1053
9597446	1140826	0.6455078200425536	1047
21926321	1112546	0.6428234059135554	1049
13471586	1099860	0.6421233040657655	1051
75249221	1138355	0.6418577437896147	1043
11016852	1135236	0.6417970857007039	1044
74396670	1133514	0.636718750495719	1046
4967715	1122110	0.6312766904097489	1050
12734529	1137561	0.6298859717032957	1043
72462639	1117768	0.6281909950814755	1051
11130036	1109570	0.6280339498878327	1050
72935484	1128533	0.6271488709992543	1040
81899946	1132340	0.6270189817451595	1044
3411439	1138484	0.626313461479242	1040
68221676	1127437	0.6261907820957825	1046
78077516	1142064	0.6255073706028986	1038
8307491	1138210	0.625039116028347	1041
71173042	1108315	0.625011474010762	1046
4678105	1134896	0.6239091765210261	1051
71350313	1124482	0.6142703387910807	1047
14491576	1027966	0.6139421057591027	1053
6081186	1142360	0.6103572847860281	1044
17801250	1102587	0.6072218420550095	1052
16256608	1139362	0.5979025535093571	1045
82925846	1134682	0.5961962754649908	1048
33357171	1129427	0.5938153828138377	1041
4729155	1141049	0.5906506677304576	1048
54445651	1096853	0.5868209312029741	1052
66237014	1069593	0.584291270460296	1048
61898421	1120274	0.5822306058849347	1050
16397274	1120194	0.5821578368213562	1042
62343841	1138228	0.5806696683253942	1047
2586286	1134501	0.5802317615853689	1045
13421009	1140683	0.5795903295220378	1048
72718191	1133231	0.5793291095859547	1046
17460500	1105503	0.5777002571858371	1051
43957041	1121109	0.5771678742610798	1050
75997659	1128929	0.5733548824923921	1052
67653031	1140867	0.5705332260446427	1042
55366941	1130829	0.5686670561722282	1043
75735062	1105970	0.5678197844272669	1051
18752211	1120973	0.5660685525681914	1045
4432859	1125244	0.5650878176100492	1046
9476033	1138667	0.5645466800803033	1045
23527011	1137241	0.5644722620345441	1044
14538246	1141902	0.5628671647721166	1036
14201087	1137215	0.5627906623224855	1043
72759996	1135437	0.5626946819095502	1043
81956284	1141952	0.5626297295094143	1039
71358064	1138356	0.562500000932236	1044
81234030	1132715	0.5576260241615821	1044
81863242	1137584	0.5571367740939939	1051
69425079	1135409	0.555786134675202	1049
99107038	1103705	0.5551762580890056	1049
86319349	1132229	0.5546899475231198	1048
73399731	1084213	0.5538474740553221	1050
72071167	1129007	0.546952458216822	1047
77674537	1123921	0.546317108814612	1052
71418484	1132054	0.5455264493545274	1052
63423553	1129024	0.5410887394335547	1045
16995428	1095821	0.541016361515001	1051
74677465	1089655	0.5405010909155495	1049
75372277	1135552	0.5402863026829793	1038
71142799	1136627	0.5395908521096109	1045
36741151	1098449	0.5395108991222115	1051
3513394	1141282	0.5357895619604431	1038
13685758	1126330	0.5357486781366063	1046
2557026	1139140	0.5351639763041024	1044
64104781	1115125	0.5334331052056379	1050
75286204	1136124	0.5328729761586519	1046
71539796	1135206	0.5319215101899912	1042
10343177	1132059	0.5318756518018559	1045
16169324	1137369	0.5313807204178985	1045
90055837	1138806	0.5312805781732237	1038
78671626	1124427	0.5312500000090951	1042
14012408	1123973	0.5266484339246489	1047
66320486	1138007	0.525666722154714	1046
75265469	1141006	0.5256350757082451	1044
49553651	1122254	0.5254766423900286	1043
77279367	1129077	0.5254264510590637	1044
86262325	1138002	0.5246167211893537	1049
3648429	1138107	0.5234375000436557	1044
10188258	1136944	0.5224513728456013	1047
69124664	1141544	0.5216067312906035	1039
69946823	1139368	0.5207520723371505	1043
15409904	1056057	0.5205078138993002	1048
72482166	1141192	0.5198212265968607	1042
78695208	1115746	0.519686470028325	1048
66295263	1137270	0.5196048084093158	1046
89658637	1141468	0.5195629003229456	1037
46822571	1136779	0.5195312509350183	1036
76375991	1120991	0.5180158627711161	1042
12343704	1135444	0.5178700576095825	1042
69614247	1132928	0.5166059772600509	1043
7761148	1141358	0.5166018012688625	1042
6154428	1126725	0.5161409490392685	1044
75463284	1141214	0.5160534711033057	1044
5726259	1141630	0.5158406506675989	1043
71152082	1141870	0.5157580378586104	1046
26388241	1140348	0.5156861023897366	1037
72135139	1122868	0.51568606507516	1043
78160898	1125057	0.5156273178877484	1039
8348762	1128270	0.5150075006537079	1049
9627370	1138145	0.5122693807361998	1042
88026203	1133270	0.5119020938884947	1046
90546071	1140529	0.5118421391854904	1036
8818789	1126379	0.5117344328320165	1050
71560165	1135150	0.5117202721910707	1044
65290774	1134278	0.5117187514117063	1043
14440304	1127507	0.5107468648664769	1050
67582502	1141759	0.5088858758833101	1039
71148057	1122924	0.5081558236861383	1043
11335416	1138124	0.5081329645120007	1045
2995148	1137704	0.5080655823840409	1047
82264336	1135906	0.5078926124843308	1039
41112091	1130613	0.507874369876177	1040
14218071	1141994	0.507873777825937	1044
12848552	1136158	0.5078125600703354	1049
87722879	1139783	0.5063477757084911	1043
99757138	1137969	0.5058599525368166	1039
62500634	1139609	0.5054331049614165	1039
12561291	1142448	0.5051803905519286	1048
15100914	1142420	0.504595280625054	1044
1528629	1141364	0.5044377243057214	1043
36012181	1138292	0.5039691937273256	1040
78041957	1106915	0.5039399201671149	1047
78153059	1139137	0.5039167702357759	1046
8966603	1140315	0.5039083043391211	1041
13280907	1108507	0.5034991153745856	1048
87954089	1136743	0.5021987096630627	1039
16302319	1139046	0.5020809184361852	1038
4566336	1141756	0.502014160156282	1042
1702066	1141618	0.5019611219463972	1042
67744137	1129731	0.5019595923373465	1046
5316158	1111730	0.5019588470459553	1039
69121790	1141409	0.5018388116741354	1041
13085516	1139261	0.5012383684516101	1042
86847717	1141286	0.5011007804424175	1039
61258057	1139290	0.5004961527898009	1046
64460833	1140877	0.5004882817156666	1048
1103326	1142043	0.5003128061089955	1041
75605075	1129523	0.500302529893933	1047
2410091	1134565	0.5002636918808081	1037
12220450	1137727	0.5001774507118206	1046
92129718	1111041	0.5000463165343092	1043
6422598	1130393	0.5000197291974546	1041
3275927	1130241	0.5000114566702238	1043
53349101	1125786	0.5000076295711153	1042
13014284	1131741	0.5000011960512438	1036
61949274	1141679	0.5000011920970033	1043
5074544	1141008	0.5000002551954169	1034
38095111	1140077	0.5000000242143906	1043
76218879	1140050	0.500000016101751	1035
77522417	866285	0.49995922237328017	1054
83930047	753218	0.4998664855955036	1054
16033869	1014127	0.49168110906076234	1052
12650242	1100120	0.4807229787341318	1052
11331629	1101901	0.47645599581484466	1051
71179576	1098088	0.4598770727241903	1053
72541825	1132305	0.45826148998555666	1048
83294786	1116507	0.45712280690012014	1049
4819939	1100903	0.45710674242617066	1048
78278329	1119248	0.4537010897225163	1050
6132153	1099584	0.45193172202155196	1052
5673785	1120019	0.44792478751789155	1048
83628768	1125144	0.4472656851394561	1048
2609199	1128197	0.4415266597855509	1045
17605922	1080039	0.43998601647324875	1048
89414147	1127869	0.4387236146323135	1047
11725882	1135920	0.43757757800688346	1040
9188742	1123751	0.43415280238746334	1053
68344627	921327	0.4338912889241151	1054
5667620	1081771	0.4294180073358983	1050
8855569	1140187	0.4269011414035876	1052
5600091	1113100	0.42343144577724345	1054
69562013	1021710	0.422940155682596	1048
13779595	1098127	0.4199754525455047	1053
9391101	1102751	0.41601754748786135	1047
5698694	1079842	0.4156117691568629	1049
8599257	1124978	0.4145971594339636	1044
1672747	1130783	0.4102651180157153	1047
66181073	1118882	0.40778162352241065	1045
17963617	1141666	0.40687781612021845	1043
78468571	1123787	0.40675412167962505	1047
71430746	1110543	0.4040014948870698	1054
78315219	1081530	0.40305273666218744	1042
58484831	1093778	0.3964655871740719	1049
68780748	1116002	0.39551282314646086	1046
2159153	1113750	0.39398846313463465	1052
15792789	1138916	0.3908208337484458	1050
75401504	1127147	0.3898939123648715	1047
25671361	1129059	0.389523714028187	1052
72549866	1128638	0.3873500872361318	1046
61449519	1113097	0.3839435679870533	1042
64766302	1131992	0.38288164233381405	1047
73246025	1111854	0.3795664427243972	1044
70366909	1129798	0.3795219715212354	1052
4297595	1118036	0.3791755969942453	1043
75696425	1133516	0.37902832221911464	1035
73378305	1111156	0.37742805656172895	1047
23724351	1123698	0.37727548589974447	1047
78171374	1131323	0.37646486256744627	1046
14510923	1133454	0.3750386248329981	1041
72410285	1132409	0.37500584313420593	1043
96246640	1139410	0.37500119210756755	1047
8206833	1138363	0.37500072141165414	1048
14603033	1130034	0.3750007173532599	1044
8198424	1095241	0.3690316136962814	1053
8431767	1132550	0.36483300523020007	1054
64813415	1100193	0.3643132483151583	1049
64706999	1119320	0.36392704076136995	1052
47057261	1101516	0.36209357208292686	1046
78907413	1081233	0.36195947952720253	1051
78802486	1124661	0.35949719703059263	1053
64322720	1129252	0.3594388971106356	1045
70151283	1055096	0.3522954471424705	1039
66703496	1102205	0.34814766120701546	1044
12119896	1113938	0.3479020364871994	1052
70586395	1133725	0.34790039249630095	1043
3338125	1096839	0.3467375229974665	1050
65292429	1127921	0.34622008078486166	1046
63117347	1129907	0.3457412719909657	1043
65954048	1139593	0.34534074048913865	1051
8247183	1136550	0.3398514989350587	1047
53471471	1126994	0.33642596182613715	1050
89160781	1110922	0.33603430822760083	1046
62264016	1121501	0.3343094124231288	1052
71614478	1086849	0.3339275746334565	1045
80619478	1137955	0.3330539641943986	1048
65443904	1140238	0.33263740235293027	1049
9971564	1125365	0.3291323350459693	1045
70962170	1130438	0.3288576786585513	1047
1243656	1129788	0.32826328557349005	1045
82138970	1130679	0.3262296186415128	1048
13749961	1114720	0.32058811655679226	1037
65018773	1140552	0.3205876017566994	1042
41773241	1123174	0.32043799235572235	1047
17528473	1140361	0.3204051571704488	1044
68670357	1106664	0.3203968671459957	1049
94914090	1140060	0.3169022809335047	1043
74879737	1118891	0.3147813348041684	1047
73205697	1110312	0.31445696403628914	1046
17099088	1130386	0.3136063814311144	1044
34321711	1137389	0.3135085479161826	1048
20595241	1128286	0.31311042048048776	1041
66893259	1132877	0.31305027582198797	1046
8046663	1140933	0.31298926519252773	1040
9779570	1130443	0.31277567340294127	1047
87904287	1127339	0.3126066443774265	1047
8426856	1130497	0.31250828924033147	1046
91217118	1119964	0.3105489165828611	1047
67552090	1127244	0.31034122436544953	1048
65850390	1141128	0.3091160549311396	1044
79775986	1138481	0.3072829339057251	1050
63590356	1087049	0.3064593144634535	1048
69292911	1129192	0.3061834018423153	1045
83888799	1130010	0.30568957841757316	1051
70411902	1065228	0.3050537260717263	1050
74476228	1141976	0.3048796668453547	1049
68788868	1127371	0.3029150884093764	1050
10752377	1085310	0.30178846419407457	1044
10041539	1124553	0.2995763589217132	1051
57598911	1133785	0.29942375822168854	1050
95955228	1142506	0.2990763790458079	1040
81508148	1127203	0.2934494552732699	1053
74583904	1133905	0.2900695800800027	1046
72787889	1126506	0.28993392748380153	1048
10319874	1131230	0.2893678660348108	1050
46510391	1139145	0.28771998432298074	1042
83141690	1140003	0.2859548983312995	1049
68220174	1137352	0.28570556734509733	1046
7107386	1130494	0.28540087126204133	1043
67346349	1128562	0.2841926646215573	1046
23172981	1141345	0.28372402768948796	1045
83063136	1082315	0.28362132456988004	1051
92234118	1127056	0.28324141132230807	1039
9472834	1140154	0.28229537747393607	1043
63983298	1136806	0.2819825411011672	1035
76401318	1134995	0.2818145752119112	1040
73044122	1119159	0.28143385797920945	1048
72461447	1133833	0.2813137187641819	1040
69501553	1105961	0.2775268557836662	1044
77329649	1136548	0.2774410999071586	1045
1118030	1131414	0.27641715450131077	1047
82550184	1137129	0.2759246864966952	1046
90543131	1137132	0.27424633533161824	1045
78867449	1101367	0.27393560909354303	1045
64384132	1136758	0.2734375309084386	1041
91236046	1136431	0.27179924466717104	1049
92125584	1133746	0.27148439735224594	1041
9943235	1132901	0.2709663557506059	1045
71615450	1137329	0.2695465143918485	1046
39917131	1140036	0.26757908053707524	1045
17084042	1139706	0.26689328814638	1045
69794865	1135798	0.266449101114506	1043
15493514	1126983	0.2663669906326055	1043
65802069	1137672	0.26620578864822214	1042
5953902	1131761	0.2658172261462505	1044
64580001	1129522	0.26567078108269393	1046
61805276	1136609	0.2648172379489496	1048
14047278	1135590	0.26434374042379044	1038
4343780	1124286	0.26415282980025817	1048
1869815	1113920	0.26390982921119255	1051
62048229	1093357	0.2628713337723082	1044
79962226	1131119	0.2627659148820689	1046
89790609	1137480	0.26226485521266346	1045
78650008	1133672	0.2607423068003812	1046
53801451	1141137	0.2598883518994629	1039
78074950	1135184	0.2593999692910991	1036
80788398	1131153	0.2592778206018238	1047
17587494	1142062	0.25882459101572025	1043
61107680	1125646	0.2585118003892826	1051
73331759	1138900	0.2582231175912868	1043
5479603	1122642	0.25805333257279406	1046
7524272	1106077	0.25796657911281484	1045
4701067	1140628	0.2579663696338109	1039
13526995	1116094	0.2579662334216853	1043
90256929	1119840	0.25793457776489964	1036
20370431	1135873	0.25790798676099425	1043
9702723	1116529	0.2579062152733091	1042
74625078	1117716	0.2578490865722092	1041
84085449	1132099	0.257814645767553	1045
78758277	1117265	0.25562516071345304	1048
10206502	1131832	0.25546002785409927	1047
74591612	1122155	0.25503247709647836	1048
13148373	1138317	0.2548860770403325	1050
63264439	1137986	0.25418869926262433	1040
81024170	1130457	0.2541503924903737	1041
10200421	1137443	0.25312949282762304	1052
62315343	1133717	0.2530580205678066	1044
89106253	1056631	0.2526872085109915	1050
68559485	1141602	0.2521982974468529	1039
55007601	1137331	0.2521975409540838	1043
78461516	1139384	0.2520008334905281	1040
10659848	1132796	0.25195315835327414	1043
79535742	1124814	0.25195314744316766	1043
75623204	1141491	0.2514671692702565	1041
62228580	1142505	0.2514648586511905	1044
5564767	1139401	0.251251908746792	1044
75851194	1078699	0.2512359991906695	1039
62297140	1141425	0.25105668237893974	1044
84538015	1140700	0.2509771659988474	1033
55678111	1133136	0.25073671729867897	1036
70761560	1141339	0.25048846758864646	1042
2957577	1123504	0.2502472411439973	1042
82027610	1142084	0.2502450945321613	1040
70315379	1142177	0.250128090498281	1042
73994908	1140349	0.25012218987279783	1045
1936363	1135164	0.2501220703125071	1042
12633684	1127890	0.2501070641595115	1048
86452109	1137992	0.2500324733700837	1039
83785402	1140438	0.2500238434486166	1035
2057449	1127088	0.25001145157196464	1042
772894	1139286	0.2500030435662809	1042
12697219	1128460	0.25000048452056944	1040
24403451	1124054	0.25000047869980524	1040
6898773	1136994	0.25000047794310376	1036
84208593	1139243	0.2500001201988198	1036
65991636	1135416	0.25000002991885184	1038
5632174	1116317	0.2500000298023579	1043
69551279	1137569	0.2500000000584351	1041
61139071	1128389	0.25000000000051337	1037
85017611	1002678	0.24988770378489633	1053
4517211	1099129	0.2491437573183935	1052
60797755	1114476	0.241584653795129	1053
61210275	1081132	0.2389144194955804	1048
9883417	1049813	0.23717431634551817	1052
78361807	1126526	0.23656468966352015	1050
75710556	1130281	0.2365046751229235	1049
65007713	1122470	0.23438205036068388	1050
94436884	1141071	0.2343755442184376	1046
31102171	1117653	0.23381438024412216	1054
64516028	1139511	0.22917584847921083	1052
71752391	1113831	0.22886288957682555	1045
70135318	1132969	0.22865390789417214	1047
80492204	1134286	0.22792077531727595	1049
70463099	1126004	0.22481214427330948	1046
65431390	1112399	0.2227281896610269	1044
18161074	1139827	0.2200036370561529	1050
88385813	1125569	0.21977642225169855	1050
57787651	1105093	0.2188883126110286	1042
78446434	1120015	0.21877484833069183	1046
74738131	1141908	0.21875011935846805	1046
69180862	1131145	0.21597067416313082	1052
78426407	1124577	0.20728421310199974	1048
11565079	1108481	0.20727797071162973	1049
63610804	1127661	0.20605471916862034	1046
65483312	1136852	0.20590825390553394	1043
73814281	1125172	0.2052252822506264	1043
73201591	1128737	0.20520405475899473	1042
68825735	1136424	0.205200354597791	1050
13509734	1139708	0.20317701868057225	1046
76310214	1123157	0.19566072282259545	1050
585200	1141208	0.19556060989673096	1050
17489120	1092363	0.19446268839780256	1049
69920682	1141402	0.1943403519839288	1050
8422045	1114194	0.19338241359228198	1053
91503926	1122377	0.1915438175233296	1041
68068261	1119141	0.19093740359003097	1046
2560749	1123525	0.18949187547039886	1049
94073932	1134724	0.18861033208671077	1033
75479128	1137904	0.18793541707054917	1040
70312948	1137580	0.1877756743506467	1045
73914717	1131762	0.18753063680196658	1047
6344074	1120911	0.18751758467352364	1047
67589109	1085628	0.1844598065456613	1048
16744376	1116752	0.18104756170257472	1054
70870518	1095112	0.1777362830623819	1043
66985565	1107589	0.17511928287607598	1046
67810265	1134089	0.17361551524715005	1047
22549011	1122136	0.1725772052453306	1048
89056103	1121736	0.17240525807411222	1046
94636848	1133518	0.16967880186453801	1052
75092622	1140555	0.16705991769903847	1048
73214241	1122844	0.16625988838497185	1046
65155203	1134801	0.1660811180048661	1041
52147611	1136578	0.16513141991168867	1042
69035594	1130747	0.1650820019505235	1045
78158755	1119018	0.1647987368876365	1043
77705868	1102306	0.16409684764296006	1044
6495689	1131393	0.1640931222983078	1039
16103952	1136378	0.16337680889046524	1050
78852759	1139797	0.1611633320585999	1044
66382929	1140786	0.16040051411624945	1042
12369894	1131793	0.16033184599018735	1048
89071893	1136879	0.15973259075240548	1050
87045823	1128253	0.1587201965554358	1050
90146311	1134545	0.15841702386617218	1049
3666919	1135357	0.15652467219571242	1046
52491881	1142292	0.1563420298066004	1045
59858331	1136408	0.15628248685987606	1039
66786687	1130826	0.15627873176939125	1045
4156841	1127914	0.156257771446285	1043
86307237	1142124	0.1562539194785463	1043
69841660	1124499	0.15146567461741173	1047
69237717	1129239	0.14990240339841618	1046
64330503	1132266	0.14981671052089918	1048
88519867	1136302	0.14844520608687797	1043
84768993	1136127	0.14613923136524615	1045
12491045	1139382	0.14503259043170402	1042
67199484	1141195	0.14467291637476742	1044
2693105	1132651	0.14453128862260228	1045
8647650	1115463	0.14283912284834577	1040
4313595	1132727	0.14269129195909439	1049
84063179	1134863	0.14265534305313723	1044
16201983	1131340	0.14206032548466715	1043
66268564	1137111	0.1419715960810928	1035
61377345	1126697	0.14160949831489278	1041
11173693	1130158	0.1416028887197609	1044
9420701	1137712	0.14111542829881296	1044
3151015	1138808	0.14102322007238488	1046
16347072	1134121	0.1409228745673905	1045
71647994	1136751	0.14080835043587936	1042
71242791	1112011	0.14079321434519446	1048
9088995	1126872	0.1406556033763131	1039
64049872	1115007	0.14062595368886868	1037
67540709	1135047	0.14062500064028566	1043
67785320	1110280	0.14062500000096634	1032
7747321	1135269	0.13984698897102105	1049
14931763	1131210	0.13923694424377286	1047
9757537	1128708	0.13850416257782827	1044
39955981	1124922	0.13531894184785645	1049
5375255	1129785	0.13522364164245482	1040
56939851	1140449	0.13385439082145562	1042
14320658	1142267	0.13294988870715946	1034
16287865	1132699	0.13281730704802192	1039
7541920	1141184	0.13281253133027396	1039
66947315	1121935	0.13092819606265985	1046
1674626	1126144	0.13087605741843364	1041
12547602	1111699	0.13062967412547677	1044
83735798	1126946	0.13015797751728897	1046
70625832	1115785	0.13005354290481114	1042
84582213	1136561	0.1294288635254519	1042
4119245	1132277	0.12941046432610329	1043
8524489	1116627	0.12939609261509946	1050
10524260	1131664	0.12918091594531234	1038
56050751	1139696	0.12909031007803584	1045
89978661	1141953	0.12757519365805886	1044
4954825	1075348	0.1274229042437267	1049
67467804	1120835	0.12707925216091479	1045
87813009	1133369	0.12696999320242489	1042
5826100	1117747	0.1267099460092156	1040
65301357	1136528	0.1262207372712122	1040
15447602	1139919	0.12606911112414493	1046
82548950	1136480	0.12606861281715026	1049
64230569	1112607	0.12606854960908737	1043
72756274	1127832	0.12602162465282535	1046
12280130	1141999	0.12598037769203077	1045
73854012	1119374	0.12595283791565745	1046
89827469	1142388	0.12580895802693706	1043
77705560	1137058	0.12573433301964007	1041
1926589	1128677	0.1256184681115582	1040
65607413	1140253	0.12561048218049153	1039
90984519	1134536	0.12560889566654992	1046
12488724	1141730	0.12549591065180732	1049
77787512	1122967	0.1254903153640115	1035
4927984	1132953	0.12548923541908152	1036
88593241	1136856	0.12548828221045663	1041
11435612	1141075	0.1251220852209996	1040
66755681	1138112	0.1250642016598249	1044
70679517	1138868	0.12506312606321107	1042
78543531	1130147	0.1250630628791286	1043
77649073	1142170	0.12506106130701689	1044
63730180	1133254	0.12504697266332113	1040
69818709	1141081	0.12503814977845096	1039
69634806	1137301	0.12503075704808003	1035
73882686	1140202	0.12502302663058285	1040
75764632	1136284	0.12501525881873476	1041
74710553	1140799	0.125011647141964	1040
78368276	1138816	0.12500572252793063	1040
77355543	1140689	0.12500003364432025	1041
76572516	1133754	0.12500000102278366	1036
10127578	1114402	0.12011232799182614	1052
66931072	1106522	0.11972002457516334	1051
12985555	1133576	0.11865670414454157	1046
62176636	1138962	0.11846972443371939	1051
72269660	1121847	0.11837561990681358	1052
85205712	1114335	0.11828026731653371	1045
74831447	1140180	0.11731529242028316	1044
23540241	1097289	0.11356646073761567	1041
98400694	1095557	0.11069651392802665	1048
62707024	1134051	0.11041338185195063	1047
5563439	1140172	0.10877028354730925	1048
76551964	1135012	0.10608017939835443	1048
1209016	1142147	0.10284819393859927	1053
22299021	1127651	0.10267657640361882	1051
71876015	1129474	0.10134998425304055	1050
3921282	1133272	0.10105991386992134	1051
64422296	1129003	0.10026632550224093	1043
13259634	1109763	0.09790936112914916	1048
71972153	1137564	0.09765720391624644	1042
16999015	1138930	0.09681171644508246	1044
15676309	1139615	0.09567466976072195	1044
10258708	1133859	0.09476876329259337	1044
61220152	1139694	0.09427309781495391	1047
68627303	1124893	0.0938532438632943	1039
2030307	1140118	0.09376454179623617	1041
61582313	1118796	0.0932774544927506	1045
87623241	1134433	0.0914137537249779	1049
77052505	1095605	0.09069288487136541	1046
73203277	1115233	0.0898514100560277	1040
74042578	1129609	0.0879178648761203	1043
16015457	1087535	0.08790588765459743	1047
45730161	1140055	0.08746364697103373	1043
2261410	1123411	0.08697509813657689	1045
75125497	1127851	0.08691439058157109	1045
80877874	1116393	0.08625460921507819	1044
61776943	1131370	0.08610544893840458	1041
3164755	1115221	0.08498573304763526	1051
1805436	1119627	0.08420184493458852	1051
60741126	1106748	0.08317566722123637	1046
73638064	1138001	0.08229310272283014	1045
3850238	1141193	0.08204653859241232	1044
82938704	1131635	0.08081246913214157	1048
29177071	1129744	0.07911756635087477	1041
4405502	1122987	0.07910821159035275	1041
73853929	1136238	0.07821917944421132	1042
91539098	1132520	0.0781255961846915	1048
81608188	1140412	0.07731859523375713	1050
77273513	1140500	0.07691242040604077	1043
15136498	1120384	0.07634068206986205	1048
18054075	1134076	0.07568454936063355	1047
16133496	1137068	0.07558835507374104	1046
81306288	1140947	0.07497099880314484	1039
7584125	1138702	0.07254844904673613	1045
1955175	1138248	0.07128920454788114	1044
9566254	1136432	0.0709533795165991	1042
89911461	1141787	0.0709533733316337	1034
891436	1127262	0.07086181781062512	1042
76423928	1135512	0.07085420628579031	1043
62329923	1138169	0.07069117020110427	1047
80893728	1135876	0.07055664065690037	1046
78216243	1137289	0.07032184510901363	1050
73687753	1120104	0.06933596736143954	1041
75131988	1132260	0.06787395477300608	1046
13123158	1133774	0.06765759434810016	1042
79345729	1140493	0.06665043928676101	1041
83504220	1134415	0.06663400170567993	1045
14861779	1135213	0.06645489217789026	1039
56930031	1141871	0.06640628166542406	1044
90714907	1128792	0.06602478588070713	1039
91412514	1140301	0.06506350636574057	1043
5222185	1133919	0.06492248327235865	1046
80933110	1111501	0.0645364402815939	1042
88365603	1141237	0.06447230589040512	1049
36995311	1131086	0.06445423048035084	1043
74951498	1128621	0.06445408272009034	1040
80962504	1137585	0.06401089277519396	1039
14201825	1137485	0.0639662744483509	1043
66211014	1137701	0.06359915435416676	1042
5775938	1138283	0.0635987521673374	1038
62392492	1126985	0.06351186717351781	1047
14663882	1135914	0.0634881258301907	1043
74709640	1140662	0.06311798096677279	1041
774905	1135618	0.06311243782701945	1044
7561859	1111246	0.06266078446106342	1035
83671708	1140390	0.06263787427595224	1044
83204020	1135088	0.06262695978080758	1047
11979974	1127085	0.06259612745182241	1044
14150982	1140057	0.06257631875725311	1042
11640186	1135997	0.06256206544836697	1046
92373474	1138597	0.06256103521445947	1043
28495341	1139067	0.06254581362743064	1033
86837991	1133082	0.06253124785234834	1039
68325218	1141095	0.0625305771882268	1035
63883063	1124873	0.06251531898396934	1043
14841167	1137197	0.0625078119337773	1040
78595139	1142051	0.06250190735590877	1041
78780122	1082553	0.060279915567812814	1054
78405037	1114392	0.0576863596750128	1041
65503200	1138793	0.05567181579229974	1053
72070691	1139991	0.05566868605900352	1048
8750746	1116269	0.055077894850338135	1048
63776202	1142010	0.05496239755314043	1042
11433264	1109132	0.05483371588549538	1045
82900774	1136197	0.05200212083606468	1049
60838240	1135432	0.05177319256937149	1042
4675615	1140556	0.050920494144528705	1042
77244359	1139832	0.04980468962822649	1045
9103959	1140516	0.04922703283962449	1043
60850009	1124931	0.04887045788979316	1041
16748714	1128872	0.04743634228465965	1046
67758791	1137947	0.046876371841793954	1042
10353921	1139458	0.04494200076806189	1047
74411753	1132985	0.042267341198177044	1043
11689986	1129665	0.042001724260472884	1044
66241687	1136531	0.041537887436821797	1043
81434692	1140549	0.041506767760581854	1045
64169643	1140433	0.04130173474551054	1040
72783014	1138180	0.04128361906627773	1046
69990343	1114234	0.04104551708656613	1047
42415611	1135600	0.03982573725125216	1046
14245093	1141879	0.03933787532526278	1048
8478319	1135986	0.039337234645835856	1044
67093926	1140569	0.03931433367007238	1039
6260076	1138863	0.03930687921820475	1035
56047801	1140084	0.039267370748122817	1040
70608592	1126402	0.0392038589945697	1045
78533863	1132049	0.03912357031535607	1041
76372266	1133596	0.03906478083566049	1047
15123380	1140080	0.037400310191416056	1041
14147479	1130439	0.03625679068551336	1046
81791220	1132183	0.0361983195261928	1041
72033090	1122422	0.03619550217990788	1046
3464299	1128499	0.03570565977361406	1044
11856914	1136804	0.0354005277623628	1048
16960561	1139534	0.03528024291341288	1042
63720689	1134983	0.03469111053812325	1046
90988663	1134606	0.03391314116834155	1042
73549639	1132976	0.03380661500809143	1045
87123785	1138330	0.03369164653122614	1033
67976638	1127370	0.03351952228695332	1048
10466925	1133814	0.03322225864394657	1040
6521475	1133751	0.033208853099581326	1039
11602496	1140302	0.033203397182692024	1041
32238981	1134137	0.03289794970669443	1035
16162722	1132821	0.032318115310772555	1044
6240693	1114162	0.032227711999897976	1041
8028053	1138882	0.03198443402652704	1043
71708675	1142303	0.03198260116557261	1041
2970306	1127648	0.031738789040542975	1042
62530583	1141020	0.03173828125000355	1042
74863964	1131750	0.031509876298774664	1037
61080156	1137341	0.031387359167666884	1035
37563911	1114213	0.03137207032711098	1041
60886698	1141229	0.03131106496402937	1035
63766620	1130597	0.031293870066918826	1048
76993066	1142409	0.031282618992023226	1041
68965877	1138799	0.031256766059657666	1038
74162962	1136860	0.03125381662027849	1040
92169672	1141580	0.03125000977979843	1035
11517123	1139293	0.03125000072147275	1038
4630502	1128718	0.029303930823751823	1050
66761683	1136727	0.029052853591625908	1045
15232718	1138660	0.028212674084003644	1047
36449671	1101480	0.02588654922149703	1043
66685987	1130462	0.025393189877853224	1040
90052073	1138353	0.024965466897495465	1042
69733434	1134592	0.024416582921081953	1044
72032570	1136290	0.02396029426245866	1052
4841406	1134806	0.02314770293380186	1046
84707419	1140625	0.021770597903469104	1040
91145851	1123477	0.02087402347592622	1044
85884367	1126998	0.020355464051144523	1037
67204737	1100850	0.02033980438665221	1042
14556837	1142363	0.019554206199873032	1038
56552931	1118299	0.019531287311231882	1043
37368811	1137726	0.018573777775782903	1049
61452968	1138967	0.01856947458218102	1044
65838489	1129794	0.018172310665292797	1043
78530149	1116033	0.01807880471460618	1043
90727095	1141612	0.01806640625003786	1038
5999869	1137346	0.017900588209423685	1034
81888572	1137773	0.017785874178922446	1049
9100736	1141587	0.017579101062089576	1043
81246014	1127961	0.017505236893838715	1048
17964785	1111803	0.01733695858737916	1041
74330740	1129920	0.017335459626568017	1047
86514651	1125745	0.016861438751797464	1041
71605337	1132228	0.016758133250990775	1044
67839834	1142217	0.01673713587166515	1042
6829354	1140922	0.0166015923023225	1042
6739525	1118789	0.016601562507503335	1033
526229	1139186	0.016399623826261853	1046
1711270	1141590	0.016250610646467933	1034
60987641	1131036	0.01593217746683174	1045
36839571	1130822	0.015908241622242757	1044
85324704	1077401	0.01588429632847982	1046
66543219	1137697	0.01586914807612061	1045
18018384	1140695	0.015779993033064	1033
71349507	1139312	0.015748501002715243	1046
9176639	1141038	0.01568234052690448	1044
65117707	1132823	0.01564121339470148	1043
7444285	1141002	0.015640507933092573	1044
75212845	1134391	0.01563364488538388	1044
89454833	1133825	0.015629292698605482	1037
12668977	1129188	0.015629053115844727	1036
61964403	1141022	0.015626043139491674	1034
68091989	1128399	0.015625961154463575	1040
67427521	1142185	0.015625596744947012	1038
71100142	1139404	0.015625098737147913	1040
69043121	1134664	0.015625089474273556	1039
78349466	1140670	0.01562500035291281	1035
77699618	1136968	0.015625000015461854	1043
70083584	1138889	0.013819471256284691	1045
42232481	1132297	0.012062549666155054	1045
13176911	1110413	0.011814297544700654	1041
87360055	1135615	0.00986112655755278	1044
74911301	1133967	0.009842235369504277	1046
7784560	1133906	0.009796142578238798	1036
68071549	1136195	0.009789468866081619	1051
67181610	1135571	0.009766106014042882	1039
15430061	1142300	0.009765625000012747	1038
15661190	1141972	0.008882880446015986	1042
61339484	1108960	0.008629655960321671	1049
2840362	1136436	0.008320876005658572	1047
1589044	1119254	0.008317949892444665	1045
64200398	1121780	0.00830299174527327	1042
69815375	1138762	0.008301020600008261	1042
66541060	1140889	0.008275196603626968	1050
66107883	1134626	0.008134380688773328	1040
63514338	1141757	0.00805667235183094	1040
75159440	1135990	0.007934570318070796	1027
4524232	1139442	0.007905960316895395	1043
4403979	1142442	0.007843025513470714	1035
68058194	1139674	0.007823989728876803	1043
96254942	1129658	0.00782205189352718	1039
4940699	1133470	0.007815370372565912	1040
77603443	1131293	0.007814532170459694	1041
90117913	1132827	0.007812500554798874	1040
11847569	1140490	0.006473809622676369	1042
69497946	1142266	0.006366972817431846	1036
1481358	1132829	0.0055847172699295955	1041
2704335	1124184	0.00520517863333226	1042
65989449	1142500	0.005035520344183265	1036
1286176	1123405	0.00488281252912004	1039
85540098	1131376	0.004882812500001776	1046
83355578	1142508	0.004702367035265723	1048
15080702	1133173	0.004531867947664137	1035
68288613	1141725	0.004455566901044004	1040
16869671	1139924	0.004455566406250111	1043
5147891	1129103	0.004400992302194597	1045
75666691	1136728	0.004398346879114189	1042
67687597	1136292	0.004394541001634531	1039
18167172	1142326	0.004182816134743972	1044
71764550	1129020	0.0041765133243820765	1045
91415418	1139713	0.004150390625087486	1034
14827425	1109195	0.004136036209763539	1045
2481288	1139984	0.004059554077686837	1042
14229391	1135468	0.0040486157013588375	1039
8458109	1096267	0.004036434002048284	1033
84922427	1137272	0.004031183198095707	1047
8629910	1137681	0.0039715823089087054	1044
74041643	1133007	0.003953933774148878	1037
75677523	1136934	0.003943700350681938	1035
5832569	1126961	0.003936976459963834	1042
67755007	1140033	0.003936782483614287	1033
11790246	1141204	0.003910306841149257	1036
936457	1125988	0.003906488418580989	1037
78236344	1132776	0.003906403260900918	1043
23190261	1121965	0.0032433011250534573	1043
8192953	1138071	0.0032046034337228292	1044
7682490	1138346	0.002993967217237133	1044
46183361	1141055	0.0029306561064005865	1045
7695006	1140429	0.0029297026710828344	1036
74805689	1139491	0.002807620942358202	1039
80947484	1141044	0.002693815656244297	1039
16329637	1131140	0.00269317720639963	1044
80455166	1139262	0.002594974594402723	1047
26341801	1129015	0.002340830926130165	1044
50405761	1140325	0.0022279029372219723	1038
8212530	1136907	0.002217531208772024	1033
89850847	1137372	0.0021973257389628085	1036
64699288	1141466	0.0021467209744519093	1050
54767811	1135052	0.0021362310545789487	1043
3001334	1129904	0.002091050293673298	1039
68710493	1140678	0.0020141601572342765	1035
6405162	1141685	0.001956470332800112	1043
62652749	1138497	0.0019536167970111776	1035
45265831	1136607	0.001953365834254983	1043
3473230	1138633	0.0019531287260026176	1041
37934501	1142225	0.0019531269940955553	1030
2555176	1140659	0.001953125072873263	1037
6271760	1124145	0.0019531250582112414	1037
65645769	1141368	0.0019531250072795103	1043
71051592	1128874	0.0014650896337969205	1049
60776064	1134427	0.0014648591177622468	1039
16762601	1141296	0.001246199722005237	1046
70743428	1140584	0.0012436510314874916	1041
17270322	1129533	0.0012284947693577135	1038
73390801	1142336	0.0012283478863679444	1036
60992209	1139988	0.0012207627296449974	1040
1863914	1136762	0.0012207031250035631	1034
60878713	1139488	0.0011138916092936631	1038
33456271	1137709	0.0010992400354474848	1038
91091131	1139361	0.0010987819405272625	1036
65081458	1137653	0.0010986998731861708	1043
80966354	1138566	0.0010567457676083397	1046
15735462	1127513	0.0010223724548422417	1031
9159424	1140684	0.0010071769357902567	1041
74770835	1140483	0.0009856966836914432	1048
3407958	1139173	0.000982776749895664	1044
75575521	1125502	0.0009796922724551946	1036
85369522	1137234	0.0009765699796844274	1040
81539762	1136264	0.0009765680882214411	1039
63331372	1132338	0.0008544940556376587	1035
74512312	1138081	0.0006860653589933351	1042
73933929	1132379	0.0006823579971637664	1042
1730398	1137880	0.0006103520572686705	1038
15825404	1141636	0.0005666028015447805	1045
43430201	1128943	0.0005531348288076998	1036
82973838	1127251	0.0004959143698503032	1045
8642307	1135181	0.0004897118310066622	1040
55954551	1134113	0.0004883433985312207	1046
75549879	1134927	0.0004882813738094074	1039
89233599	1136643	0.00036621094629769174	1044
74250587	1142489	0.0003395829853626614	1045
37260501	1139559	0.00032043668591086663	1037
74984635	1097338	0.0002838525110891027	1044
71579567	1132112	0.00028309511265339814	1045
73561246	1142080	0.000274956710343945	1037
1364404	1131453	0.0002617874597580236	1034
81038580	1116343	0.00025177048520155787	1032
39874111	1139699	0.00024509856359656196	1044
45790471	1142198	0.000244745998060349	1036
79297993	1121055	0.0002447441820550052	1041
6914695	1140548	0.00024462130593550836	1041
72996973	1137929	0.0002441706611803456	1044
17950794	1137796	0.0002441481120740719	1035
71938672	1139421	0.0002441416006606287	1037
14873288	1140142	0.00023712922325630752	1050
14693816	1138922	0.00019079452664528488	1042
7888115	1117264	0.00013931107264442133	1041
9114730	1141060	0.0001392533605297821	1038
85051554	1136568	0.00012976117432297873	1035
4556695	1130140	0.00012601306675475224	1040
18172952	1134361	0.0001225508777094042	1043
7946793	1137296	0.0001221373722728467	1046
12220488	1135081	0.0001220705453963693	1044
8419426	1112459	9.250640892233264e-05	1034
89813133	1142019	9.227312694551001e-05	1043
82445156	1138541	9.173250976657332e-05	1041
63816989	1128107	6.485404446721078e-05	1048
97774228	1138004	6.389624698516271e-05	1027
60835820	1140986	6.318093210394561e-05	1042
89623327	1126349	6.108735958257859e-05	1045
75419623	1115320	6.106600778832408e-05	1048
70294292	1142135	3.446824848652146e-05	1035
64126400	1131512	3.438165101262575e-05	1043
73626918	1142356	3.242585898988187e-05	1035
89216421	1135689	3.0544587446890155e-05	1040
15864476	1117602	2.4043097504035865e-05	1035
77586629	1140590	2.3231203160278824e-05	1041
59454851	1122511	2.2932905267449412e-05	1036
11521425	1139041	1.9075843859185453e-05	1035
61076942	1138055	1.767698359079031e-05	1040
79032380	1123893	1.0732626952399127e-05	1039
70151784	1133538	9.775161843365604e-06	1043
70977719	1138768	9.007294519808176e-06	1040
73691383	1132278	8.600298400551765e-06	1041
87926321	1137525	8.244067430513565e-06	1042
74571723	1120650	7.71880706908212e-06	1045
75296739	1126846	7.689930498600016e-06	1041
6991004	1134144	4.891364433493739e-06	1032
28073371	1131311	4.768429917603761e-06	1042
14757686	1139181	3.938564990590983e-06	1037
72609857	1141873	3.844976213864771e-06	1041
6250190	1136519	3.830366552166898e-06	1042
66213996	1132333	2.8982831716879334e-06	1045
5384567	1139967	2.2100331034430494e-06	1044
76455055	1132720	2.026557981095814e-06	1042
63676154	1139866	1.9076979995845574e-06	1039
70405744	1140437	1.907422323269044e-06	1042
70769431	1139661	1.4901161233818125e-06	1037
61159458	1139817	1.4528639062441617e-06	1046
21838201	1139395	1.4305114764147885e-06	1038
2484112	1137144	5.960609996838798e-07	1040
16950738	1139644	4.768380748136629e-07	1041
56640741	1134580	4.768371582031521e-07	1043
13382403	1132606	2.4214386941476956e-07	1040
29946871	1141803	2.384185791293181e-07	1043
7235600	1135262	1.2108661718451558e-07	1037
11421822	1140874	6.333016244752883e-08	1041
71586056	1135866	6.070513382252575e-08	1032
68267799	1135904	6.010125910318691e-08	1041
75517415	1138200	5.96155587135475e-08	1040
12126020	1131659	5.961214813454425e-08	1045
84592297	1140921	3.356410660582784e-08	1039
76455835	1126746	2.9802326856346375e-08	1040
30692001	1132355	1.3038516710750514e-08	1047
5344097	1126640	7.559950907908707e-09	1044
11277493	1125922	7.508816825263498e-09	1039
90075069	1139690	4.205503945087336e-09	1042
62945228	1104426	2.7939677238464488e-09	1042
25580011	1141503	1.515218173153808e-09	1043
18008990	1129039	9.677594308350658e-10	1040
86547763	1141740	9.497408415542605e-10	1038
79063887	1131946	9.313225746154785e-10	1037
70744165	1141170	7.604870067030428e-10	1041
86744433	1134126	5.275790082590225e-10	1036
9240886	1140083	1.1641588734684097e-10	1036
76118727	1132968	1.42108547154088e-14	1040
