Total times: 1142537
Item	Time empty	Estimated value	Time
75066331	20505	0.9999296658152161	1054
69992142	147488	0.9998753069374864	1054
77960617	446434	0.9990156823769212	1054
16053451	69937	0.9988689271063405	1054
2287585	709110	0.9974741356192154	1054
77522417	481818	0.9785122811802842	1054
16878842	371974	0.9778430338863984	1054
76729905	767944	0.9699937370178308	1054
43865151	180594	0.9642629089683643	1054
8750746	997817	0.9553625075309201	1054
11130036	121121	0.9512374968646546	1054
68344627	382591	0.9404258727736228	1054
64230569	348721	0.9399924427458641	1054
17587494	226494	0.9381799770812556	1054
11102580	286474	0.9356412250872279	1054
51245031	197341	0.9354216371911759	1054
93970958	10130	0.9282816864373231	1054
15036397	501406	0.9276607880480277	1054
14491576	432392	0.9270348730477447	1054
13685758	479511	0.9253757037525947	1054
67619943	570352	0.9183828883737702	1054
3411439	503702	0.9117437605841732	1054
71614478	182014	0.9104893533773721	1054
2609199	616186	0.9065152481991468	1054
31102171	795146	0.9033201924757727	1054
11051209	561923	0.8997039339311258	1054
4343780	551602	0.8940554708386239	1054
4841406	883824	0.8912813509869615	1054
10737055	457851	0.8912771060787708	1054
85017611	456822	0.8896424758513026	1054
61107680	748092	0.8893261742353622	1054
98104668	549377	0.8847773457972908	1054
36741151	456563	0.881837965311455	1054
72071167	387291	0.8750464940103773	1054
86837991	1120327	0.8750158250586562	961
76570826	1024787	0.8742169162753162	1054
15676309	582133	0.8712305654819952	1054
17410069	153271	0.8636747962791976	1054
67552090	806395	0.8536718414389901	1054
80877874	478711	0.8517834422602871	1054
92169672	230724	0.8496132945292629	1054
83930047	45087	0.8455809321019809	1054
11565079	839990	0.8383844508644697	1054
76068551	571485	0.8301994410313157	1054
17460500	782869	0.8292289788058864	1054
16744376	534127	0.8286830570434949	1054
60987641	185316	0.8276696508988002	1054
15792789	759872	0.8268930340210643	1054
65989449	934640	0.8264184595214092	1054
23724351	209192	0.8223362138924133	1054
12343704	388096	0.8217289672188659	1054
70625832	17012	0.820990607506376	1054
66237014	539284	0.8209165419089579	1054
70608592	103186	0.8175438371401402	1054
5673785	277202	0.8143389832300009	1054
98400694	429545	0.8137880783743594	1054
92125584	410167	0.812669404135705	1054
69180862	745620	0.8094899344017914	1054
5953902	312497	0.808716446190374	1054
75092622	159181	0.8005341723928745	1054
12150665	716910	0.796878827885175	1054
79775986	790670	0.7955105916225196	1054
1674626	598754	0.7942965343459537	1054
4096104	295343	0.7926037452289907	1054
62019639	942927	0.7915423946343743	1054
17084042	814575	0.7912754086233189	1054
17489120	778704	0.7895638563487701	1054
78780122	454582	0.7874148488284902	1054
5563439	871310	0.7861887858959806	1054
7682490	226190	0.7822909698346106	1054
25671361	114131	0.7820651193377792	1054
16762601	980170	0.7820034949351717	1054
81863242	784575	0.7793550012013173	1054
69292911	1050989	0.7789176870431873	1054
68780748	687489	0.7754347709939136	1054
70555369	86010	0.7718682910891261	1054
89184603	303211	0.7715346860243263	1054
68071549	694679	0.7695619464504093	1054
1481358	473149	0.7675800928846008	1054
65007713	435841	0.7592402027533058	1054
4819939	174952	0.7591303305893686	1054
80962504	342978	0.7578904193780698	1054
66931072	1072054	0.7575931110064018	1053
46510391	143445	0.7541831139575139	1054
78650008	658278	0.7539177211019708	1054
9100736	137995	0.7536630333225465	1054
12650242	238617	0.7522743050983298	1054
8192953	104175	0.7518820781572294	1054
80966354	691409	0.7516174763482022	1054
92169736	985030	0.7509790812623598	1054
5074544	1047032	0.7509767414085361	1054
52503871	266741	0.7507417760837625	1054
71972153	447804	0.7500305213084324	1054
86847717	1090225	0.7500252723703231	1052
75212845	342608	0.750000001862873	1054
86483013	442201	0.7497367781948145	1054
72581182	355538	0.7374602931920932	1054
4967715	396228	0.7374498073643495	1054
71578197	16438	0.7343514683695307	1054
62048229	41973	0.7298088731637943	1054
8198424	273285	0.7258668095538499	1054
8348762	275584	0.7213956717756814	1054
10127578	3291	0.7208608469116928	1054
81306288	90401	0.7053585705220962	1054
70045109	681601	0.7047136445455209	1054
16033869	125430	0.6990227276270898	1054
71350313	624454	0.6978845796490092	1054
66302827	1018463	0.6958639779559412	1054
10258708	337430	0.6953487436440279	1054
5600091	755522	0.6946538868451233	1054
77682184	143229	0.6936041861454141	1054
15447602	752677	0.6902088101492514	1054
77014514	348081	0.6901657840290982	1054
5832569	670297	0.6890040161686142	1054
12547602	80891	0.6875972941780423	1054
4297595	161535	0.6875953790736987	1054
1528629	360857	0.6875093022246156	1054
70463099	303215	0.6802036833427542	1054
13070544	344127	0.6748544262715817	1054
81608188	333058	0.6742204892749374	1054
74476228	566090	0.6733649752651446	1054
16435287	120859	0.6732874770515144	1054
73205697	574685	0.6723404303193581	1054
64813415	485453	0.6699229655490355	1054
585200	61405	0.6653977059341314	1054
67204737	581105	0.6633415808367689	1054
73214241	287426	0.6616218239071265	1054
70077941	110267	0.6607700813411138	1054
64550046	448897	0.660522484346105	1054
85089986	265763	0.6585478373945406	1054
77052505	179797	0.6572334432782915	1054
74326190	683516	0.6562666388274502	1054
8431767	593035	0.6548196954864175	1054
66293468	191494	0.6478743070653145	1054
536440	269594	0.6473971274698691	1054
71430746	418720	0.6470988196184922	1054
88991703	192466	0.6446069274148211	1054
11335416	238008	0.6420900225931097	1054
33357171	538605	0.640874143719096	1054
69794865	346166	0.6401388094064542	1054
65431390	228325	0.6395738476738164	1054
55629131	788266	0.6388247805061278	1054
73331759	722764	0.6372872080828533	1054
64104781	616003	0.6365505027803426	1054
60797755	161113	0.636157020872777	1054
72759996	37382	0.6338024612253595	1054
36995311	774399	0.6337891221125482	1054
14931763	279144	0.633757046895413	1054
15123380	739380	0.6334486027483599	1054
17963617	864982	0.6331223277400116	1054
3369711	377917	0.6329384174526695	1054
87904287	561790	0.6328849842004836	1054
67181610	217400	0.6328430773284894	1054
64516028	808827	0.6297687496287185	1054
76310214	87118	0.6295287078684941	1054
78468571	374934	0.6291587878951564	1054
73549639	156439	0.6279628019568373	1054
65850390	1111199	0.6276267175180525	1005
28495341	822721	0.6272335351098024	1054
63730180	675602	0.6270768821561631	1054
5479603	32464	0.6269919353944717	1054
71560165	642484	0.6262303013651016	1054
33456271	216798	0.6259766891912477	1054
11173693	685963	0.6255493499486457	1054
70977719	541786	0.6251454578327924	1054
11725882	1033792	0.6250039460161966	1054
16162722	314542	0.6250000186338127	1054
77674537	664567	0.6232256892094495	1054
13509734	590443	0.6226380098833034	1054
5222185	660055	0.6190378684023302	1054
72875132	472506	0.6189120044607114	1054
861187	522341	0.6159040100730717	1054
69618629	114271	0.614693619323504	1054
88365603	700996	0.6099175253725662	1054
11602496	755456	0.60548460856083	1054
77705868	663519	0.6052325446018482	1054
62343841	185715	0.603883440095125	1054
72718191	437591	0.6027620394084511	1054
1869815	965720	0.6013362098449226	1054
64706999	736388	0.5991276631116421	1054
15136498	989606	0.5958628824593226	1054
68825735	608841	0.5944865060994413	1054
13280907	127511	0.5939525125154117	1054
62264016	748223	0.593941950762562	1054
86744433	589427	0.5937595369761085	1054
69501553	1055889	0.5905315224372334	1054
75710556	511041	0.5885236620025047	1054
70292437	391270	0.5868098239838041	1054
61898421	157785	0.5806281160367917	1054
23190261	167711	0.5787356745147042	1054
62297140	815539	0.5782014132137483	1054
73933929	1080548	0.5781612420778477	1051
71179576	848866	0.576007267676614	1054
14150982	579007	0.5756874089749999	1054
70870518	1030332	0.5744628944407948	1054
1702066	373601	0.5736447280901109	1054
15148124	389895	0.5735493921683327	1054
22549011	902796	0.5727902017629942	1054
82138970	440911	0.5727887012218553	1054
76401318	853036	0.5683671237932233	1054
77273513	156752	0.5676594496573026	1054
74879737	940131	0.566566720885648	1054
71242791	262958	0.5664063626550733	1054
69124664	232155	0.5655670559506804	1054
79535742	643518	0.5654578247457556	1054
64962419	523154	0.5645228946884195	1054
2560749	98976	0.5645141677232762	1054
77329649	822160	0.5644550399506758	1054
16103952	1111530	0.5642399240896341	1021
8426856	1103429	0.5637817578437136	1033
92234118	938658	0.5635552119238207	1054
15409904	617389	0.5626538526267382	1054
526229	974436	0.5625658039939604	1054
74041643	553262	0.5625324267905117	1054
4517211	527840	0.5602715701759724	1054
63720689	30633	0.5597665942054071	1054
16169324	127639	0.5560771960950215	1054
90543131	306001	0.5548123198425402	1054
2159153	615058	0.5489127458480406	1054
69946823	324507	0.5482636112895056	1054
65668966	635876	0.5478623593972464	1054
8979556	595119	0.5478436380693791	1054
71655629	548900	0.5470925823987145	1054
71764550	88278	0.5468983761988306	1054
69841660	624371	0.5454074215485581	1054
79177655	443630	0.5444789231715237	1054
73854012	807970	0.5436701106069444	1054
90984519	630091	0.5410679880599937	1054
67429227	164642	0.5400508539880526	1054
71539796	1004198	0.53735363780379	1054
66541060	202435	0.5372425021707274	1054
9391101	880652	0.5366859774227375	1054
75125497	613387	0.5366821447715469	1054
4701067	212492	0.5363008381588799	1054
77649073	953666	0.5352097753494719	1054
7235600	211966	0.5351562500054641	1054
7747321	731393	0.5347059072053395	1054
8642307	504608	0.5320444109784441	1054
63264439	644592	0.5320131939526159	1054
17605922	686665	0.5319382342895669	1054
71358064	578939	0.5313263541468842	1054
7584125	1043359	0.5312815029319616	1054
11847569	196446	0.530899646362399	1054
4189327	772056	0.5295314788009245	1054
8818789	394190	0.5283821895864396	1054
16302319	1100878	0.5244140853901627	1047
65443904	845182	0.5235943227136002	1054
74677465	71369	0.5205627205621122	1054
67653031	534728	0.5196047603904066	1054
89827469	1065506	0.5195313738952917	1054
83888799	884141	0.5189262332574495	1054
10287363	879804	0.5185642582666423	1054
37260501	850510	0.5175857581307657	1054
76423928	398072	0.517502547250416	1054
5466246	585769	0.5174034843514801	1054
61449519	871339	0.5173975583787964	1054
5826100	979001	0.5166188798055061	1054
68670357	34169	0.51649479233482	1054
14693816	960119	0.5158693047856682	1054
29056981	299060	0.5158611699011346	1054
2693105	46979	0.5156421738247455	1054
69818709	995211	0.515625149014568	1054
14320658	732148	0.5107424297020772	1054
71615450	228390	0.5098266615975718	1054
20912871	462002	0.5098007825101079	1054
6081186	905434	0.5097828004602434	1054
64126400	452127	0.5097774304607015	1054
71379069	548957	0.5086569844128469	1054
6495689	911788	0.508323767227979	1054
75265469	420974	0.508180248367642	1054
63336157	299035	0.5081462906725278	1054
9472834	430553	0.5080568827688801	1054
66703496	295560	0.5078774183504181	1054
90256929	779785	0.507813454612922	1054
49553651	712051	0.5064784626450631	1054
72032570	143992	0.5062610066961568	1054
67093926	845778	0.5058708433086867	1054
75575521	86398	0.5047150850405261	1054
11856914	931694	0.503921628880562	1054
8307491	1069284	0.5039100665608238	1053
80593378	377981	0.5039063119329628	1054
61805276	79059	0.5032807300481337	1054
75696425	358899	0.5025032163832767	1054
75131988	834863	0.502456728370362	1054
18008990	526665	0.5024490542855347	1054
21926661	736696	0.5020547695750335	1054
9597446	836802	0.5019951258190077	1054
87926321	823098	0.5019531549188514	1054
11790246	807990	0.5019531324514902	1054
16995428	336811	0.5017625666828476	1054
64422296	309825	0.5016178723582957	1054
5632174	1137772	0.5010385518289979	627
57598911	70384	0.5010148700576122	1054
91940648	506134	0.5009879790894671	1054
3513394	242150	0.5009809453418143	1054
82973838	889591	0.5009765626309868	1054
70405744	906638	0.5007024557275486	1054
13749961	945255	0.5005541213640791	1054
39917131	1103359	0.500489234938926	1048
74162962	655757	0.5003664494470297	1054
20370431	751132	0.5003075652058604	1054
84063179	364686	0.5001328984012626	1054
16329637	659339	0.5001242776672826	1054
89813133	105225	0.5000916724241202	1054
61776943	1008990	0.5000701038425642	1054
73203277	175247	0.5000653807424781	1054
5775938	864597	0.5000610360884856	1054
6739525	1142456	0.5000305175782391	502
4157260	214348	0.5000114443246355	1054
65290774	615699	0.5000000596046459	1054
53471471	406428	0.49481208997372317	1054
46725701	53880	0.49366275967470186	1054
68221676	789149	0.490757229017901	1054
4313595	421448	0.4892793075383036	1054
75943787	360205	0.48174150938757165	1054
4678105	887822	0.4810836320558033	1054
2323940	58746	0.4762045568339951	1054
87226779	774213	0.47172167951456045	1054
6132153	285688	0.47131081856684487	1054
79318731	394979	0.4707070425238348	1054
66893259	367735	0.45767498831355635	1054
71876015	449198	0.4568446335111076	1054
1243656	10771	0.45327761909175057	1054
78758277	340984	0.4512534791183623	1054
91503926	881877	0.4479980993204436	1054
41773241	621819	0.44629794924264954	1054
4729155	48891	0.4423113545498628	1054
33291631	492942	0.4414463966319472	1054
9176639	1065536	0.4381800080018694	1053
81246014	306961	0.4373565659179431	1054
13385260	685624	0.42200088524717627	1054
87623241	873442	0.4169269826168152	1054
13679251	280850	0.4122341396802103	1054
91011063	759717	0.4112804765196668	1054
18752211	818928	0.41039283058581044	1054
37368811	666102	0.4082414509521227	1054
82550184	823942	0.40653253533002975	1054
91108501	517994	0.4044456727556631	1054
93868746	56577	0.4026742446579751	1054
77664234	669673	0.40005568426853644	1054
55007601	484032	0.39718876415307236	1054
12985555	31482	0.393066930134103	1054
94636848	845970	0.3926141489779521	1054
66295263	778896	0.39136660649874144	1054
34321711	523034	0.3911448933783106	1054
26341801	71515	0.38925254348044286	1054
73675971	29904	0.3868122774512131	1054
61159458	1123566	0.38385200919583445	932
85205712	240980	0.3792031381616381	1054
68559485	99381	0.37915182160236327	1054
71173042	1090586	0.3789110556535925	1047
69035594	1057586	0.37694798612395264	1054
88304149	116176	0.37625392885415926	1054
8247183	955177	0.3762337642861398	1054
1209016	590371	0.37617135090488185	1054
78160898	471731	0.37561039118918443	1054
52491881	558289	0.3755474612171962	1054
55366941	385535	0.3752310648560678	1054
14147479	692327	0.3750634565967915	1054
1926589	689334	0.3750023870991338	1054
69562013	135981	0.37390103270801267	1054
4954825	639274	0.37350527460773486	1054
65850520	766662	0.3729207493843205	1054
70292834	609293	0.37024123298949896	1054
5667620	610136	0.3698432863004648	1054
78745107	787313	0.36921070198884165	1054
6154428	857612	0.3647556304931936	1054
73814281	620543	0.36433464390521303	1054
75286204	390636	0.35951699573763857	1054
86307237	234751	0.35899353261636735	1054
71752391	638356	0.3567781449313903	1054
70366909	75454	0.35467768481364503	1054
13148373	988414	0.354671365140817	1054
78216243	22842	0.35316023700312377	1054
82264336	340884	0.3526306450376211	1054
14827425	704350	0.3523571577693501	1054
91917646	804213	0.3516352553637114	1054
87045823	377108	0.3511146355686506	1054
4432859	889470	0.3482971638626396	1054
73363564	405344	0.3457658831839897	1054
83294786	932139	0.34394085819918996	1054
67976638	1101265	0.34382641507682055	1032
12369894	214586	0.3412938159019703	1054
6344074	814928	0.3411303908252137	1054
9331740	132924	0.3360238080296958	1054
77279367	957052	0.33497865641038976	1054
65503200	150156	0.3337690298803865	1054
80492204	37493	0.33063413603037084	1054
83063136	299633	0.3303821182455535	1054
10319874	799901	0.3303413689282878	1054
69990343	431633	0.32966838312861724	1054
77603443	829879	0.3292851159395842	1054
9476033	858490	0.3286158500643097	1054
45790471	1048791	0.32825577352196883	1054
81434692	1076516	0.3282396235522397	1053
70563713	222037	0.3251841211260749	1054
89160781	106741	0.32479498205490837	1054
45730161	708052	0.32230809890342793	1054
82925846	419957	0.32215645167544055	1054
91236046	26536	0.32179637707592	1054
9420701	1026347	0.3213008642781595	1054
58484831	486750	0.32113216746025874	1054
74411753	571546	0.32092485204488785	1054
78074950	954675	0.320922853429794	1054
3338125	152127	0.3204637093671398	1054
70151283	64041	0.3183624759059036	1054
82900774	734813	0.3179779211189713	1054
66985565	200220	0.31662787235189627	1054
74911301	1013811	0.31641552237159076	1054
66382929	1132372	0.31641007960252154	765
68288613	66542	0.31372213363835055	1054
66947315	88289	0.31299150026470746	1054
94073932	187520	0.31277483821057583	1054
10752377	268879	0.3125229019727893	1054
80933110	634679	0.3125069310361404	1054
8419426	1136851	0.31250047707000306	730
86262325	487761	0.3092499180941311	1054
5375255	812867	0.3086176552337805	1054
78278329	44350	0.2997160810629592	1054
5147891	1129893	0.29688277148310177	838
4630502	973654	0.2954332624820247	1054
16960561	174548	0.29307139674099925	1054
73357729	186022	0.2926463089735178	1054
14047278	568261	0.29102531396725567	1054
78315219	136720	0.290926478106627	1054
39955981	79609	0.2902571748275353	1054
61210275	52330	0.2902380339903557	1054
15661190	489090	0.288151338957349	1054
72935484	232015	0.28649916159417943	1054
8855569	499736	0.28641367372896165	1054
15864476	658071	0.28521967040710194	1054
3921282	75657	0.28471387934567916	1054
67346349	463429	0.2846859144432967	1054
78446434	386074	0.2839538306254794	1054
71418484	389246	0.28389186334093697	1054
84039329	161340	0.28343083656213003	1054
80947484	1021776	0.28332842143028125	1054
72325972	443095	0.28301621413612194	1054
3850238	977895	0.28227615362948383	1054
83671708	688956	0.28206446141257935	1054
3275927	418368	0.28186326172567666	1054
1672747	926532	0.2817574407681742	1054
23372091	330285	0.27521559063748	1054
67839834	891589	0.27491808084688646	1054
60776064	166845	0.27408648660924284	1054
6862149	835430	0.27168651284756773	1054
74512312	465785	0.26970006142807096	1054
94914090	762320	0.26957705627189243	1054
5564767	788201	0.26933914470333087	1054
8206833	39023	0.2676773334387743	1054
72996973	604186	0.2670937855728006	1054
64169643	873638	0.26684618204672583	1054
62228580	867881	0.2663574219950542	1054
6260076	1042390	0.2657471299253311	1054
77355543	1025244	0.26565575879181047	1054
891436	498330	0.2656288159057585	1054
90146311	425261	0.26088395780253487	1054
94436884	671091	0.2594414354252914	1054
77158575	539906	0.25927978777349564	1054
67589109	152491	0.2590056902307688	1054
77787512	786899	0.258800508105221	1054
56047801	817342	0.2578547073410107	1054
78426407	570334	0.2553790213497263	1054
7444285	244430	0.255127016920941	1054
70151784	645693	0.25488305284125534	1054
71708675	895489	0.25476074642398705	1054
80893728	49752	0.2542724758541226	1054
95955228	645860	0.2540283774899615	1054
79032380	128256	0.2539141217130397	1054
17950794	650227	0.2539100646972656	1054
4250024	508366	0.2525041267662601	1054
16622424	738558	0.2520964742344766	1054
62176636	143614	0.2519534312363532	1054
81888572	535727	0.25170557196734566	1054
14012408	736376	0.25134188091035076	1054
4927984	1097281	0.25098061675276995	1046
73882686	675564	0.2509792075272801	1054
88519867	311757	0.2505912819916214	1054
14510923	770500	0.2503668072260037	1054
46219471	671148	0.25031396626653274	1054
9240886	1104972	0.2502899169922159	1035
1400070	379189	0.2502455739764336	1054
67755007	853554	0.2502441406559228	1054
12848552	425241	0.2501451970392772	1054
11521425	936198	0.25012994598411353	1054
5384567	386544	0.2501223245673217	1054
79297993	981224	0.25012207790906166	1054
82938704	576435	0.2500917961006124	1054
61949274	505837	0.2500611849013694	1054
70962170	535883	0.2500611551076874	1054
10200421	529012	0.25003166931371734	1054
65991636	851430	0.2500306069855469	1054
75549879	750053	0.25000956655191164	1054
15080702	1069662	0.25000818075568554	1054
66761683	290188	0.25000787272628955	1054
6271760	988331	0.25000774860475894	1054
8599257	172799	0.2500043502411942	1054
774905	152173	0.2500038152230107	1054
76455835	1120467	0.2500019078142941	965
4524232	918902	0.2500009583892237	1054
63514338	508189	0.25000000000733325	1054
13123158	1103845	0.2388310452257382	1024
13779595	56793	0.2367037541188215	1054
9214703	362901	0.2365195217153449	1054
72269660	909679	0.23503426548403836	1054
65483312	220052	0.2344214692753117	1054
90282069	668886	0.22945284819976375	1054
68734298	325086	0.22839617985781258	1054
60741126	108848	0.2279123019116446	1054
13421009	672085	0.22708894362086968	1054
61076942	826694	0.22580734921211842	1054
74457421	379499	0.22335453401630948	1054
61452968	167040	0.21958925109453858	1054
62329923	920194	0.21914430277104308	1054
79345729	193953	0.21902470314002898	1054
72541825	604301	0.2188439620667887	1054
10188258	512209	0.21605687453088745	1054
72277601	454896	0.216004500619065	1054
84986265	571745	0.21575739823560225	1054
8647650	386395	0.21542785156692668	1054
89978661	416800	0.20839298615705382	1054
63766620	333320	0.20508244659915195	1054
17801250	2094	0.20362132228935084	1054
9971564	294382	0.20339117968394446	1054
68788868	994892	0.20081611239294558	1054
8478319	556520	0.19947103411193903	1054
68068261	107064	0.19852477517282452	1054
80455166	147894	0.19727326961975838	1054
78405037	805744	0.1962981670370634	1054
78530149	462553	0.1955604881150319	1054
71100142	98798	0.1914065815653941	1054
16082575	267795	0.19074639704474905	1054
71647994	972015	0.19067789173334973	1054
60838240	271699	0.1906139312869639	1054
73246025	64016	0.1897302959188121	1054
68710493	1120516	0.1889648438154872	956
66181073	835277	0.1888486150892943	1054
38095111	500103	0.1884770399484701	1054
9779570	206957	0.18774604800274378	1054
83785402	690463	0.18762410648974992	1054
12697219	1141047	0.18757843971980037	472
54445651	103412	0.18753243401920994	1054
1364404	513857	0.18750146089588093	1054
13014284	919007	0.1875007152631838	1054
17528473	939400	0.18072971172893018	1054
15100914	988472	0.17383578606678363	1054
5999869	618682	0.17347879756312998	1054
13471586	157078	0.16818810559789232	1054
17964785	790787	0.16687780765754923	1054
64580001	912278	0.1640625311592887	1054
84768993	296789	0.16236807902699624	1054
2030307	13596	0.16120962884654208	1054
75401504	950367	0.1608276367777824	1054
76503289	905343	0.16050860314969478	1054
69237717	943974	0.16037005621928735	1054
7880174	817273	0.16016504263203643	1054
78158755	851398	0.15872962042647748	1054
67582502	829025	0.1585314658114073	1054
82492738	34123	0.15832570952080277	1054
9159424	20645	0.15771484759352905	1054
73687753	313473	0.15771484562003568	1054
78867449	826307	0.15685727023585797	1054
62707024	913004	0.15677037464068544	1054
74710553	694163	0.15641117149928688	1054
68965877	1038057	0.15625029995135992	1054
65391788	698557	0.15196105126449272	1054
60850009	420498	0.15031455145214298	1054
66786687	741504	0.14991761863382255	1054
1955175	929356	0.14942421904294448	1054
88593241	1137099	0.1484985353467892	705
11979974	260508	0.14849102591011148	1054
18054075	453414	0.14599627384478797	1054
80619478	326783	0.14559197894472756	1054
75677523	394130	0.1452027080633799	1054
50405761	812347	0.14508068588475043	1054
76372266	243800	0.14391911411815045	1054
57719221	899795	0.14380218599097108	1054
69614247	247307	0.1437390726078449	1054
2481288	863587	0.1428589830322906	1054
89911461	1004459	0.14123560488285136	1054
74042578	1036342	0.1409317707555458	1054
1118030	297803	0.14076187987753422	1054
68627303	935289	0.14074738711955348	1054
69497946	189277	0.14069366491574803	1054
66543219	1128268	0.1406636275642441	854
67744137	1005784	0.1406490244062515	1054
772894	173942	0.14062547803069952	1054
2586286	44658	0.1388274331298538	1054
71603224	11830	0.1369863169106821	1054
8966603	369776	0.13671972046180292	1054
3151015	287742	0.13479618821384445	1054
2840362	281077	0.13397555286405857	1054
2704335	205587	0.13391882371308927	1054
70679517	121052	0.13378407736354858	1054
7524272	1034048	0.13366896663536215	1054
81024170	964763	0.13312018966877304	1054
65607413	1087369	0.13282775879725195	1049
9088995	1110714	0.13281452748934441	1020
65018773	1011276	0.13198180317067998	1054
8570739	42255	0.13155746833107623	1054
73378305	8348	0.1314261011468736	1054
62188697	100813	0.1313196518808804	1054
78695208	93643	0.13130239662601162	1054
3407958	712311	0.130868434906148	1054
16397274	326942	0.12990189361546411	1054
7107386	1030675	0.12988662850375482	1054
16201983	1131758	0.12945593204098538	885
86514651	599977	0.12933541835369855	1054
7854296	1019661	0.1291535606892557	1054
57787651	494243	0.1290321365236196	1054
87360055	993510	0.12890631031950953	1054
66241687	64858	0.12793767548284432	1054
89658637	291632	0.12793207920242747	1054
68267799	870839	0.12792968797004003	1054
65155203	377740	0.12758284808224307	1054
64330503	327798	0.1270580739960694	1054
75666691	188733	0.1269609930459411	1054
72461447	1036033	0.1265260466062802	1054
67758791	768957	0.1262384951424239	1054
14663882	865674	0.12622070312592376	1054
52147611	76544	0.12610626227615643	1054
78436103	323635	0.12606051594147946	1054
63776202	713980	0.12598471369810937	1054
61139071	1067444	0.12598431116225584	1053
5316158	930850	0.12598420679569244	1054
78802486	978476	0.12597754605144917	1054
81234030	252014	0.1258927387750673	1054
4556695	1065846	0.1258626580857156	1054
62392492	934427	0.1257397388190045	1054
17380488	293893	0.1255512834599664	1054
11640186	1098114	0.12552073602320357	1041
61582313	1075937	0.1254909802674652	1049
74250587	287704	0.12531281751967124	1054
7761148	319788	0.12525189133045755	1054
1589044	407888	0.12521743797797186	1054
78236344	443328	0.12516022476712246	1054
75249221	883072	0.12515258793480347	1054
70769431	938454	0.12512207031356584	1054
74173803	1085245	0.12509351970221005	1053
91412514	677346	0.12503051760177553	1054
71152082	942989	0.12502292658155195	1054
63883063	698400	0.12500798702706464	1054
89233599	604709	0.12500691786468132	1054
15735462	453102	0.1250061431801459	1054
88385813	259173	0.12500581577540265	1054
8028053	605316	0.12500168941915205	1054
89454833	690228	0.12500099340149995	1054
20595241	391615	0.12500056670982224	1054
64766302	1069092	0.12500006769751434	1053
5726259	336716	0.1250000642903708	1054
76118727	1142486	0.12500000000005684	414
74215323	1072731	0.11735897375096829	1053
89056103	1011406	0.11326377375204544	1054
13550230	916064	0.1126423266319714	1054
67751351	497605	0.11195622449316009	1054
86255145	765245	0.1111438141302254	1054
12561291	442367	0.1102296328235828	1054
21926321	318895	0.10941696460943051	1054
90546071	341752	0.10937693719142942	1054
9188742	200860	0.10670310064903125	1054
91217118	413511	0.10327199856738473	1054
15232718	242952	0.10159349645835739	1054
73638064	856059	0.10109824050050661	1054
16347072	372883	0.10060265106509117	1054
5698694	642293	0.09983922967103845	1054
81508148	756460	0.09838078436583682	1054
73201591	738696	0.09796747783093585	1054
96254942	641765	0.09766077995443778	1054
4405502	179184	0.09676410281391258	1054
15597432	718758	0.09665389951898781	1054
71840449	635365	0.0958257038729233	1054
13526995	869396	0.09570320733772562	1054
67810265	612172	0.09475767892036041	1054
64049872	1090464	0.0947294309809279	1046
72787889	259154	0.09452267179949975	1054
3666919	59583	0.09390417115481156	1054
9757537	606170	0.09283085571109984	1054
3464299	631885	0.0883809929412136	1054
7561859	1115753	0.08717835322477187	979
12734529	989484	0.08597184918119194	1054
2405183	545998	0.085929406595454	1054
67199484	769427	0.08217192825990166	1054
3164755	768275	0.08203935652552076	1054
8883995	518047	0.08168687835064412	1054
74770835	463361	0.08151549526409863	1054
23540241	204436	0.08105618042487206	1054
14873288	914990	0.0808982925757469	1054
10353921	331301	0.08059845879742578	1054
9883417	592265	0.08055006301085696	1054
78543531	519563	0.07994477963080726	1054
53801451	245908	0.0798340440596806	1054
97774228	967458	0.078865059655982	1054
79938348	890919	0.07885229707758536	1054
87954089	679304	0.0787052606756489	1054
60878713	990657	0.07843017773120692	1054
64200398	168852	0.07815743986068219	1054
2995148	524019	0.07812819490976719	1054
16999015	103648	0.07692183277830722	1054
78907413	557666	0.07292917065526078	1054
13259634	70184	0.07261087569456941	1054
69121790	752049	0.07256031806358754	1054
67467804	350130	0.07226586435137972	1054
50929511	116725	0.07157898322481118	1054
47057261	109682	0.07129318226367864	1054
46822571	315829	0.07129180431370409	1054
46183361	547603	0.07046522945228162	1054
61258057	829909	0.07043470046938484	1054
4675615	414082	0.07035171997647272	1054
90052073	525034	0.07032435486690426	1054
12119896	408119	0.06960916756727935	1054
66676859	180845	0.0694968739477897	1054
83504220	235071	0.06885795311706744	1054
78580184	306943	0.06851732732636898	1054
74984635	800819	0.06800842334678259	1054
75735062	423566	0.06700170802419908	1054
56939851	352511	0.06671540848061142	1054
63117347	412547	0.06665234270647967	1054
6521475	163221	0.06640817996231087	1054
2410091	805296	0.06640642882548176	1054
7784560	208925	0.0664062500291056	1054
73853929	489962	0.06593401742066263	1054
15825404	1097446	0.06500305425177767	1045
9702723	1034841	0.06494260046778806	1054
87813009	336906	0.06494202163834119	1054
71349507	1093790	0.06445315481050784	1051
2926402	584978	0.0640684745048298	1054
91415418	26522	0.06396485868026502	1054
61377345	1106592	0.06378223188224304	1019
41112091	96958	0.06375123304593978	1054
75851194	981715	0.06359980408962329	1054
90055837	70554	0.06350713968664934	1054
66755681	172080	0.06347753130853563	1054
83204020	219666	0.06329822541789644	1054
71579567	573378	0.06317904317984624	1054
72462639	928916	0.06312601272159847	1054
75623204	1063541	0.06303405762085046	1053
11433264	287711	0.06302442693797539	1054
70315379	144489	0.06300515344901214	1054
16869671	675989	0.06299018906429413	1054
78671626	843624	0.06298852386680709	1054
81791220	1004490	0.06278821107116622	1054
72527358	996594	0.06275544081882425	1054
65292429	549424	0.06274931879006712	1054
84582213	1023257	0.06274414552012963	1054
10466925	722353	0.0626235008385585	1054
16256608	93645	0.06256771212069737	1054
73561246	1089677	0.06256496948743973	1047
23172981	959282	0.06255170727133226	1054
54767811	311705	0.06253434741030617	1054
78077516	725091	0.06253207312164545	1054
11435612	246849	0.062520982727186	1054
16498595	669346	0.06251635044930293	1054
85540098	1138287	0.0625152587890625	672
74805689	1016834	0.0625078678283906	1054
12668977	765048	0.06250762939456345	1054
7695006	467497	0.06250191666914165	1054
1805436	28804	0.06100559467455123	1054
4257083	680353	0.05922753552595959	1054
74066212	264184	0.057044053586002445	1054
63423553	844301	0.05674478967160833	1054
20590281	504474	0.05102780655194523	1054
71142799	894728	0.050795615436544324	1054
16133496	554226	0.04909482610462322	1054
85051554	1125975	0.04885864257812501	937
63590356	123951	0.04832939344121506	1054
72609857	1072994	0.04828643799763379	1053
89623327	678235	0.04812631164722456	1054
69733434	69705	0.04789737100882442	1054
77705560	768199	0.0478749799139	1054
36012181	835696	0.0478598217025632	1054
2557026	265556	0.047652729568897115	1054
36839571	478808	0.04737104711273621	1054
85324704	237989	0.04736775944195504	1054
11517123	127344	0.04699713053787494	1054
56930031	1130926	0.046936037020828936	856
2247288	845433	0.0469211894560665	1054
67427521	1032510	0.04689025879724806	1054
83141690	302946	0.04657793628262539	1054
23527011	113674	0.045899435888742915	1054
17165097	157573	0.04402463895628507	1054
73399731	741642	0.043929243520324686	1054
89790609	962359	0.04358911515785735	1054
7925568	334826	0.04324488347721548	1054
89071893	17950	0.04222974725481305	1054
75997659	6564	0.04211297812244986	1054
78171374	783064	0.04116904740118699	1054
71605337	1011359	0.040940003704851735	1054
68254523	260045	0.04070897599352316	1054
83628768	535709	0.04010111841502706	1054
64384132	649886	0.03969573983886243	1054
72549866	708642	0.03969009881200374	1054
43957041	630067	0.03960807714976927	1054
75463284	780071	0.039138794425658964	1054
6405162	1116034	0.03906488418625998	981
90075069	1137412	0.03906250186264515	801
99677218	131556	0.03822449068723867	1054
75479128	124058	0.03808641807439287	1054
70083584	1045621	0.03762936655633457	1054
77810916	79800	0.03614814632010188	1054
6526074	364103	0.03602989161954061	1054
70586395	232141	0.03579724580072274	1054
14218071	778489	0.035310864449563564	1054
70135318	858404	0.03523769043450677	1054
72783014	1014653	0.03445675438827614	1054
83355578	1034865	0.034362793701388845	1054
14538246	585329	0.034194946813187715	1054
11689986	397757	0.034191133640434856	1054
4940699	214319	0.03353882828823674	1054
92129718	957285	0.033449292444913736	1054
10041539	965433	0.0332489766180436	1054
9114730	953031	0.03321880567822215	1054
87123785	478359	0.03320504027942673	1054
12488724	1085382	0.033203363651638895	1051
74951498	618657	0.03320316973896009	1054
79962226	636486	0.03289834076716592	1054
75372277	401183	0.032593973011021515	1054
75159440	1116453	0.03253173828240122	996
83735798	142054	0.03230286017970361	1054
74035232	864865	0.031741142273901346	1054
71938672	1080720	0.031582832453296114	1052
63610804	126984	0.031555712285431525	1054
72410285	520738	0.03152465822518036	1054
89106253	866541	0.03149915125253133	1054
75517415	700860	0.031402830092709166	1054
59454851	202410	0.031402647560767605	1054
89216421	1065546	0.03134159743791631	1054
4566336	1043382	0.031280517810955644	1054
74583904	1036947	0.03126550093338693	1054
75605075	23706	0.031257876433343997	1054
22299021	367169	0.03125529596805534	1054
17099088	729417	0.03125096496684432	1054
1936363	1121167	0.03125047777393797	970
79063887	1142527	0.03125	417
14954817	285288	0.029813296849595303	1054
74591612	561470	0.029542357286202473	1054
65845323	465986	0.02930498356850834	1054
90988663	796010	0.029060382397088975	1054
17217573	81307	0.028774627051678693	1054
14440304	315785	0.028330895137771123	1054
66320486	556132	0.02741289744526765	1054
4156841	79271	0.02591240430872377	1054
9627370	51204	0.02563527244060304	1054
69043121	1036985	0.025422100909424206	1054
72070691	961368	0.024479747053037224	1054
61339484	401648	0.02395897223868843	1054
4119245	454814	0.023503091250745935	1054
73184322	136115	0.023468019208060853	1054
78461516	266928	0.0224773883905991	1054
78153059	723302	0.02148868888616562	1054
76375991	46771	0.021136316092469812	1054
61256514	367140	0.02078343092284751	1054
36449671	736979	0.020767480158754743	1054
34575991	722264	0.020525127765756365	1054
14201825	501929	0.020145565402460847	1054
15493514	204326	0.02002340558283512	1054
3302777	266890	0.019611390613392236	1054
55954551	632225	0.019599922008673783	1054
86319349	444120	0.019540073408291617	1054
66685987	535804	0.019533356892227016	1054
76572516	812650	0.019531326426889706	1054
99757138	737430	0.018662214356027107	1054
12220450	715926	0.01813521259512832	1054
70312948	544066	0.018074521447490173	1054
96246640	897546	0.017701748758776562	1054
16748714	612132	0.017673747803293338	1054
66107883	504850	0.01758611254631404	1054
78368276	1043707	0.017578125020009328	1054
16015457	897052	0.01723625230128884	1054
2970306	459302	0.01673567484705724	1054
78041957	1107887	0.0166521353059208	1019
9943235	38397	0.016572732036935406	1054
72033090	923566	0.01635755878091158	1054
18161074	501031	0.01619649213542876	1054
87722879	648655	0.016174570659593778	1054
9103959	169337	0.01612868922893685	1054
81038580	989093	0.016113415593284053	1054
84208593	999347	0.016113281250003553	1054
2261410	963142	0.015941619876691977	1054
14861779	511914	0.015904933683324282	1054
2555176	1142338	0.015869617462955787	454
7541920	798028	0.015748500948163293	1054
67785320	556103	0.015747077763080708	1054
81956284	749124	0.015696048824338733	1054
14229391	226092	0.015694769565016045	1054
65081458	647443	0.015686095034425335	1054
1711270	903010	0.015686050263639235	1054
13085516	995159	0.015679670505174548	1054
26388241	1017556	0.015650305975214218	1054
88026203	211850	0.015626926848209936	1054
45265831	965350	0.01562643429861769	1054
78349466	709942	0.015625480563357996	1054
60835820	439056	0.015625254251972365	1054
25580011	694090	0.01562500399087341	1054
65126194	250393	0.015215054641914527	1054
63992344	759634	0.014267179658647322	1054
76455055	1017831	0.013741497183218598	1054
53489001	904877	0.012329256423996127	1054
76551964	319752	0.01178094954560397	1054
66213996	584516	0.011734964336259875	1054
8422045	889407	0.01172489044301983	1054
65802069	1026772	0.011718753725412867	1054
62315343	703302	0.011261291979410712	1054
13176911	173783	0.01091054873569704	1054
14556837	1082115	0.010742500441506488	1049
91091131	623565	0.01074220985174379	1054
67687597	1085449	0.009983197815017804	1047
73009950	904930	0.009902955966141026	1054
89414147	89959	0.009891290203386981	1054
68325218	1080921	0.009765625001833646	1052
68220174	257957	0.00933855400308126	1054
8212530	651710	0.009284988060244536	1054
70761560	652032	0.009248733857931239	1054
86451941	825590	0.009034993376218606	1054
11643845	614519	0.00891150540560006	1054
74709640	976866	0.008804351095948577	1054
14245093	827084	0.00857568536959298	1054
70744165	929099	0.008458200842596852	1054
62742762	1054399	0.00842419083460414	1054
5344097	1025795	0.008303880927315044	1054
66268564	377146	0.008066186044325407	1054
28073371	876662	0.008057594300286299	1054
74625078	580900	0.007934615317101386	1054
77023726	255180	0.007890226023593185	1054
90727095	560258	0.007881894708589701	1054
14841167	995384	0.007873773662154804	1054
8524489	513202	0.007836663441025862	1054
63983298	855169	0.007835397207600486	1054
12123622	602305	0.007818565710323357	1054
7946793	883791	0.007812986266799271	1054
14603033	998442	0.00781250000728662	1054
74738131	407373	0.00762946903705708	1054
72135139	239910	0.006836983497124094	1054
14201087	538304	0.006775864347609798	1054
6240693	420937	0.006052732500393199	1054
39874111	70342	0.0059815387031116884	1054
29177071	764220	0.005952835316075156	1054
56552931	1127990	0.005382575152967927	899
65117707	564810	0.005377806737783432	1054
84592297	706674	0.0049457550645968275	1054
11331629	644858	0.004882142249520993	1054
70823508	339122	0.004770207026695634	1054
91145851	673259	0.004719816150100116	1054
78533863	709741	0.004417729157598587	1054
6829354	1021141	0.004398345947265847	1054
53349101	911671	0.0042190552923102725	1054
72482166	603252	0.004197597506404805	1054
1103326	365225	0.004166491566142128	1054
11016852	848114	0.00403111446989496	1054
2057449	558207	0.004003056325047733	1054
7888115	917041	0.003997802763493098	1054
6991004	797646	0.003967524157137088	1054
69920682	470539	0.0039539896156437606	1054
85884367	550604	0.003915786976904256	1054
72756274	457382	0.003914247268783388	1054
16950738	1139919	0.0039140005974332434	566
73691383	1137030	0.00391111150776172	666
65301357	494045	0.0039100721795470895	1054
11421822	1128104	0.003910066592656136	905
69425079	963156	0.0039083962328740895	1054
69634806	963154	0.003907226260707831	1054
32238981	1108663	0.003907018115697304	1037
75419623	976163	0.003906489350811843	1054
1863914	1052650	0.003906310070306063	1054
78361807	356507	0.0038354619921703303	1054
68091989	1140305	0.0034217834481826692	562
65838489	1096935	0.003107666998631925	1042
42415611	407425	0.002983112179592311	1054
9566254	1132359	0.002940074220547124	811
59858331	783607	0.002939343685341331	1054
70411902	205381	0.0029308815610426253	1054
12126020	875117	0.0029296877364695106	1054
71148057	359700	0.002576561706529675	1054
1125208	18018	0.0025029256952586463	1054
91539098	966093	0.0024719403741074175	1054
64322720	1060450	0.0024585863867674362	1054
63920967	970590	0.002453111383944777	1054
84707419	205217	0.0024492914135409477	1054
84538015	1104056	0.0024421224399021613	1028
70743428	493865	0.0020829439164345162	1054
86547763	1061522	0.002056122088562873	1054
15430061	1112437	0.0019879359975050245	1010
12491045	522855	0.00197639511782383	1054
10524260	912454	0.001960993060497372	1054
10206502	731508	0.0019590313614250027	1054
71051592	435571	0.001954083447344601	1054
68058194	1088772	0.001954082518398792	1047
64460833	1068960	0.0015421062707901018	1054
73388496	745725	0.0014744714979597964	1054
3473230	1113787	0.001465082170518885	994
65954048	52829	0.0013285908498955079	1054
24403451	983922	0.0010986328161379788	1054
89850847	504550	0.0010495209499072934	1054
61964403	1052909	0.0010390300340119704	1054
62500634	442877	0.0010078028185498433	1054
74571723	911627	0.0009842067967724695	1054
63331372	548996	0.0009795432015387018	1054
82027610	823669	0.0009785059373828011	1054
18018384	529242	0.0009769285534302913	1054
86452109	982285	0.0009766854418702398	1054
77244359	548815	0.0007629771716919378	1054
61080156	851616	0.0007574558258207634	1054
70294292	959531	0.0007326621635570627	1054
6914695	140418	0.0006115739380468427	1054
10343177	976862	0.0006104123612618237	1054
63816989	1047018	0.0006103520358919923	1054
74863964	1125820	0.0005875572280764629	940
37563911	458784	0.0005342215300743748	1054
14757686	334236	0.0005226136418059624	1054
64699288	64494	0.0004906805752440439	1054
8629910	673648	0.0004894901289845026	1054
64258200	718501	0.0004892457664667019	1054
56050751	1103512	0.0004883110561889345	1048
73914717	194223	0.0004882961529801833	1054
3648429	877753	0.0004882813082076978	1054
75296739	1136842	0.0004882812509097723	719
6898773	1084827	0.0004882812500001266	1053
12633684	230740	0.0003949404218275437	1054
82548950	924154	0.00036920913058292176	1054
77586629	5486	0.00032443576765306403	1054
61220152	1104345	0.0002951966757797631	1046
99107038	771821	0.00025941992135265074	1054
82445156	830723	0.00025391978534418554	1054
74831447	1059541	0.00024433463113382925	1054
90714907	18004	0.00021391037478503617	1054
73994908	829253	0.00018793717767479762	1054
12280130	1120321	0.0001835823063629644	1025
3001334	691395	0.00018338489564945226	1054
75764632	329996	0.00018310546875002776	1054
17270322	838346	0.00015279657663266888	1054
6422598	612143	0.00012974441324334454	1054
74330740	367227	0.00012320315372016388	1054
81539762	594933	0.00012210011483129724	1054
12220488	969495	0.00012207776309486372	1054
6250190	790499	0.00010979938088162815	1054
1730398	1066223	9.155273535554898e-05	1054
76218879	1002325	8.392334076483973e-05	1054
76993066	691831	7.635449949886056e-05	1054
74396670	720554	6.699568623959319e-05	1054
16287865	266582	6.297814457667595e-05	1054
62652749	42117	6.175414013398506e-05	1054
18172952	935857	6.154366430166647e-05	1054
69551279	1142101	6.130739348009229e-05	413
78852759	132570	6.127945746459304e-05	1054
4403979	451243	3.439188367339676e-05	1054
10659848	377124	3.150105502137443e-05	1054
92373474	1112857	3.053627011695447e-05	1039
67540709	935871	2.3011584074945473e-05	1054
62530583	1112713	1.9073486587476805e-05	1046
2957577	829246	1.7087095454178247e-05	1054
85369522	237948	1.573562622070313e-05	1054
63676154	539724	1.528860047984859e-05	1054
73044122	336507	1.5259724705737438e-05	1054
81899946	644397	7.6429605579226e-06	1054
42232481	905510	5.041282772623393e-06	1054
43430201	1082640	4.291548991286476e-06	1054
11277493	1132320	3.814704543816938e-06	989
60886698	238646	1.9223812302172215e-06	1054
936457	867865	1.907408204743225e-06	1054
18167172	255605	1.192296679386473e-06	1054
56640741	1138493	1.0728836059605583e-06	984
71586056	113899	9.844116174634108e-07	1054
8458109	153237	9.836239845024963e-07	1054
37934501	1134101	9.685827544458903e-07	1023
77699618	1133904	9.685765007816388e-07	911
55678111	968937	8.363297752131545e-07	1054
21838201	1030338	5.979109128232199e-07	1054
2484112	1118651	4.926732799781614e-07	1054
84922427	856850	4.908070003759654e-07	1054
8046663	308730	4.782788778392295e-07	1054
78595139	1070753	6.333090141197338e-08	1054
80788398	788755	5.975144290459866e-08	1054
13382403	412298	5.963374860628104e-08	1054
84085449	1072776	5.96047728994649e-08	1051
73626918	1133966	3.027548700717359e-08	1039
69815375	159833	2.986099194758251e-08	1054
1286176	796160	3.725745941370572e-09	1054
66211014	1071948	1.0041394387177321e-09	1054
73390801	891988	6.991314471831935e-10	1054
90117913	1066100	6.989484702818464e-10	1053
30692001	1077163	1.1644374353976659e-10	1053
29946871	592719	6.002665031701657e-11	1054
65645769	1135427	1.4551915228368613e-11	1025
60992209	810622	4.547752148824844e-13	1054
62945228	1129230	2.5034228163982767e-16	1054
