Total times: 1142537
Item	Time empty	Estimated value	Time
77960617	106847	0.9999389627482724	1054
69992142	17442	0.9973830878151944	1054
85017611	47622	0.9960904077085689	1054
71578197	170442	0.9934985605467397	1054
71179576	691377	0.988061952903315	1054
4313595	519117	0.9867804269582058	1054
78278329	763252	0.9806606002453033	1054
80877874	378151	0.9777308871992636	1054
5667620	701034	0.9643345863456516	1054
89978661	1003189	0.9551087641924045	1054
70045109	631614	0.952657203561109	1054
66676859	775499	0.9501199928340653	1054
2926402	850126	0.9415302322076295	1054
84768993	433414	0.9399383539931649	1054
78426407	1078420	0.9376411438571923	1054
861187	398010	0.9346498583906133	1054
13685758	690420	0.9263371300512597	1054
36449671	1086782	0.9257841110689378	1053
98400694	575227	0.9205248547674942	1054
6132153	862303	0.914250843623442	1054
16744376	662898	0.9112912006203449	1054
85205712	857976	0.9042514203896901	1054
65431390	795751	0.8987202814714758	1054
60838240	764494	0.8909051662904246	1054
5600091	976650	0.8908792493175893	1054
74066212	632359	0.8898092550447141	1054
15597432	515827	0.887740199155121	1054
58484831	218547	0.887671373745113	1054
13148373	848840	0.8873798847923997	1054
17587494	1050508	0.8846435654191825	1054
8524489	960152	0.8794253096471204	1054
61256514	965399	0.8779330556384193	1054
73203277	980218	0.87695719047964	1054
8883995	834298	0.8768556486284982	1054
73378305	1026526	0.8763237018779737	1054
6344074	1027991	0.8762207387928932	1054
14873288	989500	0.8760147436487495	1054
71148057	1066853	0.8756257300488036	1054
80619478	1077293	0.8752518978462316	1054
11102580	834018	0.8715057076037745	1054
81246014	805429	0.865997411068582	1054
70563713	835444	0.8636052488345751	1054
17217573	642833	0.8619801116953882	1054
73388496	890825	0.8597424185152325	1054
94636848	918599	0.8596582703257936	1054
69794865	989112	0.8476967993635354	1054
65850520	492528	0.8446571818885766	1054
71603224	988504	0.8438971054575313	1054
11847569	1075270	0.8320349520516539	1054
80492204	1102926	0.8313598670230418	1049
13471586	1011747	0.8298348205594135	1054
15148124	909797	0.8288713694018996	1054
75549879	1113039	0.8282489777921	1047
23190261	919566	0.8270275615379036	1054
1674626	691141	0.8263364609469337	1054
73675971	1130130	0.8244642019291478	1035
72718191	611098	0.8218182083373422	1054
72787889	1023345	0.8214722443392015	1054
76068551	703802	0.8210275686558379	1054
9159424	1108607	0.8203144241746685	1053
585200	951193	0.8199367533218385	1054
14012408	705907	0.8163167054504257	1054
88365603	1068567	0.8127461057450773	1054
91940648	1032670	0.8127003946681339	1054
82264336	1120125	0.8126831130939561	1040
51245031	357747	0.81248451769164	1054
75066331	38563	0.8105160890554153	1054
3338125	528431	0.806219268446276	1054
75943787	146437	0.8021138270189948	1054
57719221	1060219	0.8009186983853955	1054
90984519	444540	0.7989932487880956	1054
68559485	1018120	0.7978669480799	1054
83930047	211294	0.7957599122889846	1054
72935484	967750	0.7941916021663946	1054
33291631	984727	0.7931215663404755	1054
63423553	791927	0.7910317618871003	1054
62742762	960717	0.7905618436640225	1054
11331629	1032912	0.7891242336482748	1054
11051209	900043	0.7883923059956472	1054
66302827	1019327	0.7880864528147461	1054
72875132	998669	0.7880863451176425	1054
65007713	504179	0.7872687693477776	1054
64516028	1066547	0.7856903711074454	1054
81234030	1028867	0.7853200441172812	1054
21926321	1116942	0.785247803353802	1044
16435287	535317	0.7850435780383965	1054
65081458	1057631	0.7832033783936403	1054
10127578	781683	0.7831165233285451	1054
62048229	636408	0.7830331233015368	1054
65850390	843483	0.7817660626988074	1054
6495689	1120178	0.7812528622494668	1050
68221676	486041	0.775662035759106	1054
17165097	998837	0.7754063610994998	1054
52503871	609679	0.7673295310604784	1054
76729905	1009933	0.7657508404457983	1054
4967715	753210	0.7633840173585564	1054
12650242	765865	0.7620952488650893	1054
89414147	797093	0.7592022144538632	1054
83063136	797423	0.7589999644412753	1054
8979556	797111	0.7585231073078924	1054
1869815	952018	0.7546720012648997	1054
69990343	765378	0.7534585325375889	1054
14047278	976962	0.7527971868992155	1054
2159153	1028441	0.7521954640253969	1054
18054075	1057763	0.7519836701253768	1054
70366909	1066811	0.7516836035130272	1054
17460500	1061732	0.7512270141154639	1054
82492738	1075933	0.750738154315119	1054
87123785	1132444	0.7502479553222798	1012
63264439	1122701	0.7500104904438996	1042
11640186	1142336	0.7500009853979539	1021
64460833	1142155	0.7500001508778956	1011
16762601	906954	0.7481663237652538	1054
60797755	54904	0.7444990709722433	1054
72277601	276337	0.7371398970372718	1054
69618629	573628	0.7277404149397997	1054
14491576	715788	0.7262325880765028	1054
16878842	526772	0.7247218035104178	1054
77522417	341585	0.7242121684108151	1054
17084042	622535	0.7237163103148356	1054
13550230	938275	0.7190405435849418	1054
83504220	796233	0.7141830935477191	1054
15676309	662113	0.7127509428711092	1054
4954825	513807	0.7020126792476056	1054
86307237	870358	0.6983137298749695	1054
64962419	796937	0.6934077312237951	1054
8478319	902245	0.6915521731748413	1054
13259634	725082	0.6905568886259092	1054
67751351	980342	0.6884008203725598	1054
66541060	1013784	0.6880412111172554	1054
16082575	1037149	0.6876870396964745	1054
91917646	943075	0.6797500290832678	1054
77682184	647053	0.6787222478278059	1054
99677218	543677	0.6760420750865916	1054
89184603	926883	0.6757929923988488	1054
83294786	969384	0.6721352753247642	1054
77014514	857806	0.666351631499289	1054
1243656	1037067	0.6650619592986686	1054
55007601	830696	0.6627846141537957	1054
77052505	907896	0.6606827685170589	1054
3411439	1043497	0.6585693602795626	1054
6081186	1124511	0.6562581139733412	1053
5673785	717844	0.6534552934156257	1054
73399731	702743	0.6528971009056654	1054
79775986	606640	0.6508360655334233	1054
78533863	965337	0.650043968635261	1054
13070544	826441	0.6500220356617026	1054
67429227	729141	0.6451343352092458	1054
12734529	1060665	0.6450979709661911	1054
66295263	756608	0.6447609826768723	1054
9883417	655507	0.6414157435532866	1054
57598911	1109196	0.6406305191663471	1052
1481358	1129195	0.6406259891812174	1030
73638064	897620	0.6379427407744078	1054
67199484	630908	0.6374704992648363	1054
76310214	952169	0.6367512990069409	1054
89233599	1046645	0.634796448983252	1054
65802069	1131875	0.6330642701359468	997
7925568	983125	0.632908828993682	1054
87813009	1020409	0.6328972081908546	1054
11790246	1107030	0.632816792000142	1052
65391788	684928	0.6327746571821735	1054
70823508	753428	0.6314393938177038	1054
77674537	964311	0.631164585571879	1054
39955981	860824	0.6294721458438315	1054
13749961	937435	0.6287884891499416	1054
70312948	848396	0.6280595479484248	1054
68068261	893142	0.6274576285815185	1054
73205697	976761	0.6269764904000189	1054
8629910	1057096	0.6264839493707104	1054
15735462	1103472	0.6260528620915694	1053
1364404	1097602	0.6251223182921424	1053
5074544	1119549	0.6250191330912058	1047
68288613	1126641	0.6250047758812798	1033
66755681	1140040	0.6250001343071862	1005
63514338	1139888	0.6250000009313796	975
90988663	1010751	0.6184090971965509	1054
5222185	729065	0.616114162027489	1054
12985555	705906	0.6114565619953797	1054
6862149	800803	0.6085238573504281	1054
85089986	500522	0.6074392752040223	1054
71100142	1058120	0.6044963714673594	1054
11130036	212843	0.6012945713572998	1054
7747321	856225	0.5986144771669961	1054
65954048	1056765	0.5985413226310571	1054
7854296	962951	0.5980482585729665	1054
90052073	1093253	0.5937807141771629	1054
3473230	1140691	0.5937500149047993	991
61210275	779760	0.5928186253425423	1054
86255145	542261	0.5916838717835395	1054
2247288	915599	0.588452870259799	1054
6260076	1080225	0.5859680327130263	1053
15792789	486798	0.5850119117061043	1054
1125208	974485	0.5822775373371805	1054
76551964	916529	0.5818082395162737	1054
536440	457414	0.5796408602205317	1054
13421009	865127	0.5791208786633394	1054
66543219	1088757	0.5781598165641535	1054
69841660	390330	0.5714825896608088	1054
70761560	1103292	0.570320248965885	1054
74591612	887267	0.5696335973632618	1054
65292429	843646	0.5693676530072538	1054
17380488	907957	0.5688767582360307	1054
90146311	867453	0.5687664905859733	1054
69733434	909196	0.5686340416439293	1054
14861779	818302	0.568517718114907	1054
71350313	865133	0.5664339219304947	1054
75735062	946995	0.5655195768937983	1054
60850009	994363	0.563221796678218	1054
74951498	1060698	0.5627537146811222	1054
13176911	966408	0.562688918070386	1054
11689986	1140017	0.5625000322474139	1003
2323940	694063	0.5614399383583598	1054
66931072	679863	0.5611181667574927	1054
55629131	732137	0.559155487749493	1054
7561859	1130937	0.5527344187812575	1038
70870518	1067388	0.5517617018231851	1054
1209016	601584	0.5496104095164084	1054
89790609	1026274	0.5488340892589465	1054
8570739	789328	0.5479128412720675	1054
71615450	990843	0.5478825881145901	1054
2970306	896793	0.5474338662552364	1054
37368811	1090533	0.5469156895872533	1054
63730180	991518	0.5454683314032455	1054
89160781	429839	0.5427367643078245	1054
5826100	964669	0.5415347684255565	1054
74863964	1038039	0.5401001274671025	1054
69501553	789340	0.5395816626410124	1054
50405761	1074181	0.5390706742227853	1054
6521475	1091796	0.5352500088483798	1051
69124664	966719	0.5351608028323116	1054
89623327	909274	0.5343065310890285	1054
18161074	969081	0.533279658297062	1054
5999869	789753	0.5332465673622104	1054
61949274	1128249	0.5322265926588772	1040
4701067	1011672	0.5315117917508779	1054
11725882	1105580	0.531284338198109	1054
81024170	1131536	0.5312505665535809	1045
16169324	683197	0.5291960405455407	1054
37260501	1099472	0.525513649230563	1050
5832569	790266	0.5239909111310805	1054
13509734	1041745	0.5234990431091414	1054
90714907	820433	0.5211871985036437	1054
59858331	1130762	0.5209961198299888	1022
72756274	1030100	0.5195399344106593	1054
69562013	795446	0.5193544813625537	1054
9597446	1126070	0.517578260511471	1047
68058194	1084175	0.5166063327343413	1054
6271760	1127352	0.5166025459767525	1021
1936363	1132521	0.5156555175781392	1025
14510923	1105542	0.5156326929881654	1053
32238981	1134504	0.5156252831367284	1036
11643845	862636	0.5118146706486192	1054
8966603	1073792	0.5117225716986189	1054
72783014	1005086	0.5102920780776219	1054
65155203	887251	0.5102807823603759	1054
76423928	1095700	0.5097808838480281	1054
2609199	968651	0.509447667837804	1054
15123380	985876	0.5090074549489287	1054
8647650	1011553	0.5078395816975043	1054
11856914	1095353	0.5078287199169225	1054
80966354	1095033	0.5078220966971871	1054
1805436	1026067	0.5076961520245888	1054
90546071	1060827	0.5061264152682317	1054
67589109	1000444	0.5048689443451642	1054
70411902	1105324	0.5044879951166763	1054
77279367	993728	0.504441089598049	1054
71614478	1045596	0.5044387595334873	1054
70679517	1002847	0.5042840130682357	1054
72549866	1005127	0.5041580959908512	1054
77329649	1105299	0.5041520633060168	1054
3850238	1073960	0.5041518231160043	1054
75249221	1064722	0.5039672862708362	1054
9240886	1141219	0.5039062506985061	951
66237014	1055765	0.5035339615371651	1054
8458109	1136752	0.5030517578275068	989
2957577	1065307	0.5029910281448482	1054
14150982	1085581	0.5026974682841684	1054
9088995	1132759	0.5024528504000045	1023
66947315	1074289	0.502060369886409	1054
23172981	1076132	0.5019579762824854	1054
71647994	1093366	0.5018621385479851	1054
3164755	1109850	0.5011034945572046	1054
3001334	1105427	0.5010382086043421	1054
13085516	1115877	0.5010155590719024	1053
16498595	1099198	0.5007332973196421	1054
63992344	1101796	0.5006798359175396	1054
16995428	1117138	0.5005814213810166	1054
18008990	1106372	0.5005531627762142	1054
66685987	1112543	0.5004966333950818	1053
79032380	1137935	0.5002446297585266	1052
14147479	1117886	0.5001384764914577	1051
15430061	1127114	0.5001270771322206	1052
75666691	1141938	0.5000610352803747	1005
74738131	1140318	0.5000469693925443	1050
74805689	1127958	0.5000468492526138	1047
1589044	1140173	0.5000313558302886	1036
74330740	1140383	0.5000052471905438	1033
76455055	1137831	0.5000038147009125	995
53801451	1138945	0.5000019110835516	1038
5375255	1141457	0.5000019073781371	1026
11521425	1142316	0.5000005979384285	1027
7784560	1142451	0.5000004768389776	1019
65645769	1142201	0.5000000005820766	969
1863914	1142353	0.5000000004656782	975
70292437	429972	0.49323503198964574	1054
43865151	282501	0.4889491891808291	1054
73854012	337306	0.4881856156265361	1054
69180862	436077	0.4837500802201824	1054
43957041	907121	0.4829331066401076	1054
78436103	934079	0.47757741067926374	1054
88991703	803480	0.4754039524838315	1054
73357729	464183	0.470924299713007	1054
79535742	932944	0.4695441735029888	1054
78758277	739071	0.46565351320920734	1054
84039329	422517	0.4637543324757354	1054
88304149	528707	0.45496821729434367	1054
15825404	961473	0.4537433386612994	1054
46219471	916735	0.45334220241109635	1054
90282069	136052	0.4521026209585544	1054
93868746	630079	0.4502549787953744	1054
78160898	901359	0.44728185030917533	1054
77664234	489404	0.4419995818255132	1054
76375991	1034864	0.4414101749450774	1054
74625078	1007901	0.4410107881419969	1054
98104668	706562	0.44066456175825286	1054
62392492	1045052	0.440477386120658	1054
8348762	970917	0.4394784527299427	1054
63590356	837892	0.43914129210045605	1054
77787512	1136076	0.4375019166627983	1025
81863242	892995	0.4368135705738495	1054
78361807	515400	0.4332061379952991	1054
61776943	814169	0.431921988887802	1054
91011063	820088	0.43084915030813487	1054
16033869	540647	0.4262011987407367	1054
81306288	892914	0.4191972241979478	1054
2030307	740245	0.4191800063868079	1054
72325972	631763	0.416739262994521	1054
72527358	760498	0.4163852840286535	1054
12561291	1123274	0.4145507910903066	1035
78780122	721173	0.41444595373566884	1054
4343780	964115	0.4141545549383511	1054
75092622	866135	0.4116228527888418	1054
70463099	584918	0.41151689781938644	1054
13526995	1092983	0.41022968305015145	1052
77810916	1109729	0.41015769676597164	1051
11517123	1106692	0.4062625766982873	1050
93970958	368567	0.4056632052187481	1054
62019639	632487	0.40560690779611575	1054
16999015	1014529	0.4000866417997503	1054
66293468	664034	0.3988614155355471	1054
74215323	781516	0.39494335060826835	1054
45730161	785240	0.3946917785206191	1054
80893728	1105074	0.3912353678606466	1049
23540241	947356	0.3909001993092973	1054
87954089	1050551	0.39081859589538764	1054
69614247	1083085	0.3906557308692427	1054
81899946	1122135	0.3906288743736184	1047
71379069	733878	0.38969001776442325	1054
72581182	280508	0.3885695921892609	1054
73882686	997237	0.3872146756768587	1054
80962504	588342	0.386980915500704	1054
69497946	1095963	0.38672258345475585	1054
67619943	461022	0.38582662623521197	1054
71418484	442810	0.3854150219540746	1054
2586286	938445	0.38481947803308225	1054
63766620	1063247	0.3838043624496273	1054
73044122	1126553	0.3828740417957413	1027
5316158	1141013	0.3828125000645741	941
84986265	692433	0.3826204712316835	1054
65989449	1102206	0.3808613449824637	1053
4630502	979973	0.379501592252389	1054
2405183	985551	0.3766507198295268	1054
53349101	1083582	0.37549224495903744	1054
89454833	1108694	0.3754885904782608	1052
17963617	1079670	0.3752677927960947	1054
78216243	1097165	0.375170266723583	1054
3648429	1132470	0.375005722977221	1036
83141690	449667	0.36103261623579136	1054
74326190	991535	0.35963448790576	1054
9702723	845350	0.35608717922333005	1054
4250024	686890	0.3480622475199403	1054
67346349	771323	0.345853818586247	1054
74162962	1107848	0.34384202957156185	1050
64550046	1106148	0.34377301861242426	1053
75419623	1106888	0.34376907907449095	1046
3369711	744668	0.34243062898234367	1054
68670357	780978	0.3346008515222844	1054
23372091	740752	0.3330697215338262	1054
74879737	1016012	0.3313333690540796	1054
68254523	610234	0.3291674061884259	1054
89911461	1027499	0.32869364321641525	1054
5147891	1107010	0.32852173098990567	1050
10206502	1071445	0.3281425014248787	1054
8431767	816339	0.32764922864869206	1054
26341801	866565	0.32625015827958054	1054
75463284	951325	0.3218777283776504	1054
16622424	971345	0.3211675885322771	1054
526229	1091999	0.31898498698140726	1054
70555369	818423	0.3186406944323624	1054
78695208	367291	0.31828528437714143	1054
67552090	431438	0.3171018776154021	1054
70083584	1106686	0.31665040261884786	1048
11979974	921578	0.3161509634543487	1054
73363564	750865	0.3158302442573291	1054
82925846	968045	0.3142704146755016	1054
82900774	890013	0.3137291460489855	1054
67582502	890259	0.3133893208776062	1054
66786687	1078611	0.3126241155604817	1054
4189327	474310	0.3097803722973147	1054
16053451	68526	0.3002269118871652	1054
1118030	547162	0.29947013142381274	1054
14931763	611141	0.29911024149842824	1054
73933929	1007403	0.29884353653597673	1054
68780748	769221	0.29866232397847703	1054
70962170	992322	0.2970280724143799	1054
78446434	1039189	0.29693979129034553	1054
66268564	1044363	0.29693678044761823	1054
86262325	817054	0.29471499168206383	1054
12343704	998993	0.29316903655284443	1054
5479603	946555	0.29182541463956124	1054
86483013	302901	0.291738174229761	1054
11016852	825224	0.29031400645704086	1054
16133496	786794	0.28616008373728896	1054
1702066	363407	0.2859900562667498	1054
8198424	827790	0.28577045543434054	1054
50929511	998092	0.2851826263504921	1054
64580001	1087156	0.2851638795128246	1053
64706999	659666	0.2841176522888587	1054
8028053	1115165	0.2832040825233264	1051
74173803	1133876	0.2822265626524541	1005
64230569	1020530	0.28149745479640953	1054
54767811	1099340	0.2813949734263874	1051
15232718	1062277	0.2813129503122281	1054
8212530	1103797	0.2812821865375421	1052
67744137	1104571	0.281280520616349	1052
73561246	1093600	0.2812710516810171	1052
7541920	1119765	0.28125766222365345	1047
7584125	1136155	0.281250122134229	1006
66985565	737505	0.28066540144544866	1054
7880174	894765	0.279617656371686	1054
89071893	514574	0.2789781614469301	1054
75710556	848181	0.27743865599135314	1054
46510391	766008	0.27694934739750116	1054
5563439	455540	0.275525255304138	1054
61076942	937735	0.27472038570074997	1054
92169736	1081173	0.2734585707075984	1054
89827469	1098979	0.2734584813733819	1051
92125584	1084921	0.2695410326289244	1053
73814281	928107	0.2685622689773368	1054
14229391	1064655	0.2678233385832982	1054
4678105	602332	0.2674378525273051	1054
11335416	1075447	0.2671520719304734	1054
1400070	740066	0.26676889388460445	1054
71539796	1013178	0.26638985997331	1054
91236046	868790	0.2658842079883821	1054
73691383	1100439	0.2658693790435845	1050
18167172	1111757	0.2656333446793729	1047
45790471	1108932	0.2656269297313121	1050
75159440	1140075	0.2656250002328324	946
71764550	886686	0.2630855779962087	1054
73246025	922680	0.2628861070570869	1054
66107883	1038124	0.26172691889543387	1054
15661190	924266	0.2616585716880362	1054
82138970	770322	0.2601023845491442	1054
74512312	801176	0.25996458161081676	1054
82973838	1109282	0.2587900167636761	1052
71430746	805690	0.25815735262615774	1054
3275927	928424	0.2581521357645058	1054
62315343	825458	0.2581201824924624	1054
65126194	978745	0.25793661177409366	1054
62343841	827048	0.2568061541022321	1054
71840449	980535	0.25651240779564355	1054
29056981	843140	0.25618056059996025	1054
61964403	1097198	0.25610372473616394	1053
94436884	969797	0.2559032700992536	1054
5953902	994290	0.2558901838567217	1054
74710553	1085288	0.255889957148668	1054
15136498	1090088	0.2558600386279447	1054
8642307	1024801	0.2548880056274392	1054
62329923	969437	0.2547623050159255	1054
66211014	1084483	0.25469978223580547	1054
4405502	956082	0.2545509674401621	1054
10737055	965233	0.25431903622717095	1054
70625832	1000526	0.254168937165675	1054
21926661	978750	0.2540793755620525	1054
6154428	1051225	0.25394850975363303	1054
86514651	1064501	0.25392153906434745	1054
66382929	1132895	0.25390629473645304	1012
64126400	1116154	0.25292971755187954	1049
9627370	1050233	0.25269319169098026	1054
74709640	1107407	0.2519761361836865	1054
63720689	1092004	0.25131947722718456	1054
88026203	1096475	0.2506866456824373	1052
10343177	1098968	0.2505189331714216	1054
5726259	1094379	0.25051165738891257	1054
772894	1096011	0.25050356984412064	1054
14603033	1115095	0.2504920966621358	1051
99107038	1097020	0.2504894743492656	1054
69634806	1141236	0.2502441481919959	1013
38095111	1109765	0.2502441481133398	1052
14201825	1121143	0.25024414068370626	1045
91415418	1140623	0.2502441406250144	941
75372277	1110576	0.2502145841759305	1053
78368276	1131368	0.25013734400295107	1036
10659848	1136352	0.2501298785209678	1033
8046663	1119044	0.25006498582764586	1051
70315379	1126200	0.2500315311356551	1053
72135139	1129087	0.2500307374289435	1047
8419426	1130192	0.2500305222935282	1051
17099088	1120976	0.25001734507538587	1052
12668977	1141135	0.2500076293945348	924
16103952	1123755	0.2500021458491305	1043
16302319	1140729	0.25000119209676286	1026
75623204	1137627	0.2500009537945982	1021
16950738	1139603	0.250000953733434	1015
10287363	1140104	0.25000090152777243	1026
2704335	1141313	0.2500000673155683	1000
76455835	1142249	0.25000000745154694	991
63336157	985445	0.2461100239888908	1054
14201087	932549	0.24574683655373875	1054
16015457	736716	0.2286423464025954	1054
31102171	402033	0.2213740178006276	1054
1672747	928480	0.22000909038070318	1054
55366941	993397	0.21888656177191296	1054
16748714	1115051	0.21876526069629385	1049
62945228	1138301	0.21875047683738558	943
74457421	522009	0.2132833938304447	1054
56050751	1128123	0.21289443981370937	1036
74677465	686172	0.21145521025122876	1054
9114730	1067560	0.21096831933122256	1054
8247183	1059526	0.21095288643167587	1054
8855569	784025	0.20796364110401763	1054
74911301	960382	0.20414928349919936	1054
62188697	624015	0.2036229134179693	1054
75575521	1097006	0.20314078998171692	1054
88519867	961065	0.20178419365409017	1054
78468571	683451	0.20120490927852538	1054
60987641	827662	0.1960195340362217	1054
71876015	518802	0.196004208396585	1054
13679251	1004095	0.19581700304124894	1054
70151784	1130902	0.19580268859956457	1005
17605922	962678	0.19332265884635522	1054
2995148	853227	0.1928749946219058	1054
77273513	710384	0.19080238940870836	1054
9757537	953015	0.1889664289283317	1054
8818789	987979	0.18829539052241984	1054
61159458	1119404	0.18811106682187573	1034
90543131	1003997	0.188024017967111	1054
7235600	1117099	0.18786668778284388	1042
75677523	1025736	0.1876857319034574	1054
5698694	1093673	0.18758022618665465	1054
91539098	1136503	0.1875762940040318	1012
79177655	1060014	0.18757296167159115	1054
71358064	1101616	0.1875309944481427	1052
61377345	1117029	0.18751550374327766	1051
6405162	1139830	0.18750101327896118	969
12488724	1134188	0.18750048085348683	1033
10188258	600395	0.18601133658335925	1054
47057261	915596	0.18419349567388155	1054
57787651	1095558	0.17968848448086483	1054
74770835	778567	0.1778175386227253	1054
86451941	921223	0.17608881217985828	1054
77158575	1051647	0.17384529870469348	1054
68734298	429498	0.17362046384024427	1054
17489120	402209	0.17259374749166112	1054
36741151	823075	0.1723828365049398	1054
64200398	1006815	0.17236727860392878	1054
42415611	1001101	0.17206241213900067	1054
68825735	810423	0.1691937560820238	1054
69121790	965078	0.16699910411268	1054
8750746	835318	0.16422604441085067	1054
75997659	843053	0.16412990292456256	1054
9331740	1059636	0.16407736404207035	1054
62707024	1060010	0.16406823907939994	1054
72033090	1106926	0.16015822372037303	1053
15036397	399620	0.15921725528997716	1054
3151015	1041443	0.1582185032385212	1054
70077941	676573	0.15811527976265466	1054
33357171	692113	0.1579915938801884	1054
4119245	843515	0.15735454119124465	1054
8599257	971152	0.1563811014508052	1054
67810265	1111798	0.15637207157919877	1053
82445156	1081507	0.15631617792882935	1054
66241687	776381	0.15155179269004299	1054
79962226	976978	0.15063694218778084	1054
11565079	622735	0.14950852195446712	1054
1711270	1043374	0.1494200830384358	1054
61220152	1032796	0.14846933260986728	1054
68788868	360758	0.14820180429501287	1054
14440304	714098	0.1465517918297816	1054
6526074	556318	0.14382879774578577	1054
68710493	1116712	0.14263916068127003	1040
12119896	930154	0.1422758266727469	1054
62228580	1079235	0.14161694103677291	1054
78171374	1075526	0.14160264283782578	1054
12547602	768932	0.1414886900657051	1054
1955175	831988	0.141137734816825	1054
16960561	874396	0.14093158537355666	1054
78671626	1092625	0.14068606729460997	1053
7695006	1121616	0.14062738421534962	1045
13779595	986591	0.13919080779780038	1054
69035594	848864	0.13613440847623554	1054
91217118	966008	0.13563159500722582	1054
5384567	1084337	0.13490390789963147	1054
60741126	835025	0.13409544797065112	1054
65845323	859811	0.13388129417763067	1054
61805276	920331	0.13356024853516332	1054
56047801	842457	0.13331325222557203	1054
14538246	1014128	0.13306428689982416	1054
75265469	819133	0.13297370973358208	1054
80933110	859236	0.1329729698377875	1054
2693105	992922	0.1328926087736595	1054
13280907	1023036	0.1313390138530288	1054
62264016	706731	0.13122190012042162	1054
9391101	921701	0.13118776865409054	1054
78745107	763941	0.13114420357378695	1054
68220174	1004506	0.1308937375497622	1054
73009950	1052289	0.13085961578386224	1054
67181610	951113	0.13045029583776116	1054
17410069	777682	0.13004182006736661	1054
36012181	1065042	0.13001289405019878	1054
18018384	874933	0.12964646174850805	1054
64258200	1091790	0.12939455363272334	1053
16256608	889700	0.12903142761405212	1054
17528473	890677	0.1289259453270496	1054
68627303	1097467	0.12891007587370562	1054
82938704	973984	0.1276285760123206	1054
72759996	865122	0.12750345909949728	1054
11173693	992940	0.1272280570192415	1054
36995311	1062548	0.1272128969435542	1054
20912871	968783	0.12712488203484157	1054
69818709	1004526	0.12701608717907265	1054
5564767	867469	0.12654712738067575	1054
8422045	1123081	0.1264649033691984	1041
4297595	963483	0.12643626834472002	1054
4432859	1048151	0.12638866919135971	1054
86837991	1091710	0.12599581483300748	1053
83888799	1061171	0.12597829114105807	1054
70292834	1057289	0.1259556915077075	1054
77023726	1014467	0.1256413917181122	1054
70744165	1137000	0.1256103525520338	996
65018773	1060927	0.12549067296198074	1054
62297140	1116384	0.12524426729220475	1049
16287865	1048576	0.12515356396061797	1054
87926321	1119524	0.12512207229156413	1047
9476033	1097775	0.12510134955010704	1054
2560749	1117071	0.1250696399511298	1053
4927984	1126179	0.12506206333642933	1035
16162722	1122769	0.1250209817963115	1050
4156841	1125981	0.1250079286193135	1044
12123622	1134543	0.12500766696965127	1038
63816989	1137289	0.1250019074068407	1022
12220488	1142459	0.12500000000024183	901
68344627	13106	0.12188672922442655	1054
66181073	854257	0.1159727276982925	1054
4096104	540628	0.11454048912542102	1054
70586395	1076146	0.11444151404624142	1054
87226779	791482	0.11259524064828715	1054
67204737	213359	0.11253245614586307	1054
78907413	611182	0.11147401645383886	1054
67976638	1071523	0.11050453793723147	1054
41773241	682907	0.11043194176992843	1054
73549639	798701	0.11013330365011652	1054
77603443	1097770	0.1095056534256309	1053
89216421	1090152	0.10949754767443709	1054
4556695	1117535	0.10748292617790889	1042
10353921	950681	0.10649684560530703	1054
89658637	950771	0.10599626740804524	1054
60776064	1114455	0.10302734753728182	1052
91108501	423422	0.1023449183411737	1054
9100736	948079	0.10161133963312007	1054
4257083	580333	0.10019597787221293	1054
81508148	171065	0.09764357170265311	1054
73214241	1041365	0.09570506332986128	1054
6240693	1134802	0.09570317797260942	1026
65301357	983097	0.0942828730150192	1054
13385260	991561	0.09425760806470862	1054
71142799	1021357	0.09390456707589948	1054
70977719	1087411	0.09381747676917579	1054
7946793	1097514	0.09378815512172967	1051
63776202	1107696	0.09375099558430522	1051
85051554	1142029	0.09375000011823434	952
76570826	588515	0.09232429182433716	1054
17964785	884737	0.09041707311658166	1054
4819939	699631	0.09026354040636482	1054
67653031	775181	0.08834272717815567	1054
61107680	657905	0.08805519872782339	1054
74042578	997845	0.0874066513551984	1054
71605337	1012263	0.08691504597871443	1054
75401504	1057875	0.08599865599902276	1054
72269660	391516	0.08437958991606498	1054
49553651	808163	0.08424413605834691	1054
87623241	1064245	0.08399065603325714	1054
14218071	1007456	0.08344674135151109	1054
72541825	927882	0.08303935849110655	1054
7107386	1025464	0.08219933545660754	1054
81791220	1028634	0.08209228563101889	1054
69237717	1081732	0.08203866054103945	1054
12633684	999430	0.08105976321177204	1054
16201983	978140	0.07922816406062391	1054
78405037	824432	0.0786458749502627	1054
73184322	1138422	0.07864379882827244	959
3302777	1079135	0.07837010578853842	1054
1528629	1026429	0.07824778661695442	1054
68267799	1113746	0.07813119936327342	1051
43430201	1129664	0.07812549185473472	1028
2287585	533509	0.07785613624213496	1054
18752211	738325	0.07453774010551302	1054
14320658	1103762	0.07424928248141807	1054
94914090	986828	0.07312298577232948	1054
76218879	964786	0.07131975982703954	1054
12126020	1125693	0.07080364227317659	1010
72032570	1098568	0.0708012581471849	1054
79318731	710207	0.0707207412488589	1054
73331759	1063356	0.0703491256721539	1054
10752377	1061582	0.07031464951082024	1054
4841406	1111393	0.07031458814263852	1053
18172952	1120179	0.06887817384268624	1036
65443904	485704	0.06816950211693464	1054
62500634	1131705	0.06762695556980972	1036
86847717	1045482	0.0665671751485491	1054
64422296	1020126	0.0664357801173455	1054
78867449	694232	0.06624042892146312	1054
14693816	1063782	0.06572164596676801	1054
78543531	844344	0.06558514481095638	1054
61582313	998943	0.06543874974182097	1054
78315219	906684	0.0649462768059177	1054
12369894	1028644	0.06470490456766652	1054
69292911	813598	0.06460679171838281	1054
76503289	716665	0.06458559220505404	1054
91145851	849421	0.06458331670830852	1054
46822571	1095323	0.06457531545313344	1053
54445651	832201	0.06420297445346625	1054
71972153	1030543	0.06398303806969352	1054
63610804	1065790	0.06360626267326522	1054
77355543	1059861	0.06349194051473006	1054
9472834	1057130	0.06349185133922221	1054
84085449	1127917	0.06347662582993507	1022
84208593	1142515	0.0634765625	880
68965877	953206	0.06320196673915127	1054
85884367	1089312	0.06301883609580729	1054
75131988	1104192	0.06298834878180082	1051
8426856	1109438	0.06292772314694162	1046
86319349	1070995	0.0627925732156065	1054
69946823	915769	0.06275094024940908	1054
15409904	1076510	0.06274605033138421	1054
69815375	1126410	0.06274414097430388	1033
10200421	1070822	0.06271432356337667	1054
4524232	1077101	0.06268501750492607	1054
76993066	1082652	0.06263269486959933	1054
15493514	1081201	0.06263166868365125	1052
2481288	1115189	0.06262588510639971	1050
72410285	1092803	0.06262306614009117	1054
33456271	1116187	0.06251931292553085	1052
75851194	1116661	0.06251633325910257	1047
65838489	1104618	0.06251627816175188	1052
62530583	1113006	0.06251527370477651	1047
74831447	1131492	0.06250762939454556	1023
71586056	1134459	0.06250179378594112	1040
69043121	1134799	0.06250098447452512	1014
4403979	1141218	0.06250011927568314	1010
25671361	616709	0.05837039186578931	1054
75125497	1078890	0.05670261401987153	1054
89056103	839726	0.05567983399607012	1054
81956284	1057773	0.0551910738149682	1054
9188742	582884	0.053566325136719134	1054
70151283	1059932	0.05064821245116535	1054
65668966	617012	0.05012397428187418	1054
71242791	969558	0.04981283945321025	1054
64104781	310362	0.049542000632598185	1054
74984635	1050201	0.04883600026415644	1054
76372266	936347	0.04858599299240253	1054
71752391	791815	0.04835742086565993	1054
16347072	792628	0.047395171256971236	1054
83785402	1133314	0.04736590385438616	999
83671708	1085582	0.046903746308231783	1054
55678111	1136136	0.04687619453785086	1040
81608188	428950	0.046071703584923004	1054
61898421	943164	0.043218791546803526	1054
75212845	1084681	0.043092757463512044	1054
63676154	1140416	0.04299926757923701	995
80455166	1133279	0.042968763363063774	1023
22549011	885705	0.0419998227273229	1054
65483312	859195	0.04104469463538882	1054
75286204	860839	0.041028634048997745	1054
75696425	1067673	0.04066467587949775	1054
4729155	607417	0.040436808363501595	1054
55954551	948359	0.040119454395612375	1054
78580184	1090599	0.03930694333953966	1054
14827425	1035690	0.039108642042576025	1054
64330503	1004379	0.03909833836226663	1054
936457	1136448	0.03906631469772037	980
71051592	1076594	0.036197782960770475	1054
42232481	967845	0.036149653984509755	1054
71152082	1052125	0.03593446500760007	1054
72071167	800811	0.035709630236627994	1054
92234118	1053263	0.035408081561428544	1054
22299021	975211	0.035370382422762255	1054
84538015	1004756	0.03533995198177056	1054
3921282	984635	0.03525424128861234	1054
23724351	845295	0.03523281969011127	1054
61449519	994852	0.03519082446489136	1054
80947484	1013157	0.03517445738725848	1054
10041539	1101534	0.034362794832242236	1053
95955228	1031463	0.034210920970963565	1054
20590281	843151	0.034012351257964105	1054
78802486	1063832	0.033508365988425215	1054
1926589	1082874	0.03347980976469611	1054
88385813	1001824	0.03323561511937431	1054
74476228	781508	0.032723810826624566	1054
89850847	1110919	0.032714907080024815	1050
79938348	856092	0.032694003724831056	1054
75605075	776136	0.03259488304413573	1054
774905	957834	0.03250140139063262	1054
85324704	900142	0.03236591909847075	1054
3666919	963279	0.032264799347125256	1054
37934501	1142043	0.0318603515625	889
67839834	891913	0.031772714204764664	1054
11435612	1049452	0.03174427268294981	1054
78852759	1043806	0.031577378629022004	1054
84063179	1035542	0.03154195979118814	1054
82550184	998906	0.03152656664682441	1054
70135318	1109528	0.03149438597394322	1054
8192953	1010649	0.03143379480055509	1054
73201591	1060398	0.031427413228921286	1054
12220450	1084458	0.031372137634010644	1054
1730398	1141896	0.031372070312500666	927
13123158	1101205	0.03127338238150412	1054
6739525	1141549	0.03125762939453125	875
88593241	1134656	0.03125095935139679	1034
13014284	1134092	0.03125047686717214	1009
60835820	1135952	0.03125023841994343	1010
70769431	1138831	0.03125000186270355	968
23527011	928754	0.02738797856732017	1054
11433264	1067527	0.02572632959721992	1054
9103959	815589	0.024018348442739576	1054
65290774	1133883	0.023681640625057954	987
94073932	1087673	0.02346899419353599	1054
78041957	1081475	0.023468535569010105	1054
6991004	1121564	0.021484412485962903	1047
63920967	948322	0.020429618832741425	1054
15447602	923755	0.019754439847872854	1054
83735798	1090357	0.019540923648690537	1054
63883063	1141194	0.019531257453103024	1017
34321711	877143	0.018586006134684863	1054
71655629	985761	0.018089810560929412	1054
64169643	1083171	0.017822802545328652	1054
64384132	1051906	0.017822750160174684	1054
5466246	796095	0.017719411190004614	1054
87722879	1068847	0.01761682424700428	1054
15864476	1073142	0.017598278820518325	1054
77705868	1026565	0.017593042256074172	1054
63117347	1017546	0.017151863518009295	1054
52491881	988936	0.01697814697778033	1054
99757138	1027613	0.01673223706893979	1054
14954817	853340	0.01664470995771434	1054
71560165	861338	0.016628446174040117	1054
90727095	1037781	0.016610149342380365	1054
6422598	1049568	0.016237322475433302	1054
65117707	1114332	0.016136172234837466	1045
92373474	1134521	0.016117095961838863	1018
72482166	1047517	0.016115434584208832	1054
10258708	866511	0.01608375605718497	1054
74583904	1100293	0.015998844814024693	1054
72996973	1049466	0.015931129466489228	1054
72461447	1026854	0.015750471575316456	1054
75479128	1089549	0.015657575816256077	1053
66893259	1100449	0.015649821624295183	1053
68325218	1109874	0.015640288708255845	1052
60878713	1124353	0.0156271756459323	1043
1103326	1130422	0.015626013977681492	1039
67427521	1130591	0.015625957399948213	1029
7444285	1136385	0.015625720844355317	1029
7888115	1126163	0.015625536441916735	1024
9214703	847469	0.015067142042201297	1054
64813415	827932	0.014775003656784934	1054
53489001	1021390	0.013687255108614524	1054
79297993	1090492	0.013187885292386348	1054
81888572	871107	0.013045853523612335	1054
70608592	992052	0.012940319293456171	1054
39874111	965854	0.012186054723317463	1054
92169672	1104609	0.011962910648777303	1053
67093926	1039092	0.011871755603374726	1054
78530149	988331	0.011860385552609409	1054
15080702	1101235	0.011780023633548353	1053
75517415	1121223	0.011719362344594586	1039
85540098	1142512	0.01171875	851
53471471	1020504	0.011234318869386885	1054
66320486	996941	0.010758062828291504	1054
78077516	999354	0.010596575215515939	1054
3464299	1026373	0.009923251347601737	1054
36839571	1061411	0.009838473110080043	1054
73853929	987713	0.009832639775964963	1054
61452968	1066327	0.009774483100646833	1054
4940699	1125629	0.009766002200311052	1047
56939851	1047143	0.009104252099638416	1054
14556837	970312	0.009034190383375065	1054
9566254	1026489	0.008850723973438845	1054
6250190	1115501	0.00882005691710275	1054
4675615	1090750	0.008802414072661736	1053
86744433	1126166	0.008789122108461306	1023
12150665	1062712	0.008435149357639282	1054
12848552	978874	0.008365750780513055	1054
67467804	1101393	0.008362919325080723	1054
73994908	1045551	0.008318275245088106	1054
9779570	1056419	0.008305148221780329	1054
28495341	1056483	0.008301795543958185	1053
85369522	1133157	0.008301020599901676	982
24403451	1141345	0.008300781251875833	922
70294292	1128661	0.008056763792410493	1025
3407958	1100528	0.007952693864383242	1054
67540709	1095131	0.007935796398670038	1052
5632174	1130221	0.007934574505284786	1026
2557026	995899	0.00789375552285094	1054
28073371	1127785	0.007889866828918502	1016
9943235	1028935	0.00787984673430136	1054
70405744	1073327	0.007845074990657789	1054
16397274	1074431	0.007844928678001616	1054
78650008	1105654	0.007824067739463274	1054
11421822	1130598	0.00781297730281949	1022
74396670	1134167	0.00781275336657983	1035
77244359	1142283	0.007812500161918775	984
20370431	1108751	0.006950378621705944	1053
37563911	1133130	0.006835967303004592	1028
87904287	1027302	0.0066767871108517375	1054
29177071	1083985	0.0063487440640415125	1053
73390801	1142125	0.006347656286838088	978
64766302	1094048	0.0058597924653796185	1053
7682490	1002657	0.005452525955862047	1054
65503200	1088980	0.005372539213627684	1054
69425079	1109641	0.005127072450946461	1054
83355578	989894	0.00500509380253971	1053
74041643	990291	0.004961968985526272	1054
64322720	1130917	0.0048990554933114	1054
10319874	997849	0.004403240994183946	1054
16869671	1077527	0.004402166233377192	1053
73626918	1130326	0.0043029786320438745	982
26388241	1027986	0.004272967926568561	1054
45265831	1074018	0.0042116642289336	1054
90055837	1096213	0.004029519888717914	1054
5775938	1104639	0.004028469324580897	1052
81539762	1136171	0.004028320312523318	967
76401318	1049498	0.00397874521339503	1054
67687597	1052413	0.003937292145800308	1054
78074950	1075008	0.003929295635377264	1054
17270322	1100761	0.003910085209768003	1052
8307491	1117728	0.003908157378248678	1044
11602496	1110912	0.0039073845931075326	1050
2410091	1102159	0.0034370422372807102	1052
46725701	1103776	0.002852537501025049	1054
89106253	965085	0.002690318408814563	1054
891436	1115075	0.0026874929776640345	1054
87045823	1062497	0.002545393492753402	1054
6914695	1099092	0.0024437913673838463	1053
72462639	1104019	0.0024433434027857923	1052
52147611	1057597	0.002277562753079554	1054
69920682	1088671	0.0021667691835891593	1054
66703496	1042700	0.002137200295779601	1053
74411753	1095445	0.0020756599924425852	1054
78158755	1093389	0.0020363932281749642	1053
78153059	1106775	0.0020142831708671607	1054
21838201	1135675	0.0019989018328492314	1016
2484112	1140198	0.001983642578125	910
6829354	1134653	0.001976013212711793	992
91412514	1136140	0.0019683839927928663	999
10524260	1092794	0.001961350557463165	1054
11277493	1141362	0.0019533643499016796	925
97774228	1132292	0.0019531326961832753	993
91503926	1078530	0.0012555201614118125	1054
2840362	1121654	0.0012207646518984164	1051
81434692	1075201	0.0011227234106759862	1054
17801250	1117131	0.0011084232095308635	1054
9971564	1077666	0.0011020314862578084	1053
67755007	1110914	0.0010986412089553366	1053
73687753	1131292	0.00109863319096526	1045
77586629	1090030	0.0010377326982561339	1053
8206833	1093465	0.0010223761209663103	1053
4517211	1125323	0.001008854349437037	1053
60886698	1103661	0.0009922982590091578	1054
62652749	1095500	0.0009790663757485172	1053
84592297	1128619	0.000978471713100504	1052
6898773	1133339	0.0009779930115038082	1027
78461516	1110028	0.0009773619613611187	1053
7524272	1120368	0.0009768188192742777	1053
80593378	1136398	0.000976622171948609	1032
61139071	1136412	0.0009765923059603702	1005
64699288	1111449	0.0007495917416245916	1053
2261410	1098642	0.0007334371048284272	1053
83628768	1108325	0.0007328988197060141	1051
74250587	1130323	0.0006103529743795033	1018
3513394	1102072	0.0005819518712706953	1053
72070691	1108991	0.0005238444519666875	1053
14663882	1133495	0.000511169964969584	1047
46183361	1096661	0.0004999646942043248	1052
9176639	1110695	0.0004921149723280396	1051
81038580	1110347	0.0004887878894805935	1048
39917131	1132835	0.0004887655377396953	1051
77699618	1139197	0.0004883110668743168	1015
14757686	1138741	0.0004882910288870335	1024
96246640	1119311	0.00037962343782328137	1051
64049872	1110348	0.00037408253417939654	1051
71349507	1124373	0.0003672848106521867	1053
79345729	1131243	0.0003364091972499917	1050
15100914	1129866	0.0003237726052703062	1053
71579567	1111844	0.0002994538085732554	1043
10466925	1131134	0.0002746898836130107	1053
72609857	1110324	0.00026322927820388156	1050
92129718	1112629	0.0002527236975326053	1038
66213996	1131512	0.0002470109658115776	1053
34575991	1134296	0.0002460965263257943	1052
90256929	1133476	0.00024417066390503006	1035
61080156	1115278	0.0002441462148894478	1040
5344097	1117969	0.00021553132728596806	1050
70743428	1130481	0.00021483004093193238	1044
12491045	1113539	0.00019193092999543219	1054
65991636	1136454	0.0001831061673062133	1045
41112091	1106429	0.00018310558903137454	1045
87360055	1120478	0.0001383501030467489	1054
62176636	1139324	0.00013761852460828408	1049
86452109	1125690	0.0001374045389184314	1043
82548950	1129285	0.00013399316465493707	1050
63331372	1126759	0.00013068414409866946	1053
76572516	1129541	0.00012618314942015185	1049
61339484	1125635	0.00012528915326243182	1047
74035232	1129013	0.00012408290058375278	1044
74571723	1136129	0.00012260861701209052	1048
20595241	1130844	0.00012230923414347644	1050
71708675	1117605	0.0001221318094626403	1046
67785320	1134951	0.00012208009320691104	1011
77649073	1134822	0.00012207086570327507	1008
91091131	1139925	0.0001220703164026768	974
78595139	1141437	0.00012207031295476123	934
68071549	1139885	7.629400360989648e-05	1040
2555176	1141207	7.247924989428785e-05	980
89813133	1136167	6.795674653427291e-05	1042
4157260	1123551	6.330013275235314e-05	1038
84582213	1124664	6.137139462614183e-05	1048
80788398	1128918	6.10370489120271e-05	1031
71938672	1137641	6.103515810818558e-05	1004
77705560	1136977	4.769396594044088e-05	1043
66761683	1126319	3.8398547545338375e-05	1041
16329637	1132879	3.814744565144891e-05	1039
63983298	1133604	3.674691834468756e-05	1047
78236344	1138151	3.5050056141017845e-05	1041
71173042	1133836	3.436232873356258e-05	1036
61258057	1136810	3.1549499008362916e-05	1040
7761148	1135935	3.151595595341191e-05	1039
56930031	1140583	3.076355108078155e-05	1048
84707419	1137042	2.0044899430972782e-05	1043
96254942	1138614	1.5274623713480877e-05	1040
56552931	1136166	1.5259742671346473e-05	1031
60992209	1137596	1.525904377786035e-05	1029
17950794	1139718	7.868104148713376e-06	1042
4566336	1137456	7.660129085936104e-06	1025
86547763	1137335	7.629400102016182e-06	1022
1286176	1140440	4.187228114905565e-06	1029
90117913	1137984	3.933910306841455e-06	1013
83204020	1142240	3.8314974804287815e-06	1036
67758791	1139449	3.814770027999523e-06	1041
29946871	1141228	3.814711817547167e-06	977
68091989	1141383	2.8619833756255603e-06	1032
69551279	1139374	1.9227159100410063e-06	1035
82027610	1141450	1.072883613062567e-06	988
75296739	1140420	9.536816261146446e-07	974
30692001	1140885	4.991891344729993e-07	1006
14245093	1142062	4.946597665044628e-07	1037
2057449	1142012	3.725294899247863e-07	1011
9420701	1138695	3.374516385251904e-07	1017
65607413	1140757	2.4587649255505773e-07	1014
90075069	1140700	1.1922384146600983e-07	992
84922427	1140499	6.344645699102185e-08	986
76118727	1141024	5.963374860584736e-08	962
75764632	1141554	2.2468162011457515e-08	1003
12280130	1142033	9.332268327268834e-10	959
56640741	1142312	1.1643142006079602e-10	974
12697219	1142445	3.32534000337846e-11	943
14841167	1141057	3.297808207070395e-11	972
13382403	1142186	2.9104053368707036e-11	925
78349466	1141719	1.8190560603801655e-11	947
25580011	1142346	9.265921370407008e-12	933
73914717	1142190	1.82254233449192e-12	924
59454851	1142479	2.4222984730494245e-13	923
79063887	1142497	1.5777218104420236e-30	837
