Total times: 1142537
Item	Time empty	Estimated value	Time
68344627	1134757	0.9945015849054839	1046
51245031	1130972	0.9901650086976435	1044
3338125	1140043	0.986869788488568	1045
72783014	1141157	0.9843831141492103	1047
69992142	1132158	0.9843673685900143	1042
85205712	1139834	0.9843057853476809	1046
11102580	1124337	0.9756424657541624	1045
9188742	1118963	0.9727067404402401	1045
93970958	1142198	0.971053972749059	1038
8883995	1115403	0.9692573241301556	1041
1400070	1130731	0.964985214354009	1042
78745107	1130171	0.9611979230399579	1049
78907413	1142251	0.9573234314726015	1043
77052505	1140073	0.9553614196741649	1038
14827425	1103226	0.9538848442211507	1042
91503926	1140944	0.94970703152336	1047
4954825	1137888	0.9487093825232962	1050
4189327	1134888	0.9485157718152024	1045
83504220	1132524	0.9463760080707666	1044
86255145	1129209	0.9372811173540013	1048
63590356	1142152	0.9337887766208982	1043
69841660	1130541	0.9330451544853512	1045
81508148	1116795	0.9276644813350435	1047
60797755	1142398	0.9264981727791812	1046
72269660	1137278	0.9257038273053985	1045
29056981	1132844	0.9209961962520841	1040
66237014	1136503	0.9182644572545995	1050
63423553	1120336	0.9161292072934958	1045
87954089	1133229	0.9072268642494321	1042
3164755	1111702	0.9065933227908368	1045
86483013	1130510	0.9053838120838658	1041
16287865	1139536	0.8985614781350242	1046
81863242	1135119	0.8969383251754277	1048
57598911	1132118	0.8951748659042846	1041
71418484	1125086	0.8931351033836377	1045
2159153	1139120	0.8929272603952292	1041
65391788	1142418	0.8915399604905648	1045
4119245	1141432	0.8876984343683093	1037
72527358	1139168	0.8867212075364421	1046
78758277	1141855	0.8854681555029211	1046
69946823	1136518	0.8848819809509243	1039
15430061	1124230	0.8833085894593833	1042
4517211	1126472	0.8809128829332349	1047
70555369	1133686	0.8804018792876541	1038
5375255	1132786	0.8792725247587327	1042
2405183	1140499	0.8785056859303901	1044
9476033	1141217	0.8755372241250994	1042
77960617	1070157	0.8749846962741679	1041
75066331	1135272	0.8748468151303328	1043
71179576	1140824	0.869951630766017	1038
13779595	1133778	0.8652494419558542	1043
31102171	1136945	0.8637062301518674	1043
69035594	1139266	0.8627207140827482	1038
16878842	1129341	0.8610838506156652	1043
63720689	1121198	0.8604472109082641	1047
78530149	1142471	0.8594142497752283	1044
16744376	1140899	0.858744695917278	1040
861187	1138512	0.8582775590361671	1042
71350313	1093059	0.8516396588726797	1044
15036397	1133073	0.846271317447918	1048
16033869	1133331	0.8461423390667675	1042
62343841	1108921	0.8451536971907155	1042
4257083	1130130	0.8437579778930061	1044
65850520	1125583	0.8437304081569434	1037
83930047	1140117	0.843726213670049	1042
9331740	1127143	0.8340572352273632	1043
11433264	1135634	0.8340238374821658	1039
66931072	1109975	0.8331701101087542	1045
8750746	1118517	0.8322087002256389	1046
64962419	1111852	0.8289202954957265	1043
13421009	1140318	0.8222677349122307	1043
81791220	1132748	0.8203278929179305	1045
65431390	1125742	0.818967759727736	1048
64580001	1116004	0.8132648767216324	1042
3275927	1136745	0.8125019394876745	1052
71578197	1114316	0.8082638936611873	1038
8431767	1126483	0.8082306604932951	1042
78468571	1127586	0.8079869560958876	1036
4405502	1119263	0.803375251825071	1039
73561246	1116971	0.8007812537583768	1050
69618629	1135393	0.800035514701648	1039
70045109	1139642	0.7994757075643494	1046
95955228	1131789	0.7969400919989913	1045
54445651	1131103	0.7960844494307282	1039
75735062	1133946	0.7935223245426377	1044
78216243	1137086	0.7911378760191747	1040
17460500	1139065	0.7900132493432294	1051
9943235	1132361	0.788225174061683	1045
33291631	1129733	0.7876883187674999	1047
62176636	1125391	0.7853014804422932	1045
64699288	1136113	0.7812501196749508	1040
85369522	1134403	0.7812500000000001	1040
62188697	1079943	0.774675329289471	1047
76551964	1129438	0.7736286001808068	1046
7682490	1138461	0.773532934507867	1047
90052073	1138519	0.7725526569482858	1047
70151283	1131082	0.772034049041775	1047
536440	1128078	0.7701986868487513	1043
74770835	1133370	0.7670892630795697	1050
46219471	1132868	0.7666478160351171	1048
11521425	1130482	0.7656402886577784	1043
1805436	1126204	0.7646835345241292	1048
68221676	1139868	0.7644085981712612	1043
77522417	1139584	0.7631759563405867	1048
61107680	1133900	0.7625430990783229	1039
12561291	1142101	0.7623119522470467	1046
61210275	1121550	0.7620627754333573	1043
15100914	1135394	0.7617195997194441	1043
8855569	1120266	0.7585654952935177	1043
17963617	1134441	0.757347345825857	1045
14693816	1141992	0.7558636814505917	1047
72718191	1141091	0.7558536499065847	1042
81246014	1135914	0.7549051679177194	1046
73378305	1137942	0.7539712860150645	1042
16999015	1138405	0.7529497845699791	1046
76375991	1140646	0.7526251712427312	1047
17528473	1127114	0.752563953866097	1047
61898421	1139922	0.7523367651815716	1043
72935484	1137024	0.7519617202526485	1047
66761683	1142354	0.7519569695032555	1041
15148124	1130471	0.751953213862268	1040
8426856	1134923	0.7513771169180927	1049
67199484	1134571	0.7508556156012867	1042
69501553	1141233	0.7505555549942644	1044
39874111	1109857	0.7504961806263318	1044
74042578	1067386	0.7504891529835549	1042
88991703	1136850	0.7503807037562809	1040
8570739	1099418	0.750294867908055	1044
64169643	1141702	0.7501221620573377	1045
57787651	1093420	0.7500630319627835	1042
78361807	1135975	0.7361141309056922	1046
78236344	1138950	0.7343773851175732	1045
9757537	1133921	0.7336581061009242	1043
23372091	1141710	0.7290291489554797	1046
78405037	1116440	0.7277808814474173	1049
73246025	1135460	0.7240029289578818	1042
79177655	1140522	0.7223455697804742	1046
79318731	1087965	0.7194843393490433	1044
66985565	1139338	0.7190194316507666	1049
23172981	1137444	0.7115198001294838	1047
25671361	1141130	0.7063663803871352	1045
4819939	1142143	0.7054331381146963	1039
79938348	1126555	0.7046822700693558	1044
71539796	1138767	0.7043467769867711	1045
12734529	1142472	0.7032022570638254	1041
7747321	1133590	0.6993170670490475	1042
14510923	1121605	0.691406782840716	1044
3369711	1140279	0.6908198258277788	1050
13259634	1134793	0.6904688191439546	1044
77603443	1119260	0.6896708053539742	1045
17489120	1141099	0.6887107820830886	1044
74710553	1087660	0.6877442645248735	1049
67204737	1137930	0.6848504679710159	1041
83141690	1123317	0.6817012354813535	1047
39955981	1127589	0.6725655817599754	1043
11331629	1117920	0.666170310940867	1043
65850390	1139346	0.6661192217944413	1047
6260076	1115531	0.6640627682500089	1042
15447602	1135992	0.6611795733930501	1048
53349101	1142050	0.661132874200135	1046
91236046	1114605	0.6594015356296297	1045
66947315	1126958	0.650911812257051	1043
83671708	1141645	0.6491853017380259	1047
18752211	1130982	0.6472549674047503	1044
74512312	1140455	0.6429767769381297	1045
80933110	1126175	0.6372099371369663	1034
89414147	1138023	0.6327891972274071	1045
8647650	1121014	0.6327392254244386	1047
64104781	1140503	0.6310454732643342	1048
17165097	1136764	0.6289149710287432	1040
36012181	1134327	0.6289077178525987	1045
81888572	1137244	0.6282920158717216	1044
6526074	1106747	0.627883023510261	1044
67346349	1130316	0.6278162924976087	1036
82548950	1136962	0.6270906485160951	1048
71708675	1140295	0.6269543190174007	1046
66786687	1132756	0.6260634092742521	1041
17801250	1137369	0.6260223938172864	1044
1209016	1134731	0.626006278461023	1045
67093926	1137166	0.6259927825303896	1042
82445156	1137938	0.6250307636877903	1043
13685758	1133171	0.6204583720684133	1044
70292437	1130835	0.6195892598373329	1043
9883417	1119674	0.6187884505470577	1050
4967715	1095514	0.6153940947757433	1045
71876015	1133088	0.6114855200309393	1050
10188258	1136761	0.6110790713371214	1044
81608188	1118958	0.6065661577857897	1039
76570826	1136654	0.6060339968057507	1047
98104668	1130349	0.6051950911765123	1045
68965877	1141577	0.602131843566895	1040
79775986	1142530	0.5993360026571546	1044
99677218	1131878	0.5943949662649474	1045
16082575	1131470	0.5937520290067814	1045
74041643	1133711	0.5937500000005449	1040
77664234	1084510	0.5930235573102474	1046
67619943	1119324	0.5911751578763321	1045
15232718	1119077	0.5839843758895016	1049
12369894	1141849	0.5825886792450065	1049
87813009	1118080	0.5822067336994332	1048
14229391	1142475	0.5820770413847653	1042
88304149	1134588	0.5780306256779423	1043
86262325	1125576	0.5766020249697046	1046
68670357	1136206	0.5752571748617052	1044
89184603	1127515	0.572462575700243	1039
75372277	1135552	0.5723050833048546	1048
81956284	1139540	0.5713539198169428	1044
63336157	1119229	0.5713143611944116	1043
25580011	1135193	0.5703163146972656	1049
5832569	1114257	0.5694599198786898	1047
4156841	1141595	0.5690460210948382	1045
12650242	1126985	0.5685350907916881	1044
14150982	1138875	0.5683614632912395	1048
4630502	1133014	0.5683610593117181	1044
69180862	1135629	0.5678400720348441	1048
70679517	1130978	0.5675061380188751	1043
75623204	1141248	0.5665378570602115	1049
66181073	1127988	0.5664693714459563	1041
78426407	1139552	0.566412657547062	1047
11790246	1141265	0.5664062649012217	1047
1118030	1140929	0.565851339322017	1041
4250024	1121390	0.5637861497366556	1039
89056103	1101350	0.5625211075558912	1045
65802069	1140852	0.5625024443761504	1044
13123158	1135988	0.5611496661010804	1048
74066212	1139469	0.5572269196891362	1044
71152082	1134389	0.5551762618130199	1048
90282069	1104933	0.552245197784451	1042
14873288	1116348	0.5471918998679259	1046
7880174	1124730	0.5470145361652214	1040
78158755	1126305	0.5420151360017804	1040
90546071	1085596	0.539356718306875	1040
12985555	1140856	0.539065188210464	1042
67687597	1118540	0.5372975320207951	1045
70083584	1141300	0.5359501846856531	1045
7541920	1137355	0.5351564889278997	1048
16329637	1081023	0.532410636575416	1045
7524272	1131477	0.5317464499385673	1045
69818709	1132759	0.5317382813082381	1046
49553651	1133433	0.5315895225000454	1047
71430746	1105701	0.5275623956384456	1039
18018384	1139706	0.5273437576343022	1042
69562013	1107922	0.5261521009355414	1048
6250190	1125519	0.5244180076138036	1047
77023726	1126568	0.5200615092410394	1044
84039329	1136134	0.5179614119950667	1046
66241687	1124067	0.5168186597370765	1037
73994908	1117595	0.5167999276900447	1048
7584125	1135659	0.5159379246190952	1050
36839571	1137501	0.5157623348062153	1048
4524232	1125841	0.5156271609312171	1046
63117347	1133061	0.5127575439400974	1049
72549866	1136034	0.5124980288376416	1047
86451941	1134331	0.5118532349843061	1045
13550230	1134012	0.5115663601629363	1044
14556837	1134878	0.5110006332470634	1043
65954048	1091911	0.5102195758550395	1043
891436	1135702	0.510074675281488	1040
69124664	1091547	0.5100303441433889	1046
11643845	1120938	0.5098948484810589	1043
1589044	1113592	0.5098267386217685	1043
8629910	1128406	0.5092785656597735	1041
72135139	1129228	0.5088196397136946	1047
16995428	1133784	0.5083715576349683	1045
11517123	1131783	0.5083048641695462	1042
94073932	1138289	0.508058788313094	1043
8028053	1117740	0.5079842211289647	1048
4729155	1141868	0.5079162045977234	1047
61258057	1134179	0.5078812242138754	1046
86744433	1137891	0.507823944211907	1042
91011063	1138892	0.5078160916633958	1044
8478319	1133082	0.5078150644342858	1042
77787512	1130877	0.5065996796483958	1040
774905	1141766	0.5063644147158191	1040
4403979	1110911	0.5058594421298324	1043
1711270	1124712	0.5047769546804481	1043
9103959	1135297	0.504049308598074	1046
82973838	1139909	0.5039291420256404	1048
89106253	1128033	0.5039086121147137	1041
18161074	1140669	0.5039067627023431	1044
71173042	1136821	0.5039062500582716	1043
11856914	1132510	0.5024495148127546	1047
75666691	1141357	0.5020337105089041	1046
71938672	1129608	0.5019607553262588	1048
6405162	1133016	0.5019533638842404	1042
56930031	1138540	0.5014762880527996	1044
61339484	1124576	0.5012226711262748	1046
72033090	1123464	0.5010089883581437	1036
74984635	1134275	0.500979919030236	1046
72759996	1118177	0.5008706083824799	1049
78533863	1094348	0.5005558822467728	1044
8966603	1126071	0.5005494160652867	1043
74215323	1122753	0.5003141256980305	1050
71051592	1138719	0.5002746620161824	1047
14147479	1141836	0.5002556080071381	1043
20595241	1118036	0.5002517928405767	1049
11640186	1140484	0.5001235455347359	1041
8212530	1133577	0.5000650012079861	1045
11277493	1139991	0.5000305781159113	1045
68627303	1124796	0.5000152613212683	1043
78368276	1126553	0.5000004768445622	1047
5316158	1139172	0.5000000015133992	1044
68325218	1134621	0.5000000000600267	1044
75943787	1137332	0.49984692514370455	1048
10737055	1132482	0.4946827779787186	1043
11130036	1122005	0.4917828892001159	1044
20590281	1140415	0.48453261252178415	1045
70823508	1128611	0.4827835858577969	1047
89978661	1127357	0.47728094555998674	1046
86319349	1138708	0.47243335846838097	1047
94636848	1100362	0.47193528453373024	1040
68734298	1127824	0.46791458723607315	1044
68254523	1130166	0.4657201789787777	1044
75092622	1137988	0.4642670481467307	1046
98400694	1102356	0.4634413466341514	1044
46725701	1117186	0.45817820589228353	1043
2323940	1108513	0.4581189553037787	1037
73331759	1141943	0.4463069960733189	1042
2609199	1136550	0.44603467116520573	1041
4313595	1140182	0.43864435221334885	1046
8247183	1139864	0.4385089911535545	1042
13471586	1142402	0.4376403422770121	1042
73399731	1108398	0.4341470022278351	1051
2287585	1139096	0.43060355755787294	1046
66293468	1065864	0.4296015329529018	1045
93868746	1129402	0.4280015991248257	1045
13509734	1131616	0.42303853905014704	1048
72581182	1101682	0.4228264150177349	1046
73203277	1138385	0.4219447079850909	1047
16435287	1139690	0.4180426511801636	1048
5466246	1132036	0.4180202494473386	1046
76310214	1139290	0.41767504992862686	1041
11016852	1142247	0.41702739754981727	1043
61805276	1141461	0.41700352006776964	1049
3666919	1140617	0.4116250288318568	1046
74457421	1140654	0.41071639594966064	1048
70608592	1125215	0.4107084287823867	1044
82138970	1123119	0.4087157854437497	1048
78278329	1139779	0.4085461816480813	1049
2995148	1133003	0.40796019082151896	1044
78436103	1135366	0.4068017196858041	1039
63983298	1127236	0.40649474412273934	1042
74831447	1129418	0.4062516895501176	1042
5698694	1124684	0.40615296434590853	1043
16053451	1138795	0.40527198975536016	1044
73357729	1110757	0.40346902282413544	1045
6862149	1140265	0.4022233626679448	1042
65443904	1141440	0.4009373978780673	1041
7854296	1131283	0.40048639502493744	1048
46510391	1131466	0.3992934357375406	1046
84986265	1138980	0.39477367787448703	1048
74173803	1128743	0.3913805484810543	1044
69990343	1137638	0.3913746644721898	1050
22299021	1125770	0.390767660413988	1038
82925846	1131415	0.39068955194727795	1049
78446434	1128363	0.3906408648950407	1047
59858331	1120166	0.39062599610954507	1042
68788868	1134459	0.38831301816197855	1045
73549639	1125809	0.38587792079056904	1042
87623241	1110897	0.3856228092063948	1043
18054075	1139298	0.38282587391248457	1046
75286204	1130390	0.38065007943195844	1051
72325972	1141518	0.3776389263448849	1041
9702723	1129449	0.3773198214663058	1041
66676859	1138883	0.3770022447275972	1041
71840449	1141986	0.3765125614200652	1046
72032570	1134763	0.3760986384011322	1041
91145851	1131624	0.37597672967968176	1044
2926402	1115511	0.37554168911543057	1043
12280130	1133299	0.37551504373550415	1046
28495341	1130093	0.3753056833619451	1044
70586395	1140425	0.3751833440383621	1041
78315219	1137338	0.3715955554562367	1038
71603224	1131051	0.3711595545083526	1047
36449671	1137995	0.360845227034596	1046
17587494	1136683	0.3555969936790186	1045
1869815	1141586	0.3550706630960045	1041
76372266	1133030	0.35486271148012105	1045
89160781	1140372	0.3507459327630932	1043
5673785	1109442	0.3493705587780309	1046
62264016	1114435	0.3492826450674122	1042
4096104	1138237	0.349121290180205	1042
67582502	1136943	0.3458043376158477	1044
80593378	1121035	0.3440060616194388	1046
7107386	1128156	0.3437500041400787	1037
55629131	1137941	0.33498193756350564	1046
10353921	1124963	0.3324452117377521	1045
91108501	1142322	0.33209625767172135	1045
69237717	1134509	0.33155544195392594	1042
15792789	1138124	0.33048357528809613	1038
15409904	1129660	0.329246524725022	1038
62048229	1134248	0.32912760260783125	1048
6422598	1139033	0.3281556368276598	1043
84538015	1124808	0.3281329870224001	1046
50929511	1138644	0.32813273187537595	1043
3411439	1139680	0.3222714891116999	1043
6898773	1125339	0.32061767578125	1038
72070691	1117783	0.32038167970518217	1049
14954817	1136918	0.3191504377416087	1043
15676309	1141317	0.3189369546553513	1044
16201983	1126454	0.3183980807756299	1043
63264439	1141212	0.31832907081143175	1047
67751351	1136448	0.3181286617321395	1045
9100736	1072976	0.31758845085299214	1048
5563439	1124564	0.31695250458190105	1051
3921282	1111050	0.3166885389096734	1039
68288613	1102921	0.31659323029452935	1044
76993066	1135547	0.3164826650470368	1045
16256608	1136922	0.3164112913078778	1039
90714907	1141401	0.31472992961984764	1039
10258708	1140610	0.3130081448877363	1044
99757138	1135442	0.31299688202125964	1043
86847717	1133583	0.31287596376228244	1047
74396670	1134964	0.312505304900697	1047
23527011	1132642	0.31250193064079257	1044
70463099	1137477	0.31176045805613245	1042
13526995	1132609	0.3056802770617263	1047
16133496	1136179	0.302805732950357	1043
15597432	1118706	0.30069425237507375	1045
74411753	1126379	0.29911259610651264	1048
64230569	1135585	0.2974858677931192	1043
65845323	1131248	0.29706585783851747	1046
4701067	1123124	0.29687634310229183	1043
67552090	1116157	0.2927992927584587	1043
14491576	1116950	0.29050181367983713	1044
5479603	1128968	0.2900548023784673	1042
67653031	1140365	0.2897112666455833	1044
79962226	1139989	0.28592848778505714	1049
99107038	1136621	0.2851601890288471	1043
11979974	1138904	0.28515663753754283	1042
79032380	1133660	0.28430182207381455	1045
46183361	1119214	0.2837600710390691	1048
65301357	1139438	0.2823305875208561	1047
3850238	1089377	0.2822280564942229	1043
80619478	1140019	0.28185284888703427	1045
23540241	1142315	0.2818155514252547	1045
1936363	1133791	0.2812500023283633	1044
77682184	1132323	0.2811783023167457	1051
63920967	1137096	0.28055005581737613	1038
89071893	1137443	0.2785079672327615	1046
9597446	1131433	0.27734375291296975	1048
41773241	1139799	0.27493790654536987	1049
68220174	1125255	0.27490333759559604	1041
65668966	1132491	0.27088598117515716	1044
87904287	1109058	0.26981431322418864	1043
87045823	1134527	0.26884437738414174	1045
69733434	1098421	0.2677081525629684	1039
71655629	1136874	0.267655857638669	1047
1125208	1132189	0.2671511664230577	1042
71764550	1107229	0.26690795334056033	1042
64126400	1142167	0.26575473698267876	1041
78852759	1137315	0.2656632107833182	1047
89813133	1125707	0.2656328165912831	1045
75419623	1141623	0.26562500023464974	1042
83355578	1142097	0.2642523180718621	1048
67589109	1120705	0.2641941374473261	1041
2840362	1132614	0.2637825639977903	1045
77014514	1142399	0.26227286932606814	1043
77279367	1129391	0.26174796018867785	1052
71379069	1131660	0.2610134203715585	1046
5826100	1096480	0.26075794928426954	1045
2247288	1139204	0.25999680266915837	1045
77158575	1141912	0.2598876999841273	1045
5953902	1133679	0.2597699464630208	1043
70312948	1125593	0.25929789260050384	1044
74591612	1138927	0.25898268377614453	1046
75549879	1132865	0.25794219970886545	1046
9779570	1132419	0.25789297377974685	1043
78074950	1133715	0.2578928584830571	1044
29177071	1131524	0.2578620911522975	1040
6132153	1139956	0.25751556158499145	1040
1955175	1105970	0.2574493606899783	1043
17410069	1125218	0.25708182230400833	1045
88365603	1132485	0.2558608787660798	1044
10287363	1126929	0.25563455400794166	1048
1528629	1095981	0.25549343231251165	1047
64322720	1133765	0.25439644620201607	1047
78650008	1128842	0.25439548516851684	1046
70870518	1117800	0.2540903148051284	1037
63776202	1140336	0.25391411787156337	1044
67976638	1128410	0.2539086348081169	1044
63610804	1126367	0.25347900763247827	1044
18008990	1139840	0.2531738281309439	1049
3513394	1122829	0.2529432778901626	1048
88385813	1135150	0.252937839046357	1044
74863964	1129685	0.2529301722862006	1043
8458109	1138182	0.25244140729819264	1043
74250587	1109246	0.2522130033467534	1048
75696425	1116450	0.25207765452979075	1042
8642307	1132631	0.25199127197720567	1046
88593241	1126219	0.2519836463643657	1045
72462639	1133481	0.2512817571478099	1042
81234030	1112935	0.25119133394054693	1044
73205697	1142502	0.25109879317873457	1048
79345729	1141927	0.2509934944137157	1047
64258200	1133849	0.25073269079624105	1041
32238981	1126399	0.2505075787381657	1041
14320658	1125148	0.2505035996437147	1037
1243656	1140650	0.2504927649425284	1043
86452109	1138244	0.2504893541483	1045
81539762	1133430	0.2503662109393243	1045
62392492	1128182	0.2503099548961387	1049
10319874	1136806	0.25026037044155564	1043
82027610	1098877	0.25024414168729003	1044
1364404	1142139	0.25015834907391377	1040
60776064	1141731	0.2501375675652828	1045
46822571	1138214	0.2501222203287911	1044
92234118	1137877	0.25009776707827314	1048
38095111	1131990	0.25009256677913294	1043
12848552	1140423	0.25007677079703705	1047
15080702	1136722	0.2500382070521159	1051
67427521	1108784	0.25003433413803583	1044
73853929	1140095	0.25003251621199096	1046
72609857	1138890	0.2500195745960818	1049
2057449	1140176	0.2500172299332917	1045
81899946	1114299	0.25001535760386556	1046
72996973	1139512	0.25001527748329977	1046
45790471	1107069	0.2500152680459714	1040
64049872	1104505	0.25000859425927224	1038
67744137	1125920	0.2500076354495224	1044
90055837	1129544	0.250001790234883	1043
74951498	1112488	0.2500009691594197	1040
78595139	1133761	0.25000023841903396	1044
80893728	1131425	0.25000017933786456	1041
62945228	1139762	0.2500000000019611	1047
13280907	1135333	0.2383098835620694	1045
77705560	1129561	0.23694044726516955	1046
10200421	1134008	0.2359634210594383	1044
80877874	1131360	0.23399774376181018	1049
85017611	1138658	0.23215761523056222	1041
73814281	1137295	0.23160724438463987	1046
75710556	1128047	0.22857028439205473	1047
9214703	1118760	0.22471858570410422	1041
8198424	1140917	0.22022691136975284	1045
92125584	1127028	0.21891787002507024	1047
6081186	1139653	0.2188035408034958	1041
43865151	1136661	0.2184441065235177	1039
36741151	1137468	0.21191749871105356	1039
8979556	1141732	0.2109787355616932	1043
85089986	1132130	0.20911293382593618	1049
78077516	1111840	0.20793205534578785	1044
90543131	1122220	0.20612049988426587	1049
33357171	1133404	0.20509457902903805	1048
60850009	1141272	0.20483526637554186	1042
77586629	1132848	0.2033884562570752	1045
83735798	1137268	0.2031290724446866	1040
57719221	1134291	0.19997126292679895	1048
76503289	1137599	0.19971576394272852	1047
78160898	1136317	0.1984865825150595	1050
4432859	1141488	0.19824743652316107	1047
91940648	1136568	0.19682181285846506	1044
772894	1129313	0.19531251494495927	1046
72756274	1141727	0.1919348361127587	1046
77273513	1137782	0.1919067651334159	1048
77244359	1134880	0.19149834130894394	1045
77674537	1130491	0.19119914758936263	1046
64813415	1136693	0.19068325377262926	1048
15864476	1137247	0.1899492931588612	1046
72071167	1127002	0.1894914116738638	1041
9971564	1125733	0.18875326044259044	1046
91217118	1142320	0.18849309091535948	1044
67540709	1133112	0.18780244236404545	1047
14245093	1109547	0.18762236929653417	1042
11725882	1141333	0.18756157256712713	1043
15735462	1142461	0.18751931656174925	1050
71142799	1141425	0.18750787201344116	1046
8348762	1126130	0.18616225736800218	1049
22549011	1142093	0.18360913453498479	1046
77705868	1115660	0.1800842481025341	1048
60987641	1136240	0.17738405618140973	1044
61076942	1071375	0.175785813613402	1043
9159424	1140124	0.1757850795987821	1041
8524489	1135187	0.17432666011246023	1043
16015457	1107423	0.1739541719145237	1050
5384567	1138802	0.1733417520463837	1043
62315343	1138376	0.17242447296121174	1043
70625832	1135587	0.1723022849951402	1044
55678111	1132200	0.17212726175785426	1041
75249221	1120089	0.172126770082919	1046
63676154	1136580	0.17191314697265625	1043
62019639	1104921	0.17076490541099654	1040
65007713	1127740	0.16948130809368395	1047
89623327	1131448	0.1688768104689951	1043
82492738	1138555	0.1684770598149054	1043
2560749	1132286	0.1680966615676891	1040
69121790	1135983	0.16802054655322524	1042
55007601	1142521	0.16662794452824534	1042
71605337	1139213	0.16613913021911153	1044
74625078	1132906	0.16505624447478343	1043
84707419	1136181	0.16455149653531034	1045
87226779	1088937	0.1640980583935346	1045
14663882	1121837	0.16406561810890707	1040
13085516	1091973	0.16334537800872795	1042
80455166	1140613	0.16041141777538484	1044
16169324	1141858	0.15954618479034516	1046
65126194	1133198	0.15826458484889389	1044
13014284	1142455	0.15820312895903055	1046
6154428	1139463	0.15754699757462914	1047
70292834	1114097	0.15752038449895026	1044
1674626	1142460	0.1569838650127165	1043
26388241	1132623	0.15663156032817938	1046
7761148	1136959	0.15653145412628078	1045
90727095	1132996	0.15628207481859224	1045
73691383	1139817	0.15626537827506584	1049
13176911	1132064	0.15626287467762381	1049
16950738	1142092	0.1562501192092896	1048
75296739	1130852	0.1562500074505806	1042
88519867	1139568	0.1523695662690519	1044
71614478	1141111	0.15235153075048463	1045
74677465	1133192	0.1511065533087418	1042
72787889	1137600	0.14909745085083195	1036
70563713	1124909	0.147767121958576	1048
11689986	1130867	0.14662589202704268	1048
4297595	1115768	0.14565292607438357	1045
75605075	1139119	0.14501965116790116	1043
12123622	1141840	0.14483863116051054	1047
77810916	1102513	0.14356998389872197	1043
10041539	1135399	0.1426451878136992	1042
14218071	1123843	0.14186383047979292	1050
83628768	1124281	0.14166283706799912	1045
75463284	1120284	0.14111459817832078	1040
62329923	1140028	0.14072671675380533	1048
90988663	1134344	0.1406964969374378	1044
52491881	1133296	0.14064715059931393	1045
70411902	1133077	0.14064455557036126	1041
8206833	1124199	0.140644167233404	1045
73044122	1121030	0.14063119888317419	1044
10127578	1136702	0.1387519465527338	1040
76423928	1119126	0.13871769800620992	1039
75125497	1142020	0.13679170655146877	1039
66541060	1139953	0.13673616538316388	1043
73184322	1132503	0.13672651353408938	1038
5344097	1138514	0.13671881076948011	1042
65607413	1137125	0.13671875023311664	1041
92169736	1140136	0.1358185559515771	1045
13749961	1136507	0.13580709731516993	1043
63730180	1142286	0.13579943989148963	1042
74330740	1117698	0.1350116811227339	1049
79535742	1132292	0.13379348817307313	1048
70743428	1142220	0.13313294018735178	1047
78695208	1082295	0.13310657628573322	1048
5222185	1121868	0.13295472338126146	1044
65483312	1139436	0.1328631937519813	1044
15825404	1133755	0.13282776311668257	1049
21926661	1132363	0.13281321548933211	1043
12633684	1131050	0.13271144471958432	1040
61452968	1140448	0.13160057285868407	1051
6344074	1129503	0.1305430238435357	1042
70962170	1122651	0.13013744729120802	1037
5726259	1136364	0.12905127556632934	1041
86514651	1090428	0.12902939605427943	1042
55366941	1133226	0.1275177244101841	1046
3151015	1134486	0.12732030835832253	1051
73882686	1140411	0.1270983219496187	1040
68267799	1140467	0.12695411221103142	1046
73933929	1138732	0.12695384033078852	1044
87360055	1087342	0.12695312503092485	1045
12343704	1136264	0.12671103494476274	1049
12491045	1110184	0.12647338239821718	1042
68825735	1138364	0.12636007199958524	1046
75479128	1134881	0.1261621715996243	1046
52503871	1136488	0.12610119597101233	1043
70077941	1136700	0.12607318617709157	1044
4927984	1127140	0.12603771686566762	1039
71100142	1122802	0.1259852983239989	1050
10466925	1140119	0.1259766572629828	1042
21838201	1137605	0.12597656346042646	1043
92129718	1135882	0.12580205503036357	1048
74805689	1123288	0.12573623674734338	1047
92373474	1136800	0.12548828126455952	1038
17380488	1140474	0.12527925624640115	1037
6739525	1121853	0.12518310736413696	1041
9391101	1131810	0.12514618039320105	1045
84592297	1140045	0.12508022878344632	1043
53471471	1140198	0.1250615140635372	1049
7784560	1127693	0.12500786781311127	1045
7695006	1139951	0.12500394977109863	1049
63883063	1122823	0.12500032785465098	1048
65991636	1137756	0.12500005964830058	1048
3407958	1135028	0.12500001123433474	1042
84582213	1142394	0.12500000247428744	1046
65290774	1142129	0.12500000016103752	1040
936457	1138112	0.125	1038
2030307	1126416	0.12303102627822456	1049
72277601	1128276	0.11144990841589833	1045
64706999	1138845	0.10998693128405708	1043
16960561	1105791	0.10965735529407875	1044
78671626	1134139	0.10937500745059842	1048
5600091	1129739	0.10891140285370121	1049
3302777	1138872	0.10693765084319296	1039
17605922	1136773	0.10548760720402703	1041
94436884	1138107	0.10402131092837452	1042
71242791	1140496	0.10390472716998506	1047
69425079	1132591	0.10351562500039843	1042
65989449	1104279	0.10208899159633346	1046
47057261	1140267	0.10028076917422465	1048
12150665	1132939	0.1001334199768778	1045
78867449	1123424	0.09939853755054193	1049
71752391	1138013	0.09721476357299269	1045
11051209	1128877	0.09705076777181265	1044
71647994	1134394	0.09577185664029214	1044
67467804	1110419	0.09571076929618377	1042
34321711	1135258	0.09491017647728622	1047
585200	1134313	0.09479313814412696	1045
64200398	1126131	0.09423923515910504	1043
9566254	1129106	0.09376151348350081	1044
75131988	1125434	0.09375762962963675	1047
82938704	1140211	0.09375102821105236	1041
67839834	1129763	0.09132030281495682	1045
14603033	1137905	0.08985924755688758	1050
64550046	1125461	0.088562016611917	1048
73388496	1138917	0.08805052057164653	1043
8818789	1134157	0.08796719138627654	1042
76068551	1137007	0.08701580755316322	1043
66703496	1127334	0.08643249125782404	1044
37368811	1129299	0.08377962102540056	1045
4343780	1106148	0.08357459679342494	1049
63992344	1125025	0.08350521844279528	1044
68068261	1139418	0.08340704511152286	1046
73201591	1141216	0.08227549496996475	1047
64330503	1126352	0.08209991629706326	1041
14012408	1088412	0.08129998890681743	1039
70135318	1128324	0.07941180281587285	1049
77355543	1134860	0.07910347217921324	1046
73675971	1127871	0.07875617034915217	1042
78580184	1141210	0.07867547189755447	1046
75212845	1142285	0.07861328340368401	1046
15136498	1140769	0.07855740208743438	1044
66107883	1133085	0.07839204185645357	1046
9420701	1130247	0.07837776880478897	1046
17217573	1123663	0.07837527855930748	1042
89658637	1130369	0.07818621412013745	1046
526229	1130997	0.07816124387807123	1034
74571723	1135581	0.0781250009316638	1045
16762601	1125336	0.07759790134202593	1046
83294786	1129581	0.07525873748968451	1042
15123380	1139729	0.07436040882138095	1044
83063136	1126496	0.07366717264067026	1042
12119896	1135477	0.07349419603070073	1040
84922427	1134244	0.07348644734975274	1040
69920682	1112114	0.07263571809755831	1045
2970306	1137183	0.07095444952767979	1040
2557026	1141596	0.07082147356915738	1043
65503200	1142102	0.07080844445326331	1043
74738131	1137692	0.07060624723544609	1041
65838489	1141506	0.07056307847338605	1043
73009950	1141143	0.07035829507095448	1044
20370431	1119561	0.06933641542229232	1048
61159458	1126914	0.06835937612413723	1042
67810265	1102833	0.06768812986185502	1049
61949274	1137283	0.06744796410771649	1043
7444285	1117824	0.06739045711606224	1047
64516028	1140745	0.06668126032116337	1041
91412514	1131203	0.0664672926141068	1045
2586286	1142486	0.06642345349141171	1043
70366909	1117030	0.06618803868246406	1042
82264336	1140556	0.06568956422283145	1042
14201825	1138592	0.06507495054785473	1044
16748714	1107882	0.06495669648222716	1045
73638064	1141450	0.06475832368673912	1044
21926321	1126011	0.06461395335492977	1043
11847569	1135745	0.06348807471340952	1048
2693105	1131098	0.06348515325601782	1046
62707024	1139060	0.06303530936419223	1039
11335416	1141492	0.06299278886606574	1044
83785402	1135444	0.06299042701726879	1042
85884367	1135921	0.0627595782757542	1041
11435612	1138533	0.06274536464516745	1044
50405761	1130116	0.06271362537812752	1047
75401504	1133471	0.06270037709333032	1046
33456271	1140128	0.062664048746399	1045
4678105	1130812	0.06256518211217893	1045
89454833	1139132	0.06256175089447448	1046
18167172	1113511	0.06250953697600004	1046
6521475	1141103	0.06250006349115947	1043
75265469	1129432	0.062067279753085514	1043
73854012	1136186	0.05974568592561709	1048
70151784	1134898	0.05873300507688661	1050
76218879	1139280	0.056953553576480076	1048
65292429	1129606	0.05597696836150856	1041
5564767	1137462	0.05550137354306102	1042
14931763	1114339	0.05456735980672396	1044
74326190	1139711	0.05239215877618697	1048
69292911	1139627	0.051578497552339134	1048
3464299	1139171	0.05090427425387398	1048
69794865	1124232	0.05023062249006978	1048
15661190	1139775	0.049961330722546035	1048
8192953	1138060	0.04836026766212257	1042
14201087	1140394	0.04762466088232077	1044
64422296	1135458	0.047460091727051734	1043
2957577	1124516	0.047379672556425056	1048
14538246	1126424	0.04699985683354503	1046
63766620	1134867	0.04697990792376339	1045
17964785	1135497	0.04688760359466951	1047
16397274	1141543	0.046877169408536604	1046
13070544	1137194	0.04452316869552181	1042
5999869	1133086	0.04335036885835598	1044
55954551	1138261	0.04108053456047933	1044
60741126	1123753	0.0399218802353265	1043
15493514	1139617	0.039193158056534144	1046
69815375	1119606	0.039190770374261774	1043
58484831	1139809	0.03857207969757356	1045
5667620	1133368	0.03829238506610586	1042
78802486	1112274	0.03735367209083097	1047
78780122	1140842	0.036320939664079566	1047
42232481	1141153	0.036218226063294286	1040
61256514	1126165	0.0356611462812006	1047
37260501	1137134	0.035648586232131414	1047
23724351	1135928	0.03541445838534155	1042
71586056	1138988	0.035400778114308376	1048
84085449	1121052	0.03540039062590994	1043
1672747	1134036	0.03535560171487746	1046
39917131	1132164	0.03515625000818989	1041
73214241	1136234	0.033844027211307214	1041
68071549	1132230	0.033569337922026786	1042
90984519	1077660	0.0333601558643651	1045
53801451	1136298	0.03323751714995926	1042
4675615	1134506	0.03323367986786364	1044
13679251	1134147	0.03320312595227656	1048
11565079	1126284	0.03256711476456569	1042
74879737	1127570	0.0323507191822241	1044
9114730	1136871	0.03223438023207255	1043
74911301	1135715	0.031890869386363	1049
72875132	1136554	0.031777569689044376	1041
10343177	1142340	0.03177453209355368	1048
1926589	1139026	0.03175747441173749	1046
67429227	1139630	0.03164300487743236	1043
16103952	1140934	0.03163147028687101	1044
74709640	1134660	0.03155815602079681	1046
92169672	1122832	0.03143358237528604	1046
82550184	1136021	0.03138168565096461	1044
9472834	1138184	0.03137779422835063	1042
7888115	1139220	0.03137207031253199	1045
69634806	1139849	0.03131866456534227	1044
13385260	1132888	0.0312805215372567	1044
8422045	1130038	0.03126914240497314	1049
60835820	1138582	0.031257630617119565	1041
87123785	1142517	0.031250478699806926	1045
72541825	1141627	0.03085477789875319	1046
81024170	1140308	0.02771020128420855	1043
66213996	1117980	0.02771008781658954	1047
56939851	1132155	0.026398192858437933	1047
74476228	1117467	0.02491033218265772	1044
16622424	1130696	0.024689704210768326	1048
5147891	1104284	0.024463668465658783	1043
13148373	1137161	0.02410953067943775	1048
66685987	1119117	0.02351451042375452	1046
68559485	1126701	0.023446084009379115	1047
70744165	1123447	0.023445129394758846	1043
71579567	1118316	0.023443229504215207	1044
73687753	1119919	0.023437500000170974	1049
45730161	1141854	0.021584170053915015	1044
2410091	1126308	0.02149438881542676	1045
78171374	1130169	0.020813019948104694	1046
80492204	1092280	0.020391941191379555	1038
84768993	1132243	0.020053143180513103	1046
56047801	1131652	0.01984322496032974	1047
78543531	1141412	0.019570643090312007	1042
80966354	1141293	0.019104677747366492	1043
71972153	1118337	0.0180685822925426	1045
16302319	1131986	0.017837660388069672	1047
11173693	1135397	0.017826084178533375	1048
76729905	1122640	0.017625590267105487	1047
41112091	1122833	0.017593384487630814	1046
11602496	1130433	0.017581989205638304	1041
70405744	1131914	0.017334464955649054	1043
16347072	1117416	0.016655537766240635	1045
75159440	1133717	0.016617059722195737	1046
90146311	1139686	0.016610387340518784	1041
12126020	1103159	0.01660159230237923	1046
20912871	1138886	0.01635598029000867	1047
1103326	1140538	0.016266115017061766	1046
65018773	1141327	0.016193771792931248	1046
61449519	1107717	0.016169340127885134	1044
26341801	1116541	0.01614008660547719	1047
62297140	1111621	0.01590540388860978	1048
67758791	1132353	0.01577951232695886	1044
64384132	1141146	0.01575059352036637	1045
64460833	1138694	0.015709043597098578	1045
91415418	1132107	0.015694141621288793	1043
83204020	1141764	0.015687959283298414	1048
66382929	1129591	0.01568627452901697	1045
60992209	1131033	0.0156402625143528	1047
94914090	1136522	0.015639104102661013	1045
76455055	1134420	0.015628818422556038	1045
81434692	1126715	0.015625961202461024	1041
66543219	1105765	0.015625536441810087	1042
60878713	1110313	0.01562547939878209	1044
77699618	1115686	0.015625000261934478	1038
73914717	1119725	0.015625000233288056	1041
75517415	1137640	0.01562500002182804	1047
9088995	1118441	0.01562500001523598	1042
75997659	1142185	0.01498687821243593	1046
85324704	1125744	0.014218629809307444	1039
71148057	1113979	0.01223470014549903	1044
60838240	1136688	0.012107254481082255	1049
61220152	1138660	0.01181054779143055	1044
82900774	1136274	0.011736870751754697	1049
78041957	1131838	0.011734262112860125	1042
97774228	1131778	0.011734142899513699	1044
70977719	1141448	0.011730815051521681	1041
1702066	1122722	0.011647526800474775	1043
14440304	1140482	0.010930789169132319	1043
2261410	1105495	0.010868102315729562	1046
66295263	1114583	0.01021140465022714	1040
8046663	1137574	0.010132314678688914	1043
12220450	1120841	0.00990534131467947	1047
34575991	1137388	0.009826784040500552	1046
83888799	1117712	0.009308834565702251	1047
17084042	1138264	0.008861649631879541	1048
89911461	1139371	0.008804470322538064	1047
66211014	1140376	0.008789070125204135	1040
71560165	1134243	0.008319440799853927	1047
17099088	1124843	0.008317057279811038	1045
72482166	1128470	0.008305551018596535	1043
61776943	1123551	0.008001178942479155	1045
76401318	1125949	0.00799562881002203	1048
6991004	1140536	0.00793701416114351	1045
67785320	1133232	0.007889032363891602	1045
62742762	1125655	0.007873685595883325	1044
86307237	1138353	0.007847402273947313	1043
52147611	1132002	0.007835403783247154	1043
89827469	1134949	0.007827878007462125	1043
78461516	1140175	0.007823486275868798	1042
66893259	1112429	0.007821083176168683	1043
74035232	1139709	0.00782012968602608	1050
37563911	1137650	0.007817365870325391	1042
6914695	1139901	0.007813218981939138	1048
84063179	1114021	0.007813007378019219	1043
90117913	1131066	0.007812980592234453	1041
8599257	1139551	0.006970985829072563	1048
69614247	1130526	0.006485246359405646	1045
9176639	1100379	0.006382008085724438	1045
69043121	1107140	0.006042510367940686	1043
10524260	1132876	0.005989328028675801	1039
65155203	1126010	0.005932282334057973	1045
89233599	1140497	0.005859518832950918	1049
68710493	1142490	0.00585937618419774	1044
66302827	1136319	0.005804426968897271	1046
77329649	1140826	0.005439883127788226	1042
91917646	1120867	0.0053754620428732094	1046
91539098	1124855	0.004901886044767156	1048
12488724	1141203	0.004898072220498762	1045
42415611	1135909	0.0046564073718766774	1042
62652749	1128693	0.0046551898176412365	1044
86547763	1141115	0.004640817904331129	1046
74162962	1090813	0.004455581365676816	1045
7925568	1141750	0.004444128659150371	1042
9627370	1139014	0.004067555114723136	1045
10752377	1100937	0.0040640886082417005	1042
79297993	1127378	0.004047901951708455	1045
56050751	1129666	0.004033089269829052	1042
5775938	1131632	0.003967291442933191	1038
68780748	1128014	0.003946741778255888	1045
71615450	1131072	0.003937799487417279	1042
5074544	1123628	0.003923892990088442	1045
91091131	1101312	0.003922581680001709	1040
76455835	1118142	0.003906369209744409	1046
89216421	1128852	0.00390626490116124	1048
5632174	1136395	0.0039062509333689386	1044
23190261	1131997	0.00360581711778796	1043
80962504	1102611	0.0034430335643183116	1044
56552931	1096365	0.0032043759968021297	1044
76572516	1141794	0.0029792785653635218	1047
61377345	1071373	0.0029611894867696	1046
72461447	1135811	0.0028234432102243216	1037
6495689	1135264	0.0025730729923205864	1040
16498595	1139044	0.0025036745939566183	1045
6240693	1135178	0.002502650964743225	1043
87722879	1101249	0.002471928603429605	1047
14841167	1107781	0.0024490356449882317	1047
69497946	1139477	0.002324882953111425	1041
66268564	1141296	0.0022330596121025222	1046
80947484	1133582	0.00220490449114498	1041
77649073	1141894	0.0020762096028480188	1045
75677523	1130570	0.0020751954077851157	1048
75851194	1131824	0.0020513549691264033	1043
73363564	1140635	0.002021059437506016	1045
59454851	1128952	0.0019876956957887437	1047
63331372	1138202	0.001985557493813021	1043
4556695	1116703	0.0019855499560197517	1041
17950794	1118183	0.001983642585408175	1040
7235600	1119985	0.0019760727918773932	1042
7946793	1111122	0.001953603234255754	1039
78153059	1135067	0.001587390900131833	1042
12547602	1141609	0.0015347693495652436	1045
68091989	1109816	0.0015259385108947771	1040
67181610	1133932	0.0013742456268562029	1047
43957041	1119038	0.0011368748932148065	1041
14047278	1118029	0.0010705085061110133	1045
14861779	1112216	0.0010377770057582037	1047
2484112	1141547	0.0010376014470256933	1040
66755681	1133748	0.0010073485355523997	1035
63514338	1140709	0.0009927796199919216	1049
62228580	1138877	0.0009806156636216756	1042
87926321	1134702	0.0009770393521808538	1048
70315379	1140815	0.0009768032492203445	1042
3473230	1123338	0.0009767153569555384	1046
85540098	1133673	0.000976622337475419	1045
89850847	1141183	0.0009765939636432464	1049
2481288	1139734	0.0009765746090711366	1044
12697219	1119164	0.0009765627328590792	1046
8307491	1126562	0.0009765625009096404	1045
4841406	1136254	0.0008728076101648946	1044
4940699	1104370	0.0008029952005745897	1046
89790609	1131215	0.0007343441687269608	1041
61080156	1136294	0.0006141960630686728	1041
64766302	1134758	0.0006059727166132308	1042
81306288	1138417	0.0005955809988339599	1040
17270322	1062827	0.0005619601797662353	1046
72410285	1102289	0.0005278680774480939	1046
73390801	1142211	0.0005188921932137783	1040
54767811	1129856	0.0005040764809369777	1043
66320486	1126690	0.0005035550023822507	1050
6829354	1125248	0.0004901888315771431	1043
61964403	1129113	0.0004886389363108097	1048
16162722	1135777	0.0004885425150860138	1046
75764632	1131481	0.000366690219380017	1047
43430201	1125528	0.00036621093886424205	1043
10206502	1137965	0.0003280682736389737	1045
96254942	1117576	0.00030517578537501977	1048
3001334	1138047	0.0002757331822493825	1044
45265831	1123376	0.000259432101529458	1045
67755007	1134103	0.00025940407158714504	1041
65081458	1141202	0.0002541616887869122	1043
61139071	1128961	0.0002480755210854113	1047
85051554	1142132	0.0002442603000440968	1038
62530583	1130368	0.0002136230469043101	1042
81038580	1126906	0.00018429756164553904	1042
86837991	1137843	0.00016790652455389926	1046
2704335	1129707	0.0001640361824684356	1044
88026203	1115992	0.00016314722828170158	1037
36995311	1137070	0.00015741679820466264	1048
65117707	1137340	0.0001297000126219908	1045
28073371	1135163	0.0001278072673045541	1046
73626918	1132970	0.00012302398864250108	1040
1481358	1133571	0.0001220889390101141	1050
1286176	1142223	0.00012207407417053084	1046
56640741	1137384	0.00012207032000333134	1039
60886698	1108103	7.700945033684058e-05	1045
96246640	1136141	6.30176003064767e-05	1041
30692001	1120490	6.151199341530899e-05	1048
12220488	1118246	3.242545085435644e-05	1044
10659848	1133421	3.1233299552014606e-05	1047
7561859	1131952	3.100199567288196e-05	1047
84208593	1137976	3.051944078436095e-05	1046
70769431	1135337	3.0517698208499134e-05	1041
16869671	1140143	1.621618912395228e-05	1043
71358064	1134694	1.2164950050077943e-05	1036
53489001	1126155	1.079542957961935e-05	1045
63816989	1129998	7.65954609960319e-06	1042
68058194	1142514	7.645232485312928e-06	1046
8419426	1136867	7.629671017642917e-06	1042
14757686	1139250	3.84479972126428e-06	1046
90256929	1141496	3.816807300883504e-06	1044
37934501	1135488	3.815628602410474e-06	1041
70294292	1140573	3.5166740435313426e-06	1050
74583904	1140948	2.220389448304188e-06	1040
75575521	1135733	1.909775634634259e-06	1047
78349466	1131527	1.907348647024231e-06	1038
62500634	1136882	1.4902403509057787e-06	1044
12668977	1132309	4.770736556913846e-07	1041
1730398	1139833	4.768408532821442e-07	1048
18172952	1111472	2.3855045584766154e-07	1039
9240886	1138573	2.384204159655703e-07	1045
70761560	1140976	1.499580185677571e-07	1049
11421822	1139820	1.4903343981142753e-07	1039
71349507	1121388	1.341251607868986e-07	1043
6271760	1141573	1.220325902551184e-07	1046
4157260	1096565	1.1932570844356425e-07	1041
90075069	1130992	1.193257049836305e-07	1037
69551279	1138978	1.1921293108251891e-07	1042
65645769	1131038	1.192092966562086e-07	1044
61582313	1115163	4.755865301966733e-08	1048
24403451	1139949	1.5832718695124592e-08	1049
3648429	1112149	1.4901248235356722e-08	1039
29946871	1134519	9.3132399570095e-09	1047
1863914	1093512	3.725290520616634e-09	1044
4566336	1111709	6.985559630749777e-10	1049
76118727	1107823	4.661160346586257e-10	1043
80788398	1136087	3.2116618460293036e-12	1046
13382403	1125428	1.1368705466793025e-13	1043
2555176	1139363	2.842192754310045e-14	1049
79063887	1133841	6.776263578034403e-21	1049
