0.0014177693761814746
0.003139346475830408
0.004388333783418849
0.006852551984877127
0.008877936807993519
0.010261949770456387
0.011038347285984337
0.012388603834728599
0.013401296246286795
0.01451525789900081
0.015831758034026464
0.01674318120442884
0.017958412098298678
0.018971104509856875
0.020253848231163923
0.021772886848501215
0.023359438293275723
0.024237105049959493
0.025384823116392115
0.027038887388603834
0.028760464488252768
0.029739400486092357
0.030819605725087768
0.03220361868755064
0.03298001620307858
0.034161490683229816
0.03534296516338104
0.03797596543343235
0.03888738860383473
0.03969754253308128
0.0408115041857953
0.04344450445584661
0.04465973534971645
0.04580745341614907
0.046955171482581694
0.04796786389413989
0.04989197947610046
0.05107345395625169
0.05336889008911693
0.05502295436132865
0.05650823656494734
0.057520928976505535
0.05893869835268701
0.06028895490143127
0.06136916014042668
0.06255063462057792
0.06393464758304078
0.0650486092357548
0.06673642992168512
0.06774912233324332
0.06899810964083176
0.07028085336213881
0.07237375101269242
0.07412908452605996
0.07564812314339725
0.07736970024304618
0.07882122603294626
0.08044153389143938
0.08169052119902781
0.08331082905752094
0.08513367539832568
0.0867539832568188
0.0883742911153119
0.08952200918174454
0.09124358628139347
0.09269511207129355
0.09394409937888198
0.09512557385903321
0.0965770996489333
0.09829867674858223
0.09995274102079395
0.10137051039697542
0.1027545233594383
0.10400351066702673
0.10501620307858493
0.10609640831758034
0.10751417769376181
0.10903321631109911
0.11021469079125033
0.11176748582230624
0.11335403726708075
0.11446799891979476
0.11568322981366459
0.11683094788009722
0.1177761274642182
0.11855252497974615
0.11929516608155549
0.12020658925195787
0.1219281663516068
0.12364974345125573
0.12523629489603025
0.12601269241155819
0.12726167971914665
0.1285444234404537
0.1296583850931677
0.13090737240075614
0.1323251417769376
0.13323656494733999
0.13438428301377262
0.13502565487442614
0.13620712935457738
0.13721982176613556
0.13863759114231705
0.13934647583040777
0.14076424520658926
0.14218201458277072
0.14353227113151498
0.1441061301647313
0.1452538482311639
0.1460640021604105
0.14704293815825006
0.1482919254658385
0.14947339994598974
0.15166756683769916
0.15301782338644343
0.15379422090197137
0.15500945179584122
0.15716986227383203
0.15865514447745072
0.16037672157709965
0.16199702943559277
0.16398865784499056
0.1657102349446395
0.16729678638941398
0.16824196597353497
0.17016608155549554
0.17178638941398866
0.17239400486092357
0.17330542803132595
0.17421685120172833
0.17587091547394004
0.1771536591952471
0.17809883877936808
0.1792465568458007
0.1797191466378612
0.1807993518768566
0.18235214690791252
0.18316230083715906
0.18458007021334052
0.18613286524439643
0.1885295706184175
0.18981231433972454
0.19139886578449905
0.1926140966783689
0.1941331352957062
0.19602349446394815
0.1973062381852552
0.1984201998379692
0.19909532811234135
0.2003780718336484
0.20166081555495544
0.2030448285174183
0.20449635430731838
0.2060491493383743
0.20729813664596272
0.20841209829867674
0.20959357277882798
0.21087631650013502
0.2122603294625979
0.2142519578719957
0.21573724007561437
0.21708749662435864
0.21816770186335405
0.2194504455846611
0.2205644072373751
0.2221509586821496
0.22326492033486361
0.22414258709154739
0.22535781798541724
0.22657304887928706
0.22795706184174994
0.22907102349446395
0.23062381852551986
0.23180529300567107
0.23302052389954092
0.23406697272481772
0.23548474210099918
0.23683499864974344
0.23771266540642721
0.23906292195517148
0.24037942209019714
0.24152714015662977
0.2427761274642182
0.24392384553065083
0.2448352687010532
0.2463205509046719
0.24719821766135566
0.24885228193356737
0.25016878206859305
0.2511814744801512
0.2525992438563327
0.253341884958142
0.25435457736970024
0.25533351336753984
0.2561436672967864
0.25742641101809344
0.25860788549824465
0.25962057790980286
0.26059951390764247
0.2616122063192006
0.2627936807993519
0.26427896300297055
0.2658655144477451
0.2672832838239265
0.2689373480961383
0.27025384823116394
0.27146907912503376
0.27281933567377803
0.27403456656764785
0.27501350256548746
0.2762962462867945
0.2775114771806643
0.2784566567647853
0.2796043748312179
0.28071833648393196
0.2822036186875506
0.28379017013232516
0.28487037537132054
0.285950580610316
0.28726708074534163
0.2882460167431812
0.28956251687820683
0.2907439913583581
0.2916554145287605
0.2928031325951931
0.2940858763165001
0.2952335943829328
0.296415068863084
0.29725897920604916
0.29871050499594926
0.29982446664866325
0.300702133405347
0.30188360788549823
0.3026937618147448
0.30401026194977043
0.3051917364299217
0.3068458007021334
0.3079260059411288
0.30910748042128006
0.31008641641911966
0.3115041857953011
0.3129219551714826
0.31430596813394546
0.3158250067512827
0.3172765325411828
0.3188630839859573
0.3198757763975155
0.3212597893599784
0.3226438023224413
0.32348771266540643
0.3243316230083716
0.32558061031596003
0.3271671617607345
0.32824736699972995
0.32922630299756955
0.33040777747772077
0.3319268160950581
0.3337496624358628
0.3356400216041048
0.336821496084256
0.33817175263300026
0.3390156629759654
0.3401971374561167
0.3413448555225493
0.34272886848501216
0.34411288144747504
0.34522684310018903
0.3465433432352147
0.347285984337024
0.3479948690251148
0.34890629219551716
0.3498852281933567
0.3507966513637591
0.3518093437753173
0.3527207669457197
0.3539697542533081
0.35619767755873616
0.3568052930056711
0.3584256008641642
0.3596070753443154
0.3610923575479341
0.362476370510397
0.3630839859573319
0.3641304347826087
0.36561571698622736
0.3671685120172833
0.3681136916014043
0.36912638401296244
0.3700040507696462
0.3709492303537672
0.37209694842019986
0.3738185255198488
0.37469619227653256
0.37533756413718605
0.376113961652714
0.37729543613286526
0.3787807183364839
0.37982716716176074
0.38087361598703756
0.38202133405347016
0.38357412908452604
0.3848568728058331
0.3858358088036727
0.3869160140426681
0.38819875776397517
0.3892114501755333
0.3901903861733729
0.39177693761814747
0.3932284634080475
0.3944436943019174
0.3960640021604105
0.39714420739940587
0.3981906562246827
0.3993721307048339
0.40001350256548746
0.4007899000810154
0.40166756683769916
0.4029840669727248
0.40426681069403186
0.4052795031055901
0.40632595193086685
0.4075074264110181
0.4086551444774507
0.4093302727518228
0.41041047799081826
0.41155819605725086
0.4126384012962463
0.4138536321901161
0.41496759384283016
0.4159465298406697
0.41662165811504187
0.41770186335403725
0.41871455576559546
0.41982851741830945
0.42073994058871184
0.4216513637591142
0.42273156899810965
0.42344045368620037
0.4246556845800702
0.4256008641641912
0.42695112071293545
0.4276262489873076
0.42857142857142855
0.4297866594652984
0.4308331082905752
0.43167701863354035
0.4328584931136916
0.4344450445584661
0.43528895490143127
0.43674048069133137
0.43829327572238724
0.4395422630299757
0.4408250067512827
0.44210775047258977
0.4432217121253038
0.444065622468269
0.44541587901701324
0.4461922765325412
0.4471712125303808
0.44821766135565755
0.4487915203888739
0.4497704563867135
0.4509856872805833
0.4520321361058601
0.4530785849311369
0.45473264920334866
0.4557115852011882
0.4564542263029976
0.4576357007831488
0.45891844450445585
0.4597961112611396
0.46050499594923033
0.46148393194706994
0.46266540642722115
0.4633742911153119
0.4642519578719957
0.46529840669727246
0.4663110991088307
0.46722252227923305
0.4678638941398866
0.46961922765325415
0.4704293815825007
0.47174588171752635
0.4725897920604915
0.47339994598973806
0.47498649743451254
0.4757966513637591
0.47664056170672425
0.4778220361868755
0.4787672157709965
0.47974615176883606
0.48052254928436405
0.48167026735079665
0.4829192546583851
0.48423575479341074
0.4854847421009992
0.48619362678908995
0.4869362678908993
0.4877464218201458
0.48852281933567376
0.48902916554145287
0.4903119092627599
0.4916621658115042
0.4924385633270321
0.49355252497974617
0.49419389684039966
0.4954766405617067
0.4964893329732649
0.4973332433162301
0.4985484742100999
0.49915608965703484
0.5005401026194977
0.5016878206859303
0.5024979746151769
0.503173102889549
0.5042533081285444
0.5054347826086957
0.5066162570888468
0.5075614366729678
0.5082703213610587
0.5092155009451795
0.5100931677018633
0.5110383472859843
0.5120172832838239
0.5129962192816635
0.5141776937618148
0.515190386173373
0.5161693221712126
0.5168782068593033
0.5180934377531731
0.5190048609235755
0.5196462327842291
0.5202538482311639
0.5209627329192547
0.5219754253308129
0.522650553605185
0.5239670537402107
0.5246759384283014
0.5255873615987038
0.5265325411828248
0.5278152849041318
0.529334323521469
0.5307858493113692
0.5321023494463948
0.5331825546853902
0.5341277342695112
0.5351066702673508
0.5361531190926276
0.5374358628139346
0.5384823116392115
0.5393262219821766
0.5401026194977046
0.5410140426681069
0.5419929786659465
0.5427356197677559
0.5439170942479071
0.5451323251417769
0.546415068863084
0.5471914663786119
0.5482041587901701
0.5491493383742911
0.5502970564407237
0.5511747231974075
0.5519173642992169
0.5528287874696193
0.553706454226303
0.5547529030515798
0.5558331082905752
0.556879557115852
0.5577234674588172
0.5584998649743451
0.559715095868215
0.5602551984877127
0.5612003780718336
0.5624156089657035
0.5631920064812315
0.5642722117202268
0.5651836348906292
0.5660275452335943
0.5666351606805293
0.5673778017823387
0.5679179044018363
0.5689305968133945
0.5697407507426411
0.5710572508776668
0.5722724817715366
0.5731839049419389
0.5740953281123413
0.5748717256278693
0.5756481231433972
0.5767283283823926
0.578078584931137
0.5791925465838509
0.5798001620307859
0.5807115852011883
0.5812854442344045
0.5824331623008372
0.5836146367809883
0.5846948420199838
0.5859438293275723
0.586990278152849
0.5881717526330003
0.5889481501485282
0.5901296246286795
0.5908722657304888
0.5922900351066702
0.5936402916554145
0.5945179584120983
0.5961045098568728
0.5971847150958682
0.5985349716446124
0.5996826897110451
0.6003578179854172
0.6016405617067243
0.6030920874966244
0.6038347285984337
0.6048811774237105
0.6056238185255198
0.6067377801782339
0.6072778827977315
0.6082905752092898
0.6091682419659735
0.6099108830677828
0.610754793410748
0.6118012422360248
0.6132865244396435
0.613759114231704
0.6148730758844181
0.6155144477450716
0.6164933837429112
0.617371050499595
0.6179449095328112
0.6186200378071833
0.6192951660815555
0.6201728328382393
0.6211180124223602
0.6222319740750742
0.6230758844180394
0.6239197947610046
0.6244261409667837
0.6257426411018093
0.6268566027545234
0.627835538752363
0.6289495004050769
0.6298946799891979
0.6308736159870375
0.6315825006751282
0.6321563597083446
0.6329665136375912
0.634350526600054
0.6352281933567377
0.6365109370780448
0.6376586551444775
0.638637591142317
0.6400553605184985
0.6410005401026195
0.6418444504455847
0.6427558736159871
0.6438023224412638
0.6446462327842291
0.6456589251957872
0.6468066432622198
0.6474817715365919
0.6488995409127735
0.6494733999459897
0.6503510667026735
0.6513975155279503
0.6519713745611666
0.6527140156629759
0.6535241695922225
0.6545031055900621
0.6552457466918714
0.655718336483932
0.656663516068053
0.6575411828247367
0.6586889008911693
0.6596340804752903
0.6602754523359439
0.6611531190926276
0.6617944909532811
0.6624696192276532
0.6634147988117742
0.6644274912233324
0.6652038887388604
0.6660477990818255
0.6669254658385093
0.6677356197677559
0.668410748042128
0.6694571968674048
0.6706386713475561
0.6718539022414258
0.6726640561706724
0.6734066972724818
0.6744531460977585
0.6757358898190656
0.6767823386443425
0.6772549284364029
0.6784364029165542
0.6794490953281124
0.6802592492573589
0.6811706724277613
0.6819808263570079
0.6827909802862544
0.6836348906292196
0.6842087496624358
0.6851201728328382
0.6862678908992709
0.6875168782068592
0.6885633270321361
0.6893734809613826
0.6900486092357548
0.6912638401296246
0.6921415068863084
0.6927828787469619
0.6941331352957062
0.6952470969484202
0.696293545773697
0.6970024304617878
0.6978800972184716
0.6985552254928437
0.6995679179044019
0.7006818795571158
0.7018633540372671
0.7025047258979206
0.7033823926546043
0.7040575209289766
0.705036456926816
0.705981636510937
0.706926816095058
0.7076694571968674
0.7084458547123954
0.7093572778827977
0.7105387523629489
0.711213880637321
0.7122603294625979
0.7134080475290305
0.7142182014582771
0.7150283553875236
0.7159060221442074
0.716884958142047
0.7174588171752633
0.7182352146907912
0.7190116122063192
0.7200918174453146
0.7209694842019984
0.7218133945449635
0.722893599783959
0.7235687280583311
0.7244126384012962
0.7253578179854172
0.7264380232244126
0.727180664326222
0.7284296516338105
0.7295436132865244
0.7304212800432082
0.7312651903861733
0.7319403186605455
0.7326154469349176
0.7333243316230084
0.7345395625168782
0.7352822036186876
0.7361598703753713
0.7370037807183365
0.7377126654064272
0.7386916014042668
0.7390629219551715
0.7397380502295436
0.7403119092627599
0.7409195247096948
0.7413921145017554
0.7421009991898461
0.742539832568188
0.7432824736699973
0.7438900891169322
0.7447002430461788
0.7452403456656764
0.7457804482851742
0.7463205509046719
0.7470969484201998
0.7476370510396976
0.7482784229003511
0.7488185255198487
0.7495611666216582
0.7508776667566838
0.7519241155819606
0.752835538752363
0.7536119362678909
0.7543208209559816
0.7549959492303537
0.7560423980556306
0.7565825006751282
0.7573251417769377
0.7581690521199028
0.7591817445314609
0.7603294625978936
0.761240885768296
0.7623886038347286
0.7630299756953821
0.7643127194166892
0.7650553605184985
0.7660005401026195
0.7673507966513637
0.7682959762354847
0.7695449635430732
0.7705238995409128
0.7711990278152849
0.7721442073994059
0.7730556305698083
0.7742708614636781
0.7748784769106131
0.7756886308398596
0.7765325411828248
0.7775789900081015
0.7779165541452876
0.7786591952470969
0.7793680799351876
0.7804482851741831
0.7814947339994599
0.7822036186875506
0.7828449905482041
0.7839251957871995
0.784566567647853
0.785174183094788
0.785950580610316
0.7868620037807184
0.7877059141236835
0.7885498244666487
0.7891574399135836
0.7901363759114232
0.7907102349446394
0.7917904401836349
0.7926005941128814
0.7931744531460978
0.7936807993518769
0.7941871455576559
0.7948285174183095
0.7954023764515258
0.7960775047258979
0.7968201458277072
0.797360248447205
0.7982041587901701
0.7993181204428842
0.8007358898190656
0.801647312989468
0.8025249797461518
0.8032001080205239
0.8039089927086146
0.8047866594652984
0.8053267620847961
0.8059006211180124
0.8064407237375101
0.8071496084256009
0.8078584931136916
0.808601134215501
0.8092425060761544
0.8102551984877127
0.8110653524169592
0.8117067242776127
0.8125506346205779
0.8134620577909802
0.8143059681339454
0.814778557926006
0.8155211990278153
0.8159600324061572
0.8167026735079665
0.8174790710234945
0.8183229813664596
0.8196732379152039
0.8202133405347016
0.8207196867404807
0.8217998919794761
0.8222724817715366
0.8229138536321902
0.8235552254928437
0.8243316230083716
0.8251080205238995
0.825749392384553
0.8262894950040508
0.8268971104509857
0.8277410207939508
0.828416149068323
0.8291250337564137
0.829530110721037
0.8301377261679719
0.830981636510937
0.831589251957872
0.8325006751282744
0.8330070213340535
0.8335471239535511
0.8343572778827977
0.8355387523629489
0.8362813934647583
0.8370240345665676
0.8378679449095328
0.8387456116662165
0.8392857142857143
0.8401633810423981
0.8408385093167702
0.8416486632460167
0.8423575479341074
0.8427963813124494
0.8434715095868215
0.8444166891709425
0.8450243046178774
0.8457669457196867
0.8460707534431542
0.8466446124763705
0.8471847150958682
0.8477923305428031
0.8483324331623009
0.8489062921955172
0.8497164461247637
0.8504928436402917
0.851235484742101
0.8522144207399406
0.8532608695652174
0.8542060491493384
0.8553537672157709
0.8560964083175804
0.8567377801782339
0.8576829597623549
0.8583243316230084
0.858864434242506
0.8597083445854712
0.860248447204969
0.8612611396165272
0.8621050499594923
0.8628476910613017
0.8634215500945179
0.8641979476100459
0.8646705374021064
0.8654131785039157
0.8661220631920065
0.8668984607075344
0.8675735889819065
0.8684512557385903
0.8689238455306508
0.8693964353227113
0.8700378071833649
0.8709492303537673
0.8715230893869835
0.8721307048339184
0.872772076694572
0.8734472049689441
0.8743586281393465
0.874831217931407
0.8756751282743721
0.8763165001350256
0.8771941668917094
0.877835538752363
0.8785106670267351
0.8793883337834189
0.8798946799891979
0.8806373210910073
0.8812111801242236
0.8817850391574399
0.8827302187415609
0.8831690521199028
0.8837429111531191
0.8847556035646773
0.885295706184175
0.8858695652173914
0.8866122063192007
0.8872198217661356
0.8878274372130704
0.8886713475560356
0.8891776937618148
0.8896840399675938
0.8904941938968404
0.8909667836889009
0.8918782068593033
0.8925195787199568
0.8933297326492033
0.8938360788549824
0.8944099378881988
0.8947475020253848
0.8951188225762895
0.8957939508506616
0.8964353227113151
0.8971779638131245
0.897650553605185
0.8980218741560897
0.8988320280853362
0.8998109640831758
0.9010599513907642
0.9017013232514177
0.9025114771806644
0.9033553875236295
0.9038954901431272
0.9046043748312179
0.9050094517958412
0.9056845800702134
0.9063934647583041
0.9068660545503646
0.907777477720767
0.9080812854442344
0.9087564137186065
0.9095328112341344
0.9103767215770997
0.9110518498514718
0.9114231704023764
0.9119632730218742
0.9125708884688091
0.9133135295706184
0.9139886578449905
0.9147650553605186
0.9153051579800162
0.9158115041857953
0.9162840939778558
0.9167229273561976
0.9173980556305698
0.9184782608695652
0.9187145557655955
0.9190521199027816
0.9197610045908723
0.9205374021064002
0.9209424790710234
0.9216176073453957
0.9219889278963003
0.922360248447205
0.9227990818255468
0.9235079665136376
0.9243181204428842
0.9250270051309749
0.9253308128544423
0.9258371590602215
0.9267148258169052
0.9272549284364029
0.9276600054010262
0.9283688900891169
0.9289765055360518
0.9296853902241425
0.9303942749122334
0.9313056980826357
0.931879557115852
0.9330272751822847
0.93410748042128
0.934715095868215
0.9354914933837429
0.9360653524169592
0.9367067242776127
0.9372468268971105
0.9380232244126384
0.9385633270321361
0.9391709424790711
0.9395422630299757
0.940284904131785
0.9407574939238456
0.9415676478530921
0.9422090197137456
0.9432217121253038
0.9439305968133945
0.9446057250877666
0.9451458277072644
0.9458547123953551
0.94646232784229
0.946901161220632
0.9478125843910343
0.9485552254928437
0.9493653794220902
0.9499392384553065
0.9504455846610856
0.9507156359708344
0.9509519308668647
0.9512557385903322
0.9514920334863624
0.9519308668647043
0.952302187415609
0.9527072643802322
0.9531460977585742
0.9541250337564137
0.9545976235484742
0.9549689440993789
0.9552727518228463
0.9557115852011883
0.9561504185795301
0.9566567647853093
0.9573318930596814
0.9578382392654604
0.9583783418849582
0.9590534701593303
0.9594247907102349
0.9599648933297327
0.9604374831217931
0.9611126113961652
0.961821496084256
0.9626316500135026
0.9632392654604375
0.9635093167701864
0.9639481501485282
0.9643532271131515
0.964994598973805
0.9654671887658656
0.9659060221442074
0.9663448555225493
0.9669862273832028
0.9672562786929516
0.9676951120712936
0.9682352146907912
0.9687415608965704
0.9694166891709425
0.970058061031596
0.9705981636510937
0.97117202268431
0.9718133945449635
0.9724885228193356
0.9730286254388334
0.9734337024034566
0.9739062921955172
0.9743788819875776
0.9750877666756683
0.9754253308128544
0.9756616257088847
0.9761004590872265
0.9765730488792871
0.9769781258439103
0.9772144207399406
0.9776532541182825
0.9780920874966244
0.9782608695652174
0.9786997029435592
0.9793748312179315
0.9796786389413988
0.9799824466648663
0.9803537672157709
0.9806238185255198
0.9812314339724547
0.9815689981096408
0.98207534431542
0.9827504725897921
0.9832905752092898
0.9839319470699432
0.9845058061031596
0.9849446394815015
0.9853834728598434
0.9856872805833108
0.9862948960302458
0.986531190926276
0.9869700243046179
0.9872738320280854
0.987813934647583
0.9884215500945179
0.9887928706454227
0.9896030245746692
0.9899405887118553
0.9902443964353227
0.9905482041587902
0.9909195247096948
0.9910545503645692
0.991594652984067
0.9918984607075344
0.9922360248447205
0.992371050499595
0.992708614636781
0.9931474480151229
0.9933837429111532
0.9936537942209019
0.9938563327032136
0.9942276532541183
0.9945314609775857
0.9949702943559277
0.995274102079395
0.9955779098028625
0.99588171752633
0.996219281663516
0.996658115041858
0.9969619227653254
0.997164461247637
0.9975020253848231
0.9977383202808534
0.9978058331082906
0.9979071023494464
0.9980758844180394
0.998109640831758
0.998109640831758
0.9984809613826627
0.9987510126924115
0.9989197947610046
0.9990210640021604
0.9990885768295976
0.9990885768295976
0.9990885768295976
