0.0008776667566837699
0.0016540642722117202
0.0025317310288954903
0.0033081285444234404
0.004219551714825817
0.005198487712665407
0.005974885228193357
0.006616257088846881
0.007628949500405077
0.00867539832568188
0.009586821496084256
0.010700783148798272
0.011814744801512287
0.01275992438563327
0.013671347556035647
0.014684039967593843
0.015561706724277613
0.01616932217121253
0.01711450175533351
0.017755873615987038
0.018363489062921956
0.019308668647042938
0.020625168782068593
0.021806643262219823
0.02312314339724548
0.02416959222252228
0.025182284634080475
0.026026194977045638
0.026836348906292197
0.027612746421820145
0.028490413178503916
0.02913178503915744
0.030076964623278423
0.030650823656494734
0.03166351606805293
0.032507426411018094
0.033756413718606534
0.03487037537132055
0.035883067782878746
0.03692951660815555
0.03794220901971375
0.039630029705644075
0.04044018363489063
0.04121658115041858
0.04212800432082096
0.04266810694031866
0.04317445314609776
0.0438833378341885
0.044592222522279235
0.045706184174993246
0.04685390224142587
0.047529030515798
0.04840669727248177
0.04938563327032136
0.05049959492303538
0.05198487712665406
0.05296381312449366
0.05414528760464488
0.054820415879017016
0.05569808263570079
0.056406967323791524
0.057655954631379965
0.058634890629219553
0.059411288144747505
0.060390224142587094
0.061267890899270865
0.06194301917364299
0.06315825006751283
0.0645085066162571
0.06548744261409668
0.06673642992168512
0.06778287874696193
0.06893059681339454
0.06960572508776668
0.07048339184445045
0.07166486632460167
0.07264380232244126
0.0738590332163111
0.07460167431812044
0.075411828247367
0.0759181744531461
0.07679584120982987
0.07777477720766945
0.07871995679179045
0.07973264920334863
0.08094788009721847
0.08229813664596274
0.08344585471239535
0.08459357277882798
0.08536997029435593
0.08594382932757223
0.0867877396705374
0.08800297056440724
0.08915068863083986
0.08975830407777478
0.0904334323521469
0.09154739400486092
0.0929651633810424
0.09380907372400756
0.09461922765325412
0.0961045098568728
0.09745476640561707
0.09829867674858223
0.09927761274642181
0.10008776667566838
0.10059411288144747
0.10180934377531731
0.10285579260059412
0.10390224142587091
0.10474615176883607
0.10548879287064543
0.10656899810964084
0.10785174183094788
0.10872940858763165
0.10977585741290845
0.11119362678908992
0.11234134485552255
0.11318525519848771
0.11419794761004591
0.11537942209019714
0.11642587091547393
0.11737105049959493
0.1183162300837159
0.11936267890899271
0.12017283283823926
0.12098298676748583
0.12213070483391844
0.12331217931406967
0.12429111531190926
0.12513502565487442
0.12611396165271402
0.12695787199567918
0.12827437213070483
0.1295908722657305
0.13033351336753984
0.13110991088306778
0.1326964623278423
0.13367539832568187
0.134350526600054
0.135295706184175
0.1358358088036727
0.1368485012152309
0.1378949500405077
0.13870510396975425
0.139413988657845
0.1410680529300567
0.1425533351336754
0.1435660275452336
0.14474750202538483
0.1457264380232244
0.1466378611936268
0.14805563056980825
0.14910207939508507
0.15055360518498515
0.15149878476910614
0.15220766945719685
0.1528152849041318
0.15365919524709695
0.15487442614096678
0.155887118552525
0.15656224682689712
0.15770996489332972
0.15892519578719957
0.15987037537132054
0.16084931136916014
0.16186200378071833
0.16314474750202537
0.1641911963273022
0.16567647853092088
0.16652038887388604
0.16793815825006753
0.1689508506616257
0.17003105590062112
0.17080745341614906
0.17188765865514447
0.1725965433432352
0.17337294085876317
0.17425060761544695
0.17492573588981908
0.17597218471509588
0.17705238995409128
0.17836889008911694
0.17961787739670537
0.18056305698082636
0.18204833918444505
0.18312854442344045
0.18451255738590333
0.18616662165811504
0.18714555765595464
0.1879557115852012
0.1885633270321361
0.19004860923575478
0.19065622468268972
0.1915338914393735
0.1922090197137456
0.19359303267620848
0.1942681609505806
0.1952808533621388
0.19619227653254118
0.19757628949500405
0.19855522549284363
0.1998042128004321
0.20125573859033216
0.20230218741560896
0.2034836618957602
0.2051039697542533
0.2055765595463138
0.2060829057520929
0.20675803402646503
0.20787199567917905
0.208648393194707
0.20986362408857684
0.210707534431542
0.21138266270591413
0.21253038077234673
0.21350931677018634
0.2148933297326492
0.21624358628139345
0.2174925735889819
0.21843775317310288
0.21985552254928437
0.22127329192546583
0.22272481771536592
0.22427761274642183
0.22485147177963813
0.22549284364029165
0.2263029975695382
0.22697812584391033
0.2277207669457197
0.22859843370240346
0.22998244666486634
0.23099513907642452
0.2318728058331083
0.2329530110721037
0.23416824196597352
0.23531596003240615
0.23626113961652714
0.23751012692411558
0.2391979476100459
0.2402781528490413
0.24166216581150418
0.24311369160140428
0.24368755063462058
0.24446394815014852
0.24517283283823926
0.24594923035376723
0.2464555765595463
0.2473669997299487
0.24827842290035107
0.2489535511747232
0.2500337564137186
0.2516540642722117
0.2526330002700513
0.2540170132325142
0.2551647312989468
0.256346205779098
0.2577639751552795
0.2594180394274912
0.2603294625978936
0.2608695652173913
0.26147718066432624
0.26218606535241695
0.2630299756953821
0.26411018093437755
0.2648865784499055
0.26573048879287064
0.266641911963273
0.2674858223062382
0.26839724547664057
0.2694436943019174
0.27022009181744533
0.271705374021064
0.2729543613286524
0.27454091277342696
0.2762962462867945
0.27764650283553877
0.2784904131785039
0.2793343235214691
0.2799081825546854
0.28081960572508774
0.2820348366189576
0.2828787469619228
0.28372265730488794
0.2851404266810694
0.28635565757493925
0.287233324331623
0.28848231163921145
0.28895490143127195
0.2904401836348906
0.2912165811504186
0.29324196597353497
0.2945584661085606
0.2959762354847421
0.29698892789630027
0.2977990818255469
0.29887928706454225
0.29985822306238186
0.30087091547394007
0.30191736429921684
0.30249122333243317
0.30363894139886577
0.30401026194977043
0.3052592492573589
0.3062719416689171
0.30741965973534974
0.3080272751822846
0.3093437753173103
0.31072778827977315
0.31214555765595464
0.3130232244126384
0.3140696732379152
0.3148798271671618
0.316230083715906
0.3174453146097759
0.31839049419389687
0.31943694301917364
0.3200445584661086
0.32105725087766673
0.3219011612206319
0.3229138536321901
0.32348771266540643
0.3246016743181204
0.32612071293545775
0.3272009181744531
0.32824736699972995
0.3292938158250068
0.3302727518228463
0.33131920064812315
0.3326019443694302
0.33395220091817446
0.3349986497434513
0.33604509856872805
0.33695652173913043
0.3378679449095328
0.3387456116662166
0.34016338104239807
0.34077099648933296
0.34174993248717256
0.3425938428301377
0.34340399675938427
0.3444166891709425
0.34583445854712397
0.34698217661355657
0.3480961382662706
0.3492100999189846
0.35052660005401026
0.3515392924655685
0.35265325411828247
0.35359843370240346
0.35474615176883606
0.35565757493923844
0.35687280583310826
0.35781798541722926
0.3584593572778828
0.3598771266540643
0.36072103699702945
0.361531190926276
0.3621388063732109
0.3633877936807994
0.36470429381582503
0.3662233324331623
0.36757358898190656
0.368653794220902
0.36966648663246016
0.3708142046988928
0.37172562786929514
0.3728395895220092
0.37391979476100456
0.375
0.3755063462057791
0.3764852822036187
0.3773629489603025
0.37820685930326764
0.37935457736970024
0.38002970564407235
0.381177423710505
0.3825614366729679
0.38367539832568187
0.3851944369430192
0.386409667836889
0.3875573859033216
0.38860383472859844
0.38975155279503104
0.39073048879287064
0.39147312989467997
0.3924520658925196
0.39332973264920335
0.3941398865784499
0.39498379692141505
0.39640156629759654
0.39754928436402914
0.3988995409127734
0.3998447204968944
0.40092492573588984
0.4024439643532271
0.40376046448825276
0.4048406697272482
0.40568458007021335
0.4068998109640832
0.4078787469619228
0.40845260599513905
0.40966783688900893
0.411119362678909
0.41206454226302996
0.4133135295706184
0.4143262219821766
0.4156764785309209
0.4173980556305698
0.41817445314609775
0.41911963273021874
0.42033486362408856
0.4210099918984607
0.4215500945179584
0.42229273561976777
0.42317040237645154
0.4242168512017283
0.4251957871995679
0.4260734539562517
0.4276262489873076
0.42894274912233327
0.4297866594652984
0.4303605184985147
0.43150823656494736
0.432993518768566
0.43363489062921956
0.43427626248987306
0.4351201728328382
0.435829057520929
0.4365379422090197
0.4375843910342965
0.4384620577909803
0.4394072373751013
0.44085876316500133
0.44234404536862004
0.44335673778017826
0.4446732379152039
0.44568593032676207
0.4469011612206319
0.4479476100459087
0.44899405887118554
0.4499054820415879
0.45068187955711586
0.45162705914123685
0.4524372130704834
0.4530785849311369
0.45466513637591144
0.45588036726978126
0.4570955981636511
0.45780448285174186
0.4590197137456117
0.46003240615716984
0.4611463678098839
0.46202403456656765
0.46300297056440726
0.46364434242506075
0.46462327842290035
0.46560221442073996
0.46624358628139345
0.46715500945179583
0.4675600864164191
0.4692479071023494
0.4705644072373751
0.4716446124763705
0.4727585741290845
0.4732649203348636
0.4744463948150148
0.4751890359168242
0.4763029975695382
0.47714690791250336
0.4781933567377802
0.47900351066702673
0.48004995949230356
0.48096138266270594
0.4824466648663246
0.48379692141506886
0.4850459087226573
0.48642992168512017
0.4877126654064272
0.4890629219551715
0.4898393194706994
0.49091952470969485
0.4917296786389414
0.4926411018093438
0.4935862813934648
0.4943289224952741
0.49497029435592765
0.49608425600864164
0.49679314069673236
0.4978058331082906
0.49922360248447206
0.5002700513097489
0.5014177693761814
0.5021266540642723
0.5028692951660816
0.5038144747502026
0.5053672697812585
0.506683769916284
0.5078990008101539
0.5092492573588981
0.5107345395625169
0.5118147448015122
0.5128611936267891
0.5140426681069403
0.5150216041047799
0.5162368349986497
0.5173507966513637
0.5183297326492033
0.5192411558196057
0.5203213610586012
0.5218403996759384
0.5230218741560897
0.5242033486362409
0.5253173102889549
0.5265662975965434
0.5270726438023224
0.5283553875236295
0.5294018363489063
0.5303807723467459
0.5315284904131785
0.5321361058601134
0.5332500675128274
0.5343640291655415
0.5351066702673508
0.535950580610316
0.5369632730218742
0.5382797731568998
0.5394612476370511
0.5403051579800162
0.5411490683229814
0.5418579530110721
0.5428706454226303
0.5441871455576559
0.5455036456926816
0.5467526330002701
0.5479341074804213
0.5488455306508236
0.5495206589251957
0.550195787199568
0.5514447745071563
0.5522211720226843
0.5535039157439914
0.5544490953281124
0.5553267620847961
0.5564744801512287
0.5572846340804752
0.5584661085606265
0.5596813394544964
0.560660275452336
0.5620780448285174
0.5630232244126384
0.564339724547664
0.5651836348906292
0.5660613016473129
0.56734404536862
0.568626789089927
0.5695044558466108
0.5703483661895761
0.57146232784229
0.572407507426411
0.5734877126654064
0.5742641101809344
0.5749054820415879
0.5760532001080205
0.5768633540372671
0.5777410207939508
0.5788212260329463
0.5798339184445045
0.5811166621658115
0.5826019443694302
0.5835471239535511
0.5850999189846071
0.5861463678098838
0.586990278152849
0.5883405347015933
0.5895895220091818
0.590939778557926
0.5921212530380773
0.5929314069673238
0.5937078044828518
0.5948892789630029
0.5959019713745611
0.596948420199838
0.5984337024034566
0.5997164461247637
0.6003578179854172
0.6015392924655685
0.602349446394815
0.6033958952200918
0.6048136645962733
0.6055900621118012
0.6067040237645153
0.6080542803132595
0.6089994598973805
0.6100796651363759
0.6110586011342155
0.6120037807183365
0.6130839859573319
0.6144004860923575
0.6151431271941669
0.6160207939508506
0.616932217121253
0.6182149608425601
0.6192614096678369
0.6198690251147718
0.6206454226302998
0.6211855252497974
0.622164461247637
0.6234134485552255
0.624493653794221
0.6258439103429652
0.6271604104779909
0.6279705644072374
0.6287469619227654
0.6295571158520119
0.6309411288144747
0.6317175263300027
0.6325614366729678
0.633405347015933
0.6341142317040238
0.6349243856332704
0.6361058601134215
0.6371185525249797
0.6385700783148798
0.6396165271401566
0.6402916554145288
0.6413381042398055
0.6423170402376451
0.6435997839589522
0.644815014852822
0.6458952200918174
0.6467728868485012
0.6478530920874966
0.6489332973264921
0.6501147718066432
0.6514987847691062
0.6526802592492573
0.6535241695922225
0.6542668106940319
0.654773156899811
0.6557520928976506
0.6565960032406157
0.657608695652174
0.6584188495814205
0.6596340804752903
0.660511747231974
0.6616257088846881
0.663009721847151
0.6637186065352417
0.6647650553605186
0.6652038887388604
0.6661828247367
0.6673980556305698
0.6680394274912234
0.669524709694842
0.6705374021064002
0.6717863894139886
0.6726640561706724
0.673474210099919
0.6749594923035377
0.6758709154739401
0.6767823386443425
0.6775587361598704
0.6786389413988658
0.6797529030515798
0.6808668647042938
0.6816770186335404
0.68265595463138
0.6833985957331893
0.68410748042128
0.6853227113151499
0.6864704293815825
0.6878544423440454
0.6887658655144477
0.6892722117202268
0.6902511477180664
0.6912975965433432
0.6925465838509317
0.6932217121253038
0.6938968403996759
0.6948420199837969
0.695517148258169
0.696293545773697
0.697238725357818
0.6983864434242506
0.6991290845260599
0.7004455846610856
0.7011207129354577
0.7025047258979206
0.7034836618957602
0.7043275722387253
0.7049014312719417
0.7056778287874697
0.7071293545773697
0.7081082905752093
0.7091884958142047
0.7099986497434513
0.7114501755333513
0.7121253038077234
0.7128004320820956
0.7140831758034026
0.7148933297326492
0.7159735349716446
0.7166486632460167
0.7176275992438563
0.7191466378611936
0.7200918174453146
0.7211045098568728
0.7223197407507427
0.7235012152308938
0.7243113691601404
0.72529030515798
0.7266405617067243
0.7275182284634081
0.7282271131514988
0.7291385363219012
0.730184985147178
0.7312314339724547
0.7322441263840129
0.7333918444504456
0.7342695112071294
0.7351809343775317
0.7363286524439644
0.7371388063732109
0.7377126654064272
0.7383540372670807
0.7396367809883878
0.7408520118822576
0.7420672427761275
0.7432487172562787
0.7437213070483392
0.7446664866324602
0.7459154739400486
0.746826897110451
0.7478395895220091
0.7489535511747232
0.7496961922765325
0.7504388333783418
0.7512152308938699
0.751890359168242
0.7528017823386444
0.7535781798541723
0.7543208209559816
0.7554347826086957
0.7566162570888468
0.757628949500405
0.759012962462868
0.7601944369430191
0.7610721036997029
0.7622198217661356
0.7632325141776938
0.7641101809343775
0.7646502835538752
0.7660005401026195
0.7669119632730219
0.7679584120982986
0.7692411558196057
0.7701863354037267
0.7708952200918174
0.7719416689170943
0.7726843100189036
0.7733931947069943
0.7741695922225222
0.7751822846340805
0.775823656494734
0.7769038617337294
0.7778490413178504
0.7788954901431272
0.7794018363489063
0.78027950310559
0.7810896570348366
0.7817985417229274
0.7826424520658926
0.7839251957871995
0.7847353497164461
0.7856467728868485
0.7866594652984067
0.7873345935727788
0.7879084526059952
0.7888873886038348
0.7897650553605186
0.7905076964623279
0.7917229273561976
0.7928706454226303
0.7936132865244396
0.7941196327302188
0.7949972994869026
0.7958749662435863
0.7968201458277072
0.7978328382392654
0.798474210099919
0.7995544153389144
0.8006008641641912
0.8016135565757494
0.802592492573589
0.8033688900891169
0.8043815825006752
0.8051917364299217
0.8061369160140427
0.8068120442884148
0.808162300837159
0.8089724547664057
0.8098163651093708
0.8102889549014313
0.8112341344855523
0.8124831217931408
0.8131244936537942
0.8139684039967594
0.8148798271671618
0.8159937888198758
0.8168714555765595
0.8172765325411828
0.8182217121253038
0.8191331352957062
0.8199770456386714
0.8205846610856062
0.8215973534971645
0.8225425330812854
0.8232176613556575
0.8235889819065623
0.824804212800432
0.825411828247367
0.8264245206589252
0.8269983796921415
0.8275722387253578
0.8285511747231974
0.8293275722387253
0.8299689440993789
0.8308128544423441
0.8313867134755604
0.8324331623008372
0.8333445854712396
0.8343910342965163
0.8354374831217931
0.8361126113961652
0.8367539832568188
0.8375641371860654
0.8383742911153119
0.8391169322171212
0.8401633810423981
0.8410748042128005
0.8417836889008912
0.8425938428301377
0.8436065352416959
0.8444166891709425
0.8451930866864704
0.8462057790980286
0.8469146637861193
0.8476235484742101
0.8483661895760194
0.8490750742641102
0.849952741020794
0.8509316770186336
0.8518431001890359
0.8527207669457196
0.8533958952200918
0.854239805563057
0.8552524979746152
0.8560964083175804
0.8572778827977315
0.8582230623818525
0.8589657034836619
0.8596408317580341
0.8601809343775317
0.8609573318930597
0.8619362678908993
0.862813934647583
0.863759114231704
0.864535511747232
0.8653794220901971
0.8662233324331623
0.8670334863624088
0.8677761274642182
0.8685525249797461
0.8692951660815555
0.8703078584931137
0.8707466918714556
0.8717931406967324
0.8724682689711045
0.8736159870375372
0.8745611666216582
0.8752362948960303
0.8759789359978396
0.8766540642722117
0.8771941668917094
0.8782068593032676
0.8790170132325141
0.879725897920605
0.880671077504726
0.8812449365379422
0.8819538212260329
0.8828314879827167
0.8837766675668377
0.8847218471509587
0.885295706184175
0.8857682959762355
0.8866797191466379
0.8877261679719146
0.8885700783148798
0.8891776937618148
0.8898865784499055
0.8909330272751823
0.891641911963273
0.8922495274102079
0.8928233864434243
0.8939035916824196
0.8947812584391034
0.8955576559546313
0.8961990278152849
0.8970429381582501
0.8978530920874966
0.8984269511207129
0.8992708614636781
0.9000810153929246
0.9009249257358898
0.9015325411828248
0.9022751822846341
0.9033216311099109
0.9039292465568458
0.9045031055900621
0.9054145287604645
0.9061571698622738
0.9072373751012692
0.9079462597893599
0.9087226573048879
0.9094315419929787
0.9101404266810694
0.9107142857142857
0.9118620037807184
0.9125708884688091
0.9132122603294626
0.9139886578449905
0.9146975425330813
0.9153051579800162
0.915743991358358
0.9164866324601675
0.9174993248717256
0.9183432352146907
0.9191533891439373
0.919524709694842
0.9201660815554955
0.9209087226573048
0.9220226843100189
0.9227653254118282
0.9232716716176074
0.9239805563056981
0.9246556845800702
0.9254658385093167
0.9262759924385633
0.9268160950580611
0.9273899540912773
0.9280313259519308
0.9286051849851472
0.9294490953281124
0.9300229543613286
0.9305293005671077
0.9311369160140427
0.9316770186335404
0.9323859033216311
0.9330610315960033
0.9335673778017823
0.934276262489873
0.935052660005401
0.9356265190386174
0.9362678908992709
0.9371793140696733
0.9376856602754523
0.9382932757223873
0.9392722117202268
0.9398798271671618
0.940723737510127
0.941230083715906
0.9416351606805293
0.9423778017823387
0.9429854172292735
0.9434580070213341
0.9441668917094248
0.9450783148798272
0.9458209559816365
0.9461922765325412
0.947069943289225
0.9478463408047529
0.948521469079125
0.9491965973534972
0.949804212800432
0.9503443154199298
0.9507831487982716
0.9514920334863624
0.9520658925195787
0.9522346745881718
0.9528760464488253
0.953416149068323
0.9541587901701323
0.9547664056170673
0.9555765595463138
0.9560491493383743
0.9567917904401836
0.9574669187145558
0.9580070213340535
0.9587834188495814
0.9592897650553606
0.9595260599513907
0.960201188225763
0.9609438293275723
0.9616864704293816
0.9621928166351607
0.9625303807723468
0.9631379962192816
0.9636780988387794
0.9643194706994329
0.9649608425600864
0.9658722657304888
0.9662435862813935
0.9671212530380773
0.9675600864164191
0.9681339454496354
0.9686065352416959
0.9690791250337564
0.9696867404806914
0.9703281123413449
0.9708682149608425
0.9715095868214961
0.9720496894409938
0.9727248177153659
0.9731298946799892
0.9735349716446124
0.9738725357817986
0.9744801512287334
0.9749864974345126
0.9756278692951661
0.9762017283283824
0.9766405617067243
0.9770793950850661
0.9776870105320011
0.9781933567377802
0.9785984337024034
0.9789022414258709
0.979071023494464
0.9795436132865244
0.9801174723197408
0.980522549284364
0.9813327032136105
0.9819740750742642
0.9822778827977315
0.9827504725897921
0.9831893059681339
0.9839994598973805
0.9846408317580341
0.9852146907912503
0.9856535241695922
0.9861598703753713
0.9868349986497434
0.9875101269241155
0.9878476910613017
0.9884215500945179
0.9888603834728599
0.989535511747232
0.9900756143667296
0.990480691331353
0.9909532811234134
0.9914933837429112
0.9916959222252227
0.9922697812584391
0.992539832568188
0.9930799351876857
0.9937213070483392
0.9940588711855253
0.9943626789089927
0.9946327302187415
0.9950040507696463
0.9952065892519578
0.9954428841479881
0.9960167431812045
0.9963880637321091
0.9967256278692952
0.9970969484201998
0.9974682689711045
0.9978733459357277
0.9981433972454766
0.9984809613826627
0.9985484742101
0.9987172562786929
0.9988522819335673
0.998886038347286
0.9989535511747232
0.9990210640021604
0.9990885768295976
