0.0008776667566837699
0.0016540642722117202
0.0025317310288954903
0.0033081285444234404
0.004219551714825817
0.005198487712665407
0.005974885228193357
0.006616257088846881
0.007628949500405077
0.00867539832568188
0.009586821496084256
0.010700783148798272
0.011814744801512287
0.01275992438563327
0.013671347556035647
0.014684039967593843
0.015561706724277613
0.01616932217121253
0.01711450175533351
0.017755873615987038
0.018363489062921956
0.019308668647042938
0.020625168782068593
0.021806643262219823
0.02312314339724548
0.02416959222252228
0.025384823116392115
0.026161220631920064
0.026971374561166623
0.02774777207669457
0.028321631109910882
0.02913178503915744
0.02984066972724818
0.03088711855252498
0.032271131514987846
0.033148798271671616
0.03395895220091817
0.03490413178503916
0.035916824196597356
0.036862003780718335
0.037368349986497434
0.03838104239805563
0.03919119632730219
0.03990008101539293
0.04054145287604645
0.04209424790710235
0.04303942749122333
0.044085876316500135
0.04526735079665136
0.046313799621928164
0.04705644072373751
0.048102889549014316
0.04877801782338644
0.04965568458007021
0.05046583850931677
0.05151228733459357
0.052930056710775046
0.054044018363489064
0.05495544153389144
0.056136916014042665
0.0568458007021334
0.05775722387253578
0.05860113421550094
0.059647583040777746
0.06032271131514988
0.061132865244396435
0.06180799351876857
0.06305698082635701
0.0640359168241966
0.06548744261409668
0.06670267350796652
0.06758034026465029
0.06876181474480152
0.06957196867404807
0.07028085336213881
0.07109100729138536
0.07210369970294356
0.07274507156359708
0.07345395625168782
0.07460167431812044
0.07561436672967864
0.0764582770726438
0.0775384823116392
0.0785511747231974
0.07919254658385093
0.08037402106400215
0.08125168782068592
0.08185930326762085
0.08253443154199298
0.08358088036726978
0.08435727788279773
0.08543748312179314
0.0867539832568188
0.087766675668377
0.08874561166621658
0.08958952200918174
0.09029840669727249
0.09107480421280043
0.09252633000270051
0.0934715095868215
0.09421415068863084
0.09502430461787739
0.09580070213340534
0.09674588171752634
0.09742100999189846
0.0981974075074264
0.09934512557385904
0.1001890359168242
0.10143802322441264
0.10234944639481501
0.10319335673778018
0.10471239535511748
0.10515122873345936
0.1058938698352687
0.10710910072913854
0.10832433162300838
0.10879692141506886
0.10984337024034567
0.11072103699702944
0.11197002430461787
0.11301647312989468
0.11392789630029705
0.1146367809883878
0.11575074264110181
0.11662840939778558
0.11726978125843911
0.11801242236024845
0.11909262759924386
0.11993653794220901
0.12054415338914394
0.12169187145557656
0.1224007561436673
0.12371725627869296
0.12459492303537673
0.12527005130974886
0.12587766675668377
0.12695787199567918
0.1280718336483932
0.12871320550904672
0.12969214150688632
0.13053605184985148
0.13141371860653525
0.13215635970834458
0.13296651363759115
0.1338779368079935
0.13502565487442614
0.13563327032136105
0.13644342425060763
0.1373886038347286
0.13857007831487983
0.13924520658925196
0.1400216041047799
0.14089927086146367
0.14170942479071025
0.14285714285714285
0.1434647583040778
0.1441398865784499
0.14532136105860113
0.14653659195247096
0.1471442073994059
0.1478530920874966
0.14910207939508507
0.15018228463408048
0.150823656494734
0.1513300027005131
0.15173507966513639
0.1529503105590062
0.15379422090197137
0.1544355927626249
0.1550769646232784
0.15575209289765055
0.1569673237915204
0.15770996489332972
0.15831758034026466
0.15926275992438563
0.16081555495544153
0.16142317040237644
0.16260464488252768
0.16354982446664867
0.1647988117742371
0.16564272211720227
0.16625033756413718
0.16749932487172564
0.1689170942479071
0.16962597893599785
0.1703348636240886
0.17128004320820955
0.17219146637861193
0.17320415879017012
0.17387928706454225
0.1745544153389144
0.17529705644072374
0.17668106940318662
0.17759249257358897
0.17840264650283555
0.1797191466378612
0.18059681339454497
0.18198082635700782
0.18319605725087768
0.18451255738590333
0.18508641641911963
0.18660545503645692
0.18734809613826628
0.1880232244126384
0.18913718606535243
0.190116122063192
0.1911963273021874
0.1922090197137456
0.19328922495274103
0.1942006481231434
0.19555090467188765
0.19609100729138537
0.19706994328922495
0.1978125843910343
0.19896030245746693
0.20004050769646234
0.20081690521199028
0.20166081555495544
0.20324736699972995
0.20419254658385094
0.2051039697542533
0.2056103159600324
0.20679179044018364
0.20797326492033485
0.20878341884958143
0.2092897650553605
0.2107750472589792
0.21202403456656765
0.21266540642722118
0.21354307318390495
0.2148595733189306
0.21627734269511206
0.21735754793410747
0.217998919794761
0.21928166351606806
0.22036186875506347
0.22120577909802863
0.2217121253038077
0.22275857412908454
0.2237037537132055
0.22448015122873347
0.2252565487442614
0.226235484742101
0.22721442073994058
0.22799081825546855
0.22853092087496624
0.22920604914933837
0.230353767215771
0.2315352416959222
0.23217661355657576
0.2334593572778828
0.23426951120712936
0.23538347285984337
0.2365987037537132
0.23720631920064814
0.23828652443964354
0.23929921685120173
0.24031190926275992
0.24152714015662977
0.24233729408587631
0.24321496084256009
0.2442951660815555
0.24497029435592763
0.24591547394004862
0.2469281663516068
0.24770456386713477
0.24875101269241157
0.2494936537942209
0.2506751282743721
0.2515527950310559
0.25246421820145826
0.2538144747502025
0.2542533081285444
0.25502970564407235
0.25607615446934917
0.25692006481231433
0.25810153929246554
0.259181744531461
0.2597893599783959
0.26157844990548207
0.2622873345935728
0.26319875776397517
0.26411018093437755
0.2649878476910613
0.2660680529300567
0.2666081555495544
0.2675533351336754
0.2684310018903592
0.2692411558196057
0.2703551174723197
0.27136780988387793
0.2722117202268431
0.2732244126384013
0.273933297326492
0.27504725897920607
0.27643127194166894
0.2770051309748852
0.2779840669727248
0.2790980286254388
0.28021199027815286
0.28135970834458546
0.2819673237915204
0.2831825546853902
0.2840939778557926
0.28493788819875776
0.28608560626519036
0.287402106400216
0.2882460167431812
0.289292465568458
0.29003510667026733
0.2906764785309209
0.292128004320821
0.2929381582500675
0.29415338914393735
0.29513232514177695
0.2958749662435863
0.29668512017283283
0.29729273561976777
0.2983054280313259
0.2992168512017283
0.3003983256818796
0.3011072103699703
0.3021536591952471
0.30296381312449366
0.303706454226303
0.3046853902241426
0.30549554415338914
0.3067445314609776
0.3074871725627869
0.3082973264920335
0.30931001890359167
0.3103227113151499
0.31113286524439643
0.31231433972454764
0.31312449365379424
0.314170942479071
0.3148798271671618
0.31568998109640833
0.317006481231434
0.31758034026465026
0.31879557115852014
0.3193356737780178
0.32041587901701324
0.3218336483931947
0.3224750202538482
0.32355522549284366
0.3246016743181204
0.32568187955711586
0.3268971104509857
0.32770726438023223
0.32926005941128816
0.3302389954091277
0.33128544423440454
0.3319268160950581
0.33293950850661624
0.33341209829867674
0.33445854712395356
0.3353024574669187
0.3364501755333513
0.33749662435862815
0.3385093167701863
0.3393194706994329
0.3406697272481772
0.34171617607345395
0.34262759924385633
0.3439103429651634
0.3446529840669727
0.34573318930596814
0.34627329192546585
0.3473197407507426
0.348231163921145
0.34927761274642183
0.3502227923305428
0.3508304077774777
0.35147177963813125
0.35238320280853364
0.35356467728868485
0.3544423440453686
0.35518498514717795
0.3560964083175803
0.3569403186605455
0.35778422900351065
0.35852687010532003
0.3598096138266271
0.36072103699702945
0.36180124223602483
0.36284769106130166
0.3638941398865784
0.3648393194706994
0.3657507426411018
0.366932217121253
0.36797866594652984
0.36899135835808805
0.37007156359708343
0.37111801242236025
0.3718606535241696
0.37273832028085335
0.37371725627869296
0.3745611666216581
0.37577639751552794
0.37672157709964893
0.37773426951120714
0.3785444234404537
0.3797934107480421
0.38077234674588173
0.3817175263300027
0.3828314879827167
0.3837429111531191
0.3848906292195517
0.3856332703213611
0.38671347556035646
0.3878611936267891
0.3887051039697543
0.3895152578990008
0.39069673237915203
0.39177693761814747
0.39241830947880096
0.3932284634080475
0.3945787199567918
0.39552389954091277
0.3968066432622198
0.39744801512287337
0.3977855792600594
0.39903456656764785
0.40001350256548746
0.40095868214960845
0.4018363489062922
0.402882797731569
0.40359168241965976
0.40446934917634353
0.4057858493113692
0.4066972724817715
0.4076086956521739
0.40895895220091816
0.4098028625438833
0.4106467728868485
0.41152443964353225
0.41233459357277885
0.4132460167431812
0.41439373480961383
0.41560896570348366
0.4166554145287605
0.41773561976775586
0.4185120172832838
0.41938968403996757
0.4203686200378072
0.42182014582770727
0.4231366459627329
0.4242506076154469
0.4250945179584121
0.4261409667836889
0.4268498514717796
0.4276937618147448
0.42884147988117743
0.4297529030515798
0.4306643262219822
0.43150823656494736
0.4324871725627869
0.43360113421550095
0.4344112881447475
0.43566027545233593
0.4372468268971105
0.43785444234404536
0.43876586551444774
0.4394409937888199
0.4401498784769106
0.44116257088846883
0.442175263300027
0.44349176343505264
0.444234404536862
0.4446057250877667
0.4457196867404807
0.4467998919794761
0.44798136645962733
0.449297866594653
0.45068187955711586
0.4512557385903322
0.45209964893329735
0.4528760464488253
0.4536186875506346
0.45466513637591144
0.45581285444234404
0.45685930326762086
0.45726438023224414
0.4583108290575209
0.4590197137456117
0.4602349446394815
0.4613826627059141
0.4629017013232514
0.4635430731839049
0.4640156629759654
0.4647920604914934
0.46563597083445857
0.4664123683499865
0.4678638941398866
0.46958547123953553
0.4701930866864704
0.47100324061571697
0.47198217661355657
0.4729611126113962
0.47390629219551716
0.4751552795031056
0.47691061301647314
0.47761949770456386
0.4781596003240616
0.4791722927356198
0.47998244666486634
0.4810964083175803
0.48278422900351065
0.48430326762084797
0.48494463948150146
0.48521469079125035
0.4862948960302457
0.48710504995949233
0.48828652443964354
0.489535511747232
0.49091952470969485
0.49156089657034835
0.49233729408587634
0.4931474480151229
0.49402511477180666
0.4952403456656765
0.49659060221442075
0.4976032946259789
0.49817715365919524
0.49864974345125573
0.49942614096678367
0.5001012692411558
0.5017553335133675
0.5031393464758304
0.5039157439913584
0.5047596543343236
0.505671077504726
0.5064137186065353
0.5075951930866864
0.5088441803942749
0.5097218471509587
0.5106670267350797
0.5116459627329193
0.51235484742101
0.5131650013502566
0.514582770726438
0.5158655144477451
0.5165743991358358
0.5173845530650824
0.5184310018903592
0.5194436943019174
0.5201863354037267
0.5217728868485012
0.5229206049149339
0.5238995409127735
0.5246084256008642
0.5253848231163921
0.5264987847691062
0.5272414258709155
0.5283891439373481
0.5295368620037807
0.5304145287604645
0.5313259519308668
0.5323048879287064
0.5330812854442344
0.5339589522009182
0.5353092087496625
0.5363219011612206
0.537402106400216
0.5381447475020253
0.5394612476370511
0.540237645152579
0.5412503375641372
0.5427356197677559
0.5437820685930327
0.5449297866594653
0.5459424790710234
0.5466513637591143
0.547360248447205
0.5486092357547934
0.5499257358898191
0.5509721847150959
0.5520861463678098
0.5530650823656494
0.5539427491223332
0.5547529030515798
0.5555293005671077
0.5567445314609776
0.55765595463138
0.5587024034566568
0.5594788009721847
0.560052660005401
0.5605252497974615
0.5616729678638941
0.5629219551714826
0.5641371860653525
0.5653524169592222
0.5660613016473129
0.5668714555765595
0.5675803402646503
0.5685255198487713
0.5700445584661086
0.5714285714285714
0.572069943289225
0.5728125843910343
0.5733864434242506
0.5742641101809344
0.5756143667296786
0.5766608155549554
0.5775722387253578
0.5782811234134485
0.5787537132055091
0.5793275722387253
0.5802389954091277
0.5813529570618418
0.5820618417499325
0.5829395085066162
0.5839859573318931
0.5846948420199838
0.5853699702943559
0.5864164191196327
0.5879017013232514
0.5887456116662165
0.589488252768026
0.5900283553875236
0.5908385093167702
0.5918512017283284
0.593336483931947
0.5944166891709425
0.5951930866864704
0.5962057790980286
0.5972522279233055
0.5984337024034566
0.5995814204698893
0.6006953821226033
0.6011679719146638
0.6019781258439103
0.6028220361868755
0.6038009721847151
0.6049149338374291
0.6061639211450176
0.6071766135565757
0.6081555495544153
0.6090332163110991
0.6097758574129084
0.610754793410748
0.6118349986497434
0.6134215500945179
0.6144342425060761
0.615041857953011
0.6157169862273832
0.6170334863624088
0.6179111531190926
0.6190251147718067
0.6199702943559277
0.6207804482851742
0.6212867944909533
0.6217931406967324
0.6230083715906022
0.6242236024844721
0.625
0.6260126924115582
0.6268228463408048
0.6276330002700513
0.62911828247367
0.6300972184715096
0.6308736159870375
0.6317512827437213
0.6324939238455306
0.6338104239805563
0.6348231163921145
0.6362071293545773
0.6369497704563867
0.6380637321091007
0.639245206589252
0.6398190656224683
0.640696732379152
0.6419794761004591
0.6431271941668917
0.6443761814744802
0.6452538482311639
0.6461652714015663
0.6466378611936268
0.6481906562246826
0.6490683229813664
0.6498784769106131
0.6508911693221712
0.6515325411828248
0.6523089386983527
0.6532878746961923
0.654773156899811
0.6556170672427761
0.6568660545503646
0.6576762084796112
0.6588576829597623
0.6599378881987578
0.6609168241965974
0.6618282473669997
0.6625708884688091
0.6634147988117742
0.6645962732919255
0.6656089657034837
0.6667904401836349
0.6676343505266
0.6684445044558466
0.669355927626249
0.6705036456926816
0.6713813124493654
0.6727990818255468
0.6737780178233864
0.6746219281663516
0.6755671077504726
0.6765122873345936
0.6776937618147448
0.678706454226303
0.6797191466378611
0.680934377531731
0.6823183904941938
0.683162300837159
0.684276262489873
0.6849513907642452
0.6857615446934917
0.686605455036457
0.6875168782068592
0.6887996219281664
0.6899810964083176
0.6910950580610316
0.6919389684039967
0.6929179044018363
0.6938293275722387
0.6948420199837969
0.6959222252227923
0.6968336483931947
0.6980151228733459
0.6986564947339995
0.7000067512827437
0.7010869565217391
0.7022684310018904
0.7034499054820416
0.7046313799621928
0.705644072373751
0.706589251957872
0.7075681879557116
0.7087496624358628
0.7096610856062652
0.7106400216041048
0.7117877396705374
0.7126654064272212
0.7135093167701864
0.7146232784229003
0.7156022144207399
0.7166486632460167
0.717222522279233
0.7183027275182284
0.719112881447475
0.7198217661355658
0.7208007021334053
0.7218471509586821
0.7226910613016473
0.7235349716446124
0.7247164461247637
0.7256278692951661
0.7264717796381313
0.7278220361868755
0.728632190116122
0.7295436132865244
0.7307588441803943
0.7315689981096408
0.7323453956251688
0.7332230623818525
0.7340669727248177
0.7350459087226573
0.7360248447204969
0.7371388063732109
0.7382865244396435
0.7394342425060761
0.7401093707804483
0.7413583580880367
0.7422022684310019
0.743316230083716
0.7441263840129625
0.7453078584931137
0.7462530380772346
0.7472319740750742
0.7481433972454766
0.7493923845530651
0.7503038077234675
0.7512152308938699
0.7522616797191466
0.7534093977855792
0.7542195517148258
0.755232244126384
0.756177423710505
0.7567175263300027
0.7576627059141237
0.7590804752903052
0.7598568728058331
0.7609708344585471
0.7617809883877937
0.7628949500405077
0.7639413988657845
0.7648190656224683
0.765696732379152
0.7668444504455847
0.7675195787199568
0.7687010532001081
0.7696462327842291
0.7701188225762895
0.7712665406427222
0.7721779638131245
0.7730893869835269
0.7740683229813664
0.775047258979206
0.775992438563327
0.7768025924925736
0.7776802592492573
0.7786254388333783
0.7795706184174993
0.7801444774507157
0.7810896570348366
0.7819335673778017
0.7828112341344855
0.7838239265460437
0.7847691061301647
0.7857817985417229
0.7869295166081556
0.787840939778558
0.7890899270861463
0.7900688630839859
0.7916554145287604
0.7923980556305698
0.7932757223872535
0.7947947610045909
0.7957061841749933
0.7962800432082096
0.7970564407237375
0.7981366459627329
0.7990818255468539
0.8001620307858494
0.8008034026465028
0.8019173642992169
0.8028625438833379
0.8036726978125844
0.8046516338104239
0.805428031325952
0.806373210910073
0.8071158520118823
0.8083985957331893
0.80910748042128
0.8101201728328382
0.8110991088306778
0.8124493653794221
0.8132932757223873
0.8141034296516338
0.8150823656494735
0.8160950580610316
0.8171077504725898
0.8176816095058062
0.8183229813664596
0.8195044558466108
0.820517148258169
0.8218674048069133
0.8225425330812854
0.8234877126654064
0.8242641101809344
0.8253105590062112
0.8261207129354577
0.8269646232784229
0.8277747772076695
0.8286862003780718
0.8297326492033487
0.8306778287874697
0.831758034026465
0.8323994058871186
0.8334458547123954
0.8346610856062652
0.835707534431542
0.8364839319470699
0.8372940858763165
0.83793545773697
0.8389143937348096
0.8398933297326492
0.8411085606265191
0.841884958142047
0.8426613556575749
0.8435727788279773
0.8445517148258169
0.8452943559276263
0.8462395355117472
0.8472522279233055
0.848062381852552
0.8491088306778288
0.8499864974345126
0.8507628949500405
0.8519106130164731
0.8529233054280313
0.8541047799081826
0.8553200108020524
0.8565014852822036
0.8573791520388874
0.8580880367269781
0.8587969214150689
0.8595058061031596
0.8605522549284365
0.8614974345125573
0.862307588441804
0.862813934647583
0.8635228193356738
0.864535511747232
0.8656157169862274
0.8664596273291926
0.8674048069133136
0.867877396705374
0.868991358358088
0.8700040507696463
0.8710842560086416
0.8720969484201998
0.8733459357277883
0.874054820415879
0.8746624358628139
0.8754050769646233
0.8762827437213071
0.877396705374021
0.8786456926816095
0.8798946799891979
0.880671077504726
0.8814137186065353
0.8818863083985957
0.8825951930866864
0.8834728598433702
0.8841142317040238
0.8850256548744262
0.8855995139076425
0.8866797191466379
0.8876248987307589
0.888468809073724
0.8893802322441264
0.8903254118282473
0.8913381042398055
0.8918782068593033
0.8930259249257358
0.8941061301647313
0.8947812584391034
0.8956926816095058
0.8968403996759384
0.897819335673778
0.8988657844990549
0.8996421820145828
0.9005873615987038
0.9014312719416689
0.9023089386983527
0.9035916824196597
0.9046381312449365
0.9054820415879017
0.9063597083445855
0.9070348366189576
0.9078112341344855
0.9085201188225763
0.9094315419929787
0.9103092087496625
0.910950580610316
0.9114906832298136
0.912402106400216
0.9134147988117742
0.9144950040507697
0.9153051579800162
0.9163178503915744
0.9170604914933838
0.9177693761814745
0.9187145557655955
0.9195922225222792
0.9203348636240886
0.9210437483121793
0.9221577099648933
0.9229003510667027
0.9236767485822306
0.9244531460977585
0.9252970564407237
0.9262084796111261
0.9270861463678098
0.9280650823656494
0.9285714285714286
0.9294153389143938
0.9306643262219821
0.9312381852551985
0.931879557115852
0.9329935187685661
0.9338374291115312
0.9346813394544964
0.9357277882797732
0.9365379422090198
0.9368417499324871
0.9375506346205779
0.938394544963543
0.939002160410478
0.9401498784769106
0.9409262759924386
0.9418039427491224
0.9426478530920875
0.9434580070213341
0.9439981096408318
0.9453821226032946
0.945955981636511
0.9467661355657575
0.9476100459087227
0.9482176613556575
0.9489940588711855
0.9499054820415879
0.9508169052119902
0.9517283283823926
0.9523359438293276
0.9529435592762625
0.9537199567917904
0.9543950850661626
0.9552727518228463
0.9559478800972184
0.9568593032676208
0.9575681879557116
0.9579395085066162
0.9588171752633
0.9597285984337024
0.960876316500135
0.9616189576019444
0.9622940858763165
0.9629692141506886
0.9637793680799351
0.9645220091817446
0.9651971374561167
0.9658047529030516
0.9665136375911423
0.9675263300027005
0.9680664326221983
0.9690453686200378
0.9696529840669728
0.9703956251687821
0.9710707534431542
0.9717796381312449
0.9724885228193356
0.9735349716446124
0.9743113691601404
0.9748514717796382
0.9752227923305428
0.9758304077774778
0.9766068052930057
0.9773832028085336
0.9780920874966244
0.9787672157709965
0.9793073183904942
0.9799824466648663
0.9805900621118012
0.9810964083175804
0.9814002160410478
0.98207534431542
0.9823116392114501
0.9831217931406967
0.9838981906562246
0.9844045368620038
0.9847758574129084
0.9852146907912503
0.9859910883067783
0.9867674858223062
0.9875438833378342
0.9880502295436133
0.9886916014042668
0.9890629219551715
0.9896705374021064
0.9903119092627599
0.9909195247096948
0.9913583580880367
0.9916959222252227
0.992371050499595
0.9927761274642182
0.9934850121523089
0.993991358358088
0.9946664866324602
0.9954091277342695
0.9959492303537673
0.9963543073183905
0.9967931406967324
0.9971982176613556
0.9975357817985417
0.9978058331082906
0.9981433972454766
0.9984134485552255
0.9984809613826627
0.9986159870375372
0.9988522819335673
0.9989873075884418
0.999054820415879
0.9990885768295976
0.9990885768295976
0.9990885768295976
