0.001519038617337294
0.003544423440453686
0.004590872265730489
0.005671077504725898
0.0068863083985957335
0.00789900081015393
0.009114231704023765
0.010126924115581961
0.01130839859573319
0.01306373210910073
0.014413988657844991
0.01579800162030786
0.01741830947880097
0.01870105320010802
0.019916284093977856
0.021097758574129086
0.02288684850121523
0.023798271671617608
0.024777207669457197
0.02619497704563867
0.027511477180664327
0.028963002970564408
0.030245746691871456
0.03146097758574129
0.032777477720766945
0.033891439373480964
0.034532811234134486
0.035883067782878746
0.036760734539562516
0.0377059141236835
0.03919119632730219
0.04044018363489063
0.04118282473669997
0.04202673507966514
0.0433769916284094
0.0444234404536862
0.045436132865244394
0.04651633810423981
0.048170402376451524
0.05076964623278423
0.05232244126384013
0.053807723467458816
0.05505671077504726
0.056406967323791524
0.05738590332163111
0.058533621388063735
0.059748852281933565
0.06079530110721037
0.062010532001080206
0.06315825006751283
0.06460977585741291
0.06548744261409668
0.06623008371590602
0.0671077504725898
0.06808668647042938
0.06903186605455036
0.0703146097758574
0.07193491763435053
0.07375776397515528
0.07497299486902512
0.07601944369430191
0.07713340534701593
0.07817985417229273
0.0795638671347556
0.08094788009721847
0.08179179044018363
0.08327707264380232
0.08503240615716987
0.0862813934647583
0.08790170132325142
0.08915068863083986
0.09016338104239806
0.09161490683229814
0.09303267620847962
0.09495679179044018
0.09617202268431002
0.09704968944099379
0.09785984337024034
0.09880502295436133
0.10029030515798001
0.10153929246556846
0.10268701053200108
0.10420604914933837
0.10599513907642452
0.10734539562516879
0.10859438293275722
0.11021469079125033
0.11193626789089928
0.11392789630029705
0.11504185795301107
0.11683094788009722
0.11804617877396706
0.1192614096678369
0.12044288414798812
0.12182689711045099
0.12287334593572778
0.1239873075884418
0.12533756413718605
0.1266540642722117
0.1281055900621118
0.12925330812854444
0.13063732109100729
0.1322576289495004
0.13364164191196326
0.1348568728058331
0.13597083445854713
0.13718606535241695
0.1383675398325682
0.1394815014852822
0.14069673237915203
0.14127059141236836
0.14228328382392655
0.1434647583040778
0.14447745071563597
0.14586146367809885
0.14697542533081284
0.14792060491493383
0.14856197677558736
0.15018228463408048
0.15160005401026194
0.15332163110991087
0.1544355927626249
0.15605590062111802
0.15740615716986228
0.15831758034026466
0.1596678368890089
0.16084931136916014
0.16253713205509046
0.16378611936267892
0.16500135025654875
0.16594652984066974
0.1669254658385093
0.16776937618147447
0.16861328652443963
0.16979476100459087
0.1710437483121793
0.1721239535511747
0.17296786389413987
0.17441938968403997
0.17587091547394004
0.17698487712665406
0.1782676208479611
0.1792465568458007
0.18056305698082636
0.18187955711585202
0.18282473669997298
0.18424250607615447
0.18498514717796383
0.18650418579530112
0.18721307048339184
0.18866459627329193
0.1900823656494734
0.19150013502565488
0.19274912233324332
0.19352551984877125
0.19511207129354577
0.19619227653254118
0.19717121253038078
0.19845395625168782
0.19912908452605996
0.20020928976505536
0.20122198217661355
0.20274102079395084
0.20378746961922764
0.20469889278963002
0.20567782878746962
0.2066905211990278
0.2076694571968674
0.2092560086416419
0.21003240615716987
0.2112476370510397
0.21219281663516068
0.2133067782878747
0.21475830407777477
0.2154671887658655
0.21644612476370512
0.2175600864164191
0.21823521469079124
0.21931541992978665
0.22036186875506347
0.2210369970294356
0.2221509586821496
0.22319740750742642
0.2242100999189846
0.22549284364029165
0.2263367539832568
0.22697812584391033
0.22795706184174994
0.22913853632190115
0.23042128004320822
0.23163651093707804
0.23281798541722928
0.23430326762084797
0.23561976775587362
0.23642992168512017
0.23751012692411558
0.23882662705914123
0.23977180664326223
0.24051444774507155
0.24179719146637862
0.24318120442884147
0.2444301917364299
0.24571293545773698
0.24696192276532541
0.24804212800432082
0.24929111531190926
0.2510464488252768
0.2533081285444234
0.25415203888738863
0.2556373210910073
0.2572238725357818
0.25887793680799354
0.26005941128814475
0.26147718066432624
0.26265865514447745
0.26363759114231705
0.2649203348636241
0.2658992708614637
0.2670807453416149
0.2682622198217661
0.2694436943019174
0.2701525789900081
0.2711990278152849
0.2723129894679989
0.2738657844990548
0.2753510667026735
0.27639751552795033
0.27754523359438293
0.27869295166081554
0.2795706184174993
0.28132595193086685
0.28233864434242506
0.2835201188225763
0.28439778557926004
0.2855117472319741
0.28638941398865786
0.2877396705374021
0.2886510937078045
0.2897988117742371
0.2907102349446395
0.29179044018363487
0.2928706454226303
0.2940858763165001
0.2951998379692142
0.29678638941398866
0.2981366459627329
0.2990480691331353
0.3001620307858493
0.3011747231974075
0.3022886848501215
0.3032676208479611
0.3044490953281123
0.3058331082905752
0.30711585201188224
0.30853362138806373
0.30954631379962194
0.3108628139346476
0.31177423710505
0.31278692951660814
0.3140696732379152
0.3150823656494734
0.31633135295706183
0.3177153659195247
0.31893059681339453
0.32001080205238996
0.3207871995679179
0.32203618687550634
0.323352687010532
0.3249054820415879
0.3264920334863624
0.3279098028625439
0.3294625978935998
0.3307453416149068
0.33185930326762086
0.3330407777477721
0.3340534701593303
0.33533621388063733
0.3366189576019444
0.33796921415068865
0.3396907912503376
0.340939778557926
0.3422900351066703
0.34333648393194705
0.34478800972184714
0.34593572778827975
0.34688090737240074
0.34765730488792873
0.34856872805833106
0.3499189846070753
0.3507628949500405
0.3520456386713476
0.3529908182554685
0.3539359978395895
0.35521874156089656
0.35623143397245477
0.3574804212800432
0.358695652173913
0.3595733189305968
0.36038347285984335
0.3610923575479341
0.3622400756143667
0.3636240885768296
0.36440048609235753
0.3655819605725088
0.3673710504995949
0.3684174993248717
0.3698352687010532
0.37128679449095325
0.37213070483391847
0.3733121793140697
0.37466243586281395
0.37608020523899544
0.377059141236835
0.37827437213070486
0.37962462867944907
0.3807385903321631
0.3817850391574399
0.38266270591412366
0.38394544963543076
0.38529570618417497
0.3868822576289495
0.38813124493653794
0.38917769376181477
0.3898528220361869
0.3908655144477451
0.3916081555495544
0.3927221172022684
0.3934985147177964
0.3945787199567918
0.39552389954091277
0.3963002970564407
0.39734674588171753
0.3982244126384013
0.39896705374021063
0.39994598973805023
0.40072238725357817
0.4019038617337294
0.40308533621388065
0.40426681069403186
0.40517823386443425
0.4062584391034296
0.407169862273832
0.4085201188225763
0.40939778557926004
0.4111531190926276
0.41206454226302996
0.4131109910883068
0.4145287604644883
0.4155076964623278
0.4162840939778558
0.417296786389414
0.41817445314609775
0.41918714555765596
0.4199635430731839
0.4208749662435863
0.42198892789630027
0.4237780178233864
0.4249257358898191
0.4261409667836889
0.427592492573589
0.42863894139886577
0.4294490953281123
0.43046178773967053
0.4318120442884148
0.4330272751822846
0.4339724547664056
0.43501890359168244
0.43620037807183365
0.4369767755873616
0.4381582500675128
0.4396097758574129
0.44085876316500133
0.4421415068863084
0.44349176343505264
0.4448420199837969
0.4457196867404807
0.4469686740480691
0.4478463408047529
0.44869025114771804
0.4498042128004321
0.45068187955711586
0.45176208479611124
0.4529773156899811
0.45436132865244394
0.45530650823656493
0.45628544423440454
0.45750067512827436
0.4585808803672698
0.45935727788279773
0.4607750472589792
0.46199027815284904
0.4628341884958142
0.4639819065622468
0.464994598973805
0.465939778557926
0.4670199837969214
0.46823521469079127
0.46907912503375643
0.47022684310018903
0.47137456116662163
0.47238725357817984
0.4736362408857683
0.47441263840129627
0.4755941128814475
0.4768093437753173
0.47758574129084524
0.47836213880637324
0.47947610045908723
0.4805900621118012
0.4815689981096408
0.48231163921145015
0.48308803672697814
0.4841007291385363
0.4850121523089387
0.4860923575479341
0.48730758844180394
0.48848906292195515
0.48990683229813664
0.49142587091547396
0.49257358898190656
0.4936200378071834
0.49449770456386716
0.4954766405617067
0.4966918714555766
0.49821091007291385
0.498886038347286
0.49962867944909534
0.5006413718606535
0.5017215770996489
0.502835538752363
0.5038819875776398
0.5049284364029165
0.5058061031596003
0.5068863083985957
0.5077639751552795
0.5085403726708074
0.509519308668647
0.5103969754253308
0.5113421550094518
0.51235484742101
0.5136038347285984
0.5149203348636241
0.5159330272751823
0.5168782068593033
0.5182284634080475
0.519308668647043
0.5202538482311639
0.5210302457466919
0.5217728868485012
0.522650553605185
0.5236294896030246
0.5248447204968945
0.5257899000810153
0.5268363489062922
0.5277140156629759
0.5290642722117203
0.5299756953821226
0.5309546313799622
0.532001080205239
0.5330812854442344
0.5340939778557926
0.5348028625438833
0.5357480421280043
0.5367944909532811
0.5379422090197138
0.5389211450175533
0.5399000810153929
0.5408790170132325
0.5418917094247907
0.5432082095598164
0.5441196327302188
0.5450310559006211
0.5456049149338374
0.5468201458277072
0.5475965433432353
0.5487780178233864
0.5496556845800702
0.5502633000270051
0.5514110180934377
0.5524574669187146
0.5539765055360518
0.5550229543613286
0.5562381852551985
0.5569808263570079
0.5582298136645962
0.5590737240075614
0.5599851471779638
0.560997839589522
0.5618417499324871
0.5627194166891709
0.5636983526870105
0.5648123143397246
0.5655887118552525
0.5666689170942479
0.5675128274372131
0.5684242506076155
0.5697407507426411
0.5709222252227923
0.572069943289225
0.5730488792870645
0.5740953281123413
0.5750742641101809
0.5759519308668647
0.5767958412098299
0.5776735079665136
0.5783148798271671
0.5794288414798812
0.5802052389954091
0.5810829057520929
0.5816567647853093
0.5823656494734
0.5832095598163651
0.5842897650553606
0.5850999189846071
0.5859438293275723
0.5865176883607885
0.5874628679449095
0.5884755603564678
0.5894544963543074
0.5903321631109911
0.5911085606265191
0.5920874966243587
0.592830137726168
0.5939103429651634
0.5948892789630029
0.5956994328922496
0.5970159330272752
0.5981298946799892
0.5992776127464218
0.6002565487442614
0.6012692411558196
0.6024507156359709
0.6035309208749663
0.6044761004590872
0.6054212800432082
0.6065352416959222
0.6077842290035107
0.6089319470699432
0.609809613826627
0.6107210369970294
0.611362408857683
0.6123413448555225
0.6133877936807993
0.6142992168512017
0.6152106400216041
0.6162233324331623
0.6172360248447205
0.6182824736699973
0.6193626789089927
0.6205441533891439
0.6215568458007021
0.6226370510396976
0.6240210640021604
0.6252700513097489
0.6262489873075885
0.6272616797191466
0.6281393464758304
0.6288144747502026
0.6296246286794491
0.6303335133675398
0.6311436672967864
0.6320213340534702
0.63323656494734
0.6341142317040238
0.6348906292195517
0.6357682959762355
0.6368147448015122
0.6379287064542263
0.6388738860383473
0.6399540912773427
0.6409330272751823
0.6417769376181475
0.642418309478801
0.6437010532001081
0.6447812584391034
0.645422630299757
0.6461990278152849
0.6469079125033756
0.6477855792600594
0.6487307588441804
0.6496084256008642
0.6505536051849852
0.6510937078044828
0.6517688360788549
0.6528490413178504
0.6533891439373481
0.6540980286254389
0.6550769646232785
0.656224682689711
0.6575411828247367
0.6584526059951391
0.6590264650283554
0.6598028625438833
0.6604442344045368
0.6610856062651904
0.6617944909532811
0.6628071833648393
0.6634485552254928
0.6644274912233324
0.6651363759114232
0.6659465298406697
0.6669254658385093
0.6677693761814745
0.668579530110721
0.6696259789359978
0.6710775047258979
0.6719889278963003
0.6725627869295167
0.6736092357547934
0.6744531460977585
0.6753308128544423
0.6757696462327842
0.6765798001620308
0.6774912233324332
0.6780650823656494
0.678875236294896
0.6800567107750473
0.6806980826357008
0.6815419929786659
0.6824871725627869
0.6832635700783148
0.6840737240075614
0.6848163651093708
0.6858628139346475
0.6869767755873616
0.6878206859303267
0.6887658655144477
0.6898460707534432
0.6905887118552525
0.6916351606805293
0.6924453146097759
0.6935255198487713
0.6939981096408318
0.6949095328112341
0.6958209559816365
0.6972724817715366
0.6980826357007831
0.6992303537672158
0.7002092897650554
0.7013232514177694
0.7020321361058601
0.7030448285174183
0.7039900081015393
0.7046651363759114
0.705644072373751
0.7064542263029976
0.707534431541993
0.7081082905752093
0.7090197137456117
0.7099986497434513
0.7108088036726978
0.711652714015663
0.7124628679449095
0.7133067782878747
0.7143194706994329
0.7148933297326492
0.7158385093167702
0.7167499324871726
0.7175263300027005
0.7186402916554145
0.7196529840669728
0.7205981636510937
0.7212057790980286
0.7217121253038077
0.7222522279233055
0.7229948690251148
0.7236024844720497
0.7243788819875776
0.7251552795031055
0.7261679719146638
0.7271469079125034
0.7276532541182825
0.7284634080475291
0.7293748312179315
0.7304550364569268
0.7313327032136105
0.7321091007291385
0.7328179854172293
0.7336956521739131
0.7341682419659735
0.7348771266540642
0.7359235754793411
0.7370037807183365
0.7383202808533621
0.7388941398865785
0.7398730758844181
0.7410207939508506
0.7421685120172833
0.7432824736699973
0.7440588711855253
0.7453078584931137
0.7462530380772346
0.7472657304887929
0.7479071023494464
0.7487510126924115
0.7495949230353767
0.7505738590332163
0.7515190386173373
0.752396705374021
0.7534431541992979
0.7545571158520119
0.7554347826086957
0.7565149878476911
0.757460167431812
0.7586078854982446
0.7594517958412098
0.7599918984607076
0.7612746421820146
0.7622535781798542
0.7630299756953821
0.7636038347285984
0.7645152578990008
0.7652578990008102
0.7663381042398055
0.7670807453416149
0.7676883607885499
0.7686672967863895
0.7694436943019174
0.7703551174723198
0.7709627329192547
0.7719416689170943
0.772650553605185
0.7734607075344315
0.7740683229813664
0.7749122333243317
0.7755873615987038
0.7763637591142317
0.7769713745611666
0.777882797731569
0.77882797731569
0.7798744261409668
0.7806170672427761
0.7815284904131785
0.7824399135835809
0.7832163110991088
0.7840939778557926
0.7849378881987578
0.7854779908182554
0.786288144747502
0.78706454226303
0.7881109910883067
0.7885835808803673
0.789292465568458
0.7898663246016743
0.7906089657034837
0.7916554145287604
0.7925668376991628
0.793410748042128
0.7940858763165002
0.7950310559006211
0.7957736970024305
0.7967188765865515
0.7977990818255468
0.798811774237105
0.7995544153389144
0.8003983256818795
0.8012084796111261
0.8021199027815284
0.8028287874696193
0.8035039157439914
0.8041452876046449
0.8050229543613286
0.8055293005671077
0.8061031596003241
0.8068120442884148
0.8072846340804752
0.8079597623548475
0.8087361598703754
0.8093437753173103
0.8100189035916824
0.8108965703483662
0.8116392114501755
0.8122805833108291
0.8129894679989198
0.8140359168241966
0.8149810964083176
0.8156562246826897
0.8162975965433432
0.8172090197137456
0.8182554685390224
0.819065622468269
0.8198420199837969
0.8206859303267621
0.8214960842560086
0.8226100459087227
0.8231163921145017
0.8241290845260599
0.8251417769376181
0.8259519308668647
0.8265933027275182
0.8273697002430461
0.8280110721036997
0.8288549824466649
0.8295976235484742
0.8302389954091277
0.8309478800972184
0.8316230083715906
0.8327369700243046
0.8334796111261139
0.8342222522279233
0.8349311369160141
0.8357412908452606
0.8362813934647583
0.836652714015663
0.8373615987037537
0.8376991628409398
0.8384418039427491
0.838880637321091
0.8396232784229003
0.8404671887658656
0.8414123683499865
0.8419187145557656
0.8425263300027005
0.8434039967593843
0.8440453686200378
0.8445517148258169
0.8453618687550635
0.8464420739940589
0.8472522279233055
0.8475222792330542
0.8481298946799892
0.8487037537132055
0.8495814204698893
0.8500877666756683
0.8507966513637591
0.8514717796381313
0.852180664326222
0.8529233054280313
0.8539359978395895
0.8549824466648663
0.8557250877666757
0.8565014852822036
0.8571766135565757
0.8579867674858223
0.8587294085876317
0.8593370240345666
0.860248447204969
0.8609910883067783
0.8617674858223062
0.8625438833378342
0.8632865244396435
0.8639278963002971
0.8646030245746692
0.8652443964353227
0.8658182554685391
0.8663583580880367
0.8670672427761275
0.8677761274642182
0.8685187685660275
0.8691601404266811
0.8700378071833649
0.8707804482851742
0.8717593842830138
0.8724682689711045
0.8732446664866325
0.8739873075884418
0.8751012692411558
0.8759114231704024
0.8766540642722117
0.8772616797191466
0.8780718336483931
0.8788819875776398
0.8795571158520119
0.8804347826086957
0.881008641641912
0.8814137186065353
0.8819200648123143
0.8824264110180935
0.8831690521199028
0.8837766675668377
0.8846205779098029
0.8853969754253308
0.886240885768296
0.8873886038347286
0.8880637321091007
0.888637591142317
0.8893464758304078
0.8900553605184985
0.8906292195517148
0.8915406427221172
0.8921820145827707
0.8929584120982986
0.8935997839589522
0.8942749122333243
0.8949162840939778
0.8955914123683499
0.896367809883878
0.8971104509856873
0.8976843100189036
0.8981568998109641
0.8989332973264921
0.89970969484202
0.9006886308398596
0.9013637591142317
0.9019038617337294
0.9025114771806644
0.903051579800162
0.9037942209019714
0.9045368620037807
0.9051107210369971
0.9060221442073995
0.9068660545503646
0.9078112341344855
0.9085538752362949
0.9094315419929787
0.9100391574399136
0.9105792600594113
0.9112206319200649
0.9117607345395625
0.9121320550904672
0.9127396705374021
0.9136510937078045
0.9143937348096138
0.9149338374291115
0.9156764785309208
0.916351606805293
0.9170942479071024
0.9177693761814745
0.9183094788009721
0.9190521199027816
0.9198960302457467
0.9207399405887119
0.9216176073453957
0.9222927356197678
0.9229678638941399
0.923474210099919
0.9240143127194167
0.9247231974075074
0.9253645692681609
0.9258371590602215
0.926478530920875
0.9270186335403726
0.9276262489873076
0.9280650823656494
0.9286726978125844
0.9292803132595193
0.9302254928436403
0.930765595463138
0.9312381852551985
0.9320145827707265
0.93265595463138
0.9331960572508776
0.9338374291115312
0.9344788009721847
0.9349176343505265
0.9353227113151499
0.9357953011072103
0.9362341344855523
0.9368417499324871
0.9376181474480151
0.9384958142046989
0.9390696732379152
0.9397110450985687
0.9403186605455036
0.9409600324061572
0.9415676478530921
0.942175263300027
0.9426140966783689
0.9430529300567108
0.9435255198487713
0.9441331352957062
0.9446394815014852
0.9452470969484202
0.9458209559816365
0.9465635970834458
0.947238725357818
0.9476438023224413
0.9482514177693762
0.9488590332163112
0.9497704563867134
0.9503780718336484
0.9508844180394275
0.9513907642452066
0.9521671617607346
0.9525722387253578
0.9529773156899811
0.9533823926546043
0.9540912773426952
0.9548339184445045
0.9554077774777208
0.955644072373751
0.9560829057520929
0.956420469889279
0.9570618417499325
0.957703213610586
0.9584120982986768
0.9589184445044558
0.9594247907102349
0.9598973805022954
0.9608425600864164
0.9614501755333513
0.9618552524979747
0.9625641371860654
0.9631379962192816
0.963543073183905
0.9641169322171212
0.9647583040777747
0.9652646502835539
0.9657372400756143
0.9663786119362678
0.9670537402106401
0.9676613556575749
0.9681001890359168
0.9687415608965704
0.9693491763435053
0.9698217661355658
0.9703956251687821
0.9709357277882797
0.9714758304077775
0.9722522279233055
0.9727248177153659
0.9733324331623009
0.9742438563327032
0.9747164461247637
0.9753578179854172
0.975897920604915
0.9763367539832568
0.9765730488792871
0.977180664326222
0.9776532541182825
0.9779908182554685
0.978632190116122
0.9789697542533081
0.9794761004590872
0.9799824466648663
0.9804550364569268
0.9808601134215501
0.9815689981096408
0.9820415879017014
0.9825479341074804
0.9829530110721038
0.9833243316230084
0.983864434242506
0.9843370240345666
0.9849446394815015
0.985248447204969
0.9858560626519038
0.9864299216851202
0.986868755063462
0.9873751012692411
0.9878476910613017
0.9884890629219552
0.9890291655414529
0.9895017553335134
0.9899405887118553
0.990480691331353
0.9909195247096948
0.9914933837429112
0.9919659735349716
0.9924385633270322
0.9928098838779368
0.9931136916014043
0.9935187685660275
0.9940251147718067
0.9942614096678369
0.9945652173913043
0.9948015122873346
0.9953753713205509
0.995712935457737
0.9962530380772346
0.9965568458007021
0.996995679179044
0.9973332433162301
0.997603294625979
0.997772076694572
0.9980421280043208
0.9984134485552255
0.9986497434512558
0.9988522819335673
0.999054820415879
0.9994598973805023
0.9995949230353767
0.9997637051039697
0.9999324871725628
0.9999662435862814
1.0
1.0
1.0
