0.0011477180664326223
0.0026667566837699163
0.003949500405076965
0.005367269781258439
0.006278692951660816
0.0077977315689981095
0.009485552254928437
0.010802052389954091
0.012017283283823926
0.013401296246286795
0.014413988657844991
0.015325411828247367
0.016135565757493923
0.01724952741020794
0.01832973264920335
0.019376181474480152
0.02076019443694302
0.021975425330812856
0.022954361328652445
0.024203348636240886
0.024979746151768838
0.02612746421820146
0.026971374561166623
0.02805157980016203
0.029638131244936538
0.030819605725087768
0.031899810964083175
0.033283823926546045
0.034532811234134486
0.035916824196597356
0.03672697812584391
0.037773426951120716
0.038651093707804486
0.039731298946799894
0.040879017013232516
0.04246556845800702
0.043714555765595464
0.04452470969484202
0.04604374831217931
0.04736024844720497
0.04800162030785849
0.049183094788009724
0.05056710775047259
0.05171482581690521
0.0532001080205239
0.05411153119092628
0.0552592492573589
0.05633945449635431
0.057892249527410206
0.058871185525249795
0.06082905752092898
0.06278692951660815
0.06474480151228733
0.06643262219821766
0.0681879557115852
0.06936943019173643
0.07044963543073184
0.07223872535781799
0.07355522549284364
0.0749054820415879
0.07612071293545773
0.07730218741560897
0.0790575209289765
0.0806103159600324
0.08236564947339994
0.08361463678098839
0.08520118822576289
0.086821496084256
0.08790170132325142
0.08904941938968404
0.09012962462867945
0.09114231704023765
0.09242506076154469
0.09367404806913314
0.09468674048069133
0.0960707534431542
0.09789359978395895
0.09924385633270322
0.1001890359168242
0.10170807453416149
0.10238320280853362
0.10366594652984067
0.1048811774237105
0.10663651093707804
0.1074804212800432
0.10818930596813395
0.10974210099918985
0.1105522549284364
0.11146367809883878
0.11321901161220632
0.11426546043748312
0.11561571698622738
0.11666216581150418
0.11767485822306238
0.11892384553065083
0.12007156359708344
0.12159060221442074
0.12283958952200918
0.12442614096678369
0.1260464488252768
0.1274979746151769
0.12891574399135836
0.12982716716176074
0.13121118012422361
0.1321901161220632
0.1332703213610586
0.13458682149608425
0.1358695652173913
0.13711855252497976
0.13867134755603563
0.14012287334593573
0.14133810423980556
0.14258709154739402
0.14376856602754523
0.14484877126654064
0.14579395085066163
0.14680664326221982
0.14795436132865245
0.14994598973805023
0.15112746421820145
0.15220766945719685
0.15372670807453417
0.15480691331352958
0.15662975965433432
0.15747366999729948
0.15855387523629488
0.15963408047529032
0.16054550364569267
0.16162570888468808
0.1627396705374021
0.1637186065352417
0.16466378611936267
0.1657102349446395
0.16665541452876045
0.16776937618147447
0.16905211990278152
0.17003105590062112
0.1710437483121793
0.17205644072373752
0.17323791520388873
0.17441938968403997
0.17533081285444235
0.1765798001620308
0.1777950310559006
0.17850391574399135
0.17988792870645423
0.18144072373751013
0.18343235214690792
0.18481636510937077
0.18623413448555226
0.18711180124223603
0.18832703213610585
0.1895085066162571
0.19041992978665948
0.1916689170942479
0.19291790440183634
0.1942681609505806
0.19571968674048068
0.19727248177153658
0.19872400756143668
0.1998042128004321
0.20058061031596003
0.20169457196867405
0.2024372130704834
0.203584931136916
0.20473264920334863
0.2060829057520929
0.20692681609505806
0.20804077774777208
0.2091547394004861
0.21016743181204428
0.21165271401566296
0.2126991628409398
0.2133405347015933
0.21431947069943288
0.21536591952470968
0.21668241965973534
0.2179314069673238
0.21921415068863084
0.22039562516878206
0.2211045098568728
0.22282608695652173
0.22377126654064272
0.2246489332973265
0.22606670267350798
0.2272481771536592
0.2283621388063732
0.22954361328652445
0.23079260059411288
0.23227788279773157
0.23366189576019444
0.23487712665406427
0.23588981906562248
0.23693626789089928
0.23798271671617607
0.23899540912773426
0.24007561436672967
0.24135835808803674
0.24237105049959493
0.2433499864974345
0.24409262759924386
0.24500405076964624
0.2463543073183905
0.2475020253848231
0.24885228193356737
0.25020253848231166
0.25182284634080476
0.25297056440723736
0.2542195517148258
0.25550229543613284
0.25654874426140967
0.25752768025924927
0.2588104239805563
0.2599243856332703
0.26100459087226574
0.26194977045638673
0.263468809073724
0.2648865784499055
0.2660005401026195
0.2669794761004591
0.267587091547394
0.2685997839589522
0.2695787199567918
0.2706589251957872
0.271536591952471
0.27244801512287337
0.2734269511207129
0.2747772076694572
0.27545233594382934
0.27639751552795033
0.2776802592492574
0.27903051579800164
0.28014447745071563
0.2812584391034296
0.28223737510126923
0.28328382392654605
0.2848028625438833
0.2862543883337834
0.28800972184715096
0.2893262219821766
0.2907439913583581
0.29219551714825814
0.2929044018363489
0.2938833378341885
0.2951998379692142
0.29668512017283283
0.29769781258439104
0.29931812044288414
0.30049959492303535
0.30171482581690523
0.30353767215771
0.30461787739670537
0.305934377531731
0.30664326221982174
0.3082298136645963
0.3091749932487173
0.31076154469349176
0.3118417499324872
0.31312449365379424
0.3141034296516338
0.31494733999459895
0.31616257088846883
0.31690521199027816
0.3176478530920875
0.3190993788819876
0.3205846610856063
0.3219349176343505
0.323183904941939
0.3243316230083716
0.3253780718336484
0.32612071293545775
0.3269983796921415
0.3281460977585741
0.3292938158250068
0.3302727518228463
0.3314542263029976
0.33233189305968136
0.3333108290575209
0.33435727788279773
0.33550499594923033
0.336821496084256
0.3378341884958142
0.338880637321091
0.33962327842290035
0.3404671887658655
0.3413786119362679
0.34222252227923305
0.34316770186335405
0.34407912503375643
0.3451593302727518
0.34630704833918446
0.3472522279233054
0.34843370240345667
0.34941263840129627
0.35049284364029165
0.3518093437753173
0.3526870105320011
0.3537334593572779
0.35474615176883606
0.35552254928436405
0.3568052930056711
0.35808803672697814
0.3591344855522549
0.3598771266540643
0.3610586011342155
0.3619700243046179
0.36332028085336215
0.36426546043748315
0.3653119092627599
0.36645962732919257
0.3674048069133135
0.3684174993248717
0.36953146097758577
0.37067917904401837
0.3718944099378882
0.373109640831758
0.3743248717256279
0.3754725897920605
0.3764852822036187
0.3776330002700513
0.37840939778557925
0.3795233594382933
0.38077234674588173
0.3817850391574399
0.3827302187415609
0.3838104239805563
0.3851944369430192
0.38617337294085874
0.3872535781798542
0.3879962192816635
0.389413988657845
0.39032541182824737
0.39127059141236836
0.39231704023764513
0.39332973264920335
0.3945787199567918
0.39545638671347555
0.3967728868485012
0.3981568998109641
0.3993046178773967
0.4003510667026735
0.4015325411828247
0.4022076694571969
0.4033553875236295
0.4043680799351877
0.40565082365649474
0.4064947339994599
0.4075074264110181
0.4086213880637321
0.4095665676478531
0.4106130164731299
0.4116932217121253
0.4128746961922765
0.414292465568458
0.41537267080745344
0.4162840939778558
0.41766810694031864
0.41861328652443963
0.4192546583850932
0.4203686200378072
0.4214825816905212
0.4225627869295166
0.4236092357547934
0.42482446664866325
0.42603969754253307
0.4272549284364029
0.4283351336753983
0.4296853902241426
0.4306305698082636
0.43160950580610313
0.4327572238725358
0.43356737780178234
0.434883877936808
0.4360315960032406
0.4370780448285174
0.4379894679989198
0.43873210910072913
0.43977855792600595
0.4410950580610316
0.44234404536862004
0.44349176343505264
0.4446057250877667
0.44592222522279235
0.44686740480691334
0.4478125843910343
0.4490953281123413
0.45010802052389953
0.45128949500405074
0.45213340534701596
0.45301107210369973
0.4540575209289765
0.45513772616797193
0.4561166621658115
0.45743316230083714
0.4587159060221442
0.4597961112611396
0.4606737780178234
0.4618552524979746
0.4630704833918444
0.4642519578719957
0.4654671887658655
0.4668174453146098
0.46793140696732377
0.4689778557926006
0.47005806103159603
0.4711045098568728
0.47191466378611935
0.47282608695652173
0.4739400486092358
0.4747164461247637
0.4758979206049149
0.47687685660275453
0.47812584391034296
0.4791385363219012
0.48001620307858495
0.48119767755873616
0.48231163921145015
0.483695652173913
0.484640831758034
0.48582230623818523
0.48663246016743184
0.4875101269241156
0.488590332163111
0.48970429381582503
0.49088576829597624
0.491932217121253
0.49301242236024845
0.49395760194436944
0.49517283283823926
0.4963880637321091
0.49723197407507425
0.4983121793140697
0.49969619227653256
0.5008776667566838
0.5018566027545234
0.5032068593032676
0.5042533081285444
0.5052997569538212
0.506683769916284
0.507460167431812
0.508405347015933
0.5092830137726168
0.5101269241155819
0.5112071293545773
0.5119497704563867
0.5128274372130704
0.5139751552795031
0.5150891169322172
0.5163381042398055
0.517418309478801
0.5180259249257358
0.5189035916824196
0.5199500405076964
0.5209964893329733
0.5221442073994059
0.5230893869835269
0.5240683229813664
0.5250810153929246
0.5263300027005131
0.5273089386983527
0.5283553875236295
0.5291992978665947
0.5297394004860924
0.5304482851741831
0.5311909262759924
0.5322711315149878
0.5335201188225763
0.534566567647853
0.5354779908182554
0.5365244396435322
0.5374358628139346
0.5388536321901162
0.5394950040507697
0.5401701323251418
0.5410477990818255
0.5420604914933838
0.5429719146637861
0.5444234404536862
0.5453686200378072
0.5465163381042398
0.5475627869295167
0.5485417229273561
0.5492843640291656
0.5503983256818795
0.5516810694031866
0.5527275182284634
0.5535714285714286
0.5545503645692682
0.5559006211180124
0.5565082365649473
0.5574871725627869
0.5587024034566568
0.5596138266270592
0.5605252497974615
0.5612341344855523
0.5623143397245477
0.5629894679989198
0.5635970834458547
0.5644747502025385
0.5652173913043478
0.5662975965433432
0.5673778017823387
0.5682217121253038
0.5691668917094248
0.5700783148798272
0.5709897380502296
0.5716986227383203
0.5729476100459088
0.5740953281123413
0.5750067512827437
0.5762557385903322
0.5777072643802322
0.5791250337564137
0.5807790980286255
0.5823318930596814
0.5835133675398325
0.5847285984337024
0.5857750472589792
0.5866189576019444
0.5878004320820956
0.5889143937348096
0.5895557655954632
0.5908722657304888
0.5918174453146098
0.592998919794761
0.5942141506886308
0.5955644072373751
0.5966783688900891
0.5975560356467728
0.5988387793680799
0.5995476640561707
0.6005603564677289
0.6014380232244126
0.6024169592222522
0.6034634080475291
0.604239805563057
0.605016203078585
0.6061639211450176
0.6071428571428571
0.6080880367269781
0.6092695112071294
0.6103497164461248
0.6114299216851202
0.6124426140966783
0.6133877936807993
0.6145692681609506
0.6157169862273832
0.61676343505266
0.6176411018093437
0.6185525249797461
0.6194639481501485
0.6205103969754253
0.6215230893869835
0.6224682689711045
0.6232109100729138
0.6242573588981907
0.6251012692411558
0.6258101539292465
0.6267890899270862
0.6276330002700513
0.6285781798541723
0.6297934107480422
0.6307385903321631
0.6316500135025654
0.6325276802592492
0.6333040777747773
0.6337091547394005
0.6341479881177424
0.6347556035646773
0.6361396165271401
0.6371523089386983
0.6378274372130704
0.6388738860383473
0.639751552795031
0.6405954631379962
0.64147312989468
0.6423507966513637
0.6430934377531731
0.6440048609235755
0.6452200918174453
0.6459627329192547
0.6470766945719687
0.6477855792600594
0.6490345665676479
0.6498109640831758
0.6507223872535782
0.6517350796651363
0.6524777207669458
0.6533553875236295
0.6543005671077504
0.65527950310559
0.6561909262759924
0.657169862273832
0.6577437213070484
0.6584188495814205
0.6591952470969484
0.6601404266810694
0.6612206319200649
0.6621995679179044
0.6630434782608695
0.6642587091547394
0.6651363759114232
0.6661153119092628
0.6668579530110721
0.6676681069403186
0.6685457736970024
0.6695584661085606
0.67030110721037
0.6710099918984607
0.6720564407237375
0.6729003510667027
0.6736092357547934
0.6744531460977585
0.6752633000270051
0.6760059411288145
0.6766810694031866
0.6776600054010262
0.6784364029165542
0.6795841209829868
0.6805968133945449
0.6813394544963544
0.6821158520118823
0.6830947880097219
0.6840399675938428
0.6849176343505265
0.6860991088306778
0.6868079935187685
0.6877531731028895
0.6885970834458547
0.6896097758574129
0.6907912503375642
0.6914663786119363
0.6922090197137456
0.6929854172292735
0.6935930326762085
0.6945044558466108
0.6952133405347016
0.6958547123953551
0.6966311099108831
0.6974750202538482
0.6982514177693762
0.6991290845260599
0.6999392384553065
0.7012894950040508
0.702302187415609
0.7032136105860114
0.7041587901701323
0.7047326492033487
0.705644072373751
0.7063867134755604
0.7075681879557116
0.7080745341614907
0.7088171752633
0.7095598163651093
0.7104374831217931
0.7111126113961652
0.7122265730488793
0.7135093167701864
0.7144207399405887
0.7152984066972725
0.7159735349716446
0.7170199837969214
0.7182352146907912
0.7194504455846611
0.720058061031596
0.7209019713745611
0.7215433432352147
0.7220159330272752
0.7226235484742101
0.723399945989738
0.7242100999189847
0.7249189846070754
0.7257966513637591
0.7268768566027545
0.7281596003240616
0.7291385363219012
0.730016203078585
0.7309276262489873
0.7318052930056711
0.7328854982446665
0.7338981906562246
0.7346745881717527
0.7354847421009992
0.736362408857683
0.7374088576829597
0.7383877936807993
0.7391641911963273
0.7401093707804483
0.7410545503645692
0.7418647042938158
0.742539832568188
0.7434850121523089
0.743991358358088
0.7448015122873346
0.7455779098028625
0.746658115041858
0.747603294625979
0.7485147177963813
0.7496286794490953
0.750506346205779
0.7517215770996489
0.7526667566837699
0.7536456926816095
0.7542533081285444
0.7549959492303537
0.756008641641912
0.7568187955711585
0.757628949500405
0.7583040777747773
0.7592155009451795
0.759958142046989
0.7605995139076425
0.7614771806643262
0.7624223602484472
0.7636038347285984
0.764582770726438
0.765527950310559
0.7663718606535241
0.7672495274102079
0.7681271941668917
0.769477450715636
0.7703213610586012
0.7711315149878477
0.7721442073994059
0.772650553605185
0.7735619767755874
0.7744733999459897
0.7752160410477991
0.7760937078044828
0.7772751822846341
0.7782203618687551
0.7791317850391575
0.7800432082095599
0.7805495544153389
0.7811234134485552
0.7817985417229274
0.7829125033756413
0.7837901701323251
0.7845328112341344
0.7852416959222253
0.7858155549554415
0.7865581960572509
0.7873008371590602
0.7883810423980556
0.7890561706724277
0.789798811774237
0.7906427221172023
0.7912840939778558
0.7923980556305698
0.7928706454226303
0.7939508506616257
0.7949972994869026
0.7958749662435863
0.7963813124493654
0.7972252227923305
0.7981704023764515
0.7991493383742911
0.8000945179584121
0.8007696462327842
0.8016135565757494
0.8024912233324332
0.8032676208479611
0.8039427491223332
0.8047191466378611
0.8053942749122334
0.8060356467728869
0.8069470699432892
0.8077234674588172
0.8084998649743451
0.8092425060761544
0.8099851471779638
0.8106940318660546
0.8116392114501755
0.8126181474480151
0.8133607885498245
0.8137658655144477
0.8144409937888198
0.8152511477180664
0.8160613016473129
0.8166351606805293
0.8172427761274642
0.8178841479881177
0.8185930326762085
0.8194031866054551
0.82001080205239
0.8207871995679179
0.8215973534971645
0.8221036997029436
0.8230151228733459
0.8239265460437483
0.8245341614906833
0.8250742641101809
0.825749392384553
0.8263232514177694
0.8269983796921415
0.8277410207939508
0.8283486362408857
0.8290575209289766
0.8299014312719417
0.8305428031325952
0.8312516878206859
0.8320618417499325
0.8326357007831487
0.8335808803672697
0.8343235214690792
0.8350324061571699
0.8355049959492303
0.8361126113961652
0.836652714015663
0.8376316500135026
0.8390831758034026
0.8400621118012422
0.8406359708344585
0.841884958142047
0.8426275992438563
0.8432689711045098
0.8437415608965704
0.8442479071023494
0.8450918174453146
0.8458007021334053
0.8464758304077775
0.8473534971644613
0.8483324331623009
0.8489400486092358
0.849513907642452
0.8501215230893869
0.8509654334323521
0.8519106130164731
0.8525182284634081
0.8531933567377802
0.8536997029435592
0.8543410748042128
0.8552862543883338
0.8560626519038618
0.8568390494193897
0.8580542803132595
0.858864434242506
0.8591682419659735
0.8596408317580341
0.8602146907912503
0.8611261139616527
0.8622063192006482
0.8628476910613017
0.8638266270591413
0.864704293815825
0.8656832298136646
0.8662908452605995
0.8670334863624088
0.867708614636781
0.8683837429111532
0.8689238455306508
0.8697002430461788
0.8705103969754253
0.8713543073183905
0.8721307048339184
0.872940858763165
0.8735147177963813
0.8742911153119093
0.8752025384823117
0.8756751282743721
0.8764177693761814
0.8772954361328652
0.8782406157169862
0.8789495004050769
0.8796921415068863
0.8804010261949771
0.8809411288144747
0.8814812314339725
0.8823588981906563
0.8828314879827167
0.8833040777747773
0.884012962462868
0.8849243856332704
0.8853632190116122
0.8859708344585471
0.8866797191466379
0.8877261679719146
0.8887388603834728
0.8897177963813124
0.890190386173373
0.8911018093437754
0.8915068863083986
0.8920132325141777
0.8927221172022685
0.8932284634080475
0.8937348096138267
0.8941398865784499
0.8947812584391034
0.895422630299757
0.8961652714015663
0.8967728868485012
0.8976167971914664
0.8984269511207129
0.8989332973264921
0.8997434512557386
0.900486092357548
0.9010261949770456
0.9014312719416689
0.9022751822846341
0.9031190926275993
0.90382797731569
0.9045706184174993
0.90527950310559
0.905887118552525
0.9067647853092088
0.9075074264110181
0.9080812854442344
0.9087901701323251
0.9091614906832298
0.9094315419929787
0.9101404266810694
0.9107480421280043
0.911119362678909
0.9117944909532811
0.9121995679179044
0.9128746961922766
0.9135835808803673
0.9144274912233324
0.9149338374291115
0.9156089657034837
0.916351606805293
0.9168241965973535
0.9173642992168513
0.918073183904942
0.9185120172832838
0.9190858763165002
0.9197272481771537
0.92030110721037
0.9210775047258979
0.9217188765865515
0.9224277612746422
0.9229678638941399
0.9235079665136376
0.9240480691331353
0.9246556845800702
0.9250607615446935
0.9256683769916284
0.9263772616797191
0.9268160950580611
0.9273224412638401
0.927930056710775
0.9283351336753983
0.9288077234674588
0.9295841209829868
0.9303267620847961
0.9307993518768566
0.9317782878746962
0.9325884418039427
0.9330610315960033
0.933601134215501
0.9341749932487172
0.9346813394544964
0.9352889549014313
0.935997839589522
0.9370442884147988
0.9379894679989198
0.9386308398595733
0.939002160410478
0.9393734809613826
0.9399810964083176
0.9405211990278153
0.94089251957872
0.9416689170942479
0.9421077504725898
0.9425128274372131
0.9429179044018363
0.9437618147448015
0.9444031866054551
0.9449095328112341
0.9454158790170132
0.9458884688090737
0.9467323791520389
0.9472724817715366
0.9479476100459088
0.9486902511477181
0.9495004050769646
0.9501417769376181
0.9504455846610856
0.9509856872805833
0.9517283283823926
0.952302187415609
0.9527747772076695
0.953416149068323
0.9538549824466649
0.954530110721037
0.9552727518228463
0.9559141236834998
0.956589251957872
0.9572643802322441
0.9579732649203349
0.958648393194707
0.9592897650553606
0.9598636240885768
0.9603362138806373
0.9609775857412909
0.9615514447745072
0.9621253038077234
0.9627329192546584
0.9634080475290305
0.964488252768026
0.9650621118012422
0.9657034836618957
0.9661760734539563
0.9666149068322981
0.9670199837969214
0.9675263300027005
0.9678638941398866
0.9686065352416959
0.9690791250337564
0.9693491763435053
0.9697542533081286
0.9701255738590332
0.9712395355117472
0.9720159330272752
0.9725560356467728
0.9732986767485823
0.9738050229543613
0.9742776127464218
0.9748177153659195
0.975459087226573
0.9760667026735079
0.9766068052930057
0.9773156899810964
0.9777207669457196
0.9780583310829057
0.9783958952200918
0.9790372670807453
0.9794423440453687
0.9799486902511477
0.9806575749392384
0.9812989467998919
0.9818390494193897
0.9821091007291385
0.9827504725897921
0.9831555495544153
0.9835943829327572
0.983864434242506
0.9842695112071294
0.9847083445854712
0.9854847421009992
0.9858560626519038
0.9862948960302458
0.9865987037537132
0.9871050499594923
0.9877464218201458
0.9883540372670807
0.9888941398865785
0.9892654604374831
0.9896705374021064
0.9901093707804483
0.9909195247096948
0.9914596273291926
0.9918647042938158
0.9924385633270322
0.9927761274642182
0.9929786659465298
0.9934174993248718
0.9938563327032136
0.9941938968403997
0.9948015122873346
0.9952403456656764
0.9958479611126114
0.9961180124223602
0.9965568458007021
0.9969281663516069
0.9971982176613556
0.9975695382122604
0.9978395895220091
0.9981433972454766
0.9984809613826627
0.998886038347286
0.9991898460707535
0.9996624358628139
0.9998649743451256
0.9999662435862814
1.0
1.0
1.0
