0.0013502565487442614
0.0028692951660815556
0.004590872265730489
0.006244936537942209
0.007561436672967864
0.008540372670807454
0.00975560356467729
0.010667026735079665
0.011916014042668108
0.013029975695382123
0.013975155279503106
0.01539292465568458
0.01674318120442884
0.018127194166891708
0.01988252768025925
0.02123278422900351
0.021975425330812856
0.023325681879557116
0.024844720496894408
0.02619497704563867
0.027443964353227112
0.02865919524709695
0.0304820415879017
0.032001080205238994
0.03294625978935998
0.034026465028355386
0.035646772886848505
0.0366594652984067
0.0371658115041858
0.038246016743181205
0.03915743991358358
0.04013637591142317
0.04091277342695112
0.04202673507966514
0.04263435052660006
0.043478260869565216
0.044490953281123416
0.0459762354847421
0.04665136375911423
0.048204158790170135
0.049183094788009724
0.05039832568187956
0.05137726167971915
0.05252497974615177
0.05387523629489603
0.0552592492573589
0.05586686470429381
0.05698082635700783
0.057824736699973
0.058904941938968405
0.06005266000540103
0.0609303267620848
0.06190926275992439
0.06339454496354308
0.06437348096138266
0.06555495544153389
0.06737780178233864
0.06913313529570618
0.07017958412098299
0.0712597893599784
0.0723062381852552
0.07369025114771807
0.07466918714555766
0.07598568728058332
0.07689711045098568
0.0779435592762625
0.07912503375641372
0.0800364569268161
0.08111666216581151
0.08226438023224412
0.08361463678098839
0.08462732919254658
0.0857412908452606
0.08756413718606536
0.08894815014852822
0.09012962462867945
0.09104104779908183
0.09232379152038887
0.09320145827707264
0.09421415068863084
0.09526059951390764
0.09671212530380772
0.09789359978395895
0.0992100999189846
0.1001890359168242
0.10130299756953821
0.10268701053200108
0.10427356197677559
0.10525249797461518
0.10788549824466649
0.10910072913853633
0.1100459087226573
0.11126113961652714
0.11224007561436673
0.11348906292195517
0.11483931947069943
0.11568322981366459
0.11635835808803673
0.11737105049959493
0.11821496084256009
0.11916014042668106
0.12027410207939508
0.1213880637321091
0.12223197407507426
0.12378476910613016
0.12462867944909532
0.12554010261949772
0.12692411558196057
0.12783553875236295
0.1296246286794491
0.13144747502025383
0.13296651363759115
0.1343167701863354
0.13553200108020524
0.13664596273291926
0.13752362948960303
0.1384012962462868
0.1395490143127194
0.1404941938968404
0.14116932217121253
0.14268836078854982
0.14373480961382662
0.1451188225762895
0.14643532271131515
0.14754928436402917
0.14859573318930597
0.1492371050499595
0.15051984877126653
0.1518363489062922
0.15308533621388062
0.15430056710775047
0.15531325951930866
0.1564609775857413
0.15787874696192278
0.15936402916554146
0.16041047799081826
0.16192951660815555
0.16290845260599515
0.16398865784499056
0.16503510667026736
0.16608155549554415
0.16753308128544422
0.16915338914393735
0.17070618417499325
0.17175263300027005
0.17290035106670268
0.1744869025114772
0.17597218471509588
0.17759249257358897
0.1787739670537402
0.18002295436132865
0.1813394544963543
0.18248717256278693
0.18356737780178234
0.18481636510937077
0.18670672427761276
0.1880232244126384
0.18957601944369432
0.19075749392384553
0.19200648123143396
0.19416689170942478
0.19585471239535512
0.19727248177153658
0.1988590332163111
0.19997299486902512
0.20105320010802052
0.20230218741560896
0.20375371320550906
0.20473264920334863
0.20594788009721848
0.20729813664596272
0.20898595733189307
0.2106737780178234
0.2122940858763165
0.21320550904671887
0.2139143937348096
0.21499459897380502
0.215939778557926
0.21739130434782608
0.21843775317310288
0.2195854712395355
0.22086821496084255
0.2221509586821496
0.22326492033486361
0.22427761274642183
0.2257628949500405
0.2272481771536592
0.22863219011612207
0.22964488252768026
0.2309613826627059
0.23224412638401296
0.23315554955441534
0.2340332163110991
0.23443829327572238
0.23524844720496896
0.2360586011342155
0.2371050499594923
0.23848906292195518
0.24054820415879016
0.24193221712125304
0.24301242236024845
0.24449770456386713
0.24554415338914393
0.2469281663516068
0.24804212800432082
0.2494261409667837
0.25084391034296516
0.2515190386173373
0.2523629489603025
0.25317310288954903
0.2540507696462328
0.25486092357547935
0.25604239805563056
0.2572576289495004
0.25789900081015393
0.25914798811774237
0.2599918984607075
0.2611058601134216
0.26235484742101
0.26333378341884955
0.2644815014852822
0.26576424520658926
0.2670807453416149
0.2679921685120173
0.2691736429921685
0.27001755333513366
0.2707939508506616
0.2720091817445315
0.2733931947069943
0.2743721307048339
0.2757561436672968
0.2770388873886038
0.27852416959222254
0.27967188765865514
0.28092087496624357
0.2820348366189576
0.28301377261679717
0.28483661895760193
0.2860518498514718
0.28726708074534163
0.2887861193626789
0.28996759384283016
0.2909802862543883
0.2921617607345396
0.29317445314609775
0.2944909532811234
0.29557115852011884
0.2966513637591142
0.29786659465298404
0.29891304347826086
0.3001282743721307
0.301647312989468
0.3027275182284634
0.303706454226303
0.3051242236024845
0.3062719416689171
0.3075209289765055
0.308938698352687
0.31001890359168244
0.3107953011072104
0.31190926275992437
0.31322576289495
0.31471104509856873
0.316230083715906
0.3174453146097759
0.31845800702133403
0.32001080205238996
0.32109100729138534
0.3218336483931947
0.32301512287334594
0.3239265460437483
0.3249054820415879
0.3257831487982717
0.32672832838239263
0.32777477720766945
0.32878746961922767
0.3300027005130975
0.3312179314069673
0.33233189305968136
0.33344585471239535
0.3346610856062652
0.33533621388063733
0.3369227653254118
0.3383742911153119
0.3397583040777748
0.3408722657304888
0.3423575479341075
0.3434377531731029
0.3446867404806913
0.34596948420199836
0.34698217661355657
0.3482649203348636
0.34948015122873344
0.3506953821226033
0.3515392924655685
0.35258574129084524
0.35407102349446395
0.35518498514717795
0.35596138266270594
0.35710910072913854
0.3583918444504456
0.35923575479341074
0.360586011342155
0.36136240885768295
0.3624088576829598
0.3632190116122063
0.36426546043748315
0.36497434512557386
0.3659870375371321
0.3666959222252228
0.3682149608425601
0.3692951660815555
0.37084796111261137
0.37202943559276264
0.3728395895220092
0.3738185255198488
0.37516878206859305
0.3764852822036187
0.3781055900621118
0.3792195517148258
0.3802660005401026
0.38127869295166084
0.3822576289495004
0.38354037267080743
0.3849581420469889
0.38576829597623546
0.38715230893869834
0.38857007831487983
0.38978530920874965
0.39079800162030787
0.3920132325141777
0.3931609505806103
0.39437618147448017
0.39545638671347555
0.39643532271131515
0.39751552795031053
0.398933297326492
0.40051984877126656
0.40156629759654333
0.40278152849041315
0.40406427221172025
0.4050094517958412
0.406055900621118
0.407001080205239
0.4081825546853902
0.40895895220091816
0.40970159330272754
0.4104779908182555
0.4109843370240346
0.41230083715906024
0.4132122603294626
0.41395490143127195
0.4152714015662976
0.4168917094247907
0.41824196597353497
0.4193221712125304
0.42033486362408856
0.4213813124493654
0.4225627869295166
0.4235079665136376
0.42438563327032136
0.42536456926816096
0.42630974885228196
0.42749122333243317
0.42863894139886577
0.429651633810424
0.43052930056710775
0.43144072373751013
0.43265595463137996
0.43380367269781256
0.43478260869565216
0.43576154469349176
0.4369767755873616
0.4377531731028895
0.4384283013772617
0.43930596813394546
0.44048744261409667
0.4415001350256549
0.4426478530920875
0.44355927626248987
0.4443694301917364
0.44541587901701324
0.44642857142857145
0.4474412638401296
0.4484201998379692
0.44970294355927626
0.4509181744531461
0.4519308668647043
0.4529435592762625
0.45426005941128816
0.4554415338914394
0.456589251957872
0.45780448285174186
0.4586821496084256
0.45945854712395356
0.4602349446394815
0.4612476370510397
0.46242911153119093
0.4635093167701863
0.4644544963543073
0.4653659195247097
0.4663110991088307
0.4673913043478261
0.4682689711045099
0.46914663786119365
0.4703618687550635
0.47140831758034024
0.4726235484742101
0.4735349716446125
0.47478395895220094
0.47599918984607076
0.4773156899810964
0.47853092087496624
0.47940858763165
0.4801174723197407
0.4807926005941129
0.4818390494193897
0.4829192546583851
0.4841344855522549
0.48545098568728057
0.48663246016743184
0.48754388333783416
0.4886916014042668
0.48987307588441803
0.4907507426411018
0.49156089657034835
0.49253983256818795
0.4934174993248717
0.49443019173642994
0.49557790980286254
0.49659060221442075
0.49753578179854174
0.49871725627869296
0.4994936537942209
0.5005401026194977
0.5016878206859303
0.5025654874426141
0.5035106670267351
0.5046583850931677
0.505671077504726
0.5067512827437213
0.507628949500405
0.5085403726708074
0.5099243856332704
0.5112071293545773
0.5123886038347286
0.5130299756953821
0.5139413988657845
0.5151228733459358
0.5162030785849311
0.5174520658925196
0.5184985147177964
0.5196124763705104
0.5206589251957872
0.5214015662975966
0.5224480151228733
0.523764515257899
0.5251147718066432
0.5262624898730759
0.5271401566297597
0.5279840669727248
0.528996759384283
0.5299081825546854
0.530718336483932
0.5319335673778017
0.5328449905482041
0.5338576829597623
0.5344315419929787
0.5351404266810694
0.5362543883337835
0.5371320550904672
0.5382122603294626
0.539123683499865
0.5399338374291115
0.5406427221172023
0.5416554145287604
0.5425330812854442
0.543241965973535
0.5442209019713745
0.5448960302457467
0.5459762354847421
0.5470226843100189
0.5481366459627329
0.5488792870645423
0.5502970564407237
0.5512759924385633
0.5522886848501215
0.5537402106400217
0.5551917364299217
0.5561031596003241
0.5578584931136916
0.5586348906292196
0.5598163651093708
0.5608965703483662
0.5619767755873616
0.563056980826357
0.5640359168241966
0.5650148528220362
0.5657912503375642
0.566837699162841
0.5679179044018363
0.5686943019173643
0.5698757763975155
0.5707871995679179
0.57146232784229
0.5723062381852552
0.573352687010532
0.5740278152849041
0.5750742641101809
0.5764245206589252
0.5772684310018904
0.5780448285174183
0.5789562516878207
0.5798001620307859
0.580981636510937
0.5819943289224953
0.5832095598163651
0.5841209829867675
0.585201188225763
0.586213880637321
0.586821496084256
0.5875641371860654
0.5885093167701864
0.5893869835268701
0.5900621118012422
0.590939778557926
0.591716176073454
0.5927626248987308
0.593944099378882
0.5947880097218472
0.5954293815825007
0.5961382662705914
0.5971847150958682
0.597893599783959
0.5987037537132055
0.5998514717796382
0.6009316770186336
0.6016068052930057
0.6025519848771267
0.6034634080475291
0.604239805563057
0.6055563056980826
0.6073791520388874
0.6090332163110991
0.6099783958952201
0.6107885498244666
0.6115987037537132
0.6129827167161761
0.6137928706454227
0.6146367809883878
0.6152443964353227
0.6162908452605995
0.6171009991898461
0.617877396705374
0.6185525249797461
0.6193964353227113
0.6201390764245207
0.62088171752633
0.6219281663516069
0.6228733459357277
0.6239197947610046
0.6247299486902511
0.6257088846880907
0.6264852822036187
0.6277680259249258
0.6286456926816095
0.6297934107480422
0.6307385903321631
0.6317175263300027
0.632628949500405
0.6338104239805563
0.6344855522549284
0.6357007831487983
0.6362746421820146
0.6372873345935728
0.6380637321091007
0.6390089116932217
0.6401228733459358
0.6412368349986497
0.6427558736159871
0.6440723737510127
0.6449162840939778
0.6460640021604105
0.6471104509856873
0.6483594382932757
0.6491358358088036
0.6498784769106131
0.6507223872535782
0.6514312719416689
0.6521739130434783
0.653051579800162
0.6536929516608155
0.6548744261409668
0.6558533621388064
0.6568660545503646
0.6575074264110181
0.6585201188225763
0.6594652984066973
0.6606130164731299
0.6616257088846881
0.6626046448825277
0.6634485552254928
0.6644274912233324
0.6650013502565487
0.6659127734269511
0.6669929786659465
0.6681744531460978
0.6690521199027816
0.6701323251417769
0.6712125303807723
0.6719551714825817
0.6727653254118282
0.6739130434782609
0.6749932487172563
0.6758709154739401
0.6766135565757494
0.6773899540912773
0.6780313259519308
0.6786389413988658
0.6794153389143938
0.6800567107750473
0.6809006211180124
0.6822508776667567
0.6831285444234405
0.6840062111801242
0.6845800702133406
0.6854577369700243
0.6864029165541453
0.6870780448285174
0.6880232244126384
0.6892046988927897
0.6900823656494735
0.6910950580610316
0.6920064812314339
0.693120442884148
0.6939305968133945
0.6947407507426411
0.6955846610856062
0.6965635970834458
0.6976438023224413
0.6985889819065623
0.6995679179044019
0.7006481231433972
0.701525789900081
0.7026059951390764
0.7033148798271671
0.7042600594112881
0.7050027005130974
0.7058466108560627
0.7064542263029976
0.7075006751282744
0.7084120982986768
0.7092897650553606
0.7104712395355117
0.7115852011882258
0.7123615987037537
0.7132730218741561
0.7145220091817446
0.7158047529030516
0.7166486632460167
0.717830137726168
0.7185727788279773
0.7193491763435053
0.720226843100189
0.7209694842019984
0.7217121253038077
0.7222859843370241
0.7227923305428031
0.7235687280583311
0.7243113691601404
0.7252565487442614
0.726404266810694
0.7272819335673778
0.7281596003240616
0.728632190116122
0.7295436132865244
0.7308938698352687
0.7315689981096408
0.7321766135565757
0.7327504725897921
0.7336281393464759
0.7344045368620038
0.7351134215500945
0.73619362678909
0.7370037807183365
0.7377464218201458
0.7383202808533621
0.7391979476100459
0.7399068322981367
0.740987037537132
0.741594652984067
0.7421685120172833
0.7431136916014043
0.7440251147718067
0.7446327302187415
0.7453753713205509
0.7461517688360788
0.7467593842830138
0.7473669997299487
0.748109640831758
0.7488185255198487
0.7496961922765325
0.7503713205509047
0.7512827437213071
0.7520253848231164
0.7527005130974885
0.7535444234404537
0.7542195517148258
0.7547934107480422
0.7555698082635701
0.756177423710505
0.757122603294626
0.7581690521199028
0.7596205779098029
0.7605657574939239
0.7615109370780448
0.7623886038347286
0.7635363219011613
0.7644477450715635
0.7656292195517148
0.7667431812044289
0.7678571428571429
0.7688360788549824
0.7695112071293546
0.770422630299757
0.7715028355387523
0.7721779638131245
0.7729881177423711
0.7736632460167432
0.7743721307048339
0.7751485282203618
0.7759249257358898
0.776600054010262
0.7775114771806644
0.7784229003510666
0.779334323521469
0.7801782338644342
0.7809208749662436
0.7813934647583041
0.782169862273832
0.7834863624088577
0.7842627599243857
0.7852416959222253
0.7861531190926276
0.7868620037807184
0.7877396705374021
0.7885835808803673
0.7893262219821766
0.7901026194977046
0.7910815554955442
0.7921617607345396
0.7928706454226303
0.7935120172832838
0.7944909532811234
0.7952335943829327
0.7960437483121793
0.7967188765865515
0.7975627869295167
0.798305428031326
0.7993518768566028
0.8000607615446935
0.8007358898190656
0.8014110180934377
0.8022549284364029
0.8029975695382122
0.803875236294896
0.8047191466378611
0.8055968133945449
0.806373210910073
0.8071496084256009
0.8077572238725358
0.8087361598703754
0.8095800702133406
0.8101876856602754
0.8108628139346475
0.8116729678638941
0.8126519038617337
0.8134958142046989
0.8143734809613826
0.814947339994599
0.8155887118552525
0.8161963273021874
0.816837699162841
0.81734404536862
0.8180866864704294
0.8194031866054551
0.820517148258169
0.8216986227383203
0.8223737510126924
0.8231163921145017
0.8239265460437483
0.824804212800432
0.8255468539022415
0.826525789900081
0.8274372130704833
0.8281798541722928
0.8287199567917904
0.8293950850661626
0.8301039697542533
0.8311166621658115
0.8321631109910883
0.8329395085066162
0.8339184445044558
0.8346610856062652
0.8355387523629489
0.8360788549824467
0.8368890089116933
0.8378341884958143
0.8385093167701864
0.839049419389684
0.8398595733189306
0.8403659195247097
0.8408722657304888
0.8412435862813935
0.8418174453146098
0.842391304347826
0.8429314069673238
0.8438090737240076
0.8445179584120983
0.8452605995139076
0.8461045098568728
0.8467121253038077
0.8473197407507427
0.8480961382662706
0.8485349716446124
0.8491088306778288
0.8498514717796382
0.8504928436402917
0.8515055360518499
0.8525182284634081
0.8535984337024034
0.8546111261139616
0.855184985147178
0.8558263570078315
0.8566027545233594
0.8573791520388874
0.8584256008641642
0.8590332163110991
0.8597758574129084
0.8605522549284365
0.8612273832028086
0.861868755063462
0.8631852551984878
0.8636578449905482
0.8643667296786389
0.8650756143667296
0.8657507426411019
0.8663583580880367
0.8672697812584391
0.8680124223602484
0.8686537942209019
0.8694301917364299
0.8700040507696463
0.8710504995949231
0.8718606535241696
0.872603294625979
0.8733121793140697
0.8742573588981907
0.8752700513097489
0.8760126924115582
0.876890359168242
0.8777342695112071
0.878173102889549
0.8789157439913584
0.8795571158520119
0.8803672697812585
0.8812449365379422
0.881683769916284
0.8823588981906563
0.883067782878747
0.8837766675668377
0.8844855522549284
0.8851269241155819
0.8856670267350797
0.8862746421820146
0.8870172832838239
0.8876248987307589
0.8882325141776938
0.8888738860383473
0.8895152578990008
0.8898190656224683
0.8905954631379962
0.8909667836889009
0.8916081555495544
0.8923170402376451
0.8928908992708615
0.8935997839589522
0.8943424250607616
0.8953213610586012
0.8960640021604105
0.8969416689170943
0.8977180664326222
0.8981906562246826
0.8987307588441804
0.8991358358088036
0.8997434512557386
0.9007561436672968
0.9017350796651363
0.9024439643532272
0.9032541182824737
0.9039630029705644
0.9044355927626249
0.9048744261409668
0.9051782338644342
0.9056845800702134
0.9063597083445855
0.9069673237915203
0.907777477720767
0.9086889008911693
0.9091614906832298
0.9098028625438833
0.9104104779908182
0.9112543883337835
0.9119970294355928
0.9125371320550905
0.9131447475020253
0.9140224142587091
0.914798811774237
0.9155414528760465
0.9161828247367
0.9166216581150418
0.917465568458007
0.9181069403186606
0.9188833378341885
0.9194909532811234
0.9202335943829327
0.9208074534161491
0.9218201458277072
0.9222927356197678
0.9227990818255468
0.9234404536862004
0.9239467998919795
0.9244193896840399
0.9250270051309749
0.9254658385093167
0.9261747231974075
0.9267485822306238
0.9272549284364029
0.928098838779368
0.9285039157439914
0.9289089927086146
0.9295841209829868
0.9301579800162031
0.9307993518768566
0.9312719416689171
0.9321833648393195
0.9328584931136916
0.9336686470429382
0.9343775317310289
0.9351539292465568
0.935660275452336
0.9363016473129895
0.9367067242776127
0.9373480961382663
0.9381244936537942
0.9387321091007291
0.9394747502025385
0.940284904131785
0.9411288144747502
0.941837699162841
0.9421415068863084
0.9426478530920875
0.9432217121253038
0.9441331352957062
0.9448420199837969
0.9454833918444504
0.9459222252227923
0.9466311099108831
0.9473399945989738
0.9481839049419389
0.9489265460437483
0.9496354307318391
0.9500067512827437
0.9505806103159601
0.9511544693491764
0.951694571968674
0.9522009181744532
0.952470969484202
0.9531460977585742
0.9541587901701323
0.9546313799621928
0.9553740210640022
0.9559478800972184
0.956420469889279
0.9568255468539022
0.9573318930596814
0.9578382392654604
0.9584796111261139
0.9592222522279233
0.9596948420199838
0.9604712395355117
0.9612476370510397
0.9617202268431002
0.9622940858763165
0.9628004320820956
0.9632392654604375
0.9636105860113422
0.9641506886308399
0.9648595733189306
0.9652984066972725
0.9658722657304888
0.9666486632460167
0.9671550094517959
0.9677288684850122
0.9682689711045098
0.9686402916554145
0.969112881447475
0.9693491763435053
0.9698892789630029
0.9703956251687821
0.9712057790980286
0.9717796381312449
0.9722184715095868
0.9727923305428031
0.9732986767485823
0.9735687280583311
0.9740413178503916
0.9744801512287334
0.9751890359168242
0.9756616257088847
0.9764380232244126
0.9768431001890359
0.977180664326222
0.9776870105320011
0.9780920874966244
0.9784971644612477
0.9791722927356198
0.9797461517688361
0.9803200108020524
0.9807926005941129
0.9812314339724547
0.9819403186605455
0.9824466648663246
0.9829867674858223
0.9834931136916014
0.9838306778287874
0.9841682419659735
0.984472049689441
0.9851134215500945
0.985586011342155
0.9858898190656225
0.9862611396165272
0.9867337294085876
0.9872400756143668
0.9877464218201458
0.9884553065082365
0.9890629219551715
0.9895692681609506
0.9901768836078855
0.9905819605725088
0.9910207939508506
0.9914596273291926
0.9917971914663786
0.9922360248447205
0.9928098838779368
0.9931812044288415
0.9937550634620578
0.9940251147718067
0.9944301917364299
0.9947339994598974
0.9951728328382393
0.9955779098028625
0.996219281663516
0.9965230893869835
0.9968944099378882
0.9974007561436673
0.9978058331082906
0.9980421280043208
0.9985484742101
0.9987510126924115
0.9989873075884418
0.9992236024844721
0.9994261409667837
0.9995949230353767
0.999831217931407
0.9998987307588442
0.9999662435862814
1.0
