0.001080205238995409
0.0025992438563327033
0.004320820955981636
0.0053335133675398326
0.006616257088846881
0.007527680259249258
0.008945449635430732
0.00992438563327032
0.011072103699702943
0.012321091007291386
0.013468809073724008
0.014549014312719417
0.01596678368890089
0.017317040237645152
0.01832973264920335
0.019713745611666215
0.02035511747231974
0.021975425330812856
0.023258169052119904
0.024102079395085067
0.025452335943829327
0.026735079665136375
0.02778152849041318
0.028996759384283012
0.030144477450715634
0.03125843910342965
0.03267620847961113
0.03341884958142047
0.0346003240615717
0.03530920874966244
0.03635565757493924
0.03743586281393465
0.03878611936267891
0.03956251687820686
0.04128409397785579
0.04256683769916284
0.04384958142046989
0.044862273832028086
0.04651633810423981
0.04793410748042128
0.048946799891979476
0.050060761544693494
0.05157980016203079
0.05360518498514718
0.05465163381042398
0.055765595463137994
0.05644072373751013
0.05779098028625439
0.05866864704293816
0.05958007021334053
0.060255198487712665
0.06136916014042668
0.06241560896570349
0.06390089116932217
0.0650486092357548
0.06636510937078045
0.06768160950580611
0.06936943019173643
0.07007831487982717
0.07129354577369701
0.07213745611666217
0.0733189305968134
0.07416284093977855
0.07547934107480421
0.07672832838239266
0.07787604644882527
0.07926005941128815
0.0806103159600324
0.08185930326762085
0.08398595733189305
0.08557250877666757
0.08688900891169322
0.08807048339184445
0.08915068863083986
0.09002835538752363
0.09093977855792601
0.09201998379692142
0.09313394544963544
0.09391034296516339
0.09472049689440994
0.09603699702943559
0.09715095868214961
0.09843370240345665
0.10032406157169863
0.10133675398325682
0.10305833108290575
0.10437483121793141
0.10548879287064543
0.10646772886848502
0.10775047258979206
0.10906697272481772
0.1100459087226573
0.11142992168512017
0.11244261409667837
0.11379287064542264
0.11500810153929246
0.11598703753713205
0.11676343505266
0.11797866594652984
0.1198352687010532
0.12081420469889279
0.12152308938698353
0.12260329462597894
0.12375101269241155
0.12530380772346747
0.1266540642722117
0.12780178233864434
0.1291520388873886
0.130232244126384
0.1321901161220632
0.13360788549824468
0.13465433432352147
0.13573453956251688
0.1364771806643262
0.13779368079935186
0.1388738860383473
0.13985282203618687
0.1410005401026195
0.14231704023764516
0.14336348906292196
0.1440386173372941
0.1451525789900081
0.1460640021604105
0.14734674588171753
0.1487982716716176
0.15004725897920604
0.1513300027005131
0.15227518228463408
0.15382797731568998
0.15514447745071563
0.1559883877936808
0.1575074264110181
0.15868890089116933
0.16020793950850662
0.16152443964353227
0.16294220901971374
0.16435997839589522
0.16554145287604644
0.1668241965973535
0.16827572238725358
0.16905211990278152
0.17040237645152578
0.17161760734539563
0.17269781258439104
0.17387928706454225
0.1750607615446935
0.17637726167971915
0.17806508236564947
0.1793140696732379
0.1807318390494194
0.18201458277072644
0.18312854442344045
0.1844450445584661
0.18707804482851742
0.18866459627329193
0.19025114771806642
0.19136510937078044
0.19298541722927356
0.194234404536862
0.19548339184445043
0.19659735349716445
0.19794761004590872
0.19902781528490412
0.1998379692141507
0.20071563597083447
0.20166081555495544
0.20260599513907643
0.20419254658385094
0.2056103159600324
0.2065554955441534
0.20790575209289766
0.20898595733189307
0.21003240615716987
0.21168647042938157
0.21411693221712125
0.2153996759384283
0.2164798811774237
0.21759384283013772
0.21860653524169593
0.2195517148258169
0.2204968944099379
0.2216108560626519
0.22282608695652173
0.2236362408857683
0.2247164461247637
0.22610045908722656
0.22704563867134755
0.2283621388063732
0.22950985687280584
0.23065757493923847
0.23173778017823388
0.2329192546583851
0.23430326762084797
0.2355184985147178
0.23632865244396437
0.23740885768295977
0.23838779368079935
0.23946799891979476
0.24061571698622738
0.24142587091547393
0.24270861463678098
0.24389008911693222
0.24497029435592763
0.2464218201458277
0.24729948690251147
0.24861598703753712
0.24956116662165811
0.2504725897920605
0.2520928976505536
0.2537469619227653
0.2547596543343235
0.25583985957331895
0.2573926546043748
0.2585066162570889
0.2594855522549284
0.26076829597623546
0.2617809883877937
0.2629624628679449
0.2637051039697543
0.26461652714015665
0.2655954631379962
0.26677693761814747
0.2680596813394545
0.26998379692141505
0.2717391304347826
0.27288684850121525
0.2738320280853362
0.274878476910613
0.27595868214960845
0.2772076694571969
0.27808533621388065
0.2793680799351877
0.28038077234674585
0.2819673237915204
0.28348636240885766
0.2845665676478531
0.2856130164731299
0.2867269781258439
0.28797596543343235
0.28895490143127195
0.29003510667026733
0.2912840939778558
0.29276937618147447
0.2942546583850932
0.2951998379692142
0.29567242776127467
0.2964825816905212
0.2974952741020794
0.29840669727248176
0.2994869025114772
0.30080340264650285
0.3020861463678099
0.3033013772616797
0.30451660815554954
0.3054280313259519
0.3068120442884148
0.30816230083715906
0.30968133945449633
0.310829057520929
0.311943019173643
0.31332703213610585
0.31450850661625707
0.31538617337294084
0.31643262219821766
0.317951660815555
0.31879557115852014
0.32044963543073185
0.3217998919794761
0.32352146907912505
0.3248042128004321
0.3257493923845531
0.32659330272751824
0.327470969484202
0.3284499054820416
0.32969889278963005
0.33088036726978126
0.3320955981636511
0.33293950850661624
0.3340872265730489
0.33553875236294894
0.3371253038077235
0.3385093167701863
0.3397920604914934
0.34100729138536323
0.3423237915203889
0.34370780448285176
0.3449230353767216
0.34583445854712397
0.3470496894409938
0.3482649203348636
0.34937888198757766
0.3503578179854172
0.35140426681069403
0.35265325411828247
0.3538347285984337
0.35498244666486634
0.3563664596273292
0.35768295976235487
0.35876316500135025
0.3601134215500945
0.36132865244396434
0.36237510126924116
0.36345530650823654
0.3647718066432622
0.36591952470969485
0.36689846070753446
0.3682149608425601
0.3693964353227113
0.37105049959492303
0.37182689711045097
0.372940858763165
0.37375101269241157
0.37486497434512556
0.37577639751552794
0.37678908992708615
0.3780380772346746
0.3790170132325142
0.37989467998919796
0.3807385903321631
0.3818187955711585
0.38266270591412366
0.38343910342965165
0.3844180394274912
0.3851606805293006
0.38600459087226574
0.3870847961112611
0.3880637321091007
0.3892114501755333
0.3906292195517148
0.3919794761004591
0.39292465568458007
0.3941398865784499
0.39559141236835
0.3971779638131245
0.3982581690521199
0.39950715635970835
0.4002835538752363
0.40160005401026194
0.4026802592492574
0.4036591952470969
0.4046043748312179
0.40565082365649474
0.40679854172292734
0.4076762084796111
0.4086551444774507
0.40983661895760193
0.41091682419659736
0.41203078584931135
0.41341479881177423
0.41493383742911155
0.4162840939778558
0.4173305428031326
0.4183432352146908
0.419524709694842
0.4204361328652444
0.42121253038077233
0.4219551714825817
0.42286659465298404
0.42428436402916553
0.42529705644072374
0.4261409667836889
0.4271874156089657
0.4283351336753983
0.42948285174183093
0.4304280313259519
0.43150823656494736
0.43241965973534974
0.4334661085606265
0.43451255738590333
0.4351201728328382
0.4360315960032406
0.4372468268971105
0.4379219551714826
0.43879962192816635
0.4406224682689711
0.4420739940588712
0.4432554685390224
0.4440993788819876
0.4448420199837969
0.4457534431541993
0.44656359708344584
0.4481501485282204
0.44896030245746693
0.4500405076964623
0.4507831487982717
0.45182959762354846
0.4528760464488253
0.4540237645152579
0.4550364569268161
0.45631920064812315
0.45733189305968136
0.45841209829867674
0.45942479071023495
0.4602687010532001
0.46101134215500944
0.46246286794490954
0.4633742911153119
0.4643532271131515
0.4654334323521469
0.4675263300027005
0.46884283013772615
0.4701255738590332
0.47100324061571697
0.47221847150958685
0.47333243316230084
0.47454766405617066
0.4757966513637591
0.4767418309478801
0.47792330542803135
0.4786659465298407
0.47971239535511745
0.4812651903861734
0.4825141776937618
0.4834256008641642
0.4845058061031596
0.48528220361868757
0.4867337294085876
0.4876113961652714
0.48852281933567376
0.48940048609235753
0.49044693491763436
0.49135835808803674
0.49230353767215773
0.49304617877396706
0.4940926275992439
0.4950040507696462
0.4961855252497975
0.49723197407507425
0.4985147177963813
0.49986497434512556
0.5010126924115582
0.5021604104779909
0.5033756413718606
0.5043208209559816
0.5053335133675398
0.5065825006751282
0.507460167431812
0.5083040777747773
0.5092155009451795
0.5099918984607076
0.5107682959762355
0.5115446934917635
0.5128274372130704
0.5140089116932217
0.5148190656224683
0.5156292195517148
0.5167431812044289
0.5180259249257358
0.5192073994058871
0.5203551174723198
0.521874156089657
0.5227855792600594
0.5234944639481501
0.5247434512557386
0.5253510667026735
0.5266675668376991
0.5277815284904132
0.5289630029705644
0.5296381312449365
0.5304145287604645
0.5312921955171482
0.5324736699972995
0.5331825546853902
0.5341952470969484
0.5352754523359439
0.535950580610316
0.5370982986767486
0.5379422090197138
0.5388536321901162
0.5396975425330813
0.5408115041857953
0.5417904401836349
0.5425668376991628
0.5433769916284094
0.5439508506616257
0.5447610045908723
0.5461450175533351
0.5470901971374561
0.5481366459627329
0.5490818255468539
0.5500945179584121
0.5509384283013773
0.5515460437483122
0.5527275182284634
0.5536051849851472
0.5542803132595193
0.5551917364299217
0.5563056980826357
0.55765595463138
0.5584998649743451
0.5591749932487172
0.5599851471779638
0.5606265190386174
0.5616392114501755
0.5629219551714826
0.5642722117202268
0.5652511477180664
0.5664326221982177
0.5670739940588712
0.5678503915743991
0.5686605455036456
0.5693356737780179
0.5704496354307318
0.5715298406697272
0.5726775587361599
0.5740953281123413
0.5749054820415879
0.5760194436943019
0.5768971104509857
0.5781123413448556
0.5790575209289766
0.5802052389954091
0.5815217391304348
0.5828382392654604
0.5838509316770186
0.5848636240885768
0.5862813934647583
0.5872265730488793
0.588104239805563
0.5891506886308399
0.5900283553875236
0.5911423170402377
0.5919862273832028
0.592830137726168
0.5939103429651634
0.5952605995139076
0.5961382662705914
0.5972522279233055
0.5983324331623009
0.599007561436673
0.599952741020794
0.6013029975695382
0.6024169592222522
0.6034296516338105
0.6042735619767756
0.6049149338374291
0.6058263570078315
0.6070078314879828
0.6080205238995409
0.6089657034836619
0.6098771266540642
0.6109235754793411
0.6119362678908993
0.6125438833378342
0.6134890629219552
0.6144004860923575
0.6156832298136646
0.6163921145017554
0.617371050499595
0.6181812044288415
0.6191601404266811
0.6202403456656764
0.6212867944909533
0.621995679179044
0.622772076694572
0.6237510126924115
0.6247299486902511
0.6257763975155279
0.6267890899270862
0.6275992438563327
0.6285106670267351
0.6295233594382933
0.6304347826086957
0.631177423710505
0.6321563597083446
0.6332028085336214
0.634519308668647
0.6357345395625169
0.6363759114231704
0.6374223602484472
0.6386713475560356
0.6395490143127194
0.6406629759654334
0.6417094247907102
0.642418309478801
0.6433297326492033
0.6446124763705104
0.6454563867134756
0.6464690791250337
0.6473805022954361
0.6487307588441804
0.6496421820145828
0.6502160410477991
0.6510937078044828
0.6517688360788549
0.6525114771806644
0.6534904131785039
0.6541992978665947
0.6552119902781528
0.6562584391034296
0.657169862273832
0.6579125033756413
0.6589251957871995
0.660005401026195
0.6610856062651904
0.6620307858493114
0.6630772346745881
0.6641574399135836
0.6648663246016743
0.6660477990818255
0.6670267350796651
0.6680056710775047
0.6689846070753444
0.6695922225222792
0.6707061841749933
0.6712800432082096
0.6719889278963003
0.6729678638941399
0.6736767485822306
0.6746219281663516
0.6754995949230354
0.6763097488522819
0.6767485822306238
0.677761274642182
0.6786389413988658
0.6799216851201728
0.6808668647042938
0.6819133135295706
0.682824736699973
0.6837361598703754
0.6846475830407778
0.6853902241425871
0.6864029165541453
0.6869092627599244
0.6875506346205779
0.6880907372400756
0.689339724547664
0.690284904131785
0.6910275452335943
0.6917026735079665
0.6927153659195248
0.6935930326762085
0.6947407507426411
0.6956521739130435
0.6968674048069133
0.697576289495004
0.6985889819065623
0.6995679179044019
0.7002092897650554
0.7010532001080205
0.7020996489332973
0.7028760464488253
0.7037874696192277
0.7047326492033487
0.7055765595463138
0.7064879827167162
0.7069605725087766
0.7080070213340535
0.7091209829867675
0.7099986497434513
0.7106400216041048
0.7116189576019444
0.7122940858763165
0.7127329192546584
0.7136443424250608
0.7144207399405887
0.7151971374561167
0.7163786119362678
0.7169862273832028
0.7176613556575749
0.7187415608965704
0.7195854712395355
0.7203956251687821
0.7210369970294356
0.7216783688900891
0.7227923305428031
0.7237037537132055
0.7246826897110451
0.7256278692951661
0.7264717796381313
0.7274844720496895
0.7284634080475291
0.7292060491493384
0.7298474210099919
0.730522549284364
0.7312314339724547
0.73207534431542
0.7326829597623549
0.7335606265190386
0.7341344855522549
0.7350796651363759
0.7356197677558736
0.7363286524439644
0.7370037807183365
0.7377126654064272
0.7387253578179854
0.7402106400216041
0.7412570888468809
0.7421009991898461
0.7429449095328112
0.7442276532541183
0.7454428841479881
0.7465230893869835
0.7473332433162301
0.7480758844180394
0.7490210640021604
0.749831217931407
0.7508101539292465
0.7515190386173373
0.7522616797191466
0.7530380772346746
0.7539495004050769
0.7549621928166351
0.7559073724007561
0.7569538212260329
0.7578652443964353
0.7588104239805563
0.7596880907372401
0.7604307318390494
0.7608695652173914
0.7614771806643262
0.7626248987307589
0.7634012962462868
0.7643802322441264
0.7649878476910613
0.7659667836889009
0.7670132325141777
0.7676546043748312
0.7683972454766406
0.7694436943019174
0.770422630299757
0.7712327842290035
0.7722454766405618
0.7729881177423711
0.7740683229813664
0.7751485282203618
0.775992438563327
0.7767350796651363
0.7774439643532272
0.7785916824196597
0.7798406697272482
0.7807520928976506
0.7814272211720227
0.7821361058601134
0.7828787469619227
0.7833850931677019
0.7839589522009182
0.7847691061301647
0.7854442344045368
0.7860518498514718
0.7867944909532811
0.7876384012962463
0.7883135295706184
0.7890224142587091
0.7897312989467999
0.7906089657034837
0.7912840939778558
0.7918917094247907
0.7928031325951931
0.7936807993518769
0.7943896840399676
0.7951998379692141
0.7959087226573048
0.7966513637591143
0.7973264920334864
0.7980691331352957
0.7990480691331353
0.7999257358898191
0.8009384283013773
0.8016810694031866
0.8025587361598704
0.8033013772616797
0.8039765055360518
0.804820415879017
0.8058331082905752
0.8069808263570079
0.807824736699973
0.8085336213880637
0.8091412368349986
0.8099851471779638
0.8106265190386174
0.8113691601404267
0.812111801242236
0.812888198757764
0.8135970834458547
0.8142722117202268
0.8148123143397246
0.8155211990278153
0.8163651093707804
0.8175803402646503
0.8183567377801783
0.8191668917094248
0.82001080205239
0.8208884688090737
0.8215298406697272
0.8221712125303807
0.8229476100459088
0.8240615716986227
0.8246354307318391
0.8255130974885229
0.8266608155549554
0.827470969484202
0.828078584931137
0.8287537132055091
0.8293613286524439
0.8303740210640022
0.830981636510937
0.8317242776127465
0.8323656494734
0.8332095598163651
0.8337834188495814
0.8344247907102349
0.8351674318120443
0.8361463678098838
0.8371928166351607
0.8379017013232514
0.8390831758034026
0.8397583040777747
0.8405684580070213
0.8413448555225493
0.8422900351066702
0.8433027275182284
0.8440116122063192
0.8448555225492843
0.8453281123413449
0.8458682149608425
0.8464420739940589
0.8474885228193356
0.8480286254388334
0.8485012152308938
0.849176343505266
0.8498852281933568
0.8506278692951661
0.8511342155009451
0.8517080745341615
0.852180664326222
0.8528895490143127
0.8535646772886849
0.8546448825276802
0.8555563056980826
0.8564339724547664
0.8571428571428571
0.8579867674858223
0.8587969214150689
0.8595058061031596
0.8605522549284365
0.8613961652714016
0.8623751012692411
0.8630839859573319
0.8641304347826086
0.8648730758844181
0.8655482041587902
0.8662570888468809
0.8668647042938158
0.8679111531190926
0.8688900891169322
0.8694639481501485
0.8704428841479881
0.8713205509046719
0.8718944099378882
0.8724007561436673
0.8731771536591952
0.8737847691061301
0.8744261409667837
0.874831217931407
0.8752362948960303
0.8760464488252768
0.8768228463408048
0.8775992438563327
0.8783756413718606
0.8788482311639212
0.8794896030245747
0.8799959492303537
0.8809411288144747
0.8815825006751282
0.8819200648123143
0.8828990008101539
0.8838441803942749
0.8845530650823656
0.8849243856332704
0.8857345395625169
0.8865109370780448
0.8871185525249797
0.8877936807993518
0.8885700783148798
0.889245206589252
0.8901228733459358
0.8907304887928706
0.8912368349986497
0.8917094247907102
0.8923170402376451
0.8929584120982986
0.8935660275452336
0.8941736429921685
0.8946124763705104
0.8953888738860384
0.8961315149878477
0.8967728868485012
0.8975155279503105
0.8983256818795571
0.8990008101539293
0.899540912773427
0.9005536051849852
0.9011949770456387
0.9018363489062922
0.9027477720766945
0.9034566567647853
0.9042668106940319
0.9048744261409668
0.9056845800702134
0.9064609775857413
0.9072373751012692
0.9080137726167972
0.9086213880637322
0.909229003510667
0.9100729138536322
0.9107142857142857
0.9113219011612206
0.9117944909532811
0.912233324331623
0.9129422090197138
0.9138198757763976
0.914292465568458
0.9150013502565487
0.9156089657034837
0.9161153119092628
0.9166554145287604
0.9170942479071024
0.9180056710775047
0.9188495814204699
0.9194909532811234
0.919963543073184
0.9206049149338374
0.9215500945179584
0.9224952741020794
0.9230016203078585
0.9237442614096678
0.9242843640291656
0.9249594923035377
0.9256346205779098
0.9260059411288145
0.926478530920875
0.9271536591952471
0.9275587361598704
0.9284026465028355
0.928875236294896
0.9293140696732379
0.929820415879017
0.9304955441533892
0.9312044288414799
0.9319133135295706
0.9323521469079125
0.9330947880097219
0.9340737240075614
0.9346813394544964
0.9351201728328382
0.9356940318660546
0.9363691601404267
0.9371455576559546
0.9377531731028895
0.9383270321361059
0.939002160410478
0.9396435322711315
0.940284904131785
0.9407912503375642
0.9410950580610316
0.9416351606805293
0.94234404536862
0.9428166351606805
0.9433904941938969
0.9438630839859573
0.9445044558466108
0.9452470969484202
0.9459897380502296
0.9469349176343506
0.9475087766675668
0.9480488792870645
0.9487240075614367
0.9493991358358088
0.9499054820415879
0.9505130974885229
0.9510532001080205
0.9515933027275182
0.9517620847961112
0.9523359438293276
0.9529098028625439
0.9536862003780718
0.9546651363759114
0.9552727518228463
0.9559478800972184
0.956420469889279
0.9570280853362139
0.957703213610586
0.9582770726438024
0.9587159060221442
0.9592897650553606
0.9598298676748582
0.9602687010532001
0.960876316500135
0.9612813934647583
0.9620577909802862
0.9624628679449095
0.9630704833918444
0.9636105860113422
0.9640156629759654
0.9646232784229003
0.9650621118012422
0.9656359708344585
0.9660410477990818
0.9664123683499865
0.9670199837969214
0.9675263300027005
0.9680664326221983
0.9687078044828518
0.9691803942749122
0.96972049689441
0.9701593302727518
0.9706319200648124
0.9711382662705914
0.9715095868214961
0.972117202268431
0.9725560356467728
0.9730286254388334
0.9734674588171752
0.9739062921955172
0.9743788819875776
0.9750540102619498
0.9753578179854172
0.9755941128814475
0.9760329462597893
0.9765055360518499
0.9769443694301917
0.9774169592222522
0.9780920874966244
0.9788009721847151
0.9793073183904942
0.9797461517688361
0.9802524979746152
0.9807250877666757
0.9810964083175804
0.9817715365919525
0.9824466648663246
0.9827842290035107
0.9832905752092898
0.98352687010532
0.983864434242506
0.9844045368620038
0.984809613826627
0.9853834728598434
0.9859235754793411
0.9864974345125573
0.9871388063732109
0.9874763705103969
0.9880164731298947
0.9886578449905482
0.9889954091277343
0.9895692681609506
0.9901768836078855
0.9905482041587902
0.9912908452605995
0.9918309478800972
0.9921347556035647
0.9926748582230623
0.9929449095328112
0.9934174993248718
0.9936200378071833
0.993991358358088
0.994328922495274
0.9945989738050229
0.9951728328382393
0.9956791790440184
0.9961180124223602
0.9963205509046719
0.9967593842830138
0.997164461247637
0.997772076694572
0.9980421280043208
0.9982446664866325
0.9985822306238186
0.9986834998649744
0.9989535511747232
0.9991898460707535
0.9993923845530651
0.9996286794490953
0.9997299486902511
0.9998649743451256
0.9999324871725628
1.0
