0.001012692411558196
0.001890359168241966
0.002903051579800162
0.00428706454226303
0.005299756953821226
0.006582500675128274
0.00789900081015393
0.009080475290305158
0.009958142046988928
0.011477180664326223
0.012422360248447204
0.013603834728598434
0.014785309208749662
0.016000540102619497
0.017182014582770726
0.017992168512017282
0.018869835268701052
0.019983796921415067
0.02143532271131515
0.02281933567377802
0.024270861463678097
0.02524979746151769
0.02649878476910613
0.027646502835538753
0.028794220901971375
0.029739400486092357
0.030853362138806375
0.03206859303267621
0.03284499054820416
0.033891439373480964
0.03497164461247637
0.03652443964353227
0.03817850391574399
0.039495004050769646
0.040507696462327845
0.041857953011072105
0.042971914663786116
0.04405211990278153
0.045098568728058334
0.04600999189846071
0.04793410748042128
0.04914933837429111
0.050432082095598164
0.05184985147177964
0.053065082365649476
0.05397650553605185
0.054887928706454224
0.056035646772886846
0.057149608425600865
0.05846610856062652
0.0599176343505266
0.06082905752092898
0.06190926275992439
0.06292195517148258
0.06433972454766405
0.06548744261409668
0.06687145557655955
0.06855927626248988
0.06994328922495274
0.07105725087766676
0.07261004590872265
0.0739265460437483
0.07500675128274373
0.07628949500405077
0.07760599513907643
0.0785511747231974
0.07963137996219281
0.08081285444234404
0.08172427761274642
0.0832095598163651
0.08432352146907912
0.08591007291385364
0.08722657304887929
0.08844180394274913
0.0893532271131515
0.0903996759384283
0.09141236834998649
0.09259384283013773
0.0940116122063192
0.09542938158250068
0.09627329192546584
0.09735349716446125
0.09870375371320551
0.09975020253848231
0.1012017283283824
0.10251822846340805
0.10326086956521739
0.10440858763165001
0.10626519038617337
0.10751417769376181
0.1089994598973805
0.1100121523089387
0.11129489603024574
0.11227383202808533
0.11352281933567378
0.11460302457466919
0.11537942209019714
0.11632460167431811
0.1172360248447205
0.11821496084256009
0.11909262759924386
0.12017283283823926
0.12142182014582771
0.12283958952200918
0.1239873075884418
0.12527005130974886
0.12638401296246288
0.12766675668376992
0.1285781798541723
0.12986092357547935
0.13060356467728867
0.13208884688090738
0.1331690521199028
0.13451930866864703
0.13553200108020524
0.13661220631920065
0.1374223602484472
0.13873886038347286
0.14046043748312179
0.1415406427221172
0.14275587361598704
0.1441736429921685
0.1456251687820686
0.14697542533081284
0.14849446394815013
0.14913583580880369
0.1503173102889549
0.15143127194166892
0.15230893869835269
0.15332163110991087
0.15558331082905752
0.15740615716986228
0.15865514447745072
0.16000540102619498
0.16182824736699972
0.16307723467458818
0.16446124763705103
0.16530515798001622
0.16614906832298137
0.1673305428031326
0.16800567107750472
0.1689170942479071
0.1699297866594653
0.1710437483121793
0.17266405617067243
0.17367674858223062
0.17492573588981908
0.17587091547394004
0.1771874156089657
0.1776600054010262
0.17904401836348907
0.18022549284364028
0.18144072373751013
0.18258844180394274
0.18376991628409398
0.18498514717796383
0.18670672427761276
0.1884283013772617
0.1895422630299757
0.1906899810964083
0.19187145557655955
0.1937618147448015
0.19504455846610855
0.1957871995679179
0.19663110991088306
0.19774507156359708
0.19862273832028085
0.20024304617877398
0.20226843100189035
0.2035174183094788
0.20486767485822308
0.20621793140696731
0.20770321361058602
0.2086821496084256
0.209762354847421
0.21101134215500944
0.21205779098028626
0.2132730218741561
0.21398190656224683
0.214825816905212
0.21617607345395626
0.21735754793410747
0.21833648393194707
0.2195517148258169
0.22059816365109372
0.22164461247637052
0.22289359978395895
0.2240750742641102
0.2252565487442614
0.2272819335673778
0.22863219011612207
0.2298811774237105
0.23116392114501755
0.23251417769376181
0.23349311369160142
0.2343707804482852
0.23548474210099918
0.23673372940858764
0.2375438833378342
0.23845530650823657
0.23950175533351337
0.24031190926275992
0.24139211450175532
0.24270861463678098
0.2437213070483392
0.24463273021874157
0.24544288414798812
0.24669187145557656
0.2480083715906022
0.24888603834728598
0.2502362948960302
0.25131650013502566
0.25226167971914665
0.2537469619227653
0.2547596543343235
0.2561436672967864
0.25742641101809344
0.2585066162570889
0.25962057790980286
0.2603294625978936
0.26147718066432624
0.26221982176613556
0.26316500135025656
0.2639076424520659
0.2650891169322171
0.2660005401026195
0.2670807453416149
0.2679921685120173
0.2691061301647313
0.2703551174723197
0.271705374021064
0.27288684850121525
0.27450715635970835
0.27616122063192006
0.27707264380232244
0.27811909262759926
0.2793343235214691
0.28041452876046447
0.28206859303267623
0.2836551444774507
0.2855455036456927
0.2871995679179044
0.2887861193626789
0.2902038887388604
0.2911490683229814
0.29256683769916286
0.29459222252227923
0.296415068863084
0.2977990818255469
0.2992506076154469
0.30033081285444235
0.30144477450715634
0.3027275182284634
0.3036726978125844
0.30455036456926815
0.3053942749122333
0.30664326221982174
0.30765595463137996
0.3091749932487173
0.30968133945449633
0.31096408317580343
0.3124493653794221
0.31356332703213613
0.3150486092357548
0.31636510937078044
0.31754658385093165
0.31835673778017826
0.31926816095058064
0.32048339184445046
0.3218336483931947
0.32321766135565755
0.3246016743181204
0.3258169052119903
0.3266945719686741
0.32777477720766945
0.3288887388603835
0.3300364569268161
0.3311166621658115
0.33182554685390225
0.33273697002430463
0.3337834188495814
0.33496489332973267
0.33601134215500944
0.3380704833918444
0.33958952200918174
0.3408722657304888
0.3423237915203889
0.3434377531731029
0.3445517148258169
0.3454968944099379
0.3472522279233054
0.3482649203348636
0.3494463948150148
0.35052660005401026
0.3518093437753173
0.3528220361868755
0.35423980556305695
0.35525249797461517
0.3564002160410478
0.35707534431541993
0.35785174183094787
0.3589994598973805
0.36041722927356196
0.36136240885768295
0.36237510126924116
0.3631852551984877
0.3646367809883878
0.3657169862273832
0.36703348636240885
0.3681812044288415
0.3693289224952741
0.3705103969754253
0.3716918714555766
0.37267080745341613
0.3740210640021604
0.375
0.3757426411018093
0.3771604104779908
0.37786929516608153
0.37932082095598163
0.38029975695382123
0.3812449365379422
0.38202133405347016
0.3835066162570889
0.3846880907372401
0.38624088576829596
0.387523629489603
0.38880637321091005
0.3899203348636241
0.3909330272751823
0.39224952741020797
0.3934647583040778
0.39430866864704295
0.39542263029975694
0.3965028355387524
0.397481771536592
0.398933297326492
0.40001350256548746
0.40112746421820145
0.40217391304347827
0.40301782338644343
0.4044018363489063
0.40541452876046447
0.40666351606805295
0.4081825546853902
0.40926275992438566
0.41034296516338103
0.41138941398865786
0.41243586281393463
0.413178503915744
0.41412368349986495
0.41510261949770455
0.4162503375641372
0.41722927356197675
0.41847826086956524
0.41959222252227923
0.4204361328652444
0.4213813124493654
0.4225627869295166
0.42337294085876315
0.42431812044288414
0.4252295436132865
0.42627599243856334
0.4272886848501215
0.42813259519308666
0.4291452876046449
0.43005671077504726
0.430934377531731
0.4317445314609776
0.4329260059411288
0.433938698352687
0.43501890359168244
0.435829057520929
0.43667296786389415
0.43782068593032675
0.4395760194436943
0.4408250067512827
0.442006481231434
0.442951660815555
0.4438968403996759
0.4451120712935458
0.446293545773697
0.4472724817715366
0.44811639211450177
0.4488927896300297
0.44970294355927626
0.45085066162570886
0.45179584120982985
0.4529435592762625
0.4542938158250068
0.4552052389954091
0.45628544423440454
0.45723062381852553
0.45797326492033485
0.45888468809073724
0.4599986497434513
0.4607412908452606
0.4612476370510397
0.46199027815284904
0.46273291925465837
0.46364434242506075
0.4649608425600864
0.46617607345395623
0.46722252227923305
0.46833648393194705
0.46907912503375643
0.4705981636510937
0.4721509586821496
0.47285984337024034
0.47407507426411016
0.47481771536591955
0.4758304077774777
0.4772819335673778
0.4786659465298407
0.4798136645962733
0.48072508776667566
0.48210910072913854
0.4836618957601944
0.48470834458547124
0.4860248447204969
0.48727383202808533
0.4881852551984877
0.4893667296786389
0.4901431271941669
0.49088576829597624
0.49176343505266
0.4929111531190926
0.49372130704833916
0.4945652173913043
0.4959154739400486
0.49713070483391847
0.49824466648663246
0.4992573588981907
0.5004388333783418
0.5014515257899
0.5022954361328652
0.5036119362678909
0.5046246286794491
0.5055698082635701
0.5067512827437213
0.5078990008101539
0.5088779368079935
0.5103294625978936
0.5110721036997029
0.5123210910072914
0.513468809073724
0.5147177963813124
0.5158317580340265
0.5170469889278962
0.5179584120982986
0.5187348096138267
0.5195112071293546
0.5207264380232244
0.5214690791250337
0.5228530920874966
0.5240683229813664
0.5249797461517688
0.5256211180124224
0.527106400216041
0.5286254388333783
0.5297394004860924
0.5306508236564947
0.531663516068053
0.5325749392384553
0.5338239265460437
0.5347015933027275
0.5354779908182554
0.5365244396435322
0.5374696192276532
0.5380434782608695
0.5389211450175533
0.5400351066702673
0.5411828247367
0.5424318120442884
0.5432757223872535
0.5442546583850931
0.5453686200378072
0.5462800432082096
0.5477315689981096
0.5485754793410748
0.5497231974075074
0.5505671077504726
0.551647312989468
0.5524574669187146
0.553706454226303
0.5547529030515798
0.5555293005671077
0.5563394544963544
0.5570820955981637
0.5584323521469079
0.5594788009721847
0.5603227113151499
0.5614704293815825
0.5624156089657035
0.5633607885498245
0.5643059681339454
0.5650486092357548
0.5659937888198758
0.5667026735079665
0.5677491223332433
0.5684917634350527
0.5693694301917365
0.5703146097758575
0.5710910072913854
0.5722049689440993
0.5731839049419389
0.5744328922495274
0.5757156359708344
0.5770321361058601
0.5781798541722928
0.5793950850661626
0.5802389954091277
0.5809478800972184
0.5820280853362139
0.5829395085066162
0.5839184445044558
0.5848973805022954
0.5858088036726978
0.5866189576019444
0.5872265730488793
0.5884418039427491
0.5895557655954632
0.5908047529030516
0.5918512017283284
0.5929651633810424
0.5936740480691332
0.59472049689441
0.59617202268431
0.5974547664056171
0.5985012152308938
0.5996826897110451
0.6004928436402917
0.6014380232244126
0.6026532541182825
0.6035646772886849
0.6051174723197408
0.6059613826627059
0.6068728058331083
0.6077504725897921
0.608864434242506
0.6095395625168782
0.6106535241695922
0.6115987037537132
0.6124426140966783
0.6135228193356738
0.6146030245746692
0.6159532811234134
0.616594652984067
0.6174723197407508
0.6182824736699973
0.6190926275992439
0.6200378071833649
0.6210167431812045
0.6221982176613556
0.6233459357277883
0.6245274102079396
0.6254388333783418
0.6262827437213071
0.627396705374021
0.6285444234404537
0.6296921415068863
0.6307723467458817
0.6316162570888468
0.6320888468809074
0.6328990008101539
0.6337091547394005
0.6344517958412098
0.6355995139076425
0.6361733729408587
0.6369497704563867
0.638131244936538
0.6388738860383473
0.639582770726438
0.6403254118282473
0.6413718606535241
0.6420807453416149
0.6429921685120172
0.6442073994058871
0.645422630299757
0.6465703483661895
0.6477518228463408
0.6485619767755874
0.6493721307048339
0.6502160410477991
0.650992438563327
0.6520051309748852
0.6528152849041318
0.6537267080745341
0.6550094517958412
0.6557520928976506
0.656663516068053
0.6572711315149878
0.658115041857953
0.6590264650283554
0.6598366189576019
0.6607142857142857
0.6618282473669997
0.6624696192276532
0.663178503915744
0.664292465568458
0.6650013502565487
0.6661153119092628
0.6668579530110721
0.6678031325951931
0.6682757223872535
0.6691196327302188
0.6701660815554955
0.6709762354847421
0.6719889278963003
0.6728328382392654
0.6740143127194167
0.6749594923035377
0.6758709154739401
0.6766810694031866
0.6774574669187146
0.67853767215771
0.6795166081555496
0.6803605184985148
0.6812719416689171
0.6821158520118823
0.6832298136645962
0.684276262489873
0.6851201728328382
0.6857953011072103
0.6869092627599244
0.6881244936537942
0.6890696732379152
0.6904536862003781
0.6911963273021874
0.692175263300027
0.6930866864704294
0.6941668917094248
0.6950783148798272
0.6957871995679179
0.6965635970834458
0.6971374561166621
0.6979476100459088
0.6987915203888739
0.6999392384553065
0.700749392384553
0.7015933027275182
0.7027410207939508
0.7033486362408857
0.7042600594112881
0.7053402646502835
0.7060491493383743
0.706758034026465
0.7077707264380232
0.7083783418849582
0.7092222522279233
0.7103024574669187
0.7111463678098838
0.7120240345665676
0.7131717526330003
0.7139143937348096
0.7145895220091818
0.7156359708344585
0.7161760734539563
0.7169187145557656
0.7177963813124494
0.7185390224142587
0.719281663516068
0.7198892789630029
0.7207331893059681
0.7213745611666217
0.7222522279233055
0.7227923305428031
0.7236362408857683
0.7244126384012962
0.7253578179854172
0.7260667026735079
0.7268431001890359
0.7274507156359709
0.7281933567377802
0.7288684850121523
0.7297461517688361
0.7307588441803943
0.7317040237645153
0.7323116392114501
0.7331217931406967
0.7337294085876317
0.734472049689441
0.7353497164461248
0.7361261139616527
0.7369700243046179
0.7378814474750203
0.7387928706454227
0.7396030245746692
0.740649473399946
0.7413921145017554
0.7423372940858763
0.7428098838779368
0.7437213070483392
0.7443964353227113
0.7449027815284904
0.7454428841479881
0.7464218201458277
0.7473332433162301
0.7483121793140697
0.7491898460707535
0.7502700513097489
0.7509114231704024
0.7519241155819606
0.7527680259249258
0.7535444234404537
0.7543208209559816
0.7552997569538212
0.7564812314339725
0.7572576289495004
0.7578314879827167
0.7587429111531191
0.7598568728058331
0.7607007831487983
0.7614434242506076
0.7621185525249797
0.7629287064542263
0.7637051039697542
0.7647177963813124
0.765527950310559
0.7666756683769916
0.7676208479611126
0.7687010532001081
0.7697475020253848
0.7702876046448826
0.771367809883878
0.7722117202268431
0.7731231433972455
0.7738657844990549
0.7746084256008642
0.7753848231163921
0.7760261949770456
0.7771401566297597
0.7785241695922225
0.779334323521469
0.7803132595193086
0.781224682689711
0.782001080205239
0.7827437213070484
0.7835538752362949
0.7843977855792601
0.7850729138536322
0.7858155549554415
0.786456926816095
0.7872670807453416
0.788009721847151
0.7889549014312719
0.7899675938428301
0.7907102349446394
0.7913853632190117
0.7924318120442884
0.7932082095598164
0.7938158250067513
0.7943221712125303
0.7949297866594653
0.7956049149338374
0.7964488252768026
0.7975965433432353
0.7985754793410748
0.7997231974075074
0.8006683769916284
0.801478530920875
0.8020186335403726
0.803098838779368
0.8038414798811774
0.8048541722927356
0.8057993518768566
0.8066770186335404
0.8072846340804752
0.8081960572508776
0.8089386983526871
0.8094788009721847
0.8099851471779638
0.8108290575209289
0.8115716986227384
0.8124493653794221
0.813394544963543
0.8140696732379152
0.8148460707534432
0.8158250067512828
0.8165001350256549
0.8171077504725898
0.8180191736429921
0.8187618147448015
0.8190993788819876
0.8198082635700783
0.8204833918444504
0.8214285714285714
0.822407507426411
0.8232176613556575
0.8243653794220902
0.8250742641101809
0.8258844180394275
0.8266608155549554
0.8273697002430461
0.8282136105860114
0.8286186875506346
0.8291250337564137
0.8298001620307859
0.8303402646502835
0.8309478800972184
0.8319943289224953
0.8325681879557116
0.8333445854712396
0.8340534701593303
0.8348973805022954
0.8355049959492303
0.8360788549824467
0.8367539832568188
0.8375641371860654
0.8382392654604375
0.8390156629759654
0.8395895220091818
0.8401633810423981
0.8408385093167702
0.8417836889008912
0.8426275992438563
0.8436402916554145
0.8441803942749122
0.8451593302727518
0.8458682149608425
0.8465433432352147
0.8472522279233055
0.8477585741290845
0.8486699972994869
0.8495814204698893
0.8500540102619498
0.8507966513637591
0.8516068052930057
0.8525182284634081
0.8534296516338105
0.8543410748042128
0.8553200108020524
0.8561976775587362
0.8569065622468269
0.8577842290035107
0.8582568187955711
0.8587969214150689
0.8596070753443155
0.8605184985147178
0.8614974345125573
0.8624763705103969
0.8632190116122063
0.8636916014042668
0.8643329732649203
0.8651431271941669
0.8657507426411019
0.8663583580880367
0.8671685120172833
0.8679111531190926
0.8686200378071833
0.869328922495274
0.8702065892519578
0.8709154739400486
0.8716243586281394
0.8722994869025115
0.8731433972454766
0.8740210640021604
0.8747637051039697
0.8753713205509047
0.8760464488252768
0.8766540642722117
0.877396705374021
0.8782743721307048
0.87911828247367
0.8797596543343236
0.8804347826086957
0.8813799621928167
0.8819538212260329
0.8826627059141237
0.8833040777747773
0.8842830137726168
0.884958142046989
0.8856332703213611
0.8866797191466379
0.8871523089386983
0.8877936807993518
0.888300027005131
0.8888738860383473
0.8895490143127194
0.8900891169322172
0.890696732379152
0.891135565757494
0.8917769376181475
0.8922832838239265
0.8928233864434243
0.8936672967863895
0.8942073994058871
0.8948487712665406
0.8954901431271942
0.8961652714015663
0.8969079125033756
0.8976167971914664
0.8982581690521199
0.8988320280853362
0.8995071563597083
0.9005198487712666
0.9014312719416689
0.9021739130434783
0.9028152849041318
0.9032878746961923
0.9039630029705644
0.9044355927626249
0.9051444774507157
0.9057520928976506
0.9064272211720227
0.9072036186875506
0.9075749392384553
0.9084526059951391
0.9090264650283554
0.9096003240615717
0.9102754523359439
0.911119362678909
0.9118620037807184
0.912402106400216
0.9131109910883067
0.9139549014312719
0.9146975425330813
0.915237645152579
0.915743991358358
0.9164528760464489
0.917128004320821
0.9178706454226303
0.9186132865244396
0.9192546583850931
0.9202335943829327
0.9208412098298677
0.9215163381042398
0.922360248447205
0.9228328382392654
0.923305428031326
0.9240818255468539
0.9246894409937888
0.9253308128544423
0.9258371590602215
0.9264447745071563
0.9269848771266541
0.9276937618147448
0.9282338644342425
0.9288077234674588
0.9293815825006752
0.92998919794761
0.9304955441533892
0.9309006211180124
0.9314407237375101
0.9319808263570079
0.9327234674588172
0.9331285444234405
0.9338374291115312
0.9344788009721847
0.935221442073994
0.9359640831758034
0.9364704293815825
0.9372130704833919
0.9377194166891709
0.9381920064812315
0.9387658655144477
0.9395085066162571
0.9400823656494735
0.9406562246826897
0.9413313529570618
0.9420402376451525
0.9427153659195248
0.9432217121253038
0.944065622468269
0.9449432892249527
0.9454833918444504
0.9459897380502296
0.9465298406697272
0.9471374561166621
0.9479476100459088
0.9485552254928437
0.9491965973534972
0.9499729948690251
0.9504455846610856
0.9509856872805833
0.9514582770726439
0.9518295976235485
0.9522684310018904
0.9527410207939508
0.9531460977585742
0.9537199567917904
0.9543275722387253
0.9547664056170673
0.9554077774777208
0.9560491493383743
0.9564879827167162
0.9571293545773697
0.9580407777477721
0.9586821496084256
0.9594585471239535
0.9600661625708885
0.9606400216041048
0.9610788549824467
0.9615176883607885
0.9618552524979747
0.962159060221442
0.9628341884958143
0.9634080475290305
0.963711855252498
0.9642182014582771
0.964825816905212
0.9653659195247097
0.9658722657304888
0.9663448555225493
0.9668174453146098
0.9674588171752633
0.9678638941398866
0.9684039967593843
0.969112881447475
0.9696867404806914
0.970226843100189
0.9707331893059681
0.97117202268431
0.9717796381312449
0.9724547664056171
0.973062381852552
0.9736699972994869
0.974007561436673
0.9748177153659195
0.9754253308128544
0.9760667026735079
0.976404266810694
0.9769106130164731
0.9772819335673778
0.9775857412908453
0.9780920874966244
0.9784296516338105
0.9790035106670267
0.9793073183904942
0.9797461517688361
0.9802524979746152
0.9809276262489873
0.9813664596273292
0.9819740750742642
0.9825141776937618
0.9829530110721038
0.9834593572778828
0.9838981906562246
0.9844045368620038
0.9850796651363759
0.985586011342155
0.98619362678909
0.986362408857683
0.9868349986497434
0.9874088576829597
0.9878476910613017
0.9885565757493924
0.9890629219551715
0.9895017553335134
0.9900756143667296
0.9906157169862274
0.9911895760194437
0.9914933837429112
0.9918984607075344
0.992371050499595
0.9929111531190926
0.9931474480151229
0.9935525249797461
0.9941263840129625
0.9944639481501485
0.9948690251147718
0.9956116662165811
0.9960504995949231
0.9964555765595463
0.9967256278692952
0.9971307048339184
0.9975695382122604
0.9979071023494464
0.9983796921415069
0.9985822306238186
0.9987510126924115
0.9990885768295976
0.9993923845530651
0.9996286794490953
0.9997974615176883
0.9999324871725628
1.0
1.0
