0.0011814744801512287
0.0022279233054280315
0.003038077234674588
0.0036456926816095057
0.0046921415068863085
0.005772346745881718
0.006852551984877127
0.007932757223872535
0.00857412908452606
0.009485552254928437
0.011038347285984337
0.012422360248447204
0.013603834728598434
0.014717796381312449
0.015730488792870645
0.017317040237645152
0.01832973264920335
0.019241155819605726
0.01967998919794761
0.020861463678098838
0.021772886848501215
0.02308938698352687
0.02474345125573859
0.026026194977045638
0.02710640021604105
0.028591682419659734
0.029435592762624897
0.03159600324061572
0.03298001620307858
0.03433027275182285
0.03584931136916014
0.03753713205509047
0.039089927086146364
0.040372670807453416
0.0413178503915744
0.042330542803132594
0.0433769916284094
0.04401836348906292
0.04503105590062112
0.04624628679449096
0.04736024844720497
0.04874426140966784
0.050060761544693494
0.051275992438563324
0.05252497974615177
0.05363894139886578
0.054516608155549554
0.055394274912233324
0.05623818525519849
0.05738590332163111
0.058398595733189305
0.05961382662705914
0.0609640831758034
0.06177423710504996
0.06329327572238726
0.06386713475560356
0.06444099378881987
0.06538617337294086
0.06680394274912234
0.06862678908992709
0.06980826357007831
0.07061841749932488
0.07156359708344585
0.07274507156359708
0.07352146907912503
0.0743991358358088
0.07568187955711585
0.07669457196867405
0.07777477720766945
0.07885498244666486
0.07963137996219281
0.08050904671887658
0.08246691871455576
0.08405347015933028
0.08553875236294896
0.08692276532541182
0.08810423980556306
0.08921820145827707
0.09006211180124224
0.09117607345395626
0.09222252227923305
0.09391034296516339
0.0955981636510937
0.09630704833918445
0.09694842019983797
0.09863624088576829
0.10012152308938699
0.10164056170672428
0.10315960032406157
0.10413853632190116
0.10521874156089657
0.1058938698352687
0.10683904941938968
0.1079530110721037
0.10883067782878747
0.11024844720496894
0.11153119092627599
0.11291520388873887
0.11429921685120173
0.11537942209019714
0.11649338374291116
0.11855252497974615
0.11973399945989738
0.12111801242236025
0.12256953821226033
0.12354847421009992
0.12435862813934648
0.12587766675668377
0.12732919254658384
0.1286794490953281
0.12955711585201188
0.13097488522819337
0.1322238725357818
0.13350661625708884
0.13445179584120984
0.13536321901161222
0.13644342425060763
0.13755738590332164
0.1389413988657845
0.1399540912773427
0.14113556575749392
0.14214825816905213
0.14322846340804754
0.14484877126654064
0.14609775857412907
0.14734674588171753
0.14883202808533622
0.14994598973805023
0.15095868214960842
0.151768836078855
0.1533891439373481
0.1550769646232784
0.15676478530920876
0.1586213880637321
0.1600729138536322
0.1616594652984067
0.1632460167431812
0.16435997839589522
0.1657102349446395
0.16712800432082095
0.16800567107750472
0.1689508506616257
0.17009856872805834
0.17114501755333514
0.17236024844720496
0.1735754793410748
0.1746219281663516
0.17536456926816096
0.17691736429921684
0.1782001080205239
0.17941533891439373
0.1808668647042938
0.18265595463137996
0.1843775317310289
0.18569403186605454
0.18714555765595464
0.18879962192816635
0.1900823656494734
0.19123008371590602
0.19197272481771538
0.19295166081555495
0.19416689170942478
0.1952470969484202
0.19609100729138537
0.19696867404806914
0.19788009721847152
0.1988927896300297
0.1998042128004321
0.20071563597083447
0.20209964893329732
0.20334863624088576
0.20439508506616258
0.205644072373751
0.20726438023224414
0.20895220091817446
0.21036997029435592
0.21182149608425602
0.21310423980556306
0.2143532271131515
0.21550094517958412
0.21708749662435864
0.21833648393194707
0.21965298406697273
0.22117202268431002
0.22228598433702404
0.22339994598973806
0.22434512557385902
0.22532406157169863
0.2263367539832568
0.22758574129084527
0.22890224142587093
0.23011747231974075
0.2319740750742641
0.23349311369160142
0.23487712665406427
0.23568728058331082
0.23717256278692952
0.23835403726708074
0.2395692681609506
0.2406832298136646
0.2417296786389414
0.24314744801512286
0.244767755873616
0.24594923035376723
0.24699567917904403
0.24810964083175804
0.2489197947610046
0.24989873075884417
0.25081015392924655
0.25182284634080476
0.252835538752363
0.25391574399135836
0.25502970564407235
0.2565825006751283
0.25789900081015393
0.2589792060491493
0.26005941128814475
0.26147718066432624
0.2627599243856333
0.26414393734809616
0.2655617067242776
0.2669794761004591
0.2681947069943289
0.269646232784229
0.2708614636780988
0.2722117202268431
0.2732919254658385
0.27454091277342696
0.2760261949770456
0.2773089386983527
0.2783553875236295
0.27973940048609236
0.28092087496624357
0.28230488792870645
0.2835876316500135
0.28466783688900893
0.2856805293005671
0.2869295166081556
0.2881109910883068
0.28895490143127195
0.2898325681879557
0.2912840939778558
0.2921617607345396
0.2933769916284094
0.2949635430731839
0.296415068863084
0.2975627869295166
0.29884553065082364
0.29985822306238186
0.301647312989468
0.3029975695382123
0.30438158250067515
0.3056305698082636
0.3068458007021334
0.3083310829057521
0.30924250607615444
0.3103564677288685
0.3113354037267081
0.31231433972454764
0.31336078854982446
0.31450850661625707
0.31643262219821766
0.3176140966783689
0.31876181474480153
0.31994328922495274
0.32105725087766673
0.322407507426411
0.32369025114771804
0.32514177693761814
0.32628949500405074
0.32770726438023223
0.32871995679179045
0.329530110721037
0.33084661085606265
0.3319268160950581
0.3331758034026465
0.3347285984337024
0.33587631650013505
0.3372603294625979
0.33840804752903053
0.3395220091817445
0.34033216311099107
0.3416149068322981
0.3425263300027005
0.34418039427491226
0.34526059951390764
0.34627329192546585
0.3472522279233054
0.3481636510937078
0.349176343505266
0.3501552795031056
0.3513029975695382
0.352518228463408
0.35356467728868485
0.3543748312179314
0.35508371590602217
0.3565014852822036
0.35781798541722926
0.3591682419659735
0.36028220361868757
0.3612948960302457
0.3622400756143667
0.36332028085336215
0.3646367809883878
0.3657169862273832
0.36683094788009724
0.36804617877396706
0.36912638401296244
0.3704428841479881
0.37132055090467186
0.3726032946259789
0.3736159870375371
0.37472994869025117
0.3761477180664326
0.3775317310288955
0.37844315419929786
0.37942209019713746
0.3807048339184445
0.3822238725357818
0.3832028085336214
0.3844180394274912
0.3854307318390494
0.3866122063192006
0.38765865514447745
0.3889751552795031
0.3901566297596543
0.39123683499864975
0.39224952741020797
0.3934985147177964
0.39454496354307317
0.39545638671347555
0.39663786119362676
0.3977518228463408
0.398764515257899
0.3998109640831758
0.4007899000810154
0.4017013232514178
0.4026802592492574
0.4038617337294086
0.4049081825546854
0.4060896570348366
0.40686605455036456
0.4079125033756414
0.4095665676478531
0.4102416959222252
0.41155819605725086
0.41253713205509046
0.41392114501755334
0.4148325681879557
0.4157439913583581
0.41675668376991626
0.41770186335403725
0.41915338914393735
0.4204023764515258
0.42151633810423983
0.4223264920334864
0.4233054280313259
0.4239805563056981
0.42479071023494464
0.42549959492303535
0.42634350526600057
0.42745746691871456
0.42836889008911694
0.4294490953281123
0.4308668647042938
0.43191331352957063
0.43306103159600323
0.43414123683499867
0.4353227113151499
0.43677423710505
0.43765190386173375
0.43879962192816635
0.44021739130434784
0.4416014042668107
0.44281663516068054
0.4435930326762085
0.4446394815014853
0.44551714825816907
0.4468336483931947
0.44804887928706455
0.4489265460437483
0.44966918714555765
0.4505468539022414
0.4519308668647043
0.4531460977585741
0.4540912773426951
0.45517148258169055
0.4555765595463138
0.45638671347556037
0.4576357007831488
0.4591209829867675
0.46033621388063733
0.4614164191196327
0.4628679449095328
0.4638468809073724
0.4651971374561167
0.4666149068322981
0.4677963813124494
0.4689103429651634
0.4701255738590332
0.47100324061571697
0.47177963813124496
0.47282608695652173
0.47360248447204967
0.47448015122873344
0.47549284364029165
0.47694436943019175
0.4779570618417499
0.4788347285984337
0.4796448825276803
0.4807926005941129
0.4818390494193897
0.48312179314069675
0.48426951120712936
0.4851134215500945
0.4865987037537132
0.48737510126924116
0.4888941398865784
0.4902106400216041
0.4911895760194437
0.4924048069133135
0.4932824736699973
0.4943289224952741
0.4953416149068323
0.4963543073183905
0.4978058331082906
0.4988185255198488
0.49969619227653256
0.5006413718606535
0.5013840129624628
0.5020928976505536
0.5029368079935188
0.5039832568187955
0.5050972184715096
0.5063799621928167
0.5075951930866864
0.5087429111531191
0.5097893599783959
0.5106670267350797
0.5115446934917635
0.5125911423170403
0.513468809073724
0.514751552795031
0.516135565757494
0.5171820145827707
0.5181271941668917
0.5189711045098568
0.5197475020253848
0.5204901431271942
0.5210977585741291
0.5220429381582501
0.5227180664326222
0.5239332973264921
0.5253848231163921
0.5264987847691062
0.5273089386983527
0.5285241695922225
0.5296381312449365
0.5304145287604645
0.5315622468268971
0.5324399135835809
0.5334526059951391
0.5343977855792601
0.5353429651633811
0.5359843370240346
0.5369295166081556
0.5380434782608695
0.5390224142587091
0.5396975425330813
0.5406089657034837
0.5419592222522279
0.5431744531460978
0.5441196327302188
0.5448960302457467
0.5461112611396165
0.546921415068863
0.5475627869295167
0.5485079665136376
0.5493181204428842
0.5503983256818795
0.5513435052660005
0.552423710504996
0.5537402106400217
0.5548879287064542
0.5559006211180124
0.5565419929786659
0.5579260059411288
0.5587024034566568
0.5598838779368079
0.5607953011072103
0.561605455036457
0.5623480961382663
0.5634283013772616
0.5645085066162571
0.5652173913043478
0.5663313529570618
0.5675803402646503
0.5685592762624899
0.5693694301917365
0.5701120712935458
0.5710234944639482
0.5716986227383203
0.5729138536321902
0.5742303537672158
0.5752092897650554
0.5758844180394275
0.5768633540372671
0.5778422900351067
0.5790237645152579
0.580036456926816
0.5808466108560627
0.581589251957872
0.5822981366459627
0.5833783418849582
0.5844585471239535
0.5854037267080745
0.5863151498784769
0.5870915473940048
0.5880029705644072
0.5887456116662165
0.589488252768026
0.5908047529030516
0.5915136375911423
0.5921212530380773
0.5930664326221983
0.5943829327572239
0.5956994328922496
0.5968809073724007
0.5982311639211451
0.5991088306778288
0.6001552795031055
0.6010667026735079
0.6021469079125034
0.6030583310829057
0.6037672157709965
0.6046448825276802
0.6054550364569268
0.6064002160410478
0.6073116392114501
0.6084931136916014
0.6097083445854712
0.610586011342155
0.611362408857683
0.6123413448555225
0.6133202808533621
0.6142317040237645
0.6157169862273832
0.6166284093977856
0.617371050499595
0.6185862813934647
0.6194639481501485
0.6203416149068323
0.6214555765595463
0.6222994869025115
0.6235147177963813
0.6245274102079396
0.6256751282743721
0.6270253848231164
0.6280380772346746
0.6287132055090467
0.6297934107480422
0.6307723467458817
0.631683769916284
0.6329327572238725
0.6339454496354308
0.6347218471509587
0.6355657574939239
0.6363759114231704
0.6374223602484472
0.6387726167971914
0.6395490143127194
0.6402916554145288
0.6413043478260869
0.6426546043748312
0.643363489062922
0.6441061301647313
0.6450175533351337
0.645760194436943
0.6465028355387523
0.6475155279503105
0.6486294896030246
0.6496084256008642
0.6504523359438293
0.6510937078044828
0.6521401566297597
0.6529503105590062
0.6536929516608155
0.654334323521469
0.6554482851741831
0.6564947339994599
0.6569673237915203
0.658115041857953
0.6590939778557926
0.6599378881987578
0.661288144747502
0.6625371320550905
0.6634147988117742
0.6640899270861463
0.664798811774237
0.6655414528760465
0.6660477990818255
0.6670267350796651
0.6679719146637861
0.6687483121793141
0.6696934917634351
0.6707061841749933
0.671415068863084
0.6726302997569539
0.6734066972724818
0.6741493383742911
0.6748582230623819
0.6759046718876587
0.6768160950580611
0.6773899540912773
0.678098838779368
0.6794490953281124
0.6801917364299217
0.6807993518768566
0.6815757493923845
0.6825209289765055
0.6834323521469079
0.6842425060761544
0.6851201728328382
0.6863016473129895
0.6874493653794221
0.6886308398595733
0.6894747502025385
0.6903524169592222
0.6910613016473129
0.692175263300027
0.6940993788819876
0.6952470969484202
0.6964285714285714
0.6970361868755064
0.6978125843910343
0.6987577639751553
0.6996691871455577
0.7005468539022415
0.7012894950040508
0.7021671617607346
0.7028085336213881
0.7034499054820416
0.7041587901701323
0.7050027005130974
0.7059478800972184
0.7070280853362139
0.707703213610586
0.7086146367809883
0.7095598163651093
0.7102687010532001
0.7112476370510397
0.7119565217391305
0.7131717526330003
0.7140831758034026
0.7150283553875236
0.7159060221442074
0.7165473940048609
0.7176275992438563
0.7185390224142587
0.7195179584120983
0.7202605995139076
0.7208682149608425
0.721948420199838
0.7225560356467728
0.7234337024034566
0.7245476640561707
0.72529030515798
0.7261679719146638
0.7276194977045639
0.7285309208749663
0.7296786389413988
0.7302862543883338
0.7309613826627059
0.7321766135565757
0.7328854982446665
0.7335606265190386
0.7345058061031596
0.7354847421009992
0.7367337294085876
0.7377464218201458
0.7388603834728599
0.7396367809883878
0.7403456656764785
0.7412233324331623
0.7419659735349716
0.7426748582230623
0.7433499864974346
0.7443964353227113
0.7452065892519578
0.7463205509046719
0.7472657304887929
0.748109640831758
0.7486497434512558
0.7496624358628139
0.7506413718606535
0.7517890899270862
0.7527005130974885
0.7535106670267351
0.7544220901971375
0.7554010261949771
0.7563799621928167
0.7573251417769377
0.7583378341884958
0.7590467188765866
0.7597218471509587
0.7606332703213611
0.7614771806643262
0.7621523089386983
0.763131244936538
0.7639076424520659
0.764582770726438
0.7654941938968404
0.7661693221712126
0.7670469889278962
0.76792465568458
0.7685997839589522
0.7694436943019174
0.7700850661625709
0.7705238995409128
0.7711990278152849
0.7722792330542804
0.7730893869835269
0.774540912773427
0.7751147718066432
0.7758911693221712
0.7765662975965434
0.7772414258709155
0.7777815284904132
0.7785916824196597
0.7796381312449365
0.7804820415879017
0.781055900621118
0.7816972724817716
0.7825749392384553
0.7836551444774507
0.7842627599243857
0.7854104779908182
0.7859843370240346
0.7867607345395625
0.7875371320550905
0.7884823116392115
0.7890899270861463
0.7899338374291115
0.7907102349446394
0.7913853632190117
0.7922292735619768
0.793073183904942
0.7939846070753444
0.7947272481771537
0.7955711585201188
0.7961450175533351
0.7972252227923305
0.798305428031326
0.7994869025114771
0.8002970564407237
0.8010396975425331
0.8015460437483122
0.8025587361598704
0.8031325951930867
0.8040102619497704
0.8046853902241425
0.8052592492573589
0.8061369160140427
0.8069808263570079
0.8076897110450986
0.8086348906292196
0.8094788009721847
0.8105927626248988
0.8113691601404267
0.8120442884147988
0.8127869295166081
0.8132595193086687
0.814002160410478
0.8148123143397246
0.8158587631650014
0.8169389684039967
0.8176140966783689
0.8185592762624899
0.8194369430191737
0.8200783148798272
0.8208884688090737
0.8216311099108831
0.8223399945989738
0.8232176613556575
0.8239265460437483
0.8245679179044019
0.8251755333513368
0.8260194436943019
0.8264245206589252
0.8272684310018904
0.8282136105860114
0.8290237645152579
0.8299014312719417
0.8304415338914394
0.830981636510937
0.8318255468539022
0.8323994058871186
0.8329395085066162
0.8334796111261139
0.8343910342965163
0.8347285984337024
0.8353699702943559
0.8359438293275723
0.8368890089116933
0.8374291115311909
0.8382055090467189
0.8386105860113422
0.8392857142857143
0.839994598973805
0.8406022144207399
0.8409735349716446
0.8416486632460167
0.8427626248987308
0.8435052660005401
0.8443491763435053
0.8451255738590332
0.846003240615717
0.847117202268431
0.8475897920604915
0.848062381852552
0.8486699972994869
0.8492100999189847
0.8498177153659195
0.8505603564677289
0.8513029975695382
0.8519781258439103
0.8528895490143127
0.8537334593572778
0.8542735619767756
0.8547799081825547
0.8553200108020524
0.8562314339724547
0.8565689981096408
0.8574804212800432
0.8579867674858223
0.8586618957601945
0.8595733189305969
0.860417229273562
0.8609910883067783
0.8616324601674318
0.8622738320280854
0.8630502295436133
0.8639616527140157
0.8643667296786389
0.865041857953011
0.8655819605725088
0.8661558196057251
0.86676343505266
0.867539832568188
0.8681474480151229
0.8684850121523089
0.8691263840129625
0.8694977045638671
0.8702065892519578
0.8709154739400486
0.8715906022144208
0.8723669997299487
0.872772076694572
0.8735484742101
0.8739873075884418
0.8748987307588442
0.8755738590332163
0.8761814744801513
0.8769241155819606
0.8774642182014583
0.8781055900621118
0.8788144747502026
0.8794558466108561
0.8801309748852282
0.8807048339184445
0.8813462057790981
0.8822238725357818
0.8826627059141237
0.8830340264650284
0.8837091547394005
0.8846205779098029
0.8855320010802052
0.8862071293545773
0.8867472319740751
0.8875911423170403
0.8884350526600054
0.8891439373480962
0.8898528220361869
0.8906292195517148
0.8915743991358358
0.8923845530650824
0.8930934377531731
0.8937010532001081
0.8943761814744802
0.8950175533351337
0.895422630299757
0.8958277072643802
0.8965028355387523
0.8973129894679989
0.8980218741560897
0.8984944639481501
0.8992708614636781
0.8995746691871456
0.9003173102889549
0.9010599513907642
0.901600054010262
0.9021739130434783
0.9029165541452876
0.9035241695922225
0.9041317850391575
0.9048069133135296
0.9055157980016203
0.9063259519308668
0.907001080205239
0.9078787469619227
0.9088239265460437
0.9099041317850391
0.9106130164731299
0.9117269781258439
0.91206454226303
0.9126721577099649
0.9133135295706184
0.9139549014312719
0.9145287604644883
0.9153051579800162
0.9159465298406697
0.9165203888738861
0.9170267350796651
0.9178368890089117
0.9183432352146907
0.9187820685930327
0.9194234404536862
0.9200985687280583
0.9207736970024305
0.9214825816905212
0.9221914663786119
0.9230016203078585
0.9235079665136376
0.9241830947880098
0.9250945179584121
0.9257358898190656
0.9263435052660005
0.9268160950580611
0.9273561976775587
0.9281325951930867
0.928875236294896
0.9295841209829868
0.9302592492573589
0.9308668647042938
0.9315419929786659
0.9321833648393195
0.9328922495274102
0.933601134215501
0.9343100189035917
0.9350189035916824
0.9356940318660546
0.9363691601404267
0.9369767755873616
0.9376181474480151
0.9385295706184175
0.9391709424790711
0.9399135835808804
0.9405549554415339
0.9411963273021874
0.941837699162841
0.9424453146097759
0.9427153659195248
0.943289224952741
0.9438293275722387
0.9443694301917365
0.9449770456386714
0.945517148258169
0.945955981636511
0.9466311099108831
0.9472724817715366
0.9482851741830948
0.9486902511477181
0.949297866594653
0.949804212800432
0.9504455846610856
0.9509181744531461
0.9516270591412368
0.9520996489332973
0.9525722387253578
0.9531460977585742
0.9537874696192277
0.9543275722387253
0.9549014312719417
0.9556103159600324
0.9560829057520929
0.9567917904401836
0.9572981366459627
0.9577707264380232
0.9582433162300837
0.9586146367809883
0.9592222522279233
0.959762354847421
0.9603024574669187
0.9608088036726978
0.9615176883607885
0.961990278152849
0.9626654064272212
0.9632730218741561
0.9639143937348096
0.9645220091817446
0.9650621118012422
0.9657034836618957
0.9660748042128005
0.966716176073454
0.9673237915203888
0.9677288684850122
0.9682352146907912
0.9686402916554145
0.9692141506886308
0.9695854712395355
0.9699905482041588
0.9705644072373751
0.9712057790980286
0.9719821766135566
0.9724885228193356
0.9731974075074264
0.9737375101269241
0.9738725357817986
0.9744126384012962
0.9750877666756683
0.9756278692951661
0.975897920604915
0.9762692411558196
0.9767755873615988
0.9774844720496895
0.9780245746691871
0.9784971644612477
0.9790372670807453
0.9797461517688361
0.9803200108020524
0.9808601134215501
0.9813327032136105
0.9816702673507967
0.9821091007291385
0.9826829597623549
0.9828517418309479
0.9832905752092898
0.9836281393464759
0.9841682419659735
0.984809613826627
0.9853159600324062
0.9857210369970294
0.9862273832028086
0.9868349986497434
0.9872738320280854
0.9876113961652714
0.9881852551984878
0.9890291655414529
0.9894679989197948
0.9899743451255738
0.9907169862273832
0.9911220631920065
0.99176343505266
0.9922697812584391
0.9926411018093437
0.9930461787739671
0.9933499864974346
0.993822576289495
0.9941601404266811
0.9946664866324602
0.9950715635970835
0.9958142046988928
0.996219281663516
0.9965230893869835
0.9969619227653254
0.9971307048339184
0.9973669997299487
0.997603294625979
0.9978395895220091
0.9981433972454766
0.9986834998649744
0.9991898460707535
0.999493653794221
0.9995611666216582
0.9997637051039697
0.9999662435862814
1.0
1.0
1.0
