0.0013840129624628679
0.002464218201458277
0.003679449095328112
0.005097218471509587
0.00604239805563057
0.007595193086686471
0.00975560356467729
0.011072103699702943
0.012489873075884419
0.013468809073724008
0.014582770726438023
0.015561706724277613
0.016203078584931137
0.017080745341614908
0.01853227113151499
0.01988252768025925
0.02096273291925466
0.02231298946799892
0.023730758844180393
0.02494598973805023
0.026026194977045638
0.027275182284634082
0.02835538752362949
0.029705644072373753
0.030853362138806375
0.03247366999729949
0.033655144477450716
0.035039157439913586
0.03709829867674858
0.038617337294085875
0.039866324601674316
0.04121658115041858
0.04209424790710235
0.0433769916284094
0.04425465838509317
0.04563867134755604
0.046955171482581694
0.048575479341074805
0.049925735889819065
0.0511072103699703
0.052660005401026194
0.05397650553605185
0.05495544153389144
0.056035646772886846
0.0573183904941939
0.05903996759384283
0.05981636510937078
0.06052524979746152
0.06120037807183365
0.06214555765595463
0.06339454496354308
0.06491358358088037
0.06579125033756414
0.06670267350796652
0.06774912233324332
0.06876181474480152
0.06984201998379692
0.07082095598163651
0.07146232784229004
0.07240750742641101
0.07352146907912503
0.07524304617877396
0.07655954631379962
0.07763975155279502
0.07861868755063461
0.08020523899540913
0.08152173913043478
0.08293950850661626
0.08449230353767216
0.0852349446394815
0.08648393194706994
0.08813799621928166
0.0893194706994329
0.09053470159330272
0.09201998379692142
0.09306643262219821
0.0940453686200378
0.09529435592762625
0.0961045098568728
0.09708344585471239
0.09833243316230084
0.09937888198757763
0.1001890359168242
0.10103294625978936
0.10258574129084526
0.10353092087496624
0.10467863894139887
0.10579260059411288
0.10683904941938968
0.10802052389954091
0.10984337024034567
0.11136240885768296
0.11271266540642721
0.11379287064542264
0.11483931947069943
0.11713475560356468
0.11889008911693222
0.12017283283823926
0.12165811504185796
0.1224345125573859
0.12351471779638132
0.12456116662165811
0.12574264110180935
0.1274979746151769
0.12884823116392113
0.1305698082635701
0.1317175263300027
0.13364164191196326
0.13570078314879827
0.13698352687010532
0.13873886038347286
0.1399540912773427
0.14130434782608695
0.1425533351336754
0.1435660275452336
0.1445449635430732
0.14549014312719416
0.1466716176073454
0.14795436132865245
0.14913583580880369
0.15051984877126653
0.15203888738860383
0.1533891439373481
0.15457061841749933
0.15585336213880638
0.1569673237915204
0.15825006751282744
0.15922900351066702
0.1600391574399136
0.16098433702403456
0.1622670807453416
0.16338104239805562
0.16442749122333244
0.16547394004860924
0.16668917094247906
0.16814069673237916
0.16959222252227923
0.17063867134755603
0.1719889278963003
0.17327167161760734
0.17492573588981908
0.17576964623278424
0.1771874156089657
0.17836889008911694
0.17955036456926815
0.18049554415338914
0.1812044288414799
0.1822846340804753
0.18319605725087768
0.18427626248987308
0.18532271131514988
0.18677423710504995
0.18768566027545233
0.18896840399675938
0.19028490413178503
0.19241155819605726
0.19355927626248987
0.19504455846610855
0.1957871995679179
0.19656359708344587
0.19757628949500405
0.19879152038887388
0.2005130974885228
0.20169457196867405
0.2030448285174183
0.20392249527410208
0.20523899540912774
0.20601539292465568
0.20729813664596272
0.2081758034026465
0.20935727788279773
0.2102349446394815
0.21155144477450716
0.2126991628409398
0.21398190656224683
0.21563597083445854
0.21705374021064003
0.21837024034566568
0.2194504455846611
0.22039562516878206
0.22134080475290305
0.22282608695652173
0.2240750742641102
0.225121523089387
0.22596543343235215
0.2272819335673778
0.22846340804752904
0.22944234404536862
0.23042128004320822
0.23150148528220363
0.23281798541722928
0.2343707804482852
0.2355184985147178
0.23713880637321091
0.2381514987847691
0.23943424250607614
0.24061571698622738
0.24179719146637862
0.24304617877396706
0.24426140966783688
0.24567917904401837
0.24702943559276264
0.24841344855522549
0.2493923845530651
0.2504725897920605
0.2519241155819606
0.25270051309748853
0.25391574399135836
0.25502970564407235
0.2564137186065352
0.25749392384553066
0.25864164191196326
0.2597893599783959
0.2608020523899541
0.2622535781798542
0.2637388603834729
0.2650891169322171
0.2661355657574939
0.2677221172022684
0.26880232244126384
0.2701188225762895
0.2712327842290035
0.2720091817445315
0.27312314339724547
0.2738657844990548
0.27504725897920607
0.2763300027005131
0.2774439643532271
0.27916554145287603
0.2802795031055901
0.28129219551714824
0.2819673237915204
0.28277747772076695
0.28422900351066704
0.2855455036456927
0.2867607345395625
0.28797596543343235
0.2890899270861464
0.2900013502565487
0.2916891709424791
0.29300567107750475
0.29438968403996757
0.29573994058871184
0.2968876586551445
0.2985754793410748
0.2999257358898191
0.30083715906022146
0.30201863354037267
0.30343640291655416
0.3039765055360519
0.3051579800162031
0.3063056980826357
0.30758844180394274
0.30853362138806373
0.30961382662705916
0.310829057520929
0.3118417499324872
0.3127194166891709
0.3139008911693222
0.3145422630299757
0.31575749392384556
0.3167364299216851
0.31754658385093165
0.31855927626248987
0.3196732379152039
0.3208547123953551
0.32206994328922495
0.32311639211450177
0.32412908452605993
0.3253780718336484
0.32635700783148797
0.3270321361058601
0.328584931136916
0.32966513637591144
0.33135295706184176
0.332871995679179
0.33462732919254656
0.33560626519038617
0.33658520118822577
0.33803672697812587
0.339049419389684
0.34016338104239807
0.3414123683499865
0.342830137726168
0.34380907372400754
0.3449230353767216
0.34623953551174724
0.3475897920604915
0.34883877936807994
0.34978395895220094
0.35049284364029165
0.3513367539832568
0.3527882797731569
0.3541385363219012
0.3549486902511477
0.356298946799892
0.3572778827977316
0.35856062651903864
0.35977585741290846
0.36085606265190384
0.36234134485552255
0.36392789630029704
0.36541317850391575
0.366932217121253
0.36824871725627867
0.3692614096678369
0.3704428841479881
0.37182689711045097
0.3728733459357278
0.3739873075884418
0.37530380772346744
0.3761814744801512
0.3771604104779908
0.3781393464758304
0.37989467998919796
0.3812111801242236
0.3825951930866865
0.3842155009451796
0.38573453956251685
0.38711855252497973
0.38809748852281933
0.38907642452065894
0.39005536051849854
0.3915406427221172
0.39231704023764513
0.3931947069943289
0.3942073994058871
0.3951863354037267
0.39592897650553605
0.3972454766405617
0.39856197677558736
0.39954091277342696
0.40072238725357817
0.4019038617337294
0.402882797731569
0.40369295166081554
0.4048406697272482
0.40619092627599246
0.40706859303267623
0.4080475290305158
0.40939778557926004
0.41084931136916014
0.4120982986767486
0.41300972184715096
0.4140899270861464
0.4147988117742371
0.41537267080745344
0.4164528760464488
0.4176005941128815
0.418579530110721
0.42013232514177695
0.42121253038077233
0.422360248447205
0.42367674858223064
0.42536456926816096
0.4263772616797191
0.4271536591952471
0.4279975695382123
0.4286726978125844
0.4297866594652984
0.4307993518768566
0.43208209559816363
0.4333648393194707
0.43427626248987306
0.4354577369700243
0.43623413448555226
0.4372805833108291
0.43812449365379424
0.4390696732379152
0.43974480151228734
0.44089251957871994
0.442006481231434
0.44339049419389687
0.44501080205238996
0.44646232784229
0.44754253308128544
0.44899405887118554
0.4498042128004321
0.45085066162570886
0.4519308668647043
0.45280853362138807
0.45415879017013233
0.45534026465028354
0.4562516878206859
0.45733189305968136
0.4587159060221442
0.4597285984337024
0.4609438293275722
0.461821496084256
0.462597893599784
0.4637456116662166
0.4648595733189306
0.46604104779908184
0.46715500945179583
0.4683027275182285
0.4694504455846611
0.47073318930596814
0.47198217661355657
0.47292735619767756
0.47404131785039155
0.47495274102079393
0.47599918984607076
0.47694436943019175
0.4779908182554685
0.47900351066702673
0.48021874156089656
0.4814339724547664
0.48237915203888737
0.48325681879557114
0.4843707804482852
0.4855522549284364
0.4867674858223062
0.4877126654064272
0.4885565757493924
0.4893667296786389
0.4903456656764785
0.49162840939778557
0.4928436402916554
0.4938900891169322
0.49493653794220904
0.49567917904401837
0.49652308938698353
0.49756953821226035
0.4983796921415069
0.4993248717256279
0.5004388333783418
0.5015865514447745
0.5026330002700513
0.5038144747502026
0.5049621928166351
0.5061436672967864
0.507122603294626
0.508067782878747
0.5092492573588981
0.510464488252768
0.5114434242506076
0.5128949500405077
0.5140764245206589
0.5151566297596544
0.5160680529300568
0.5171145017553335
0.5182284634080475
0.5192749122333243
0.5200513097488523
0.5208952200918174
0.5218403996759384
0.5228868485012153
0.5237982716716176
0.5248784769106131
0.5261274642182014
0.5270726438023224
0.5277815284904132
0.5287267080745341
0.5296043748312179
0.5306508236564947
0.5318660545503646
0.5327099648933298
0.5335201188225763
0.5347353497164461
0.5357817985417229
0.5368282473669997
0.5378071833648393
0.5387186065352417
0.5395287604644883
0.5404401836348907
0.5414866324601675
0.5426343505266
0.5438158250067513
0.5447610045908723
0.5454023764515258
0.5464488252768026
0.547529030515798
0.5482379152038888
0.5489130434782609
0.5501620307858494
0.5510396975425331
0.5518836078854983
0.5527275182284634
0.55353767215771
0.5545841209829868
0.555934377531731
0.556710775047259
0.5574196597353497
0.5581960572508776
0.5592087496624358
0.560052660005401
0.5607615446934917
0.561943019173643
0.563056980826357
0.5642046988927897
0.565284904131785
0.5663651093707804
0.5673102889549014
0.5684242506076155
0.5696394815014852
0.5709222252227923
0.5720024304617878
0.5729138536321902
0.5738252768025925
0.5747029435592763
0.5755806103159601
0.5763907642452066
0.5774372130704833
0.5783148798271671
0.5789224952741021
0.579530110721037
0.5803402646502835
0.5812854442344045
0.5826019443694302
0.5837159060221442
0.5845260599513907
0.5857412908452606
0.5865852011882258
0.5873278422900351
0.5883742911153119
0.5893532271131515
0.5900621118012422
0.5908047529030516
0.5916486632460167
0.5924250607615447
0.5932352146907912
0.5942479071023494
0.5950243046178774
0.5961045098568728
0.5972859843370241
0.5990413178503916
0.5998852281933568
0.6009654334323521
0.6020456386713475
0.603125843910343
0.6041385363219012
0.6050837159060222
0.6060964083175804
0.6072103699702943
0.6081555495544153
0.6092019983796921
0.6101471779638131
0.6108560626519038
0.6117337294085876
0.61264515257899
0.613590332163111
0.614535511747232
0.615480691331353
0.6166284093977856
0.6178436402916554
0.6186875506346206
0.6195652173913043
0.6205441533891439
0.6216918714555766
0.6228733459357277
0.6244261409667837
0.6256076154469349
0.6261814744801513
0.6274979746151769
0.6284769106130165
0.6295908722657305
0.6309073724007561
0.6319200648123143
0.6327302187415609
0.6338441803942749
0.6346543343235215
0.6353969754253308
0.6364771806643262
0.6372873345935728
0.6383675398325682
0.6392114501755334
0.6402916554145288
0.6413043478260869
0.6421145017553335
0.642587091547394
0.643363489062922
0.6442749122333243
0.6452876046448826
0.6460977585741291
0.6470766945719687
0.6477855792600594
0.6483594382932757
0.6493046178773967
0.6499459897380502
0.6511274642182014
0.6520051309748852
0.6529503105590062
0.6536929516608155
0.6547394004860924
0.655887118552525
0.6567647853092088
0.6580137726167972
0.6591952470969484
0.6597691061301647
0.6607480421280043
0.6614906832298136
0.6625708884688091
0.6633810423980556
0.6640899270861463
0.6649338374291115
0.6657102349446394
0.6666216581150418
0.6673305428031326
0.668410748042128
0.6693221712125303
0.6701323251417769
0.6712125303807723
0.6722252227923305
0.6733729408587632
0.6741155819605725
0.6752970564407237
0.6760396975425331
0.6766810694031866
0.6776262489873076
0.678875236294896
0.6797191466378611
0.680934377531731
0.6815757493923845
0.6824196597353497
0.6830947880097219
0.6838711855252498
0.684715095868215
0.6854577369700243
0.6861328652443964
0.6872468268971105
0.6879219551714826
0.6887996219281664
0.6896435322711315
0.6903524169592222
0.6910950580610316
0.6922427761274642
0.6932554685390224
0.6943019173642992
0.6953483661895761
0.6960910072913854
0.697069943289225
0.6978125843910343
0.6989265460437483
0.7001080205238995
0.7008844180394275
0.7018633540372671
0.702470969484202
0.7033148798271671
0.7040237645152579
0.7048339184445045
0.7055428031325952
0.7064879827167162
0.7072981366459627
0.7079395085066162
0.708648393194707
0.7093235214690792
0.7100661625708885
0.7107750472589792
0.7115176883607885
0.7125303807723468
0.7131717526330003
0.713880637321091
0.7145220091817446
0.7153659195247097
0.7161085606265191
0.7170874966243587
0.717998919794761
0.7188765865514448
0.7198892789630029
0.7205644072373751
0.7213070483391845
0.7220834458547124
0.7231974075074264
0.7241425870915474
0.7249864974345126
0.7256278692951661
0.7265730488792871
0.7274507156359709
0.7284296516338105
0.7289359978395895
0.7297461517688361
0.730522549284364
0.7310964083175804
0.7320078314879828
0.7325141776937618
0.7334593572778828
0.7343370240345666
0.7354509856872806
0.7362948960302458
0.7371725627869296
0.7383877936807993
0.7395017553335134
0.7405144477450716
0.7410545503645692
0.7416959222252227
0.7423035376721577
0.7435187685660275
0.7444301917364299
0.7451728328382393
0.7457804482851742
0.7465568458007021
0.7474345125573859
0.7479071023494464
0.7486497434512558
0.7493923845530651
0.7501350256548744
0.7506413718606535
0.7518228463408048
0.7528017823386444
0.7539157439913584
0.7546583850931677
0.7552660005401026
0.7562111801242236
0.7570888468809074
0.7576627059141237
0.7585066162570888
0.759350526600054
0.7600594112881447
0.7605320010802052
0.7612071293545773
0.7619497704563867
0.7625911423170403
0.7634012962462868
0.7644815014852822
0.7652916554145288
0.7659330272751823
0.7666081555495544
0.7672157709964893
0.7680934377531731
0.7692073994058871
0.7700513097488523
0.7709964893329733
0.7718066432622198
0.7727518228463408
0.7733594382932757
0.7741695922225222
0.7751485282203618
0.7761612206319201
0.776937618147448
0.7778152849041318
0.7783216311099109
0.7790305157980016
0.7798406697272482
0.7806845800702134
0.7815960032406157
0.7824736699972995
0.7834188495814205
0.7843640291655415
0.7850729138536322
0.7860856062651904
0.7866594652984067
0.7874696192276532
0.788178503915744
0.789123683499865
0.7901363759114232
0.7908790170132325
0.7915203888738861
0.7922292735619768
0.7931744531460978
0.7939508506616257
0.7947947610045909
0.7958749662435863
0.7967863894139886
0.797697812584391
0.7986767485822306
0.7995544153389144
0.8002633000270051
0.8012084796111261
0.8017485822306238
0.8023899540912773
0.8030313259519308
0.803875236294896
0.8047529030515798
0.8053267620847961
0.8061706724277613
0.8069808263570079
0.8074196597353497
0.8082298136645962
0.8089049419389684
0.8096813394544964
0.8104577369700243
0.8111328652443964
0.8120780448285174
0.8130232244126384
0.8139008911693222
0.814778557926006
0.8153861733729408
0.8160275452335943
0.8166014042668107
0.8172765325411828
0.8178503915743991
0.8183229813664596
0.819065622468269
0.8197745071563597
0.8204833918444504
0.8215635970834458
0.8224750202538482
0.8233189305968134
0.8238927896300297
0.8248379692141506
0.8255130974885229
0.8262219821766136
0.8269983796921415
0.8280110721036997
0.8286186875506346
0.8292263029975695
0.8299689440993789
0.8307790980286255
0.8318255468539022
0.832703213610586
0.8335133675398325
0.834256008641642
0.8350999189846071
0.8358088036726978
0.836652714015663
0.8370915473940048
0.8374966243586282
0.8381717526330003
0.8387793680799351
0.8391844450445585
0.8398595733189306
0.8407372400756143
0.8412773426951121
0.8419862273832028
0.8424925735889819
0.8430664326221983
0.8436740480691332
0.8441466378611936
0.8449230353767215
0.8453281123413449
0.8461045098568728
0.8468809073724007
0.8477585741290845
0.8486362408857683
0.8493788819875776
0.85029030515798
0.8511679719146638
0.8518093437753174
0.8525857412908453
0.8535646772886849
0.8541722927356198
0.8548136645962733
0.8555900621118012
0.8567377801782339
0.8572441263840129
0.8577504725897921
0.8583243316230084
0.8589319470699432
0.859809613826627
0.860586011342155
0.8612948960302458
0.861699972994869
0.862307588441804
0.8628814474750203
0.8637253578179854
0.8644679989197948
0.865480691331353
0.8664596273291926
0.8672022684310019
0.8682487172562787
0.8693626789089927
0.870274102079395
0.871219281663516
0.8719281663516069
0.8730421280043208
0.873886038347286
0.8744598973805023
0.8752362948960303
0.8765190386173373
0.8775317310288955
0.8782743721307048
0.8787132055090467
0.8793883337834189
0.8802997569538212
0.8810761544693492
0.8817850391574399
0.8826627059141237
0.88323656494734
0.884012962462868
0.8848231163921145
0.8853969754253308
0.8858020523899541
0.8864434242506076
0.8870172832838239
0.8878611936267891
0.8885700783148798
0.8892789630029706
0.8899540912773427
0.8907642452065893
0.8917431812044289
0.8929921685120172
0.8933972454766406
0.8938360788549824
0.8945449635430732
0.8950175533351337
0.8955576559546313
0.8964015662975966
0.8968403996759384
0.8978530920874966
0.8985282203618687
0.8993046178773967
0.8998447204968945
0.900654874426141
0.9013300027005131
0.9017013232514177
0.9027140156629759
0.9034566567647853
0.9041317850391575
0.904941938968404
0.9054482851741831
0.9062921955171482
0.906832298136646
0.9075749392384553
0.9080475290305158
0.9084863624088577
0.9089589522009182
0.9094315419929787
0.9101066702673508
0.9108493113691601
0.911456926816095
0.9121658115041857
0.9127396705374021
0.9135835808803673
0.9141574399135836
0.914798811774237
0.9153051579800162
0.9158452605995139
0.916351606805293
0.9170267350796651
0.9176005941128814
0.9182082095598164
0.9189508506616257
0.9197947610045909
0.9204361328652444
0.9210437483121793
0.9217188765865515
0.9224615176883608
0.9230353767215771
0.9242843640291656
0.9247907102349446
0.9254995949230354
0.9264110180934377
0.9271874156089657
0.9276937618147448
0.9282001080205239
0.9285039157439914
0.9292465568458007
0.9300904671887659
0.9305968133945449
0.9310018903591682
0.9316095058061031
0.9322846340804752
0.932824736699973
0.9332973264920335
0.9339724547664057
0.9345800702133406
0.9355927626248988
0.9360991088306778
0.9367067242776127
0.9373143397245477
0.9380232244126384
0.9385295706184175
0.9390696732379152
0.9397110450985687
0.9406899810964083
0.9411288144747502
0.9420064812314339
0.9426478530920875
0.943120442884148
0.9437955711585201
0.944234404536862
0.9447745071563597
0.9453146097758575
0.9458209559816365
0.9463273021874156
0.9468674048069133
0.947238725357818
0.9479138536321902
0.9486227383202809
0.9489603024574669
0.9496691871455577
0.9501755333513368
0.9506143667296786
0.9514920334863624
0.9522684310018904
0.9531460977585742
0.9537199567917904
0.9543275722387253
0.9548339184445045
0.955475290305158
0.9562516878206859
0.9568593032676208
0.9574331623008372
0.9581420469889279
0.9586146367809883
0.9591547394004861
0.9596273291925466
0.9601336753983257
0.9606062651903862
0.9610450985687281
0.9616864704293816
0.9622603294625979
0.9625303807723468
0.9630029705644072
0.9634080475290305
0.9639481501485282
0.9644544963543074
0.9649608425600864
0.965433432352147
0.9656697272481771
0.9663448555225493
0.9669862273832028
0.9675600864164191
0.9680664326221983
0.9684039967593843
0.968944099378882
0.9696192276532541
0.9700918174453146
0.9707669457196867
0.9713408047529031
0.9717796381312449
0.9720834458547124
0.9725560356467728
0.9728598433702403
0.9735349716446124
0.9740750742641102
0.9747502025384823
0.9751552795031055
0.9757291385363219
0.9765730488792871
0.9773832028085336
0.9777545233594382
0.9782271131514988
0.978632190116122
0.9791385363219012
0.979577369700243
0.9801174723197408
0.9804212800432082
0.9810288954901432
0.9813327032136105
0.9817715365919525
0.9822441263840129
0.9826492033486363
0.9832568187955711
0.9837294085876317
0.9842695112071294
0.9848771266540642
0.985417229273562
0.9859910883067783
0.9865649473399946
0.9869700243046179
0.9874426140966783
0.9880502295436133
0.9885565757493924
0.9888941398865785
0.9894679989197948
0.9898055630569809
0.9901768836078855
0.9906832298136646
0.990987037537132
0.9913583580880367
0.9918647042938158
0.9924048069133136
0.9927423710504996
0.9932824736699973
0.9936875506346206
0.9940251147718067
0.9943964353227113
0.994767755873616
0.9952403456656764
0.9956791790440184
0.9959829867674859
0.9962530380772346
0.996826897110451
0.9971307048339184
0.9973332433162301
0.9977383202808534
0.9980758844180394
0.9983121793140697
0.9985147177963813
0.9987847691061301
0.9991898460707535
0.9993248717256279
0.9994598973805023
0.9996624358628139
0.9997974615176883
0.9999324871725628
1.0
