0.0015527950310559005
0.0025317310288954903
0.003341884958142047
0.00428706454226303
0.005367269781258439
0.006481231433972455
0.007426411018093438
0.008506616257088847
0.009519308668647043
0.011274642182014584
0.012692411558196058
0.013603834728598434
0.01431271941668917
0.015730488792870645
0.01745206589251958
0.01917364299216851
0.02113151498784769
0.02231298946799892
0.023663246016743182
0.02474345125573859
0.025789900081015393
0.026937618147448016
0.028017823386443423
0.02933432352146908
0.030853362138806375
0.032271131514987846
0.033520118822576286
0.03487037537132055
0.03595058061031596
0.03703078584931137
0.03878611936267891
0.040102619497704564
0.04141911963273022
0.04280313259519309
0.04374831217931407
0.04479476100459087
0.04600999189846071
0.04742776127464218
0.04800162030785849
0.049453146097758575
0.05049959492303538
0.05174858223062382
0.053065082365649476
0.05461787739670537
0.056136916014042665
0.057419659735349717
0.058769916284093976
0.06001890359168242
0.06106535241695922
0.062246826897110454
0.0634958142046989
0.06481231433972455
0.06592627599243857
0.06704023764515257
0.06801917364299216
0.069234404536862
0.07041587901701324
0.07142857142857142
0.07257628949500405
0.07483796921415069
0.07652578990008102
0.07740345665676479
0.07865244396435322
0.08017148258169052
0.08104914933837429
0.08250067512827437
0.08347961112611396
0.08435727788279773
0.08499864974345125
0.08631514987847691
0.08763165001350257
0.08881312449365379
0.08975830407777478
0.09100729138536322
0.09147988117742371
0.09232379152038887
0.09333648393194707
0.09418039427491223
0.09532811234134486
0.0961045098568728
0.09728598433702404
0.09897380502295436
0.10035781798541724
0.10133675398325682
0.10245071563597083
0.10366594652984067
0.10477990818255468
0.1058938698352687
0.10687280583310829
0.10822306238185256
0.10967458817175263
0.11092357547934108
0.11224007561436673
0.11352281933567378
0.11440048609235755
0.11527815284904132
0.11652714015662977
0.11760734539562517
0.11889008911693222
0.12007156359708344
0.12159060221442074
0.12280583310829057
0.12439238455306509
0.12564137186065352
0.12726167971914665
0.12834188495814206
0.13006346205779099
0.13148123143397245
0.1326964623278423
0.13384418039427493
0.135295706184175
0.1358695652173913
0.13698352687010532
0.13816500135025656
0.1394477450715636
0.14093302727518228
0.14248582230623819
0.1435660275452336
0.14430866864704295
0.14545638671347555
0.1467728868485012
0.14795436132865245
0.14910207939508507
0.15018228463408048
0.15156629759654333
0.1528152849041318
0.15382797731568998
0.154941938968404
0.15629219551714826
0.15727113151498784
0.15902646502835538
0.1601066702673508
0.16105184985147178
0.16189576019443694
0.16317850391574398
0.16469754253308128
0.16598028625438832
0.1669254658385093
0.16824196597353497
0.16982851741830948
0.1709424790710235
0.1719889278963003
0.17337294085876317
0.174588171752633
0.17573588981906563
0.17745746691871456
0.1782676208479611
0.17944909532811235
0.18063056980826356
0.18167701863354038
0.1828922495274102
0.18427626248987308
0.18525519848771266
0.18613286524439643
0.18734809613826628
0.18873210910072913
0.1900823656494734
0.19136510937078044
0.19278287874696193
0.19396435322711314
0.19511207129354577
0.19656359708344587
0.1973062381852552
0.19852146907912505
0.19973669997299487
0.2009519308668647
0.20274102079395084
0.20365244396435322
0.20493518768566027
0.20574534161490685
0.20672427761274642
0.20797326492033485
0.20932352146907912
0.2106737780178234
0.2122265730488793
0.21337429111531192
0.21408317580340264
0.21509586821496085
0.2169524709694842
0.21826897110450985
0.21941668917094248
0.22042938158250067
0.22188090737240077
0.22272481771536592
0.2236024844720497
0.22505401026194977
0.2256278692951661
0.22637051039697542
0.2272481771536592
0.22849716446124763
0.23011747231974075
0.23224412638401296
0.23366189576019444
0.2350121523089387
0.2360586011342155
0.2371050499594923
0.23855657574939237
0.24061571698622738
0.24199972994869026
0.24314744801512286
0.24470024304617877
0.2458479611126114
0.24760329462597894
0.24851471779638132
0.24969619227653253
0.2511814744801512
0.25226167971914665
0.253004320820956
0.25388198757763975
0.2547596543343235
0.2557385903321631
0.257122603294626
0.25840534701593304
0.2593167701863354
0.26059951390764247
0.26154469349176346
0.2627599243856333
0.26407642452065894
0.2650891169322171
0.2665068863083986
0.26789089927086146
0.26930866864704295
0.27038887388603833
0.27143532271131515
0.27258304077774775
0.2738320280853362
0.2746421820145828
0.2757561436672968
0.27710640021604105
0.2784566567647853
0.2795031055900621
0.28038077234674585
0.28129219551714824
0.2824399135835809
0.2836213880637321
0.2845665676478531
0.2857480421280043
0.2866594652984067
0.2885498244666487
0.28956251687820683
0.2909127734269511
0.29246556845800703
0.29324196597353497
0.29469349176343507
0.2959762354847421
0.2969214150688631
0.29817040237645154
0.29887928706454225
0.3001957871995679
0.30171482581690523
0.3030650823656495
0.30438158250067515
0.3053942749122333
0.30664326221982174
0.30765595463137996
0.3088711855252498
0.3108965703483662
0.31211180124223603
0.31322576289495
0.3150148528220362
0.3160275452335944
0.31754658385093165
0.31882932757223875
0.3198420199837969
0.32092222522279235
0.3217661355657575
0.3231501485282204
0.32416284093977854
0.32564812314339725
0.32679584120982985
0.32757223872535784
0.32871995679179045
0.32990143127194166
0.3310491493383743
0.33250067512827436
0.33388468809073724
0.33496489332973267
0.3361463678098839
0.3373278422900351
0.33813799621928164
0.33918444504455847
0.3404671887658655
0.3414123683499865
0.3425938428301377
0.34364029165541454
0.34505806103159603
0.34617202268431
0.3473197407507426
0.3486362408857683
0.35005401026194977
0.35120172832838237
0.3522819335673778
0.35336213880637324
0.35467863894139884
0.3559276262489873
0.3569065622468269
0.3579530110721037
0.3588981906562247
0.3606197677558736
0.3617674858223062
0.3626789089927086
0.3638941398865784
0.3651431271941669
0.36608830677828785
0.36757358898190656
0.3685862813934648
0.36959897380502293
0.37067917904401837
0.37172562786929514
0.3728058331082906
0.3738522819335674
0.3750675128274372
0.3761477180664326
0.3775654874426141
0.3786456926816095
0.3801647312989468
0.3812111801242236
0.3823588981906562
0.38364164191196326
0.3846880907372401
0.3857007831487983
0.38657844990548207
0.38762489873075884
0.38863759114231705
0.3893802322441264
0.39032541182824737
0.391641911963273
0.39329597623548473
0.3945787199567918
0.3960977585741291
0.3970091817445315
0.39832568187955714
0.3993721307048339
0.4003848231163921
0.401768836078855
0.40301782338644343
0.40403051579800164
0.4050094517958412
0.4060896570348366
0.40727113151498784
0.40875641371860655
0.410005401026195
0.41108560626519036
0.41246961922765324
0.4138873886038347
0.4148325681879557
0.4161490683229814
0.4171617607345396
0.4183432352146908
0.41938968403996757
0.4205036456926816
0.4211787739670537
0.42229273561976777
0.4235754793410748
0.424588171752633
0.4256683769916284
0.4270523899540913
0.4281663516068053
0.42948285174183093
0.4306643262219822
0.43154199297866597
0.43265595463137996
0.43366864704293817
0.4349513907642452
0.43620037807183365
0.43711180124223603
0.4381920064812314
0.4391034296516338
0.43994733999459895
0.44072373751012694
0.4416351606805293
0.44301917364299215
0.44399810964083175
0.44501080205238996
0.4462260329462598
0.44703618687550634
0.44825141776937616
0.44919659735349715
0.4503105590062112
0.45162705914123685
0.4525047258979206
0.45317985417229273
0.4541250337564137
0.45534026465028354
0.4562516878206859
0.45729813664596275
0.4582770726438023
0.45898595733189307
0.46013367539832567
0.4611801242236025
0.46253038077234676
0.46347556035646775
0.4643532271131515
0.4652308938698353
0.46600729138536323
0.4665811504185795
0.4673237915203889
0.4682689711045099
0.4696867404806913
0.47080070213340536
0.472117202268431
0.47356872805833106
0.47458142046988927
0.4755941128814475
0.4770456386713476
0.4779908182554685
0.4787672157709965
0.47974615176883606
0.48069133135295705
0.4815689981096408
0.4829192546583851
0.48372940858763164
0.48467458817175263
0.4857885498244667
0.48710504995949233
0.48832028085336215
0.4891304347826087
0.4900418579530111
0.49061571698622736
0.4916959222252228
0.4927761274642182
0.4938563327032136
0.49463273021874155
0.4954766405617067
0.496995679179044
0.4983121793140697
0.49979746151768834
0.5009789359978396
0.5017215770996489
0.5028017823386444
0.5034769106130165
0.5045571158520119
0.5055360518498515
0.5065825006751282
0.5072576289495004
0.5087091547394005
0.5097893599783959
0.5106332703213611
0.5115784499054821
0.5125911423170403
0.5137051039697542
0.5147853092087497
0.5157980016203079
0.5168782068593033
0.5178908992708615
0.5187010532001081
0.5195112071293546
0.5205914123683499
0.5214353227113151
0.5225492843640291
0.523764515257899
0.5251485282203618
0.5261949770456387
0.5273426951120713
0.5285241695922225
0.5296043748312179
0.5303470159330272
0.5314947339994599
0.5325411828247367
0.5334863624088577
0.5344652984066973
0.5354779908182554
0.5362543883337835
0.5373008371590602
0.5383810423980556
0.5390224142587091
0.5402714015662976
0.541351606805293
0.5424318120442884
0.5434445044558466
0.5447272481771537
0.5458749662435863
0.5468876586551444
0.5481704023764515
0.5489805563056981
0.5497907102349446
0.5505671077504726
0.5515122873345936
0.5526600054010262
0.5536726978125844
0.5543478260869565
0.5553605184985148
0.5562044288414799
0.5569470699432892
0.5578584931136916
0.5587024034566568
0.5595463137996219
0.5604239805563057
0.5612678908992709
0.5618755063462058
0.5628544423440454
0.5637658655144477
0.5642722117202268
0.5651161220631921
0.5658250067512828
0.5665338914393735
0.5671415068863084
0.5683229813664596
0.5688630839859573
0.5696732379152039
0.5706184174993248
0.5717998919794761
0.5731839049419389
0.5741628409397785
0.5751755333513368
0.5760532001080205
0.5770321361058601
0.5779098028625439
0.5787537132055091
0.5794625978935998
0.5802389954091277
0.5812516878206859
0.5820955981636511
0.5829732649203349
0.5839859573318931
0.5850324061571699
0.5859100729138537
0.5870577909802862
0.5878341884958143
0.5886443424250608
0.5894207399405887
0.5902984066972725
0.5914123683499865
0.5921212530380773
0.593167701863354
0.5938428301377262
0.5951930866864704
0.596003240615717
0.596948420199838
0.5976573048879287
0.5987712665406427
0.5995814204698893
0.6003578179854172
0.6011004590872265
0.6018431001890359
0.6027545233594382
0.6039697542533081
0.6046786389413988
0.6054887928706454
0.6062989467998919
0.6073116392114501
0.6079530110721038
0.608864434242506
0.6093707804482852
0.6101809343775317
0.6109235754793411
0.6120712935457737
0.6132527680259249
0.6141979476100459
0.6151093707804483
0.6158520118822576
0.61676343505266
0.6178436402916554
0.6189238455306508
0.6200040507696463
0.6210504995949231
0.6220969484201998
0.6228733459357277
0.6239535511747232
0.625
0.625945179584121
0.6266878206859303
0.6278017823386444
0.6289495004050769
0.6301647312989468
0.6308736159870375
0.6320213340534702
0.6327639751552795
0.633405347015933
0.6342155009451795
0.6348906292195517
0.635464488252768
0.6365109370780448
0.637692411558196
0.6385363219011613
0.6393127194166892
0.640696732379152
0.6420469889278962
0.64292465568458
0.6438023224412638
0.644983796921415
0.6457939508506616
0.6470091817445315
0.6482581690521199
0.6493383742911153
0.6503173102889549
0.6508574129084526
0.6517350796651363
0.6530178233864434
0.6541317850391575
0.6551782338644342
0.6559546313799622
0.6565284904131785
0.6573386443424251
0.6583850931677019
0.6589251957871995
0.6599041317850391
0.6606467728868485
0.6616932217121253
0.6627734269511207
0.6638536321901162
0.6646975425330813
0.6656089657034837
0.6662840939778558
0.6668917094247907
0.668241965973535
0.6691196327302188
0.6697272481771537
0.6704361328652444
0.6712125303807723
0.6717188765865515
0.672697812584391
0.6735079665136376
0.6743856332703214
0.6755671077504726
0.6769511207129355
0.6778287874696193
0.6788077234674588
0.6796853902241425
0.6805293005671077
0.6813394544963544
0.6821833648393195
0.6830610315960033
0.6837024034566568
0.6844450445584661
0.6854577369700243
0.6861328652443964
0.6873818525519849
0.6881582500675129
0.689002160410478
0.6898798271671618
0.6909600324061572
0.6920402376451525
0.6927828787469619
0.6935592762624899
0.6942681609505806
0.695179584120983
0.6963273021874156
0.6973062381852552
0.6981163921145017
0.6987240075614367
0.6991965973534972
0.7001417769376181
0.7011207129354577
0.702133405347016
0.7030448285174183
0.7039562516878207
0.7047664056170673
0.7057453416149069
0.7066567647853093
0.7076019443694302
0.7085471239535511
0.7096610856062652
0.7104374831217931
0.7107750472589792
0.7115852011882258
0.7125303807723468
0.713543073183905
0.7144207399405887
0.7151296246286795
0.7158047529030516
0.7165136375911423
0.7174250607615447
0.7178638941398866
0.7189103429651634
0.7195517148258169
0.7203956251687821
0.7212395355117472
0.7218809073724007
0.7229611126113962
0.7238725357817986
0.7247502025384823
0.725459087226573
0.7264380232244126
0.7273832028085336
0.7282608695652174
0.7288347285984337
0.7296111261139616
0.7306238185255198
0.7315014852822036
0.7325141776937618
0.7333918444504456
0.7342695112071294
0.7350796651363759
0.7358560626519038
0.7366324601674318
0.7371725627869296
0.7383202808533621
0.7393329732649203
0.7405482041587902
0.7412908452605995
0.7422022684310019
0.7430461787739671
0.7438900891169322
0.744767755873616
0.7456791790440184
0.746826897110451
0.7477383202808534
0.748886038347286
0.7495274102079396
0.7502025384823117
0.7509114231704024
0.7515865514447745
0.7522954361328652
0.7531393464758304
0.7538482311639212
0.7547596543343236
0.7556035646772887
0.7566500135025654
0.7577302187415609
0.7583715906022144
0.7591479881177424
0.7600256548744262
0.7607682959762355
0.7615446934917635
0.7619160140426681
0.7626586551444775
0.7635025654874427
0.7645490143127194
0.7654604374831218
0.7662030785849311
0.7666756683769916
0.7673507966513637
0.7681947069943289
0.7688360788549824
0.7692411558196057
0.769983796921415
0.7708614636780988
0.7719416689170943
0.7732581690521199
0.7740008101539293
0.7743046178773967
0.7746421820145828
0.7753173102889549
0.7760937078044828
0.7768025924925736
0.7778152849041318
0.7784904131785039
0.7792668106940319
0.7802119902781528
0.780887118552525
0.7815622468268971
0.7823386443424251
0.783115041857953
0.7839927086146368
0.7848703753713205
0.7854104779908182
0.7864231704023764
0.7871658115041857
0.7878071833648393
0.7884823116392115
0.7892587091547394
0.7900013502565487
0.7907777477720767
0.7915541452876046
0.7926005941128814
0.7936132865244396
0.7945584661085606
0.7954361328652444
0.7963137996219282
0.797360248447205
0.7983729408587632
0.7992168512017284
0.8002295436132866
0.8008709154739401
0.8016135565757494
0.8023561976775587
0.802930056710775
0.8034364029165542
0.804482851741831
0.8050904671887659
0.805934377531731
0.8073859033216311
0.8082973264920335
0.8090399675938428
0.8100189035916824
0.8113016473129895
0.8117742371050499
0.8125506346205779
0.8135295706184175
0.8146772886848501
0.8155549554415339
0.8163651093707804
0.8172090197137456
0.8183567377801783
0.8191668917094248
0.8198420199837969
0.8205509046718876
0.8213948150148528
0.8222049689440993
0.8231839049419389
0.824297866594653
0.8251417769376181
0.8259519308668647
0.8269646232784229
0.827639751552795
0.8283486362408857
0.8290575209289766
0.8297326492033487
0.8303402646502835
0.8312179314069673
0.8320280853362139
0.8328382392654604
0.8335471239535511
0.8344585471239535
0.8352687010532001
0.8359100729138537
0.8367539832568188
0.8375641371860654
0.8384080475290305
0.8390156629759654
0.8398595733189306
0.8406359708344585
0.8414461247637051
0.8420537402106401
0.8425938428301377
0.8432352146907912
0.8438090737240076
0.8443829327572239
0.845058061031596
0.8459357277882797
0.8466783688900891
0.8475897920604915
0.8481636510937078
0.849007561436673
0.8497164461247637
0.8503915743991358
0.8509654334323521
0.8517755873615988
0.852349446394815
0.8532271131514988
0.8538347285984337
0.854577369700243
0.8553200108020524
0.8560288954901432
0.8567715365919525
0.8574466648663246
0.8582905752092898
0.8589657034836619
0.8594382932757224
0.8599783958952201
0.8604847421009992
0.8618349986497434
0.8627126654064272
0.8634215500945179
0.8640291655414529
0.8648393194706995
0.865649473399946
0.8661895760194437
0.8666959222252227
0.8676073453956251
0.8683837429111532
0.8690251147718067
0.8695314609775857
0.8701728328382393
0.8708479611126114
0.8712867944909533
0.8722319740750742
0.8730083715906022
0.8740210640021604
0.8747974615176883
0.8754725897920604
0.8762152308938699
0.876890359168242
0.8775992438563327
0.8783756413718606
0.8789495004050769
0.8798271671617607
0.8807385903321631
0.8811436672967864
0.8817512827437213
0.8827302187415609
0.8835403726708074
0.8840467188765866
0.8847893599783959
0.8856332703213611
0.8862071293545773
0.8866797191466379
0.88735484742101
0.8880637321091007
0.8888738860383473
0.8895152578990008
0.8902578990008102
0.8907980016203079
0.8918444504455847
0.8925533351336754
0.8935997839589522
0.8946124763705104
0.8952200918174453
0.8960640021604105
0.8966378611936268
0.8970429381582501
0.897650553605185
0.8982919254658385
0.8987982716716176
0.8992708614636781
0.8997434512557386
0.9004523359438293
0.9010261949770456
0.9016338104239806
0.9024102079395085
0.9031190926275993
0.9039292465568458
0.9047394004860924
0.905718336483932
0.906224682689711
0.9069673237915203
0.9077437213070484
0.9084188495814205
0.9089589522009182
0.9095328112341344
0.910174183094788
0.9110518498514718
0.9116594652984067
0.9125033756413718
0.9130772346745881
0.9136848501215231
0.9142587091547394
0.9153051579800162
0.9160477990818255
0.9168579530110721
0.9173642992168513
0.9181069403186606
0.9190858763165002
0.9198285174183095
0.9205374021064002
0.9213813124493654
0.9219551714825817
0.9224615176883608
0.9230353767215771
0.9236092357547934
0.9241493383742911
0.9244869025114771
0.9250945179584121
0.9257358898190656
0.9264110180934377
0.9271874156089657
0.9276262489873076
0.92853767215771
0.9292465568458007
0.9300229543613286
0.9307993518768566
0.931373210910073
0.9320820955981637
0.9325884418039427
0.9332298136645962
0.9338711855252498
0.9344450445584661
0.9349513907642452
0.9355927626248988
0.9363354037267081
0.9370105320010802
0.9376519038617337
0.9382932757223873
0.9389684039967594
0.9395085066162571
0.9399810964083176
0.9406562246826897
0.9411625708884688
0.9417701863354038
0.9423102889549014
0.943120442884148
0.9440993788819876
0.9447745071563597
0.945517148258169
0.9460234944639482
0.9467661355657575
0.9471374561166621
0.9479138536321902
0.9484201998379692
0.9490615716986227
0.949804212800432
0.9504793410748043
0.951188225762895
0.9517958412098299
0.9522684310018904
0.9530110721036997
0.9533823926546043
0.9540912773426952
0.9545638671347556
0.9551039697542533
0.955475290305158
0.9561166621658115
0.9565554955441534
0.9571293545773697
0.9577707264380232
0.9584120982986768
0.9587496624358628
0.959593572778828
0.9600999189846071
0.9605387523629489
0.9609100729138537
0.9613151498784769
0.9618890089116933
0.9624628679449095
0.9629692141506886
0.963543073183905
0.9640156629759654
0.9646907912503375
0.9652984066972725
0.9659060221442074
0.9663786119362678
0.9665136375911423
0.9668512017283284
0.9671550094517959
0.967830137726168
0.9683027275182284
0.9689778557926005
0.9694504455846611
0.9697542533081286
0.9701930866864704
0.9706994328922496
0.9713408047529031
0.9717796381312449
0.9722522279233055
0.9727585741290845
0.9731636510937078
0.9735687280583311
0.9739738050229544
0.9746151768836079
0.9751890359168242
0.9756616257088847
0.9761679719146638
0.9768768566027545
0.9775182284634081
0.9778895490143127
0.9782271131514988
0.9787672157709965
0.9792060491493384
0.9799824466648663
0.980522549284364
0.9811976775587362
0.9817715365919525
0.98207534431542
0.9826492033486363
0.9829530110721038
0.9833243316230084
0.9837969214150689
0.9845395625168782
0.9850796651363759
0.985417229273562
0.9857885498244666
0.9860923575479341
0.9866662165811504
0.9870375371320551
0.9874426140966783
0.9880164731298947
0.9883877936807993
0.9888941398865785
0.9892992168512017
0.9898730758844181
0.9906157169862274
0.9910883067782879
0.9915271401566298
0.9919997299486902
0.9926411018093437
0.9930124223602484
0.9935187685660275
0.9940926275992439
0.9944977045638671
0.9948690251147718
0.9952065892519578
0.9960167431812045
0.9962867944909533
0.9965230893869835
0.9972657304887929
0.9976370510396976
0.9980083715906022
0.9983796921415069
0.9985822306238186
0.9990210640021604
0.9992573588981907
0.9995611666216582
0.9996286794490953
0.9998987307588442
1.0
1.0
1.0
