0.0007426411018093438
0.0016203078584931137
0.0028692951660815556
0.003949500405076965
0.0053335133675398326
0.006447475020253848
0.008506616257088847
0.009654334323521469
0.010261949770456387
0.011578449905482041
0.01286119362678909
0.014413988657844991
0.015359168241965973
0.016979476100459086
0.018093437753173104
0.019139886578449904
0.020793950850661626
0.022177963813124493
0.023798271671617608
0.025114771806643264
0.02680259249257359
0.027578990008101538
0.02913178503915744
0.03017823386443424
0.03132595193086687
0.032271131514987846
0.033520118822576286
0.03422900351066702
0.03527545233594383
0.03642317040237645
0.03733459357277883
0.03844855522549284
0.04013637591142317
0.041250337564137186
0.042364299216851205
0.043208209559816364
0.04415338914393735
0.04567242776127464
0.047090197137456116
0.04786659465298407
0.049554415338914394
0.050803402646502835
0.05174858223062382
0.05323386443424251
0.05448285174183095
0.05563056980826357
0.0568120442884148
0.057622198217661354
0.05856737780178234
0.05981636510937078
0.06069403186605455
0.06217931406967324
0.06322576289495004
0.06396840399675939
0.06521739130434782
0.06629759654334323
0.06768160950580611
0.0692006481231434
0.07061841749932488
0.07169862273832028
0.07277882797731569
0.07355522549284364
0.07527680259249257
0.07676208479611125
0.0785174183094788
0.07996894409937888
0.08142046988927897
0.08260194436943019
0.0836821496084256
0.08530245746691871
0.08651768836078855
0.08820550904671888
0.08958952200918174
0.09060221442073994
0.09185120172832838
0.09306643262219821
0.0939778557926006
0.09502430461787739
0.09667836889008911
0.09772481771536592
0.09944639481501485
0.10116797191466378
0.1027882797731569
0.10369970294355928
0.10504995949230354
0.1069403186605455
0.10829057520928977
0.10984337024034567
0.11092357547934108
0.11254388333783419
0.11413043478260869
0.11645962732919254
0.11855252497974615
0.11949770456386713
0.12064542263029976
0.12223197407507426
0.12310964083175803
0.12439238455306509
0.12513502565487442
0.12685660275452337
0.12830812854442344
0.13006346205779099
0.13137996219281664
0.13306778287874696
0.13475560356467728
0.13630839859573318
0.13725357817985417
0.1385025654874426
0.1395490143127194
0.140527950310559
0.14160815554955442
0.14248582230623819
0.14332973264920335
0.1445449635430732
0.1452538482311639
0.14636780988387793
0.1477180664326222
0.14859573318930597
0.14957466918714557
0.1507899000810154
0.15200513097488522
0.1528152849041318
0.15382797731568998
0.1554145287604645
0.157001080205239
0.15889143937348096
0.1606130164731299
0.16152443964353227
0.16257088846880907
0.16351606805293006
0.16415743991358359
0.165237645152579
0.16604779908182554
0.16699297866594653
0.1678706454226303
0.16864704293815824
0.17013232514177692
0.17138131244936539
0.1724952741020794
0.1735754793410748
0.17539832568187955
0.17684985147177965
0.1781663516068053
0.17965163381042398
0.18096813394544964
0.1817782878746962
0.18312854442344045
0.18407372400756145
0.18515392924655685
0.18626789089927087
0.18734809613826628
0.18819200648123144
0.18913718606535243
0.19018363489062923
0.1916351606805293
0.1926816095058061
0.19389684039967595
0.19494328922495274
0.1962260329462598
0.19757628949500405
0.19916284093977857
0.2005130974885228
0.20159330272751824
0.20277477720766945
0.20446259789359977
0.20567782878746962
0.2071293545773697
0.20834458547123955
0.20945854712395356
0.21013367539832567
0.21107885498244666
0.2117539832568188
0.21310423980556306
0.21411693221712125
0.21536591952470968
0.21681744531460978
0.21830272751822846
0.21951795841209829
0.22076694571968675
0.22177963813124493
0.22289359978395895
0.22410883067782877
0.2247164461247637
0.22606670267350798
0.22694436943019175
0.22805833108290574
0.2289359978395895
0.23069133135295705
0.23254793410748043
0.23349311369160142
0.23464083175803402
0.23700378071833647
0.23842155009451796
0.2396030245746692
0.240649473399946
0.24193221712125304
0.24304617877396706
0.24456521739130435
0.24571293545773698
0.2464555765595463
0.2473669997299487
0.24881852551984876
0.25016878206859305
0.2514515257899001
0.2525317310288955
0.2535106670267351
0.25486092357547935
0.25600864164191195
0.2573251417769376
0.2582028085336214
0.25894544963543076
0.2601944369430192
0.2613083985957332
0.26262489873075884
0.26411018093437755
0.26529165541452876
0.2670132325141777
0.2680596813394545
0.2690723737510127
0.27022009181744533
0.27146907912503376
0.27285309208749664
0.2738995409127734
0.27497974615176884
0.2760599513907642
0.276937618147448
0.2777477720766946
0.27946934917634353
0.2804482851741831
0.2815622468268971
0.2822036186875506
0.2833513367539833
0.28439778557926004
0.2856805293005671
0.2866257088846881
0.28804347826086957
0.28919119632730217
0.29040642722117205
0.2914866324601674
0.2928031325951931
0.2938495814204699
0.2952335943829328
0.2961787739670537
0.2971239535511747
0.2981366459627329
0.29985822306238186
0.30087091547394007
0.3020523899540913
0.3032001080205239
0.30431406967323793
0.3053267620847961
0.3063732109100729
0.3074871725627869
0.3084661085606265
0.30927626248987306
0.31069403186605454
0.31211180124223603
0.3133945449635431
0.31430596813394546
0.31521739130434784
0.3160950580610316
0.31683769916284094
0.31798541722927354
0.319403186605455
0.3201120712935458
0.3207196867404807
0.32139481501485284
0.3227113151498785
0.32369025114771804
0.3249729948690251
0.32568187955711586
0.3269646232784229
0.3285174183094788
0.3297664056170672
0.33084661085606265
0.33196057250877664
0.3330407777477721
0.3344923035376722
0.3361126113961653
0.3369227653254118
0.33796921415068865
0.33864434242506075
0.3397245476640562
0.34070348366189573
0.34168241965973534
0.3428638941398866
0.34377531731028893
0.34482176613556575
0.3456656764785309
0.34694842019983796
0.3477585741290845
0.34880502295436133
0.3496826897110451
0.3505941128814475
0.3516068052930057
0.35288954901431274
0.35407102349446395
0.3554212800432082
0.35619767755873616
0.3574804212800432
0.3584256008641642
0.359640831758034
0.3603159600324062
0.3612948960302457
0.362476370510397
0.3641979476100459
0.3653456656764785
0.36645962732919257
0.367877396705374
0.36922765325411827
0.3702403456656765
0.37152308938698353
0.37256953821226035
0.3737847691061302
0.37516878206859305
0.3761814744801512
0.37726167971914665
0.37817310288954903
0.3790845260599514
0.38002970564407235
0.3812111801242236
0.38252768025924927
0.3833378341884958
0.3842830137726168
0.3852281933567378
0.3863083985957332
0.38735484742101
0.3887051039697543
0.38981906562246826
0.3908992708614637
0.3920469889278963
0.3931947069943289
0.39451120712935456
0.39559141236835
0.396705374021064
0.3976843100189036
0.3991358358088037
0.40051984877126656
0.4019038617337294
0.40278152849041315
0.40376046448825276
0.40477315689981097
0.40592087496624357
0.4068998109640832
0.40801377261679717
0.40919524709694843
0.4100729138536322
0.411288144747502
0.41196327302187413
0.413178503915744
0.41415743991358356
0.4153051579800162
0.4163178503915744
0.41722927356197675
0.4179044018363489
0.41938968403996757
0.4204023764515258
0.4211450175533351
0.42225897920604916
0.42320415879017015
0.42435187685660275
0.4256008641641912
0.4266135565757494
0.427592492573589
0.42894274912233327
0.42998919794761004
0.4311369160140427
0.432048339184445
0.43316230083715906
0.4342087496624359
0.4353227113151499
0.43620037807183365
0.43738185255198486
0.4385295706184175
0.4395760194436943
0.44048744261409667
0.4416351606805293
0.44288414798811776
0.4437280583310829
0.4448082635700783
0.44588846880907373
0.4472049689440994
0.4486227383202809
0.4497704563867135
0.4510194436943019
0.4519646232784229
0.4531460977585741
0.45419254658385094
0.45561031596003243
0.45652173913043476
0.45743316230083714
0.4587159060221442
0.4597285984337024
0.46053875236294894
0.4616189576019444
0.46293545773697004
0.46391439373480964
0.46462327842290035
0.4654334323521469
0.4663448555225493
0.4673913043478261
0.46880907372400754
0.4699230353767216
0.47076694571968675
0.4720496894409938
0.4727923305428031
0.4739400486092358
0.47525654874426143
0.4761342155009452
0.47714690791250336
0.4783283823926546
0.4793073183904942
0.4801174723197407
0.4809276262489873
0.4819403186605455
0.48264920334863626
0.4836618957601944
0.4848096138266271
0.48592357547934106
0.4870375371320551
0.4879489603024575
0.48896165271401565
0.48970429381582503
0.49064947339994597
0.49159465298406696
0.4926748582230624
0.49355252497974617
0.49463273021874155
0.49567917904401837
0.49729948690251147
0.49871725627869296
0.49983121793140695
0.5007763975155279
0.5019241155819606
0.5027680259249258
0.5039495004050769
0.5046921415068863
0.5058061031596003
0.5069538212260329
0.5079665136375912
0.5088104239805563
0.5098906292195517
0.5108020523899541
0.5118147448015122
0.5128274372130704
0.51380637321091
0.5150553605184985
0.5162368349986497
0.5174858223062382
0.5183972454766406
0.5193761814744802
0.5201525789900081
0.5206926816095058
0.5218066432622198
0.5227180664326222
0.5238657844990549
0.5247772076694572
0.5257561436672968
0.5268363489062922
0.5284904131785039
0.5297394004860924
0.5306845800702134
0.5314272211720227
0.5321361058601134
0.5332500675128274
0.5343977855792601
0.5353092087496625
0.5360518498514718
0.5370982986767486
0.5381109910883067
0.5393262219821766
0.5400688630839859
0.5411490683229814
0.5419592222522279
0.5428368890089117
0.5443221712125303
0.5456049149338374
0.5463813124493654
0.5474615176883608
0.5485754793410748
0.5493856332703214
0.550533351336754
0.551647312989468
0.5523899540912773
0.5534701593302728
0.5543140696732379
0.5552592492573589
0.5565082365649473
0.5573183904941938
0.5582298136645962
0.5590737240075614
0.5601201728328382
0.5612678908992709
0.5626181474480151
0.5637658655144477
0.5647448015122873
0.565723737510127
0.5668714555765595
0.5680529300567108
0.5690318660545504
0.5704496354307318
0.5716986227383203
0.5730826357007831
0.5742303537672158
0.5753780718336484
0.5764582770726439
0.5771671617607346
0.5781123413448556
0.5789562516878207
0.5799689440993789
0.5806103159600324
0.5816905211990279
0.5826357007831487
0.5836146367809883
0.5848298676748582
0.5858088036726978
0.5865514447745072
0.5880367269781258
0.5888131244936538
0.5896907912503375
0.5906359708344585
0.5920199837969214
0.5927626248987308
0.5939778557926005
0.5948555225492843
0.5959694842019984
0.5967796381312449
0.5977923305428031
0.5987375101269241
0.5996826897110451
0.6007966513637591
0.6018093437753174
0.6026194977045639
0.6034971644612477
0.6044761004590872
0.605522549284364
0.6065352416959222
0.607581690521199
0.6086281393464759
0.6097083445854712
0.6104509856872806
0.611699972994869
0.612813934647583
0.6139954091277343
0.6148730758844181
0.6158520118822576
0.6167296786389413
0.617877396705374
0.6186200378071833
0.6194977045638671
0.6206116662165811
0.621826897110451
0.6227383202808534
0.6236497434512558
0.624493653794221
0.6254725897920604
0.6264515257899
0.6274304617877396
0.6279705644072374
0.6289495004050769
0.630063462057791
0.6309411288144747
0.6318525519848771
0.6329665136375912
0.6336416419119633
0.6348906292195517
0.6354982446664866
0.6364771806643262
0.6372873345935728
0.638300027005131
0.6391776937618148
0.6398865784499055
0.6408655144477451
0.6417769376181475
0.6428233864434243
0.6434985147177964
0.644815014852822
0.6460302457466919
0.6469416689170943
0.6478868485012153
0.6488320280853362
0.6498784769106131
0.6507223872535782
0.651600054010262
0.6523764515257899
0.6533216311099109
0.6540642722117203
0.6549081825546854
0.6555833108290575
0.6563259519308668
0.6571023494463948
0.6580137726167972
0.6587564137186065
0.6597353497164461
0.660511747231974
0.6611531190926276
0.6618282473669997
0.6625371320550905
0.6633810423980556
0.6646300297056441
0.665743991358358
0.6667566837699163
0.6676343505266
0.6684445044558466
0.6692209019713745
0.669963543073184
0.6709087226573048
0.6717526330002701
0.6727990818255468
0.6737442614096678
0.6746556845800702
0.6752970564407237
0.6762084796111261
0.6770186335403726
0.677930056710775
0.6790102619497704
0.6798879287064542
0.6809681339454496
0.6819808263570079
0.6826221982176613
0.6830610315960033
0.6839386983526871
0.6848501215230894
0.6855927626248988
0.6865041857953011
0.6873143397245477
0.688056980826357
0.6887996219281664
0.6895760194436943
0.6904199297866594
0.6914663786119363
0.6924115581960573
0.693120442884148
0.6938968403996759
0.6947745071563597
0.6955846610856062
0.696124763705104
0.6968674048069133
0.6977113151498785
0.6986902511477181
0.6995679179044019
0.7003780718336484
0.7013232514177694
0.7023697002430461
0.7033823926546043
0.7042263029975695
0.7049351876856603
0.7057790980286255
0.7064879827167162
0.7073318930596814
0.7081758034026465
0.7089522009181745
0.7097961112611396
0.7107412908452606
0.7115852011882258
0.7126316500135026
0.7136443424250608
0.7145557655954632
0.715433432352147
0.7162435862813935
0.7171887658655145
0.717830137726168
0.7186402916554145
0.7194166891709425
0.7203281123413449
0.7211045098568728
0.7216446124763705
0.7227248177153659
0.7238725357817986
0.7246151768836079
0.7254928436402917
0.7264380232244126
0.7277882797731569
0.7285646772886849
0.7293748312179315
0.730016203078585
0.7309276262489873
0.7318728058331083
0.7328179854172293
0.7334256008641642
0.7345058061031596
0.735248447204969
0.7360586011342155
0.7370037807183365
0.7375438833378342
0.7384553065082365
0.7393667296786389
0.7403456656764785
0.7416284093977856
0.7424048069133136
0.743316230083716
0.7439238455306508
0.744936537942209
0.7457804482851742
0.7465230893869835
0.7480758844180394
0.7491898460707535
0.7497637051039697
0.7504388333783418
0.7513502565487442
0.7521266540642723
0.753173102889549
0.7542195517148258
0.755063462057791
0.7554347826086957
0.756177423710505
0.7568525519848771
0.7576964623278423
0.758405347015933
0.7590804752903052
0.7596880907372401
0.7605320010802052
0.7611396165271401
0.7620847961112611
0.7627599243856332
0.7635700783148798
0.7643464758304078
0.7651228733459358
0.7660005401026195
0.7670132325141777
0.767587091547394
0.768869835268701
0.7697475020253848
0.7708277072643802
0.7715028355387523
0.772650553605185
0.7734607075344315
0.7744396435322711
0.7751485282203618
0.7761274642182014
0.7770051309748852
0.777882797731569
0.77882797731569
0.7798406697272482
0.7807520928976506
0.7814609775857413
0.782169862273832
0.7830812854442344
0.7836889008911693
0.7846678368890089
0.7854779908182554
0.7862206319200649
0.7871658115041857
0.7879422090197138
0.7887186065352417
0.7894950040507697
0.7903726708074534
0.791351606805293
0.7920267350796651
0.7928706454226303
0.7939170942479071
0.7948960302457467
0.7958074534161491
0.7964825816905212
0.7970226843100189
0.7983391844450446
0.7993856332703214
0.7998582230623819
0.8008709154739401
0.8017148258169052
0.8024574669187146
0.8032676208479611
0.8039427491223332
0.8045841209829868
0.8052592492573589
0.8057318390494194
0.8066770186335404
0.8074534161490683
0.8084998649743451
0.809276262489873
0.8099851471779638
0.8108628139346475
0.8117067242776127
0.8125506346205779
0.8132932757223873
0.8139008911693222
0.8145085066162571
0.8151161220631921
0.8156899810964083
0.8165001350256549
0.8173778017823387
0.8184917634350527
0.8190993788819876
0.8198420199837969
0.8206184174993248
0.8212260329462598
0.8219349176343506
0.8226438023224413
0.823352687010532
0.8240615716986227
0.8248379692141506
0.825411828247367
0.8262557385903322
0.8270658925195787
0.8278085336213881
0.8289224952741021
0.82969889278963
0.8302727518228463
0.8309478800972184
0.831589251957872
0.8326019443694302
0.8336146367809883
0.8344247907102349
0.8349311369160141
0.8355725087766676
0.8360788549824467
0.8367539832568188
0.8374291115311909
0.838104239805563
0.8389481501485282
0.8398595733189306
0.8405347015933027
0.8412773426951121
0.8416486632460167
0.8422900351066702
0.842830137726168
0.843336483931947
0.8438765865514448
0.844281663516068
0.8453956251687821
0.8460369970294356
0.8467458817175263
0.8472522279233055
0.8480286254388334
0.8486699972994869
0.8495814204698893
0.8503240615716986
0.8513029975695382
0.8523156899810964
0.8532271131514988
0.8538347285984337
0.8547461517688361
0.8557926005941129
0.8565014852822036
0.8571091007291385
0.8576154469349176
0.8583243316230084
0.8591007291385363
0.859809613826627
0.8606872805833108
0.8610586011342155
0.861868755063462
0.8622400756143668
0.8629827167161761
0.8639278963002971
0.8647718066432623
0.865480691331353
0.8663246016743181
0.8674385633270322
0.8683499864974346
0.8690251147718067
0.869767755873616
0.8705103969754253
0.8711855252497974
0.8717931406967324
0.8725695382122604
0.8731771536591952
0.873886038347286
0.8748649743451256
0.875945179584121
0.8764177693761814
0.8770253848231164
0.8777005130974885
0.8785106670267351
0.8794558466108561
0.8801647312989468
0.8806373210910073
0.8813462057790981
0.8820888468809074
0.8825276802592492
0.88323656494734
0.8839454496354308
0.8846205779098029
0.8851944369430191
0.8859708344585471
0.8864771806643262
0.8872198217661356
0.8884012962462868
0.8893464758304078
0.8898865784499055
0.8904604374831218
0.8908992708614637
0.8915406427221172
0.8922495274102079
0.8931271941668917
0.8940723737510127
0.8949162840939778
0.8955576559546313
0.8963340534701594
0.896705374021064
0.8973467458817175
0.897819335673778
0.8984607075344315
0.8993046178773967
0.8998447204968945
0.900486092357548
0.9011949770456387
0.9018701053200108
0.9029503105590062
0.9035241695922225
0.9040642722117203
0.9046718876586551
0.9051444774507157
0.9056508236564947
0.9065622468268971
0.9073724007561437
0.9083513367539833
0.9091277342695112
0.9098366189576019
0.9105455036456926
0.9112543883337835
0.9117269781258439
0.9125371320550905
0.9130772346745881
0.9136848501215231
0.9142587091547394
0.9151026194977046
0.9155414528760465
0.9159465298406697
0.9164191196327303
0.9169254658385093
0.9176005941128814
0.918410748042128
0.9191533891439373
0.9197272481771537
0.9202673507966513
0.9211112611396165
0.9216513637591143
0.9224277612746422
0.9230691331352957
0.9238792870645423
0.9245206589251957
0.9252295436132866
0.9256008641641912
0.9261409667836888
0.9267148258169052
0.9274912233324332
0.9281663516068053
0.9287739670537402
0.9293815825006752
0.9301579800162031
0.9309006211180124
0.9318458007021334
0.9325209289765055
0.9329597623548475
0.9335673778017823
0.9341749932487172
0.9347488522819336
0.9352551984877127
0.9358290575209289
0.9364029165541453
0.937111801242236
0.9379894679989198
0.9387321091007291
0.9393734809613826
0.9397448015122873
0.9406224682689711
0.9414326221982177
0.9420402376451525
0.9425128274372131
0.943120442884148
0.9435592762624899
0.9439981096408318
0.9448420199837969
0.9453821226032946
0.9459897380502296
0.94646232784229
0.947069943289225
0.9478463408047529
0.948521469079125
0.9490953281123413
0.9496016743181205
0.9501080205238995
0.9507156359708344
0.9513232514177694
0.9518633540372671
0.9520996489332973
0.9526735079665136
0.9530448285174183
0.9536524439643532
0.9542938158250067
0.9552052389954091
0.9560153929246556
0.9566567647853093
0.9572643802322441
0.9577707264380232
0.9583445854712396
0.9587496624358628
0.9593910342965163
0.9600999189846071
0.9605049959492303
0.9611801242236024
0.9617202268431002
0.9623953551174723
0.9628341884958143
0.9633067782878747
0.9638468809073724
0.9642857142857143
0.9649270861463678
0.965433432352147
0.9661085606265191
0.9665811504185795
0.9670199837969214
0.9676951120712936
0.9683027275182284
0.9688090737240076
0.9694842019983797
0.9699905482041588
0.970665676478531
0.9712057790980286
0.9715770996489334
0.9720496894409938
0.9726573048879287
0.973062381852552
0.9734674588171752
0.9740750742641102
0.9746151768836079
0.9750540102619498
0.9755266000540103
0.9761004590872265
0.9766068052930057
0.9771131514987847
0.9776870105320011
0.9784296516338105
0.979239805563057
0.9796786389413988
0.9803200108020524
0.9807588441803943
0.9813327032136105
0.9818728058331083
0.9822778827977315
0.9827167161760735
0.9830205238995409
0.98352687010532
0.9841007291385363
0.9844382932757224
0.9847421009991898
0.985417229273562
0.9859573318930597
0.986531190926276
0.9870375371320551
0.9875101269241155
0.9880164731298947
0.9884890629219552
0.9889278963002971
0.9894004860923575
0.9897718066432623
0.9902443964353227
0.990649473399946
0.9910207939508506
0.9914933837429112
0.9918984607075344
0.9923372940858763
0.9930124223602484
0.9935525249797461
0.9940251147718067
0.9943626789089927
0.9948690251147718
0.9954766405617067
0.9959492303537673
0.9962530380772346
0.9967931406967324
0.9969281663516069
0.9971982176613556
0.9974682689711045
0.9977383202808534
0.9981771536591952
0.9986159870375372
0.9989873075884418
0.9991560896570348
0.9992573588981907
0.9993923845530651
0.9994598973805023
0.9995949230353767
0.9997299486902511
0.999831217931407
0.9998987307588442
1.0
1.0
