0.001012692411558196
0.0019241155819605725
0.0032406157169862274
0.004253308128544423
0.005502295436132865
0.006582500675128274
0.007966513637591143
0.009316770186335404
0.010802052389954091
0.0118822576289495
0.013266270591412369
0.01451525789900081
0.016304347826086956
0.017587091547394004
0.019072373751012693
0.019983796921415067
0.021604104779908182
0.02251552795031056
0.02349446394815015
0.02501350256548744
0.02572238725357818
0.026667566837699164
0.02855792600594113
0.029368079935187686
0.030617067242776127
0.03166351606805293
0.0335538752362949
0.035883067782878746
0.03730083715906022
0.03848231163921145
0.03969754253308128
0.040845260599513905
0.04165541452876047
0.04303942749122333
0.04405211990278153
0.045469889278963005
0.04641506886308398
0.04742776127464218
0.04884553065082366
0.05046583850931677
0.05174858223062382
0.05282878746961923
0.053706454226303
0.054516608155549554
0.055765595463137994
0.056541992978665946
0.057892249527410206
0.05866864704293816
0.05971509586821496
0.061267890899270865
0.06292195517148258
0.0640359168241966
0.06498109640831758
0.06626384012962463
0.06774912233324332
0.06893059681339454
0.06984201998379692
0.07085471239535512
0.0723062381852552
0.07362273832028085
0.07473669997299487
0.07578314879827167
0.0769308668647043
0.07817985417229273
0.07963137996219281
0.0805765595463138
0.08206184174993249
0.08347961112611396
0.08479611126113962
0.085707534431542
0.08641641911963273
0.0872940858763165
0.08813799621928166
0.08996084256008642
0.09114231704023765
0.09225627869295167
0.09313394544963544
0.09391034296516339
0.09468674048069133
0.09603699702943559
0.09772481771536592
0.10002025384823117
0.10103294625978936
0.10218066432622198
0.10369970294355928
0.10474615176883607
0.10646772886848502
0.10818930596813395
0.10926951120712936
0.11038347285984337
0.11220631920064812
0.11345530650823657
0.114704293815825
0.11575074264110181
0.11683094788009722
0.11804617877396706
0.11909262759924386
0.12013907642452065
0.12145557655954631
0.12229948690251148
0.12361598703753714
0.12483121793140697
0.12631650013502566
0.12783553875236295
0.12894950040507697
0.12975965433432352
0.13121118012422361
0.13212260329462597
0.1333040777747772
0.13445179584120984
0.13526194977045639
0.13654469349176343
0.13762489873075884
0.13890764245206588
0.14015662975965434
0.14147312989468
0.14241830947880096
0.14332973264920335
0.1451525789900081
0.14626654064272213
0.14802187415608967
0.14933837429111532
0.15045233594382934
0.15166756683769916
0.1529165541452876
0.153996759384283
0.15527950310559005
0.15632595193086687
0.1575074264110181
0.15865514447745072
0.16020793950850662
0.16206454226302996
0.16334728598433704
0.16459627329192547
0.16540642722117202
0.16655414528760465
0.16770186335403728
0.1694234404536862
0.17050364569268162
0.17171887658655144
0.17310288954901432
0.17452065892519578
0.17580340264650285
0.17681609505806103
0.17803132595193086
0.17944909532811235
0.1807993518768566
0.18221712125303807
0.18349986497434512
0.18559276262489874
0.18667296786389415
0.18792195517148258
0.189002160410478
0.19082500675128275
0.19204023764515257
0.19312044288414798
0.19399810964083175
0.19507831487982716
0.19646232784229004
0.19774507156359708
0.19862273832028085
0.19997299486902512
0.20139076424520658
0.2025047258979206
0.20375371320550906
0.20493518768566027
0.2061166621658115
0.2076019443694302
0.208648393194707
0.20999864974345125
0.21158520118822577
0.2126991628409398
0.21401566297596544
0.2152984066972725
0.21631109910883067
0.21762759924385633
0.21877531731028896
0.2195854712395355
0.22059816365109372
0.22177963813124493
0.22275857412908454
0.22404131785039158
0.22488522819335674
0.22589792060491493
0.2266743181204429
0.22812584391034296
0.22917229273561976
0.23011747231974075
0.23119767755873616
0.2324804212800432
0.2334256008641642
0.2346070753443154
0.23565352416959223
0.23656494733999459
0.23771266540642721
0.23899540912773426
0.24051444774507155
0.24213475560356468
0.24321496084256009
0.244767755873616
0.24621928166351606
0.24726573048879288
0.24831217931406968
0.24929111531190926
0.25057385903321633
0.252059141236835
0.2535444234404537
0.2549959492303538
0.25604239805563056
0.2573251417769376
0.2582703213610586
0.2594517958412098
0.26012692411558197
0.2613083985957332
0.2625911423170402
0.26360383472859844
0.2649540912773427
0.2660680529300567
0.26731704023764513
0.2681609505806103
0.2690048609235755
0.27032136105860116
0.2711315149878477
0.27163786119362676
0.2727518228463408
0.27359573318930597
0.2746759384283014
0.27612746421820145
0.27825411828247365
0.2793680799351877
0.2807520928976506
0.28179854172292734
0.2830475290305158
0.2841614906832298
0.2854779908182555
0.2866932217121253
0.2877059141236835
0.2888198757763975
0.28956251687820683
0.2907439913583581
0.292128004320821
0.29320820955981636
0.29506481231433973
0.29651633810423983
0.2976302997569538
0.29881177423710503
0.29989197947610047
0.30080340264650285
0.30174858223062384
0.3030313259519309
0.30387523629489605
0.30498919794761004
0.30647448015122875
0.3077572238725358
0.30931001890359167
0.3105927626248987
0.3118417499324872
0.3129219551714826
0.3139684039967594
0.31474480151228734
0.31575749392384556
0.3165676478530921
0.3177828787469619
0.31855927626248987
0.31947069943289225
0.3205509046718877
0.32159735349716445
0.32261004590872266
0.32416284093977854
0.32564812314339725
0.3269646232784229
0.32831487982716717
0.329530110721037
0.330644072373751
0.3317242776127464
0.33290575209289763
0.3340197137456117
0.3353024574669187
0.33651768836078855
0.33796921415068865
0.3393532271131515
0.34029840669727246
0.34151363759114234
0.34316770186335405
0.34431541992978665
0.34580070213340536
0.34688090737240074
0.3475560356467729
0.34883877936807994
0.34995274102079393
0.351066702673508
0.35218066432622197
0.3534296516338104
0.35457736970024306
0.3558263570078315
0.357244126384013
0.3584256008641642
0.35930326762084797
0.36038347285984335
0.3612611396165271
0.36227383202808533
0.36325276802592493
0.3643667296786389
0.3653456656764785
0.36608830677828785
0.36706724277612746
0.36807993518768567
0.3693289224952741
0.37010532001080204
0.3712530380772347
0.37250202538482313
0.3738185255198488
0.3749324871725628
0.3755063462057791
0.3764515257899001
0.37749797461517687
0.37894950040507697
0.3806035646772887
0.38195382122603294
0.38360788549824465
0.38458682149608425
0.3856332703213611
0.38651093707804485
0.38769241155819606
0.38884012962462866
0.39002160410477993
0.3910005401026195
0.39224952741020797
0.3934647583040778
0.39437618147448017
0.39552389954091277
0.396705374021064
0.39792060491493386
0.39906832298136646
0.40004725897920607
0.4013637591142317
0.4024777207669457
0.4034229003510667
0.40470564407237375
0.40581960572508774
0.40727113151498784
0.40899270861463677
0.4103092087496624
0.4114569268160951
0.41257088846880907
0.4133810423980556
0.41449500405076967
0.4154739400486092
0.4164191196327302
0.4173980556305698
0.41844450445584663
0.4190858763165001
0.42033486362408856
0.4211112611396165
0.4225627869295166
0.4239467998919795
0.4251957871995679
0.42641101809343773
0.4277950310559006
0.428706454226303
0.4298541722927356
0.4308668647042938
0.4317782878746962
0.4332973264920335
0.4344450445584661
0.43522144207399405
0.4360315960032406
0.43717931406967325
0.43809073724007563
0.43927221172022685
0.44031866054550367
0.44116257088846883
0.4422090197137456
0.4431541992978666
0.44396435322711314
0.4450445584661086
0.4458209559816365
0.4469686740480691
0.44750877666756683
0.4483864434242506
0.44923035376721576
0.4504793410748042
0.45162705914123685
0.452639751552795
0.4535511747231974
0.4544625978935998
0.4555090467188766
0.4570955981636511
0.45824331623008374
0.45942479071023495
0.46057250877666756
0.46151768836078855
0.4628679449095328
0.4637793680799352
0.46509586821496085
0.4661423170402376
0.46725627869295167
0.46823521469079127
0.46958547123953553
0.47076694571968675
0.4720159330272752
0.4727585741290845
0.47380502295436133
0.47498649743451254
0.4763367539832568
0.4772819335673778
0.4783958952200918
0.47910477990818257
0.48008371590602217
0.4810288954901431
0.4817715365919525
0.48268295976235487
0.48352687010532003
0.4844382932757224
0.48572103699702945
0.4870037807183365
0.48801647312989466
0.48875911423170404
0.4896705374021064
0.49061571698622736
0.49152714015662974
0.4924385633270321
0.4936200378071834
0.4942614096678369
0.49517283283823926
0.4962192816635161
0.4974345125573859
0.4983459357277883
0.49939238455306506
0.5004725897920604
0.5014852822036187
0.5022616797191466
0.5031055900621118
0.5046246286794491
0.5056035646772887
0.5068863083985957
0.5076627059141237
0.5086078854982446
0.5093842830137726
0.5105657574939239
0.5114434242506076
0.5123210910072914
0.5132325141776938
0.5142114501755334
0.5148190656224683
0.5160680529300568
0.5174520658925196
0.5184647583040778
0.519815014852822
0.5208952200918174
0.521874156089657
0.5228530920874966
0.5238320280853362
0.5249459897380502
0.5259249257358898
0.5268701053200108
0.5280853362138807
0.5293005671077504
0.5303470159330272
0.5315960032406157
0.5327099648933298
0.5334526059951391
0.5343640291655415
0.5353767215770997
0.5365244396435322
0.5377734269511207
0.5387186065352417
0.5396975425330813
0.5405752092897651
0.5417229273561976
0.5427018633540373
0.5438158250067513
0.5447272481771537
0.5459762354847421
0.5468201458277072
0.5474277612746422
0.5482041587901701
0.5492168512017284
0.5504658385093167
0.5514110180934377
0.5523561976775587
0.5535039157439914
0.5547866594652984
0.5556980826357008
0.5565757493923845
0.5576221982176613
0.5590062111801242
0.5601876856602754
0.5617067242776127
0.5628544423440454
0.5641709424790711
0.5655887118552525
0.5667701863354038
0.5679179044018363
0.568626789089927
0.5696732379152039
0.570517148258169
0.5712260329462598
0.572069943289225
0.5727788279773157
0.5739265460437483
0.5747029435592763
0.5758844180394275
0.5769308668647043
0.5780448285174183
0.5789900081015393
0.5800027005130974
0.5808128544423441
0.5819605725087766
0.5829732649203349
0.583648393194707
0.5845598163651093
0.5857412908452606
0.5868552524979747
0.5878004320820956
0.5887793680799351
0.5895895220091818
0.5908722657304888
0.5914461247637051
0.5922900351066702
0.5933027275182284
0.5941466378611936
0.5951255738590332
0.5963070483391845
0.5973872535781799
0.5982649203348637
0.5993788819875776
0.6002565487442614
0.6017755873615988
0.6025857412908453
0.6041385363219012
0.6050837159060222
0.6059951390764245
0.6070078314879828
0.6081555495544153
0.6091007291385363
0.6100796651363759
0.6109235754793411
0.6122400756143668
0.6128814474750203
0.6136240885768296
0.6143667296786389
0.6153119092627599
0.6160545503645692
0.6171347556035647
0.6183837429111532
0.6191938968403997
0.619936537942209
0.6210504995949231
0.6223332433162301
0.6234134485552255
0.6245611666216582
0.625945179584121
0.626890359168242
0.6277005130974885
0.6285444234404537
0.6294220901971375
0.630671077504726
0.6314474750202539
0.6325614366729678
0.6338104239805563
0.6347893599783959
0.6356332703213611
0.6363759114231704
0.6372198217661356
0.6379287064542263
0.6385025654874427
0.6391776937618148
0.6399540912773427
0.6410342965163381
0.6421820145827707
0.6430934377531731
0.6437685660275453
0.6446462327842291
0.645760194436943
0.6466378611936268
0.6478868485012153
0.6490008101539293
0.6501147718066432
0.6509249257358898
0.6520388873886038
0.6526802592492573
0.65382797731569
0.6548406697272482
0.6557520928976506
0.6567310288954902
0.6579462597893599
0.6588239265460437
0.6596678368890089
0.6603092087496625
0.6610518498514718
0.6621995679179044
0.6631447475020253
0.6641911963273022
0.6650013502565487
0.6658790170132325
0.6672292735619768
0.668073183904942
0.6689170942479071
0.6697610045908723
0.6708412098298677
0.6716851201728329
0.6725965433432353
0.6734066972724818
0.6744193896840399
0.6753983256818795
0.6759046718876587
0.6764110180934377
0.6774574669187146
0.6782676208479611
0.6794153389143938
0.6803267620847961
0.6815082365649473
0.6822171212530381
0.6832298136645962
0.6841749932487172
0.6853902241425871
0.6860653524169592
0.6872468268971105
0.6879219551714826
0.6884283013772616
0.6892046988927897
0.689947339994599
0.6906899810964083
0.6919052119902781
0.693120442884148
0.6938630839859573
0.6946732379152039
0.6952808533621389
0.6960234944639482
0.6969686740480692
0.697576289495004
0.6981839049419389
0.6988927896300297
0.6997366999729949
0.7004455846610856
0.701188225762895
0.7019983796921415
0.7027072643802322
0.703584931136916
0.7048676748582231
0.7058128544423441
0.7069943289224953
0.7079732649203349
0.7085808803672697
0.7092222522279233
0.7097961112611396
0.710707534431542
0.7115514447745072
0.7124966243586282
0.7135768295976236
0.7142519578719957
0.7149270861463678
0.7159735349716446
0.7168512017283284
0.7176275992438563
0.7185727788279773
0.7196192276532541
0.7203956251687821
0.7212732919254659
0.7217458817175263
0.7224547664056171
0.7228598433702403
0.7239738050229544
0.7247839589522009
0.72529030515798
0.7259654334323521
0.7266068052930057
0.7273832028085336
0.728125843910343
0.7284971644612477
0.7295098568728058
0.7302187415608966
0.7308938698352687
0.7315352416959222
0.732412908452606
0.7329530110721038
0.7341682419659735
0.7354509856872806
0.73619362678909
0.736868755063462
0.7375776397515528
0.7383202808533621
0.7392317040237645
0.7400756143667296
0.7408182554685391
0.741425870915474
0.7424723197407508
0.7432824736699973
0.7441263840129625
0.7451390764245207
0.7459829867674859
0.7467931406967324
0.7477383202808534
0.7484472049689441
0.749054820415879
0.7495611666216582
0.750168782068593
0.7510802052389954
0.7520928976505536
0.7530718336483931
0.7539495004050769
0.7548609235754793
0.7555360518498515
0.7564137186065353
0.7573251417769377
0.7582028085336214
0.7590467188765866
0.7598906292195517
0.7608695652173914
0.7614771806643262
0.7622535781798542
0.763131244936538
0.7640089116932217
0.7646165271401566
0.7654941938968404
0.766641911963273
0.7677221172022685
0.7684647583040778
0.769308668647043
0.7704563867134756
0.7714353227113151
0.7719754253308129
0.7727518228463408
0.7735619767755874
0.7742371050499595
0.7749122333243317
0.7757561436672968
0.7763975155279503
0.7774439643532272
0.7781866054550365
0.7790980286254389
0.7800432082095599
0.7809883877936808
0.7817647853092088
0.7825411828247367
0.7833513367539833
0.7839927086146368
0.785005401026195
0.7862543883337835
0.78706454226303
0.7877059141236835
0.7885160680529301
0.7892587091547394
0.7900351066702673
0.7906427221172023
0.791351606805293
0.7917904401836349
0.7927018633540373
0.7938833378341885
0.7947272481771537
0.7957061841749933
0.7961450175533351
0.7969551714825817
0.7979003510667027
0.7985079665136376
0.7992843640291656
0.7998582230623819
0.8008034026465028
0.8015122873345936
0.8021536591952471
0.8028625438833379
0.8037402106400217
0.8050229543613286
0.805934377531731
0.8068458007021334
0.8075546853902241
0.8081960572508776
0.8088374291115312
0.809715095868215
0.8105252497974615
0.8110991088306778
0.8119092627599244
0.8125506346205779
0.8134958142046989
0.8143734809613826
0.8153861733729408
0.8162975965433432
0.8171415068863084
0.8178166351606805
0.8185930326762085
0.8193694301917365
0.8202808533621389
0.8210234944639482
0.8215635970834458
0.822576289495004
0.8231501485282203
0.8236227383202809
0.8243316230083716
0.8249392384553065
0.8256143667296786
0.8264245206589252
0.8274372130704833
0.8282473669997299
0.8289562516878207
0.8294288414798812
0.8299351876856603
0.8305765595463138
0.8312516878206859
0.8318930596813394
0.8328044828517418
0.8334120982986768
0.8338509316770186
0.8346610856062652
0.8354037267080745
0.8359438293275723
0.8366864704293816
0.8374966243586282
0.8383405347015933
0.838880637321091
0.8396570348366189
0.8401971374561167
0.8409735349716446
0.8414123683499865
0.8425938428301377
0.843336483931947
0.8444504455846611
0.8450243046178774
0.8456994328922496
0.8464758304077775
0.8472184715095868
0.8478598433702403
0.8486024844720497
0.8494126384012962
0.8502227923305428
0.8510329462597893
0.8519106130164731
0.8527545233594382
0.8536659465298406
0.854239805563057
0.8551174723197408
0.8556575749392384
0.8562314339724547
0.8571091007291385
0.8580880367269781
0.8588981906562246
0.8595733189305969
0.8600459087226573
0.8608223062381852
0.8616662165811504
0.8620037807183365
0.86264515257899
0.8638266270591413
0.8646705374021064
0.8650081015392924
0.8656157169862274
0.8662233324331623
0.8666621658115042
0.8673035376721577
0.8684174993248718
0.8692951660815555
0.8700040507696463
0.8709154739400486
0.8715568458007021
0.8724345125573859
0.8733121793140697
0.873886038347286
0.8745611666216582
0.8752362948960303
0.876113961652714
0.8766203078584931
0.8773629489603024
0.8779030515798002
0.8785444234404537
0.8793883337834189
0.8800972184715096
0.8809411288144747
0.8815487442614097
0.882122603294626
0.8825951930866864
0.8832703213610587
0.8837766675668377
0.8844517958412098
0.8849918984607076
0.8858020523899541
0.8866122063192007
0.8875236294896031
0.8881650013502566
0.8887726167971914
0.8893127194166892
0.890190386173373
0.8905617067242776
0.891135565757494
0.8917431812044289
0.8923507966513637
0.89292465568458
0.8934647583040778
0.8941398865784499
0.8948487712665406
0.895760194436943
0.8965703483661895
0.8971779638131245
0.8977855792600594
0.8985619767755874
0.8991695922225222
0.8998784769106131
0.9005198487712666
0.9013975155279503
0.9019038617337294
0.9025452335943829
0.9034566567647853
0.9042330542803133
0.9049081825546854
0.9056845800702134
0.9063259519308668
0.907001080205239
0.9077099648933298
0.9082500675128274
0.9085538752362949
0.9094315419929787
0.9101404266810694
0.9108830677828788
0.9115244396435322
0.9121995679179044
0.9127734269511207
0.9133810423980556
0.9140224142587091
0.9145962732919255
0.9151026194977046
0.915743991358358
0.9164528760464489
0.9170604914933838
0.9176343505266
0.9181406967323792
0.9189170942479071
0.9193896840399676
0.9200310559006211
0.9207061841749933
0.9213813124493654
0.9218876586551444
0.9223940048609236
0.9229341074804213
0.9234404536862004
0.924250607615447
0.925195787199568
0.9260059411288145
0.9265798001620308
0.9269848771266541
0.9276600054010262
0.9285039157439914
0.9292465568458007
0.9302254928436403
0.9308331082905752
0.9312381852551985
0.9320145827707265
0.9324534161490683
0.9330610315960033
0.9338374291115312
0.9346138266270592
0.9351201728328382
0.9359303267620848
0.9363016473129895
0.937111801242236
0.9375506346205779
0.9381244936537942
0.9385633270321361
0.9391034296516338
0.9398460707534432
0.940723737510127
0.9412975965433432
0.9421415068863084
0.9426140966783689
0.9432554685390224
0.9443019173642992
0.9452808533621389
0.9458547123953551
0.9463273021874156
0.9468336483931947
0.9473062381852552
0.9478800972184716
0.9488252768025925
0.9492641101809344
0.9499392384553065
0.9505130974885229
0.9512894950040508
0.9518633540372671
0.9527747772076695
0.9533486362408857
0.9539562516878207
0.9544963543073184
0.9551039697542533
0.9556103159600324
0.9561166621658115
0.9568930596813394
0.9574669187145558
0.9581420469889279
0.958648393194707
0.9595260599513907
0.9604037267080745
0.9610113421550095
0.9615176883607885
0.9620240345665676
0.9621928166351607
0.9628341884958143
0.9634418039427491
0.9642519578719957
0.9648595733189306
0.9654671887658656
0.9660072913853632
0.9663786119362678
0.9668512017283284
0.9671887658655145
0.9676613556575749
0.9682352146907912
0.9686402916554145
0.9692479071023494
0.96972049689441
0.9701255738590332
0.9708007021334053
0.9715095868214961
0.9721509586821496
0.9728260869565217
0.9733661895760194
0.9741088306778288
0.9746826897110451
0.9751552795031055
0.9757291385363219
0.9762017283283824
0.9768431001890359
0.9775857412908453
0.9779908182554685
0.9784296516338105
0.9788347285984337
0.9793410748042128
0.9797461517688361
0.9802187415608966
0.9807250877666757
0.981130164731299
0.9818052930056711
0.9821091007291385
0.9824804212800432
0.9832230623818525
0.9839319470699432
0.9844382932757224
0.9849783958952201
0.9853834728598434
0.9860586011342155
0.9866662165811504
0.9869025114771807
0.9873751012692411
0.9878814474750203
0.9880839859573319
0.9884553065082365
0.9888941398865785
0.9894004860923575
0.9896705374021064
0.9900081015392924
0.9904469349176344
0.9908520118822576
0.9914596273291926
0.9919659735349716
0.9924385633270322
0.9929786659465298
0.9934850121523089
0.9938563327032136
0.9942276532541183
0.9945652173913043
0.994936537942209
0.9954091277342695
0.9958142046988928
0.9963205509046719
0.996658115041858
0.9969619227653254
0.9972319740750742
0.9975695382122604
0.9976708074534162
0.9978395895220091
0.9983796921415069
0.9986834998649744
0.9990210640021604
0.9992573588981907
0.9995274102079396
0.9996961922765325
0.9998649743451256
0.9999662435862814
0.9999662435862814
1.0
1.0
