0.0009114231704023764
0.0018566027545233595
0.0026667566837699163
0.0034431541992978668
0.004388333783418849
0.0054685390224142585
0.006244936537942209
0.007493923845530651
0.008607885498244667
0.010194436943019174
0.01140966783688901
0.012692411558196058
0.014110180934377532
0.01508911693221712
0.01606805293005671
0.016945719686740482
0.017958412098298678
0.019409937888198756
0.021097758574129086
0.023021874156089656
0.024237105049959493
0.025587361598703753
0.026735079665136375
0.027950310559006212
0.029165541452876045
0.030617067242776127
0.03196732379152039
0.03301377261679719
0.03382392654604375
0.035005401026194975
0.035984337024034564
0.037132055090467186
0.038752362948960305
0.04017013232514178
0.041756683769916286
0.04303942749122333
0.04425465838509317
0.045706184174993246
0.04715770996489333
0.04887928706454226
0.04999324871725628
0.051208479611126116
0.05195112071293546
0.052660005401026194
0.053706454226303
0.05502295436132865
0.05606940318660546
0.0573183904941939
0.0583648393194707
0.05931001890359168
0.06001890359168242
0.0614704293815825
0.06271941668917094
0.06413718606535242
0.06552119902781528
0.06666891709424791
0.06781663516068052
0.06893059681339454
0.07001080205238995
0.07095598163651094
0.07210369970294356
0.07298136645962733
0.07396030245746692
0.07497299486902512
0.07608695652173914
0.07689711045098568
0.07804482851741831
0.07895625168782068
0.08040777747772077
0.0815554955441534
0.08243316230083717
0.0836821496084256
0.08445854712395355
0.08550499594923035
0.086821496084256
0.08823926546043748
0.08958952200918174
0.09087226573048879
0.0919862273832028
0.09286389413988658
0.09418039427491223
0.09509181744531461
0.09586821496084257
0.09728598433702404
0.09802862543883338
0.09904131785039158
0.09988522819335674
0.10096543343235215
0.10248447204968944
0.1038684850121523
0.10521874156089657
0.10697407507426411
0.10829057520928977
0.10926951120712936
0.11092357547934108
0.11274642182014583
0.11392789630029705
0.11537942209019714
0.11659465298406697
0.1183162300837159
0.11953146097758574
0.12067917904401837
0.12148933297326492
0.1239873075884418
0.12577639751552794
0.1271266540642722
0.12813934647583042
0.12938833378341885
0.13043478260869565
0.13151498784769106
0.13212260329462597
0.13313529570618418
0.13401296246286795
0.13475560356467728
0.13593707804482852
0.1368147448015123
0.13779368079935186
0.13907642452065894
0.1403929246556846
0.1420469889278963
0.14289089927086146
0.14386983526870106
0.14495004050769647
0.14592897650553605
0.14697542533081284
0.14846070753443155
0.1498447204968944
0.15105995139076425
0.15200513097488522
0.15349041317850393
0.15416554145287606
0.15534701593302727
0.15662975965433432
0.15740615716986228
0.15875641371860655
0.1600729138536322
0.16145692681609505
0.16280718336483932
0.16405617067242775
0.16513637591142316
0.16658790170132326
0.16803942749122333
0.16901836348906293
0.1703348636240886
0.17171887658655144
0.17290035106670268
0.1739805563056981
0.17485822306238186
0.17593842830137726
0.17732244126384014
0.17904401836348907
0.18019173642992167
0.1812381852551985
0.18245341614906832
0.1834661085606265
0.18532271131514988
0.18660545503645692
0.18782068593032678
0.1895422630299757
0.19089251957871994
0.1931879557115852
0.1947069943289225
0.19598973805022954
0.19744126384012964
0.19858898190656224
0.19987172562786928
0.20071563597083447
0.2019646232784229
0.2029773156899811
0.20422630299756953
0.2056103159600324
0.20675803402646503
0.20783823926546044
0.2091547394004861
0.2102011882257629
0.21158520118822577
0.21276667566837698
0.21367809883877936
0.2154334323521469
0.21691871455576558
0.21837024034566568
0.21982176613556575
0.22140831758034027
0.22299486902511478
0.22404131785039158
0.22542533081285443
0.22643802322441264
0.2273832028085336
0.22859843370240346
0.22964488252768026
0.2304550364569268
0.23133270321361057
0.23318930596813395
0.234472049689441
0.23588981906562248
0.23680124223602483
0.23774642182014583
0.23842155009451796
0.23929921685120173
0.24061571698622738
0.2416959222252228
0.24253983256818795
0.24405887118552524
0.2452741020793951
0.24699567917904403
0.24810964083175804
0.2493923845530651
0.2507426411018093
0.2514852822036187
0.25243046178773965
0.25388198757763975
0.2544558466108561
0.25556980826357006
0.2565825006751283
0.2578652443964353
0.2589792060491493
0.26053200108020524
0.26171347556035646
0.2630637321091007
0.2640426681069403
0.2658992708614637
0.26691196327302186
0.2680596813394545
0.26930866864704295
0.2706589251957872
0.2722792330542803
0.27356197677558736
0.27454091277342696
0.27558736159870373
0.2765325411828247
0.2776802592492574
0.27855792600594115
0.2795031055900621
0.28065082365649474
0.2825074264110181
0.28331758034026466
0.28436402916554143
0.2852754523359438
0.28642317040237647
0.2878746961922765
0.28895490143127195
0.29017013232514177
0.2912503375641372
0.29199297866594653
0.2933432352146908
0.2944909532811234
0.2954023764515258
0.2969214150688631
0.2980353767215771
0.2989467998919795
0.2999932487172563
0.30130974885228196
0.30245746691871456
0.30401026194977043
0.3049216851201728
0.30620442884147986
0.30708209559816363
0.3081960572508777
0.3092087496624359
0.31018768566027544
0.3113691601404267
0.3124493653794221
0.31356332703213613
0.3148460707534432
0.3155549554415339
0.31643262219821766
0.31835673778017826
0.3197069943289225
0.32088846880907373
0.3219686740480691
0.3228125843910343
0.32372400756143666
0.32463543073183904
0.3257493923845531
0.32709964893329735
0.3281460977585741
0.3294625978935998
0.33013772616797193
0.3310491493383743
0.3320955981636511
0.33320955981636513
0.33462732919254656
0.3359100729138536
0.33702403456656765
0.3383067782878747
0.3393194706994329
0.34077099648933296
0.3418512017283284
0.342998919794761
0.3439103429651634
0.3451930866864704
0.34620577909802863
0.34721847150958685
0.34833243316230084
0.34880502295436133
0.34954766405617066
0.35052660005401026
0.35167431812044286
0.35288954901431274
0.35423980556305695
0.35596138266270594
0.3570415879017013
0.35781798541722926
0.3591007291385363
0.3600796651363759
0.36115987037537134
0.3622400756143667
0.36301647312989466
0.3640966783688901
0.36537942209019714
0.36652714015662974
0.367708614636781
0.36912638401296244
0.3702741020793951
0.3709829867674858
0.37229948690251147
0.3734809613826627
0.37472994869025117
0.37564137186065355
0.3769241155819606
0.37817310288954903
0.37932082095598163
0.38056980826357006
0.3821563597083446
0.38367539832568187
0.3849918984607075
0.386409667836889
0.3879287064542263
0.38934647583040777
0.39029165541452876
0.3913381042398056
0.3925533351336754
0.3934647583040778
0.39451120712935456
0.3958614636780988
0.39707669457196865
0.39812314339724547
0.39906832298136646
0.40001350256548746
0.40166756683769916
0.4028490413178504
0.40406427221172025
0.4053470159330273
0.4065284904131785
0.40727113151498784
0.4079125033756414
0.4090939778557926
0.40990413178503915
0.411288144747502
0.41230083715906024
0.4133135295706184
0.41456251687820683
0.4155076964623278
0.4166554145287605
0.41814069673237914
0.41922090197137457
0.42016608155549556
0.4211450175533351
0.4219551714825817
0.4230016203078585
0.4240818255468539
0.4257358898190656
0.4271874156089657
0.4280988387793681
0.42938158250067515
0.430765595463138
0.43191331352957063
0.432824736699973
0.43414123683499867
0.4349851471779638
0.4359303267620848
0.43690926275992437
0.43832703213610585
0.43923845530650824
0.4405211990278153
0.4417026735079665
0.4425128274372131
0.44345800702133403
0.4443356737780178
0.445348366189576
0.44642857142857145
0.44754253308128544
0.44848771266540643
0.4495679179044018
0.45014177693761814
0.4509856872805833
0.4520321361058601
0.4528422900351067
0.4540237645152579
0.4550027005130975
0.45584661085606265
0.45635295706184176
0.45746691871455575
0.4583108290575209
0.45891844450445585
0.46009991898460706
0.46087631650013505
0.4619227653254118
0.4629017013232514
0.46411693221712125
0.46482581690521196
0.46604104779908184
0.467998919794761
0.4694504455846611
0.47083445854712397
0.47235349716446123
0.47356872805833106
0.47458142046988927
0.4761342155009452
0.47711315149878475
0.4779908182554685
0.47900351066702673
0.4798811774237105
0.4814002160410478
0.4825479341074804
0.483358088036727
0.4844382932757224
0.48565352416959223
0.48680124223602483
0.4879489603024575
0.48899540912773426
0.4898393194706994
0.49085201188225763
0.4914933837429111
0.49257358898190656
0.49351876856602755
0.4942614096678369
0.4950040507696462
0.49584796111261137
0.49655684580070214
0.49726573048879286
0.49827842290035107
0.4989873075884418
0.5000675128274372
0.5013840129624628
0.502396705374021
0.5029368079935188
0.5038144747502026
0.5051647312989468
0.5061436672967864
0.5069538212260329
0.5081352957061842
0.5089116932217121
0.5101269241155819
0.5118147448015122
0.5124561166621658
0.5136713475560356
0.5146502835538752
0.515527950310559
0.516641911963273
0.5175195787199568
0.5182622198217661
0.5192411558196057
0.5203888738860384
0.5215365919524709
0.5223805022954361
0.5235282203618687
0.5243721307048339
0.5253848231163921
0.5263975155279503
0.5269038617337294
0.528051579800162
0.5288954901431272
0.5299081825546854
0.530887118552525
0.5315960032406157
0.5326424520658926
0.5334188495814205
0.5347691061301647
0.5356130164731299
0.5365244396435322
0.5373008371590602
0.5382122603294626
0.5391911963273022
0.5400688630839859
0.5408115041857953
0.5417904401836349
0.5429381582500675
0.543579530110721
0.5442546583850931
0.5455711585201188
0.5464488252768026
0.5472589792060492
0.5481366459627329
0.5489467998919795
0.5499932487172563
0.5506683769916284
0.5512422360248447
0.5523899540912773
0.5536389413988658
0.5545503645692682
0.5556643262219821
0.556879557115852
0.5580272751822847
0.5590399675938428
0.5602551984877127
0.5615041857953011
0.5625843910342965
0.5636983526870105
0.5643734809613826
0.5651161220631921
0.5659600324061572
0.5667701863354038
0.5677828787469619
0.5688968403996759
0.5698082635700783
0.5706521739130435
0.5715635970834458
0.5726438023224413
0.5734877126654064
0.5747029435592763
0.5756818795571158
0.5767620847961112
0.5779773156899811
0.5789900081015393
0.5798001620307859
0.5807790980286255
0.581589251957872
0.5825006751282744
0.5837159060221442
0.5844585471239535
0.5853362138806373
0.5861801242236024
0.5871253038077234
0.5880367269781258
0.5893194706994329
0.5903321631109911
0.5913448555225493
0.5923575479341074
0.5938428301377262
0.5946529840669728
0.5956994328922496
0.5964758304077775
0.5975897920604915
0.5985012152308938
0.5993788819875776
0.6006953821226033
0.6016743181204429
0.6023832028085336
0.603125843910343
0.6039697542533081
0.6049486902511477
0.6056238185255198
0.6065689981096408
0.6076492033486363
0.6087294085876317
0.6097083445854712
0.6106872805833108
0.6117337294085876
0.612813934647583
0.6139954091277343
0.6149068322981367
0.6160883067782879
0.6175060761544694
0.6183837429111532
0.6194301917364299
0.6205779098028625
0.6214893329732649
0.622603294625979
0.6233796921415069
0.6248987307588442
0.626113961652714
0.6273629489603024
0.6283081285444234
0.629287064542263
0.630232244126384
0.6311436672967864
0.6321901161220632
0.63323656494734
0.6339792060491494
0.6346880907372401
0.6356670267350797
0.6367809883877937
0.6374561166621658
0.6382325141776938
0.6390764245206589
0.6400216041047799
0.6410680529300568
0.6422157709964893
0.6430596813394545
0.6440723737510127
0.6452200918174453
0.6463002970564408
0.6471104509856873
0.6481231433972455
0.6492371050499595
0.6501147718066432
0.6512624898730759
0.6522076694571969
0.6528490413178504
0.6537267080745341
0.6544693491763435
0.6552457466918714
0.6557520928976506
0.6567647853092088
0.6580137726167972
0.6588914393734809
0.659566567647853
0.6606805293005671
0.6613219011612206
0.6623008371590602
0.6630434782608695
0.6638198757763976
0.6647650553605186
0.6656089657034837
0.6664528760464489
0.6672292735619768
0.668073183904942
0.6689170942479071
0.6697947610045909
0.6705036456926816
0.6714488252768026
0.6719889278963003
0.6728328382392654
0.6736092357547934
0.674588171752633
0.6753983256818795
0.6762084796111261
0.6771199027815284
0.6778963002970564
0.6787739670537402
0.6796178773967054
0.6807318390494194
0.6815082365649473
0.6823859033216311
0.6836686470429382
0.68410748042128
0.6847826086956522
0.6855252497974615
0.6868417499324871
0.6876856602754523
0.688394544963543
0.6892722117202268
0.6901161220631921
0.69089251957872
0.6918039427491224
0.6927828787469619
0.6941668917094248
0.6951120712935458
0.6959897380502296
0.6970024304617878
0.6977788279773157
0.6986564947339995
0.6995341614906833
0.7006143667296786
0.7011207129354577
0.7018295976235485
0.702639751552795
0.7037537132055091
0.7045638671347556
0.7052052389954091
0.7058803672697812
0.7064542263029976
0.7072643802322441
0.7079057520928976
0.7085808803672697
0.7094247907102349
0.7102349446394814
0.7109775857412909
0.7121928166351607
0.713104239805563
0.7140831758034026
0.7148933297326492
0.7157372400756143
0.7169862273832028
0.7178638941398866
0.7186740480691332
0.7196192276532541
0.7205981636510937
0.7212732919254659
0.7218471509586821
0.7225897920604915
0.7234337024034566
0.724007561436673
0.7247164461247637
0.725459087226573
0.7260667026735079
0.7269443694301917
0.7278895490143127
0.7289022414258709
0.7296111261139616
0.7304887928706454
0.7311976775587362
0.7320415879017014
0.7326492033486363
0.7333918444504456
0.7342019983796921
0.7353834728598434
0.7362611396165272
0.7370375371320551
0.7377464218201458
0.7386578449905482
0.7396367809883878
0.7406832298136646
0.7415271401566298
0.7422697812584391
0.7430799351876857
0.743822576289495
0.744767755873616
0.7455779098028625
0.7463543073183905
0.7470631920064812
0.747603294625979
0.7482109100729138
0.7494598973805023
0.750506346205779
0.7513502565487442
0.7521266540642723
0.7528017823386444
0.7536119362678909
0.7545908722657305
0.7552997569538212
0.7563799621928167
0.7571901161220632
0.7578990008101539
0.7589116932217121
0.7598568728058331
0.7608358088036727
0.7616797191466379
0.7623886038347286
0.7632325141776938
0.7641101809343775
0.7649878476910613
0.7656629759654334
0.766135565757494
0.7671145017553335
0.76792465568458
0.7689373480961382
0.769815014852822
0.7708277072643802
0.7717391304347826
0.7729543613286525
0.773595733189306
0.7741695922225222
0.7753173102889549
0.7760261949770456
0.7769038617337294
0.7781866054550365
0.7788954901431272
0.779941938968404
0.7806170672427761
0.7814947339994599
0.7822711315149878
0.7829800162030786
0.7838239265460437
0.7845328112341344
0.7854104779908182
0.7862206319200649
0.78706454226303
0.7882460167431812
0.789292465568458
0.7901363759114232
0.7909802862543883
0.7917904401836349
0.7928706454226303
0.7937145557655955
0.794524709694842
0.795469889278963
0.7961450175533351
0.7968201458277072
0.7973940048609236
0.7986767485822306
0.7995206589251957
0.8011747231974075
0.8022211720226843
0.8031663516068053
0.8038414798811774
0.8046516338104239
0.8056980826357008
0.8064407237375101
0.8073183904941938
0.8084661085606265
0.8095800702133406
0.8100864164191196
0.8109303267620848
0.811605455036457
0.8127869295166081
0.8136645962732919
0.8143734809613826
0.8151498784769106
0.8159600324061572
0.8168714555765595
0.8178166351606805
0.8185592762624899
0.819234404536862
0.8197745071563597
0.8206521739130435
0.8215298406697272
0.822238725357818
0.8230151228733459
0.8236564947339995
0.824466648663246
0.8252092897650554
0.8262894950040508
0.8270658925195787
0.8277410207939508
0.8283823926546043
0.8290912773426952
0.8298339184445045
0.8306778287874697
0.8315217391304348
0.8322981366459627
0.8329732649203349
0.8335808803672697
0.8345598163651093
0.8349986497434513
0.835876316500135
0.8367202268431002
0.8375303807723468
0.8383067782878747
0.8389481501485282
0.8396232784229003
0.8403659195247097
0.8414461247637051
0.8420537402106401
0.8427963813124494
0.8435727788279773
0.8442479071023494
0.8448892789630029
0.8459019713745611
0.8464758304077775
0.8472184715095868
0.8481298946799892
0.8486024844720497
0.8492100999189847
0.8498514717796382
0.8505266000540103
0.8512017283283824
0.8517080745341615
0.8522481771536592
0.8532271131514988
0.8544085876316501
0.8553200108020524
0.8562314339724547
0.85707534431542
0.8579192546583851
0.85852687010532
0.8589994598973805
0.8599783958952201
0.8609235754793411
0.8615987037537132
0.8624088576829597
0.8633540372670807
0.8640291655414529
0.8649068322981367
0.8655819605725088
0.8663246016743181
0.8673372940858763
0.8679111531190926
0.8685525249797461
0.8691263840129625
0.8701390764245207
0.8707804482851742
0.8711180124223602
0.8721307048339184
0.873109640831758
0.8736497434512558
0.8745611666216582
0.8753375641371861
0.8761814744801513
0.8768228463408048
0.8779705644072374
0.8786456926816095
0.8793883337834189
0.880063462057791
0.8807723467458817
0.8811099108830678
0.8815149878476911
0.8823251417769377
0.8833715906022144
0.8841142317040238
0.8846880907372401
0.8852281933567377
0.8861058601134215
0.8869497704563867
0.8875236294896031
0.8884350526600054
0.8893127194166892
0.8899878476910613
0.8907980016203079
0.8911693221712126
0.8916756683769916
0.8923507966513637
0.8929584120982986
0.8933972454766406
0.8940723737510127
0.8947475020253848
0.8953551174723198
0.8961652714015663
0.8968066432622198
0.8976843100189036
0.8986294896030246
0.8993383742911153
0.8999797461517688
0.9007561436672968
0.9014987847691062
0.9021739130434783
0.9026802592492573
0.9032878746961923
0.9042668106940319
0.9051107210369971
0.905718336483932
0.9062921955171482
0.9071361058601134
0.9075411828247367
0.9080812854442344
0.9090264650283554
0.9098703753713205
0.9105455036456926
0.9112206319200649
0.9121320550904672
0.9130434782608695
0.9136173372940859
0.9143937348096138
0.9148663246016743
0.9155414528760465
0.9167566837699163
0.9173642992168513
0.9182757223872535
0.9191533891439373
0.9199297866594653
0.9204023764515258
0.9208074534161491
0.9215500945179584
0.9220564407237375
0.922697812584391
0.9238455306508236
0.9249932487172563
0.9258371590602215
0.9265122873345936
0.9270186335403726
0.9278963002970564
0.9285039157439914
0.9292803132595193
0.9297191466378611
0.9305968133945449
0.9314744801512287
0.9322846340804752
0.9328922495274102
0.9337024034566568
0.9343100189035917
0.9346138266270592
0.9352551984877127
0.9358290575209289
0.9363691601404267
0.9367742371050499
0.9372805833108291
0.9378206859303267
0.9382932757223873
0.9389008911693222
0.9395085066162571
0.9399135835808804
0.9404874426140967
0.9410613016473129
0.9414326221982177
0.942175263300027
0.9429854172292735
0.9435930326762085
0.9440993788819876
0.9445382122603294
0.9449095328112341
0.9456184174993248
0.9464285714285714
0.9470024304617878
0.9476100459087227
0.9481501485282203
0.9489603024574669
0.9496691871455577
0.9502768025924926
0.9507831487982716
0.951188225762895
0.9515595463137996
0.9520321361058601
0.9527410207939508
0.9533148798271671
0.9539224952741021
0.95469889278963
0.9551714825816905
0.9558128544423441
0.9562516878206859
0.9566567647853093
0.9570955981636511
0.9575681879557116
0.9581082905752093
0.958648393194707
0.9591547394004861
0.9593910342965163
0.9598973805022954
0.9604037267080745
0.9608088036726978
0.9613151498784769
0.9617202268431002
0.9622940858763165
0.9628004320820956
0.9634418039427491
0.964049419389684
0.9646232784229003
0.9650958682149609
0.9655009451795841
0.9658385093167702
0.9661760734539563
0.966716176073454
0.9673237915203888
0.967998919794761
0.9686065352416959
0.9692141506886308
0.9698217661355658
0.9700918174453146
0.9706319200648124
0.97117202268431
0.9715095868214961
0.972117202268431
0.9727248177153659
0.9731636510937078
0.9735012152308938
0.9739400486092358
0.9742100999189847
0.9747839589522009
0.9753240615716986
0.9756953821226033
0.9761679719146638
0.9764380232244126
0.9769443694301917
0.9773156899810964
0.9778220361868755
0.978294625978936
0.9785984337024034
0.9794085876316501
0.980016203078585
0.9807588441803943
0.9812651903861733
0.9819403186605455
0.982412908452606
0.9828854982446665
0.9834593572778828
0.9838306778287874
0.9845733189305969
0.9849783958952201
0.9853159600324062
0.9858898190656225
0.9864299216851202
0.9867337294085876
0.9872738320280854
0.987813934647583
0.9881514987847692
0.988759114231704
0.9892654604374831
0.9895692681609506
0.9899405887118553
0.9903119092627599
0.9908520118822576
0.9913246016743181
0.9918309478800972
0.9925060761544694
0.9931136916014043
0.9935862813934647
0.9940588711855253
0.9943626789089927
0.994767755873616
0.9952065892519578
0.9956116662165811
0.99588171752633
0.9960504995949231
0.9962530380772346
0.9967593842830138
0.997164461247637
0.9977383202808534
0.9980083715906022
0.9984472049689441
0.9986834998649744
0.9989197947610046
0.9990885768295976
0.9993923845530651
0.9995611666216582
0.9996961922765325
0.9999662435862814
1.0
1.0
