0.0012489873075884417
0.0027005130974885228
0.003949500405076965
0.005569808263570078
0.0067175263300027
0.007865244396435322
0.009384283013772617
0.010802052389954091
0.011949770456386713
0.013131244936537943
0.014143937348096138
0.015055360518498515
0.016405617067242775
0.017519578719956793
0.018971104509856875
0.02035511747231974
0.02194166891709425
0.023156899810964082
0.024270861463678097
0.02524979746151769
0.02656629759654334
0.027916554145287605
0.028963002970564408
0.030313259519308668
0.03135970834458547
0.03284499054820416
0.033790170132325145
0.035511747231974075
0.037233324331623005
0.039866324601674316
0.04162165811504186
0.043579530110721035
0.044963543073183905
0.04661760734539563
0.04786659465298407
0.04911558196057251
0.05016203078584931
0.051208479611126116
0.05259249257358898
0.053942749122333246
0.05505671077504726
0.05671077504725898
0.057655954631379965
0.058871185525249795
0.060255198487712665
0.06143667296786389
0.06312449365379422
0.06400216041047799
0.06531866054550364
0.06650013502565487
0.06788414798811775
0.06930191736429922
0.07065217391304347
0.07166486632460167
0.07288009721847151
0.07460167431812044
0.07547934107480421
0.07618822576289495
0.07811234134485552
0.0795638671347556
0.0805765595463138
0.08236564947339994
0.08364839319470699
0.08459357277882798
0.08530245746691871
0.08672022684310018
0.08793545773697002
0.08871185525249797
0.08942073994058872
0.09056845800702133
0.09208749662435863
0.09357277882797732
0.095058061031596
0.09580070213340534
0.09688090737240075
0.09823116392114502
0.10008776667566838
0.10137051039697542
0.10231568998109641
0.10366594652984067
0.10474615176883607
0.10586011342155009
0.10724412638401297
0.1084256008641642
0.1095058061031596
0.11085606265190386
0.11197002430461787
0.11308398595733189
0.11440048609235755
0.11541317850391575
0.11696597353497165
0.11811369160140427
0.11959897380502295
0.12081420469889279
0.12175938428301378
0.1234134485552255
0.1244598973805023
0.12543883337834189
0.1266540642722117
0.12776802592492573
0.12891574399135836
0.1301309748852282
0.13154874426140967
0.1327302187415609
0.13401296246286795
0.13559951390764244
0.1364771806643262
0.13769241155819606
0.13904266810694033
0.1400553605184985
0.14103429651633811
0.14258709154739402
0.14353227113151498
0.14474750202538483
0.14660410477990818
0.14798811774237106
0.1493721307048339
0.15024979746151768
0.1513637591142317
0.15254523359438293
0.1544693491763435
0.15558331082905752
0.15683229813664595
0.15784499054820417
0.15875641371860655
0.1595328112341345
0.16081555495544153
0.16196327302187416
0.16287469619227654
0.1637523629489603
0.1653389143937348
0.16621658115041857
0.1672630299756954
0.16851201728328383
0.16976100459087226
0.1709424790710235
0.1719889278963003
0.1729341074804213
0.1744869025114772
0.17603969754253307
0.17711990278152848
0.1781325951930867
0.17880772346745882
0.1796853902241426
0.18090062111801242
0.18221712125303807
0.18414123683499864
0.18505266000540102
0.185997839589522
0.18734809613826628
0.1884620577909803
0.1899810964083176
0.1910275452335944
0.19237780178233865
0.19339049419389684
0.19450445584661086
0.19561841749932488
0.1968336483931947
0.1978125843910343
0.19912908452605996
0.20017553335133675
0.20169457196867405
0.20294355927626248
0.2040575209289765
0.20490143127194166
0.20618417499324873
0.20719686740480692
0.20851336753983257
0.20942479071023495
0.2102011882257629
0.2112476370510397
0.2126991628409398
0.21394815014852822
0.21499459897380502
0.21607480421280043
0.21722252227923305
0.21823521469079124
0.21934917634350526
0.22046313799621928
0.22140831758034027
0.22242100999189846
0.22353497164461247
0.2246826897110451
0.226235484742101
0.22761949770456386
0.22856467728868485
0.22950985687280584
0.2303875236294896
0.23156899810964082
0.23231163921145018
0.2334593572778828
0.234472049689441
0.23541722927356198
0.23619362678908992
0.23713880637321091
0.23794896030245746
0.23929921685120173
0.240649473399946
0.24196597353497165
0.24294490953281123
0.24402511477180663
0.24517283283823926
0.2463543073183905
0.2480083715906022
0.2490210640021604
0.25057385903321633
0.25178908992708615
0.25293680799351875
0.2539832568187956
0.2549959492303538
0.25604239805563056
0.25702133405347016
0.2577977315689981
0.2588104239805563
0.2597218471509587
0.2609370780448285
0.26242236024844723
0.26336753983256816
0.26411018093437755
0.2655954631379962
0.26667566837699164
0.26789089927086146
0.26903861733729406
0.2703551174723197
0.2720091817445315
0.27335943829327575
0.2743046178773967
0.27572238725357817
0.27663381042398055
0.2776802592492574
0.27879422090197137
0.27973940048609236
0.28139346475830407
0.2826086956521739
0.28436402916554143
0.28588306778287875
0.28696327302187413
0.28804347826086957
0.289292465568458
0.29060896570348366
0.2917229273561977
0.2928368890089117
0.2935120172832838
0.29459222252227923
0.2955374021064002
0.29624628679449094
0.2971239535511747
0.29773156899810965
0.2985079665136376
0.2996894409937888
0.300702133405347
0.3021874156089657
0.30340264650283555
0.30434782608695654
0.3053605184985147
0.3063394544963543
0.30711585201188224
0.30789224952741023
0.3087024034566568
0.3105927626248987
0.311943019173643
0.3131920064812314
0.3141034296516338
0.31521739130434784
0.31633135295706183
0.31741155819605726
0.31855927626248987
0.31943694301917364
0.32044963543073185
0.32136105860113423
0.3228125843910343
0.32365649473399943
0.32510802052389953
0.3262219821766136
0.3271671617607345
0.32817985417229273
0.3290575209289765
0.3300027005130975
0.3309816365109371
0.33223062381852553
0.33344585471239535
0.3347285984337024
0.33607885498244666
0.3372603294625979
0.3383405347015933
0.33965703483661897
0.34104104779908184
0.34218876586551444
0.34316770186335405
0.34418039427491226
0.3451255738590332
0.3461045098568728
0.34691466378611935
0.3482649203348636
0.3492438563327032
0.35093167701863354
0.35238320280853364
0.3533283823926546
0.35447610045908723
0.3558263570078315
0.3565014852822036
0.357412908452606
0.3584593572778828
0.3598096138266271
0.36122738320280856
0.36254388333783416
0.3638603834728598
0.3653119092627599
0.36639211450175535
0.36797866594652984
0.36912638401296244
0.370712935457737
0.3718606535241696
0.372940858763165
0.3738185255198488
0.37479746151768834
0.37564137186065355
0.3764852822036187
0.3781393464758304
0.37911828247367
0.3802660005401026
0.3812111801242236
0.38246016743181205
0.3832028085336214
0.38404671887658653
0.38505941128814475
0.38654469349176346
0.3873886038347286
0.38836753983256816
0.38914393734809616
0.38978530920874965
0.3905954631379962
0.391641911963273
0.39265460437483124
0.393701053200108
0.39481501485282205
0.39576019443694305
0.3967391304347826
0.3977855792600594
0.3986294896030246
0.3994058871185525
0.40058736159870373
0.40163381042398055
0.40254523359438293
0.40359168241965976
0.4044355927626249
0.4057520928976506
0.4069673237915204
0.4080812854442344
0.40922900351066704
0.4105117472319741
0.4119295166081556
0.4128746961922765
0.4137861193626789
0.41486632460167433
0.41584526059951393
0.4168579530110721
0.4178706454226303
0.4188495814204699
0.41969349176343507
0.420469889278963
0.42168512017283283
0.4224952741020794
0.4229678638941399
0.42411558196057253
0.42526330002700513
0.426647312989468
0.4276262489873076
0.4287402106400216
0.42998919794761004
0.4306643262219822
0.43171077504725897
0.43258844180394274
0.4332635700783149
0.43431001890359167
0.4353564677288685
0.43616662165811504
0.4370442884147988
0.4380232244126384
0.439170942479071
0.44038617337294084
0.44119632730218744
0.44241155819605726
0.44382932757223875
0.4451458277072644
0.4460234944639481
0.4470024304617877
0.44825141776937616
0.44919659735349715
0.45014177693761814
0.4510194436943019
0.45182959762354846
0.4525047258979206
0.453584931136916
0.45439508506616255
0.4555428031325952
0.4571293545773697
0.4585133675398326
0.45962732919254656
0.4609438293275722
0.46199027815284904
0.4628004320820956
0.46458952200918174
0.46556845800702135
0.46627734269511206
0.46718876586551444
0.468944099378882
0.4695179584120983
0.4705981636510937
0.4715095868214961
0.47285984337024034
0.4739738050229544
0.47529030515798004
0.4763367539832568
0.477349446394815
0.4783283823926546
0.4796448825276803
0.48052254928436405
0.4815014852822036
0.48231163921145015
0.483358088036727
0.484472049689441
0.48545098568728057
0.4864974345125574
0.48734134485552255
0.4881852551984877
0.4891641911963273
0.48994058871185525
0.49132460167431813
0.49233729408587634
0.4934174993248717
0.49422765325411827
0.4952403456656765
0.49652308938698353
0.4988185255198488
0.49983121793140695
0.5006076154469349
0.5020928976505536
0.5030718336483931
0.5040507696462327
0.5050972184715096
0.5062111801242236
0.5073588981906563
0.5082703213610587
0.5091817445314609
0.5104307318390494
0.5116459627329193
0.5123210910072914
0.513468809073724
0.5141776937618148
0.5154941938968404
0.5164056170672428
0.5176883607885499
0.5185997839589522
0.5195449635430732
0.5205914123683499
0.5213340534701594
0.5227518228463408
0.5235619767755874
0.5250810153929246
0.5265662975965434
0.5279840669727248
0.5290642722117203
0.5301444774507157
0.5309208749662436
0.5320685930326762
0.5330812854442344
0.5340264650283554
0.5348703753713205
0.5357480421280043
0.5367607345395625
0.5380434782608695
0.5389886578449905
0.5400013502565487
0.5408115041857953
0.5419592222522279
0.5429044018363489
0.5438495814204699
0.5447610045908723
0.5462125303807723
0.5472927356197678
0.5486092357547934
0.5496556845800702
0.5504320820955981
0.5512422360248447
0.5521199027815284
0.5534701593302728
0.5543478260869565
0.5551917364299217
0.5562044288414799
0.5569470699432892
0.5582635700783148
0.559276262489873
0.5603902241425871
0.5612341344855523
0.5622468268971105
0.5632257628949501
0.5643734809613826
0.5654874426140967
0.5662638401296246
0.5676478530920875
0.5684917634350527
0.5695382122603294
0.5703821226032946
0.5715298406697272
0.5726438023224413
0.573352687010532
0.5742303537672158
0.5751417769376181
0.5761544693491764
0.5767620847961112
0.577470969484202
0.5781798541722928
0.5789224952741021
0.57969889278963
0.5807453416149069
0.5821293545773697
0.5830407777477721
0.5839522009181745
0.5850324061571699
0.585876316500135
0.5870577909802862
0.5878004320820956
0.588711855252498
0.5897245476640561
0.5905684580070213
0.5913448555225493
0.5925263300027005
0.5936065352416959
0.5944842019983797
0.5955306508236565
0.5965095868214961
0.5975222792330542
0.5981636510937078
0.5992438563327032
0.6001552795031055
0.6010667026735079
0.6018768566027545
0.6027545233594382
0.6035646772886849
0.6042735619767756
0.6050837159060222
0.6062989467998919
0.6072103699702943
0.6083243316230084
0.6093707804482852
0.6101809343775317
0.611868755063462
0.6129152038887389
0.6138266270591413
0.6147380502295436
0.6154469349176344
0.6161220631920065
0.6167971914663786
0.617539832568188
0.6183837429111532
0.6193964353227113
0.6204091277342695
0.6215230893869835
0.6225357817985417
0.6237172562786929
0.6247974615176883
0.6258101539292465
0.6267553335133675
0.6278017823386444
0.6285781798541723
0.6294220901971375
0.6304010261949771
0.6314137186065353
0.632460167431812
0.6334391034296516
0.6344517958412098
0.6350931677018633
0.6366459627329193
0.6374223602484472
0.638300027005131
0.6391776937618148
0.6400553605184985
0.6411018093437754
0.6419794761004591
0.6427221172022685
0.6434985147177964
0.6445112071293546
0.6452876046448826
0.6462665406427222
0.6471104509856873
0.6477855792600594
0.6487982716716176
0.6494058871185525
0.650654874426141
0.6515325411828248
0.6526465028355387
0.6534904131785039
0.6541317850391575
0.6551782338644342
0.6559546313799622
0.6567647853092088
0.6574736699972995
0.6583513367539833
0.6589927086146368
0.6598703753713205
0.6607817985417229
0.6616594652984067
0.6626721577099649
0.6636848501215231
0.6647312989467999
0.6655414528760465
0.6663178503915744
0.6668917094247907
0.6679381582500675
0.6689508506616257
0.670469889278963
0.671583850931677
0.672529030515798
0.6734404536862004
0.6743181204428842
0.6752295436132866
0.6759384283013773
0.6770186335403726
0.6779975695382122
0.6788077234674588
0.6795841209829868
0.6802930056710775
0.6814069673237915
0.6822171212530381
0.6830272751822847
0.6838374291115312
0.6847826086956522
0.6859640831758034
0.6868755063462058
0.6878544423440454
0.6885970834458547
0.6893734809613826
0.6904536862003781
0.6910950580610316
0.6919052119902781
0.6930191736429921
0.6937955711585201
0.6946394815014852
0.6952808533621389
0.6961585201188226
0.697069943289225
0.6979813664596274
0.6985552254928437
0.6993991358358088
0.6999392384553065
0.700749392384553
0.7017283283823926
0.7025047258979206
0.7036186875506346
0.7045976235484742
0.7053402646502835
0.7063192006481231
0.7072981366459627
0.7080070213340535
0.7086821496084256
0.7093235214690792
0.7103699702943559
0.7112476370510397
0.7122940858763165
0.7130029705644072
0.713711855252498
0.7146570348366189
0.7158047529030516
0.7168512017283284
0.7177963813124494
0.7187415608965704
0.7197880097218472
0.7205981636510937
0.7213070483391845
0.7222184715095868
0.7231974075074264
0.7241088306778288
0.7248852281933568
0.7257966513637591
0.7267080745341615
0.7275857412908453
0.7290372670807453
0.7304212800432082
0.7312314339724547
0.7319403186605455
0.7326154469349176
0.7333918444504456
0.7340669727248177
0.735248447204969
0.7359910883067783
0.7370375371320551
0.7377801782338644
0.7383540372670807
0.73909667836889
0.7397380502295436
0.7408182554685391
0.7416959222252227
0.7427761274642182
0.7437888198757764
0.7450040507696463
0.7459829867674859
0.7465906022144208
0.747603294625979
0.7485484742101
0.7499324871725628
0.7507426411018093
0.7517215770996489
0.7522616797191466
0.7532068593032676
0.7540507696462327
0.7547934107480422
0.7552997569538212
0.7562786929516608
0.7571563597083446
0.7583040777747773
0.7594180394274912
0.7605320010802052
0.7615109370780448
0.7621523089386983
0.7629624628679449
0.7640426681069403
0.7649203348636241
0.7657642452065893
0.766641911963273
0.7673170402376451
0.7680596813394545
0.7686335403726708
0.7692073994058871
0.7699162840939778
0.770760194436943
0.7715703483661895
0.7725492843640291
0.7732244126384012
0.774102079395085
0.7751485282203618
0.7758574129084526
0.7767350796651363
0.7774102079395085
0.7782203618687551
0.77882797731569
0.779773156899811
0.7804145287604645
0.7813934647583041
0.7819673237915203
0.7829800162030786
0.7837564137186065
0.7847691061301647
0.7853092087496625
0.7862206319200649
0.7871320550904672
0.7876046448825277
0.7884147988117742
0.789292465568458
0.7900688630839859
0.7910477990818255
0.7918579530110721
0.7924993248717256
0.7932082095598164
0.7937483121793141
0.7943896840399676
0.7950985687280583
0.7958412098298677
0.7966176073453957
0.797529030515798
0.7982379152038888
0.7993856332703214
0.8002970564407237
0.8013097488522819
0.8020186335403726
0.8028625438833379
0.8037402106400217
0.8045166081555496
0.8052254928436403
0.8060356467728869
0.8065757493923845
0.8074534161490683
0.8081285444234405
0.8088711855252498
0.809715095868215
0.8106940318660546
0.8115379422090198
0.8126519038617337
0.8133607885498245
0.8141709424790711
0.8150486092357548
0.8160950580610316
0.8168714555765595
0.81734404536862
0.8181879557115852
0.8190993788819876
0.8200445584661086
0.820517148258169
0.8210910072913854
0.8218336483931947
0.822407507426411
0.8232176613556575
0.8239603024574669
0.8246016743181205
0.8253443154199298
0.8264582770726439
0.8272346745881718
0.8278760464488253
0.8283823926546043
0.8290237645152579
0.8297664056170673
0.8304077774777208
0.8310153929246556
0.8316905211990279
0.8324331623008372
0.8331082905752093
0.8337496624358628
0.8344247907102349
0.8350999189846071
0.8359775857412909
0.836990278152849
0.8378004320820956
0.8388468809073724
0.839825816905212
0.8404671887658656
0.8413786119362678
0.841716176073454
0.8425600864164191
0.8434039967593843
0.8440116122063192
0.8447542533081286
0.8453618687550635
0.8457331893059681
0.8466446124763705
0.8473197407507427
0.8481974075074264
0.8490750742641102
0.8496151768836079
0.8502227923305428
0.8508641641911964
0.8514380232244126
0.8524169592222522
0.8529570618417499
0.854071023494464
0.8547799081825547
0.8554212800432082
0.856130164731299
0.8569065622468269
0.8576492033486363
0.8582568187955711
0.8587294085876317
0.8593370240345666
0.8599108830677828
0.860754793410748
0.8613286524439644
0.8621050499594923
0.8627464218201458
0.8635228193356738
0.8641304347826086
0.8646030245746692
0.865480691331353
0.8661558196057251
0.8670334863624088
0.867708614636781
0.8685187685660275
0.8692614096678369
0.8700715635970835
0.8710842560086416
0.8725695382122604
0.8734472049689441
0.8743586281393465
0.8750675128274372
0.8758776667566838
0.8764177693761814
0.8771266540642723
0.877835538752363
0.878780718336484
0.8798946799891979
0.8805022954361329
0.8811099108830678
0.8817512827437213
0.882291385363219
0.8831352957061842
0.8838441803942749
0.8846543343235215
0.8855320010802052
0.8863083985957332
0.8872873345935728
0.8882325141776938
0.8890426681069403
0.8900891169322172
0.8907980016203079
0.891641911963273
0.8921820145827707
0.8929584120982986
0.8934647583040778
0.8941736429921685
0.8949500405076964
0.8956251687820685
0.8960977585741291
0.8970429381582501
0.8976843100189036
0.8981568998109641
0.8987307588441804
0.8996084256008642
0.9001485282203618
0.9007899000810153
0.9010937078044828
0.9017688360788549
0.9025789900081015
0.9032541182824737
0.9040305157980016
0.9048069133135296
0.9056845800702134
0.9062584391034296
0.9069335673778017
0.9078112341344855
0.9081825546853902
0.909060221442074
0.909566567647853
0.9099378881987578
0.9104779908182554
0.9110518498514718
0.9116932217121253
0.9125708884688091
0.9134485552254928
0.9140561706724277
0.9149675938428301
0.9154401836348907
0.9161828247367
0.9172630299756954
0.9177356197677559
0.9184445044558466
0.919018363489063
0.9195922225222792
0.9200648123143397
0.9210775047258979
0.9220226843100189
0.9226302997569539
0.9235079665136376
0.9242843640291656
0.9250607615446935
0.9257358898190656
0.9265122873345936
0.9271536591952471
0.9276600054010262
0.9281325951930867
0.9286051849851472
0.9291115311909263
0.9297191466378611
0.930428031325952
0.9309006211180124
0.931710775047259
0.9322846340804752
0.9330610315960033
0.9335673778017823
0.9343100189035917
0.9349176343505265
0.9358290575209289
0.9363691601404267
0.9368755063462058
0.9375168782068592
0.937888198757764
0.9385633270321361
0.9392046988927897
0.9398798271671618
0.9405211990278153
0.9410613016473129
0.9419389684039967
0.9422765325411828
0.9429854172292735
0.9436943019173643
0.9441331352957062
0.9446394815014852
0.9451120712935458
0.9458209559816365
0.946293545773697
0.9468674048069133
0.9473062381852552
0.9478125843910343
0.948352687010532
0.9489265460437483
0.9496016743181205
0.950243046178774
0.9506818795571158
0.9511207129354577
0.9519983796921415
0.9525722387253578
0.9529435592762625
0.9536186875506346
0.9544963543073184
0.9551039697542533
0.9556778287874697
0.9561504185795301
0.9566905211990279
0.9573318930596814
0.9578382392654604
0.9584120982986768
0.9589859573318931
0.9593910342965163
0.9598636240885768
0.960201188225763
0.9607750472589792
0.9612813934647583
0.9616189576019444
0.962159060221442
0.9630367269781258
0.9639819065622468
0.9645557655954632
0.964994598973805
0.9653321631109911
0.9658047529030516
0.9663110991088307
0.966716176073454
0.967222522279233
0.9677626248987308
0.9682014582770726
0.968775317310289
0.9693154199297866
0.970058061031596
0.9706319200648124
0.97117202268431
0.9717458817175263
0.9723197407507427
0.9728598433702403
0.9732986767485823
0.9737037537132055
0.9743788819875776
0.9749864974345126
0.975459087226573
0.9759316770186336
0.9765730488792871
0.9771131514987847
0.9777207669457196
0.9781933567377802
0.9786659465298406
0.9792060491493384
0.9796786389413988
0.9800837159060222
0.9809276262489873
0.9815014852822036
0.9821428571428571
0.9827504725897921
0.9834593572778828
0.983864434242506
0.9845058061031596
0.9850796651363759
0.9853834728598434
0.9858223062381852
0.9861598703753713
0.9864974345125573
0.986868755063462
0.9874426140966783
0.9881852551984878
0.988590332163111
0.9891979476100459
0.9896705374021064
0.9902106400216041
0.9905819605725088
0.9908857682959762
0.9914933837429112
0.9918647042938158
0.9920672427761275
0.9924723197407508
0.992877396705374
0.9933499864974346
0.9937888198757764
0.994328922495274
0.9946664866324602
0.9949702943559277
0.9952403456656764
0.9957466918714556
0.9963205509046719
0.9966918714555766
0.9971982176613556
0.9975357817985417
0.9977383202808534
0.997940858763165
0.9981433972454766
0.9986159870375372
0.9991223332433162
0.999493653794221
0.9996286794490953
0.9997637051039697
0.999831217931407
0.9999324871725628
1.0
1.0
