0.001316500135025655
0.0021266540642722116
0.0033081285444234404
0.004118282473669997
0.005738590332163111
0.00692006481231434
0.008169052119902782
0.009215500945179584
0.009958142046988928
0.011544693491763435
0.012827437213070484
0.014042668106940319
0.015696732379152038
0.01674318120442884
0.018127194166891708
0.019747502025384823
0.020928976505536052
0.021739130434782608
0.022448015122873345
0.023933297326492034
0.02504725897920605
0.026363759114231704
0.027578990008101538
0.028321631109910882
0.029570618417499323
0.0304820415879017
0.031798541722927356
0.0330812854442344
0.033790170132325145
0.03490413178503916
0.035916824196597356
0.036997029435592764
0.03827977315689981
0.039630029705644075
0.040845260599513905
0.04195922225222792
0.04293815825006751
0.04418714555765595
0.04523359438293276
0.046718876586551446
0.04800162030785849
0.04925060761544694
0.05056710775047259
0.05137726167971915
0.05272751822846341
0.054044018363489064
0.055293005671077505
0.05687955711585201
0.05826357007831488
0.05944504455846611
0.06028895490143127
0.061605455036456924
0.06292195517148258
0.06383337834188496
0.06477855792600594
0.0660950580610316
0.06751282743721307
0.06893059681339454
0.07004455846610856
0.07098973805022954
0.07183364839319471
0.07321766135565758
0.07423035376721578
0.07561436672967864
0.07666081555495544
0.07767350796651364
0.07892249527410208
0.07983391844450445
0.08094788009721847
0.08223062381852551
0.08351336753983257
0.08452605995139076
0.0857412908452606
0.08692276532541182
0.08813799621928166
0.08908317580340265
0.0903996759384283
0.09151363759114231
0.0929651633810424
0.09394409937888198
0.09485552254928437
0.09623953551174723
0.09775857412908452
0.09900756143667297
0.10103294625978936
0.10299081825546853
0.10423980556305698
0.10599513907642452
0.10798676748582231
0.10916824196597354
0.11018093437753174
0.11122738320280853
0.11271266540642721
0.11402916554145287
0.11514312719416689
0.1162233324331623
0.11716851201728329
0.11872130704833918
0.12047664056170672
0.12165811504185796
0.12290710234944639
0.12466243586281393
0.1259789359978396
0.1274979746151769
0.12874696192276533
0.12989467998919796
0.13094112881447476
0.13188630839859572
0.1328314879827167
0.13408047529030515
0.1353969754253308
0.13627464218201457
0.13715230893869834
0.13819875776397517
0.13934647583040777
0.14035916824196598
0.14140561706724278
0.1426208479611126
0.14390359168241965
0.14528760464488252
0.1476843100189036
0.14947339994598974
0.150823656494734
0.15173507966513639
0.15315284904131785
0.15413178503915745
0.1549081825546854
0.15608965703483663
0.15679854172292734
0.1580475290305158
0.15922900351066702
0.16047799081825548
0.1611531190926276
0.16209829867674858
0.1626721577099649
0.16398865784499056
0.16500135025654875
0.16598028625438832
0.16716176073453956
0.16847826086956522
0.16922090197137457
0.17030110721036998
0.17158385093167702
0.1724615176883608
0.1730353767215771
0.17435187685660275
0.17597218471509588
0.17799756953821225
0.17911153119092627
0.180765595463138
0.18167701863354038
0.18282473669997298
0.18427626248987308
0.1854914933837429
0.1865379422090197
0.18744936537942208
0.18873210910072913
0.18994733999459898
0.19123008371590602
0.1922427761274642
0.19325546853902242
0.19450445584661086
0.19507831487982716
0.19588846880907373
0.19761004590872266
0.19906157169862274
0.20014177693761814
0.20108695652173914
0.2025384823116392
0.20375371320550906
0.20473264920334863
0.20615041857953012
0.20746691871455578
0.2085808803672698
0.20999864974345125
0.2112476370510397
0.2127329192546584
0.2138468809073724
0.21553470159330274
0.21671617607345395
0.21783013772616797
0.21914663786119362
0.2206319200648123
0.22181339454496354
0.22296111261139617
0.22441263840129624
0.22542533081285443
0.2263029975695382
0.22755198487712666
0.22853092087496624
0.22991493383742911
0.23119767755873616
0.23224412638401296
0.23329057520928975
0.23423575479341074
0.23524844720496896
0.2361598703753713
0.2375776397515528
0.23902916554145287
0.24061571698622738
0.24176343505266001
0.2432824736699973
0.24449770456386713
0.24561166621658115
0.24659060221442075
0.2479071023494464
0.24912233324331623
0.25027005130974883
0.25128274372130704
0.2523967053740211
0.2531393464758304
0.25415203888738863
0.2552660005401026
0.2559073724007561
0.2572576289495004
0.2587766675668377
0.2599918984607075
0.26100459087226574
0.26171347556035646
0.26289495004050767
0.2640089116932217
0.2651566297596543
0.2658992708614637
0.2666081555495544
0.2677221172022684
0.2687348096138266
0.26981501485282205
0.2710977585741291
0.27190791250337565
0.27285309208749664
0.27406832298136646
0.27521604104779906
0.27616122063192006
0.2772751822846341
0.2783553875236295
0.27926681069403186
0.2804820415879017
0.2816972724817715
0.28277747772076695
0.2836889008911693
0.28483661895760193
0.2857142857142857
0.2871995679179044
0.28844855522549284
0.28963002970564405
0.2904739400486092
0.2916891709424791
0.2926005941128815
0.2933432352146908
0.29462597893599785
0.29580745341614906
0.29682014582770727
0.29820415879017015
0.2995544153389144
0.3011072103699703
0.30201863354037267
0.30336889008911694
0.304651633810424
0.30573183904941936
0.30698082635700785
0.3083310829057521
0.3091749932487173
0.3099176343505266
0.31076154469349176
0.31177423710505
0.31278692951660814
0.3139008911693222
0.31491358358088034
0.31589251957871994
0.3172427761274642
0.3186943019173643
0.3205509046718877
0.32210369970294356
0.3231501485282204
0.3243316230083716
0.3253443154199298
0.3264582770726438
0.3276735079665136
0.3288549824466649
0.33017148258169055
0.3316567647853092
0.3328382392654604
0.3340197137456117
0.33486362408857684
0.3361801242236025
0.3372603294625979
0.33857682959762353
0.33962327842290035
0.3406697272481772
0.34174993248717256
0.3429651633810424
0.34380907372400754
0.3449905482041588
0.3460707534431542
0.3470496894409938
0.34792735619767756
0.3489400486092358
0.3501552795031056
0.351066702673508
0.35207939508506614
0.3533283823926546
0.3543748312179314
0.3555563056980826
0.356298946799892
0.3575479341074804
0.3586281393464758
0.35967458817175263
0.3609573318930597
0.36190251147718067
0.36288144747502027
0.3643329732649203
0.36564947339994597
0.36676343505266
0.36845125573859033
0.36959897380502293
0.37088171752633
0.3719281663516068
0.3736159870375371
0.37466243586281395
0.3759789359978396
0.377059141236835
0.3785106670267351
0.3797934107480421
0.3809073724007561
0.38195382122603294
0.38313529570618415
0.3842830137726168
0.3853969754253308
0.3866122063192006
0.3875573859033216
0.38860383472859844
0.3896840399675938
0.3905617067242776
0.3915068863083986
0.3925195787199568
0.3935997839589522
0.3947137456116662
0.39549014312719416
0.39646907912503376
0.3972117202268431
0.3982244126384013
0.3993046178773967
0.40021604104779906
0.4012624898730759
0.40257899000810154
0.40369295166081554
0.4045031055900621
0.4055157980016203
0.40635970834458546
0.4075749392384553
0.4086551444774507
0.40970159330272754
0.410950580610316
0.41199702943559274
0.41304347826086957
0.41442749122333244
0.4157102349446395
0.4166891709424791
0.4179381582500675
0.4189508506616257
0.42013232514177695
0.4210099918984607
0.4220226843100189
0.4230353767215771
0.42384553065082364
0.42489197947610047
0.42587091547394007
0.4266810694031866
0.4276600054010262
0.4285039157439914
0.42948285174183093
0.4306305698082636
0.43150823656494736
0.43258844180394274
0.43363489062921956
0.43468133945449633
0.43552524979746154
0.43643667296786387
0.43731433972454764
0.4385970834458547
0.43974480151228734
0.4410275452335944
0.4422427761274642
0.44352551984877125
0.444403186605455
0.4455509046718877
0.4469011612206319
0.4481501485282204
0.44902781528490415
0.44993923845530653
0.45108695652173914
0.4519646232784229
0.4529435592762625
0.4538887388603835
0.45490143127194166
0.4561166621658115
0.4570618417499325
0.4581082905752093
0.4593235214690791
0.45996489332973267
0.46097758574129083
0.46155144477450716
0.4622603294625979
0.4632392654604375
0.46411693221712125
0.46512962462867946
0.465939778557926
0.4668174453146098
0.467830137726168
0.46884283013772615
0.4704293815825007
0.4716108560626519
0.4726910613016473
0.4739400486092358
0.4751890359168242
0.47650553605184987
0.477518228463408
0.478294625978936
0.4793410748042128
0.48065757493923844
0.48163651093707804
0.48322306238185253
0.484640831758034
0.4856197677558736
0.4872063192006481
0.4882190116122063
0.4893329732649203
0.49048069133135297
0.49105455036456924
0.4916621658115042
0.492877396705374
0.4938900891169322
0.49490278152849043
0.4959829867674858
0.49672562786929514
0.49797461517688363
0.49915608965703484
0.5
0.5006413718606535
0.5014852822036187
0.5026330002700513
0.5036456926816095
0.5043545773697002
0.5052997569538212
0.5064812314339725
0.5075951930866864
0.5086416419119633
0.5098231163921145
0.5107682959762355
0.5119835268701053
0.5131650013502566
0.5138738860383473
0.5149203348636241
0.5163381042398055
0.5175195787199568
0.518532271131515
0.5197475020253848
0.5208614636780988
0.5221104509856873
0.5232919254658385
0.52470969484202
0.5260261949770456
0.527106400216041
0.5279840669727248
0.529334323521469
0.5301444774507157
0.5313934647583041
0.532608695652174
0.5334188495814205
0.5347691061301647
0.535511747231974
0.5364906832298136
0.5377734269511207
0.5391574399135836
0.5399000810153929
0.540743991358358
0.5419929786659465
0.5431406967323792
0.5441196327302188
0.5454361328652444
0.5464825816905212
0.5473940048609236
0.5484404536862004
0.5495544153389144
0.5503983256818795
0.5521536591952471
0.552930056710775
0.5538414798811774
0.554482851741831
0.555428031325952
0.5565419929786659
0.5574534161490683
0.5583985957331893
0.559276262489873
0.5601876856602754
0.5609640831758034
0.5618755063462058
0.5626519038617337
0.5639008911693222
0.5646097758574129
0.5655887118552525
0.5667026735079665
0.5672427761274642
0.5680191736429921
0.5687618147448015
0.5693694301917365
0.5707534431541993
0.5718674048069133
0.5728125843910343
0.5736564947339995
0.5745679179044019
0.5753105590062112
0.5761207129354577
0.5771671617607346
0.578416149068323
0.5792263029975695
0.5804077774777208
0.5816905211990279
0.5822643802322441
0.5829395085066162
0.5837496624358628
0.584762354847421
0.5853362138806373
0.586652714015663
0.587597893599784
0.5888468809073724
0.589994598973805
0.5910072913853632
0.5920874966243587
0.5927626248987308
0.593775317310289
0.5945517148258169
0.5956319200648124
0.5965770996489334
0.5976235484742101
0.5985349716446124
0.5993113691601404
0.6003578179854172
0.6015392924655685
0.6027882797731569
0.6038347285984337
0.6045098568728058
0.6055900621118012
0.6065014852822036
0.6077504725897921
0.608864434242506
0.6099108830677828
0.6111261139616527
0.6122063192006482
0.6133202808533621
0.6141641911963273
0.6147718066432623
0.6157507426411019
0.6170334863624088
0.6180461787739671
0.618991358358088
0.6200715635970835
0.6211517688360788
0.6220969484201998
0.6230758844180394
0.6241223332433162
0.6250675128274372
0.6260802052389954
0.6272954361328652
0.6279705644072374
0.628780718336484
0.6296921415068863
0.6307723467458817
0.6316162570888468
0.632460167431812
0.6336416419119633
0.6347556035646773
0.6360383472859843
0.6368147448015122
0.6380637321091007
0.6394815014852822
0.640527950310559
0.6416756683769916
0.6426546043748312
0.6435997839589522
0.644815014852822
0.6457939508506616
0.6469079125033756
0.6478868485012153
0.6487307588441804
0.6494396435322711
0.6505198487712666
0.6516338104239806
0.6527477720766945
0.6537942209019714
0.6550432082095599
0.6563259519308668
0.6573724007561437
0.6580137726167972
0.6589251957871995
0.6602079395085066
0.6611868755063462
0.6621658115041857
0.662840939778558
0.6635498244666487
0.6645287604644883
0.6655414528760465
0.6668241965973535
0.6677356197677559
0.6685457736970024
0.6692884147988117
0.6703348636240886
0.6712800432082096
0.6718876586551444
0.6728328382392654
0.6737780178233864
0.6749257358898191
0.6758371590602215
0.6764447745071563
0.6774574669187146
0.67853767215771
0.6794490953281124
0.6802930056710775
0.6813056980826357
0.6820820955981637
0.68265595463138
0.6831960572508776
0.6839386983526871
0.6849176343505265
0.6857277882797732
0.6863016473129895
0.6868079935187685
0.6877869295166081
0.6887996219281664
0.6896435322711315
0.6908250067512828
0.691837699162841
0.6926140966783689
0.6935930326762085
0.6945044558466108
0.6953821226032946
0.696293545773697
0.6971374561166621
0.6983189305968134
0.699297866594653
0.7001080205238995
0.701188225762895
0.7018971104509857
0.7024372130704833
0.7036186875506346
0.7044963543073184
0.7051714825816905
0.7061166621658115
0.7069605725087766
0.7077707264380232
0.7087496624358628
0.709593572778828
0.710707534431542
0.7115514447745072
0.7124291115311909
0.7130367269781258
0.713880637321091
0.7146570348366189
0.7153321631109911
0.7164123683499865
0.7173237915203888
0.718167701863354
0.7189778557926005
0.7199567917904401
0.721003240615717
0.7220159330272752
0.7228598433702403
0.7237375101269241
0.7242776127464218
0.7251215230893869
0.7257628949500405
0.7268768566027545
0.7281596003240616
0.729071023494464
0.7297123953551174
0.7306575749392384
0.7315689981096408
0.7325141776937618
0.7334256008641642
0.7343370240345666
0.7352822036186876
0.73619362678909
0.7373751012692411
0.7380839859573319
0.7390291655414529
0.7397718066432623
0.7406157169862274
0.7412570888468809
0.7420672427761275
0.7428098838779368
0.7438563327032136
0.7445652173913043
0.7456791790440184
0.7463205509046719
0.7470969484201998
0.7479746151768836
0.7486497434512558
0.749493653794221
0.7506751282743721
0.7518228463408048
0.7525317310288955
0.7535444234404537
0.75411828247367
0.755063462057791
0.7559073724007561
0.7566162570888468
0.757460167431812
0.7582028085336214
0.7590804752903052
0.7596880907372401
0.7607007831487983
0.7616797191466379
0.7624561166621658
0.7629962192816635
0.7637388603834728
0.7643127194166892
0.7652578990008102
0.7660342965163381
0.7669794761004591
0.7681271941668917
0.7689035916824196
0.7695787199567918
0.770422630299757
0.7711315149878477
0.7719416689170943
0.772650553605185
0.773595733189306
0.7742033486362409
0.7750135025654874
0.7760599513907642
0.7769038617337294
0.7776127464218201
0.7784566567647853
0.7797394004860924
0.7805495544153389
0.7811909262759924
0.7819335673778017
0.7828449905482041
0.7838239265460437
0.7843977855792601
0.7850729138536322
0.7858493113691601
0.7865244396435322
0.7873345935727788
0.7878071833648393
0.7888536321901162
0.7896975425330813
0.7905076964623279
0.7917229273561976
0.7923980556305698
0.7930056710775047
0.7940521199027816
0.7948960302457467
0.7956049149338374
0.796583850931677
0.7971577099648933
0.7979003510667027
0.798642992168512
0.7993181204428842
0.8000607615446935
0.8007696462327842
0.8014110180934377
0.8018498514717797
0.8026937618147448
0.8036389413988658
0.8045166081555496
0.8052254928436403
0.8059681339454496
0.8065082365649473
0.8072846340804752
0.8080947880097219
0.808769916284094
0.8095463137996219
0.8105927626248988
0.8113354037267081
0.811943019173643
0.812888198757764
0.8134620577909802
0.8143734809613826
0.8147110450985687
0.8154874426140967
0.8162975965433432
0.8172090197137456
0.8177828787469619
0.8187280583310829
0.8196732379152039
0.8204833918444504
0.8213610586011342
0.8221374561166621
0.8229138536321902
0.8237240075614367
0.8244328922495274
0.825243046178774
0.8261207129354577
0.8270996489332973
0.8279098028625439
0.8284499054820416
0.8292263029975695
0.8297664056170673
0.8303065082365649
0.8311166621658115
0.8317917904401836
0.8323656494734
0.8329732649203349
0.8334458547123954
0.8341884958142047
0.8350324061571699
0.8359775857412909
0.8367202268431002
0.8372603294625979
0.8378679449095328
0.838711855252498
0.8395895220091818
0.8404671887658656
0.8411423170402377
0.8418174453146098
0.842222522279233
0.8430326762084797
0.8437415608965704
0.8444166891709425
0.8448555225492843
0.8454293815825007
0.84617202268431
0.8467796381312449
0.8475560356467728
0.8486362408857683
0.8494463948150148
0.8501215230893869
0.8506278692951661
0.851235484742101
0.8522144207399406
0.8527207669457196
0.8534634080475291
0.8544761004590872
0.8552862543883338
0.8559951390764245
0.8565352416959222
0.8571766135565757
0.8580205238995409
0.8587631650013503
0.8595733189305969
0.8599783958952201
0.8606535241695922
0.861531190926276
0.8621725627869296
0.8628814474750203
0.8636578449905482
0.8641304347826086
0.8648055630569809
0.865480691331353
0.8660207939508506
0.8667296786389413
0.8673372940858763
0.8680799351876857
0.8689576019443694
0.8696327302187415
0.8702403456656764
0.8706454226302998
0.8713543073183905
0.8719281663516069
0.8724682689711045
0.873109640831758
0.874054820415879
0.8747974615176883
0.8752025384823117
0.8758776667566838
0.8763502565487442
0.8771266540642723
0.8778692951660816
0.8786119362678909
0.8792533081285444
0.8802997569538212
0.8810761544693492
0.8815149878476911
0.8822238725357818
0.8829665136375912
0.8833715906022144
0.8841817445314609
0.8851606805293005
0.8858020523899541
0.8865446934917635
0.8871523089386983
0.888131244936538
0.8889413988657845
0.8894477450715635
0.8901566297596544
0.8907642452065893
0.8915743991358358
0.8923170402376451
0.8931271941668917
0.893869835268701
0.8945787199567918
0.8953213610586012
0.8960640021604105
0.8966378611936268
0.8973467458817175
0.8980556305698083
0.8990345665676479
0.8998447204968945
0.9003510667026735
0.9013637591142317
0.9018025924925736
0.9023089386983527
0.9030853362138807
0.9037267080745341
0.904334323521469
0.9052119902781528
0.9060221442073995
0.9067310288954902
0.9073386443424251
0.9079800162030786
0.9085538752362949
0.9093977855792601
0.9102079395085066
0.9108155549554415
0.9115581960572509
0.9120982986767486
0.9127059141236835
0.9134485552254928
0.914292465568458
0.9149675938428301
0.9155414528760465
0.9162840939778558
0.917128004320821
0.9179044018363489
0.918579530110721
0.9191533891439373
0.9198960302457467
0.9205711585201188
0.9210775047258979
0.9216176073453957
0.9223940048609236
0.9230353767215771
0.9235754793410748
0.9243856332703214
0.9250607615446935
0.9258709154739401
0.9263772616797191
0.9270861463678098
0.927761274642182
0.9282338644342425
0.9288414798811774
0.9292803132595193
0.9299216851201728
0.9303942749122334
0.930934377531731
0.9313394544963544
0.9319133135295706
0.9325209289765055
0.9332298136645962
0.9340737240075614
0.9346813394544964
0.9353227113151499
0.9362003780718336
0.9371793140696733
0.9381920064812315
0.9392046988927897
0.9399810964083176
0.9405211990278153
0.9411963273021874
0.9419389684039967
0.9423102889549014
0.9427491223332433
0.943289224952741
0.9439305968133945
0.9443694301917365
0.9450445584661086
0.9454158790170132
0.9460910072913854
0.9465635970834458
0.9470361868755064
0.9475425330812854
0.9481501485282203
0.9487577639751553
0.9492641101809344
0.9498717256278693
0.9501417769376181
0.9508844180394275
0.9512219821766136
0.9517958412098299
0.9524034566567647
0.9529098028625439
0.9534836618957602
0.9542600594112881
0.9548001620307859
0.9553065082365649
0.9562179314069673
0.9567242776127465
0.9573656494734
0.9580745341614907
0.9587159060221442
0.9590534701593303
0.959593572778828
0.9601336753983257
0.960707534431542
0.9613826627059141
0.9619565217391305
0.9624291115311909
0.9633742911153119
0.9639143937348096
0.9647583040777747
0.964994598973805
0.9655347015933027
0.9661085606265191
0.966716176073454
0.9674250607615447
0.9682689711045098
0.9690791250337564
0.9694842019983797
0.9698555225492843
0.9702943559276263
0.9709019713745611
0.9714083175803403
0.971948420199838
0.9726573048879287
0.9729948690251148
0.9735349716446124
0.9738725357817986
0.974345125573859
0.9749189846070754
0.9754253308128544
0.9758304077774778
0.976235484742101
0.9768431001890359
0.9775519848771267
0.9781933567377802
0.9789022414258709
0.9794761004590872
0.9802862543883338
0.9808938698352687
0.981467728868485
0.9817040237645153
0.9822778827977315
0.9829192546583851
0.9834593572778828
0.9838981906562246
0.9843370240345666
0.9849446394815015
0.9856197677558736
0.9860586011342155
0.9865987037537132
0.9868349986497434
0.9871388063732109
0.9874763705103969
0.9881177423710505
0.9884553065082365
0.9889616527140157
0.989535511747232
0.9901093707804483
0.9907169862273832
0.9911895760194437
0.9917971914663786
0.9923372940858763
0.992708614636781
0.9930799351876857
0.9933837429111532
0.993822576289495
0.9941601404266811
0.9945314609775857
0.9951728328382393
0.9955103969754253
0.9960504995949231
0.9965568458007021
0.9968944099378882
0.9974345125573859
0.9977045638671348
0.9980758844180394
0.9983121793140697
0.9985147177963813
0.9988522819335673
0.9992236024844721
0.9993586281393465
0.999493653794221
0.9997637051039697
0.9998649743451256
0.9999662435862814
0.9999662435862814
1.0
