0.001316500135025655
0.002025384823116392
0.0030043208209559816
0.004050769646232784
0.005367269781258439
0.006244936537942209
0.007291385363219011
0.008607885498244667
0.009823116392114502
0.011038347285984337
0.0118822576289495
0.01265865514447745
0.01421145017553335
0.015662975965433434
0.01667566837699163
0.018093437753173104
0.01917364299216851
0.01988252768025925
0.021300297056440723
0.022751822846340804
0.024034566567647853
0.02541857953011072
0.02649878476910613
0.02768025924925736
0.028963002970564408
0.029874426140966782
0.030853362138806375
0.03193356737780178
0.032878746961922764
0.0340939778557926
0.035916824196597356
0.0377059141236835
0.03858358088036727
0.039596273291925464
0.04094652984066973
0.041824196597353494
0.04300567107750473
0.04438968403996759
0.04540237645152579
0.04661760734539563
0.0480353767215771
0.04938563327032136
0.050803402646502835
0.052930056710775046
0.05411153119092628
0.054820415879017016
0.05620442884147988
0.05725087766675668
0.05893869835268701
0.060153929246556846
0.06120037807183365
0.06214555765595463
0.06295571158520119
0.06420469889278962
0.06518363489062921
0.06643262219821766
0.06741155819605725
0.0686605455036457
0.0697745071563597
0.07102349446394815
0.07193491763435053
0.07254253308128544
0.07365649473399946
0.07460167431812044
0.07534431541992978
0.07649203348636241
0.07767350796651364
0.07882122603294626
0.08020523899540913
0.08182554685390224
0.08297326492033487
0.08493113691601405
0.0862813934647583
0.08786794490953281
0.08881312449365379
0.08972454766405617
0.09077099648933297
0.09181744531460978
0.09293140696732378
0.09374156089657035
0.09509181744531461
0.0965770996489333
0.09809613826627059
0.09910883067782879
0.10029030515798001
0.10150553605184985
0.10248447204968944
0.10373345935727789
0.1048811774237105
0.10602889549014313
0.10785174183094788
0.10906697272481772
0.1100459087226573
0.11085606265190386
0.1121050499594923
0.11338779368079935
0.1146705374021064
0.11608830677828788
0.11740480691331354
0.11858628139346476
0.11956521739130435
0.12078044828517419
0.1219281663516068
0.12358223062381853
0.1250337564137186
0.12618147448015124
0.12753173102889548
0.12925330812854444
0.13073859033216312
0.13178503915743991
0.13313529570618418
0.134350526600054
0.13559951390764244
0.13708479611126115
0.1379287064542263
0.13917769376181474
0.14073048879287064
0.14187820685930327
0.14285714285714285
0.14440993788819875
0.14549014312719416
0.14700918174453145
0.14856197677558736
0.1497434512557386
0.15065487442614098
0.15170132325141777
0.15345665676478532
0.15457061841749933
0.15568458007021335
0.1569673237915204
0.15808128544423442
0.15926275992438563
0.160174183094788
0.16145692681609505
0.16290845260599515
0.164292465568458
0.16550769646232785
0.16618282473669999
0.16719551714825817
0.16851201728328383
0.16972724817715365
0.1715500945179584
0.1730691331352957
0.17441938968403997
0.17560086416419118
0.17647853092087495
0.1776600054010262
0.17894274912233324
0.179820415879017
0.18110315960032405
0.18198082635700782
0.18265595463137996
0.18363489062921956
0.18495139076424522
0.18620037807183365
0.18724682689711045
0.18812449365379422
0.18937348096138265
0.1905549554415339
0.19180394274912232
0.19301917364299218
0.19457196867404808
0.1953146097758574
0.19659735349716445
0.19794761004590872
0.19902781528490412
0.2010194436943019
0.20230218741560896
0.2040575209289765
0.20527275182284635
0.20631920064812315
0.20743316230083717
0.20854712395355118
0.2096610856062652
0.210707534431542
0.2117539832568188
0.21246286794490954
0.21367809883877936
0.21465703483661897
0.21509586821496085
0.2159060221442074
0.2174925735889819
0.2189778557926006
0.22046313799621928
0.22127329192546583
0.2225222792330543
0.22377126654064272
0.22475020253848232
0.2267080745341615
0.22856467728868485
0.23018498514717797
0.2315352416959222
0.23329057520928975
0.234472049689441
0.23578854982446665
0.23669997299486903
0.23835403726708074
0.23977180664326223
0.2407844990548204
0.24189846070753443
0.24311369160140428
0.2443289224952741
0.24608425600864164
0.24756953821226033
0.24925735889819065
0.25057385903321633
0.2519578719956792
0.25286929516608153
0.2540170132325142
0.25492843640291657
0.2557385903321631
0.2566500135025655
0.2577639751552795
0.2585066162570889
0.2592492573588982
0.2604307318390494
0.26167971914663785
0.2627936807993519
0.26377261679719144
0.26525789900081015
0.26647312989467997
0.2679584120982987
0.2689373480961383
0.27038887388603833
0.27143532271131515
0.27254928436402914
0.2737307588441804
0.2746759384283014
0.27545233594382934
0.27660005401026194
0.2776802592492574
0.27822036186875504
0.2794018363489063
0.2807858493113692
0.28206859303267623
0.28301377261679717
0.28426275992438566
0.28544423440453687
0.28679449095328113
0.2878071833648393
0.28902241425870917
0.2897650553605185
0.2909127734269511
0.29226302997569537
0.2938158250067513
0.29462597893599785
0.29563867134755606
0.2968539022414259
0.29793410748042126
0.29911558196057253
0.3000270051309749
0.30141101809343773
0.3026937618147448
0.30411153119092627
0.30546178773967053
0.3068120442884148
0.3078584931136916
0.3087024034566568
0.30924250607615444
0.31025519848771266
0.3113354037267081
0.31332703213610585
0.3145760194436943
0.31575749392384556
0.31683769916284094
0.31835673778017826
0.31943694301917364
0.32048339184445046
0.32136105860113423
0.3224750202538482
0.32325141776937616
0.3243991358358088
0.32558061031596003
0.32706589251957874
0.32817985417229273
0.32939508506616255
0.3305428031325952
0.3317242776127464
0.33300702133405347
0.33391844450445585
0.3351674318120443
0.33651768836078855
0.337766675668377
0.3387456116662166
0.3395220091817445
0.34060221442073996
0.34178368890089117
0.3432689711045099
0.34411288144747504
0.3449567917904402
0.34647583040777746
0.3477923305428031
0.3487712665406427
0.34981771536591955
0.35093167701863354
0.35207939508506614
0.35292330542803135
0.35400351066702673
0.35504995949230356
0.35565757493923844
0.3567377801782339
0.35737915203888737
0.358358088036727
0.359472049689441
0.36075479341074806
0.3615649473399946
0.3626113961652714
0.3635565757493924
0.36426546043748315
0.3652106400216041
0.3660207939508507
0.36683094788009724
0.3681136916014043
0.36922765325411827
0.3702403456656765
0.3711855252497975
0.37223197407507425
0.373109640831758
0.37412233324331623
0.37530380772346744
0.37631650013502566
0.37776802592492575
0.37847691061301647
0.37962462867944907
0.3806373210910073
0.38151498784769106
0.38249392384553066
0.3835066162570889
0.38455306508236564
0.3856670267350797
0.3872535781798542
0.3889751552795031
0.3903929246556846
0.39187820685930325
0.39312719416689174
0.3939035916824197
0.39478125843910344
0.39576019443694305
0.39707669457196865
0.3982581690521199
0.3996759384283014
0.4008574129084526
0.40166756683769916
0.4028490413178504
0.4039630029705644
0.40514447745071563
0.4060896570348366
0.4070348366189576
0.4076762084796111
0.40848636240885766
0.40943154199297865
0.4104779908182555
0.41152443964353225
0.41277342695112074
0.4136173372940859
0.41459627329192544
0.4158790170132325
0.4169592222522279
0.41817445314609775
0.41915338914393735
0.4199635430731839
0.42104374831217933
0.42178638941398866
0.42276532541182826
0.42384553065082364
0.424756953821226
0.42597218471509585
0.4272886848501215
0.4283013772616797
0.4294490953281123
0.430765595463138
0.43160950580610313
0.4324871725627869
0.4334323521469079
0.43427626248987306
0.43508641641911966
0.4365041857953011
0.43778692951660814
0.4390696732379152
0.440116122063192
0.44139886578449905
0.44237780178233865
0.443120442884148
0.4441668917094248
0.44517958412098296
0.4462260329462598
0.4473737510126924
0.44811639211450177
0.4487915203888739
0.4499729948690251
0.4512557385903322
0.45223467458817174
0.45378746961922767
0.45473264920334866
0.455644072373751
0.4573994058871185
0.4587834188495814
0.45982986767485823
0.4609100729138536
0.46199027815284904
0.46296921415068865
0.4645220091817445
0.46556845800702135
0.46674993248717256
0.46789765055360516
0.46911288144747504
0.46985552254928437
0.4706994328922495
0.47177963813124496
0.4727585741290845
0.4736699972994869
0.4746826897110451
0.4757628949500405
0.4772481771536592
0.478294625978936
0.47923980556305695
0.48015122873345933
0.4810288954901431
0.48187280583310826
0.4830205238995409
0.48420199837969213
0.4851134215500945
0.48588981906562245
0.48686875506346206
0.48781393464758305
0.48892789630029704
0.4900418579530111
0.4910207939508507
0.4919659735349716
0.49324871725627867
0.4942614096678369
0.4950378071833648
0.4957466918714556
0.49679314069673236
0.49797461517688363
0.49912233324331623
0.5003038077234675
0.5013840129624628
0.5025992438563327
0.5036794490953281
0.5049284364029165
0.5062786929516608
0.5077977315689981
0.5089454496354308
0.5098568728058331
0.5110383472859843
0.5118822576289495
0.5128611936267891
0.5136713475560356
0.5145152578990008
0.5150891169322172
0.5159667836889009
0.5172495274102079
0.5183297326492033
0.5192073994058871
0.5203888738860384
0.5214690791250337
0.5221442073994059
0.5232919254658385
0.5246759384283014
0.5256211180124224
0.526600054010262
0.5278490413178504
0.5286254388333783
0.5295368620037807
0.5304482851741831
0.5316297596543343
0.5326424520658926
0.5335538752362949
0.5344652984066973
0.5350729138536322
0.5360180934377532
0.536895760194437
0.5377396705374021
0.5388873886038348
0.5403389143937348
0.5415203888738861
0.5424993248717256
0.5436132865244396
0.5446259789359978
0.5465163381042398
0.5476302997569539
0.5490143127194167
0.5502633000270051
0.551478530920875
0.5522886848501215
0.5534026465028355
0.5543140696732379
0.5548879287064542
0.5557993518768566
0.5566770186335404
0.5576897110450986
0.5585336213880637
0.5592425060761544
0.5598163651093708
0.5607277882797732
0.5615041857953011
0.5624493653794221
0.5627869295166081
0.5638671347556036
0.5648123143397246
0.5659600324061572
0.5672090197137456
0.5684917634350527
0.5695382122603294
0.570517148258169
0.5716648663246017
0.5727788279773157
0.5735889819065623
0.5745679179044019
0.5752768025924926
0.5760194436943019
0.5768971104509857
0.5778085336213881
0.5788212260329463
0.57969889278963
0.5808803672697812
0.5823656494734
0.5831758034026465
0.5841209829867675
0.5846948420199838
0.5855387523629489
0.5863151498784769
0.587159060221442
0.5882392654604375
0.5895557655954632
0.5905684580070213
0.5916824196597353
0.5924925735889819
0.5934715095868215
0.5945179584120983
0.5958007021334053
0.5968133945449635
0.597893599783959
0.5988725357817986
0.5995476640561707
0.6002227923305428
0.6011342155009451
0.6017080745341615
0.6026532541182825
0.603294625978936
0.6043410748042128
0.605522549284364
0.6060964083175804
0.6071766135565757
0.6078179854172293
0.608864434242506
0.6099446394815015
0.6108223062381852
0.6116324601674318
0.6126113961652714
0.6137253578179854
0.6146030245746692
0.615649473399946
0.6170334863624088
0.6176411018093437
0.6183837429111532
0.618991358358088
0.619767755873616
0.6204766405617067
0.6214555765595463
0.6224345125573859
0.6232784229003511
0.6239197947610046
0.6250675128274372
0.626113961652714
0.6271266540642723
0.6279368079935188
0.6289832568187955
0.6298609235754793
0.6308736159870375
0.6317850391574399
0.6327977315689981
0.6333040777747773
0.6341479881177424
0.6350594112881447
0.6361733729408587
0.6371523089386983
0.638468809073724
0.6397177963813124
0.6405617067242776
0.6415743991358358
0.6426883607885499
0.6437685660275453
0.644983796921415
0.6460640021604105
0.6471442073994059
0.6480556305698083
0.6489670537402107
0.6498447204968945
0.6506886308398596
0.6514650283553876
0.6521401566297597
0.6528490413178504
0.6534229003510666
0.6547056440723737
0.6553470159330272
0.6559883877936808
0.656832298136646
0.6577437213070484
0.659060221442074
0.6601404266810694
0.6610856062651904
0.661895760194437
0.6627059141236835
0.6636510937078045
0.6645625168782069
0.6654401836348907
0.6664866324601675
0.6676681069403186
0.6687820685930327
0.6695922225222792
0.6707399405887119
0.6717526330002701
0.6724952741020794
0.6732041587901701
0.6744869025114771
0.6759384283013773
0.6770523899540912
0.6777950310559007
0.6789089927086146
0.6802930056710775
0.6811031596003241
0.6823859033216311
0.6836348906292196
0.6848838779368079
0.6857953011072103
0.6867742371050499
0.6879894679989198
0.6889684039967594
0.6898798271671618
0.6905887118552525
0.6914326221982177
0.69234404536862
0.6932554685390224
0.694234404536862
0.6951120712935458
0.6959222252227923
0.6967323791520389
0.6975087766675668
0.6981839049419389
0.6991965973534972
0.7001755333513368
0.7012557385903322
0.7020321361058601
0.7028760464488253
0.7037874696192277
0.7044963543073184
0.7051377261679719
0.7060153929246556
0.7068593032676208
0.707871995679179
0.7087496624358628
0.7097961112611396
0.7105387523629489
0.7113151498784769
0.7122603294625979
0.7130367269781258
0.713880637321091
0.7149270861463678
0.7158047529030516
0.7164461247637051
0.717391304347826
0.7181001890359168
0.7190453686200378
0.7199230353767215
0.7208007021334053
0.7217121253038077
0.7222184715095868
0.7228260869565217
0.724007561436673
0.7250540102619498
0.7260329462597893
0.727180664326222
0.7277882797731569
0.7283621388063732
0.7291722927356198
0.730016203078585
0.7309951390764245
0.7318390494193897
0.732581690521199
0.73352687010532
0.7346745881717527
0.735417229273562
0.73619362678909
0.7369700243046179
0.7375438833378342
0.7385228193356738
0.7395692681609506
0.7403119092627599
0.7411895760194437
0.7423035376721577
0.7430799351876857
0.7440251147718067
0.744767755873616
0.7453078584931137
0.7462867944909533
0.7471307048339184
0.7478058331082906
0.7483796921415069
0.749493653794221
0.7503038077234675
0.7512827437213071
0.7520253848231164
0.7528017823386444
0.7535444234404537
0.7546583850931677
0.7555022954361329
0.7562449365379422
0.7569538212260329
0.7577302187415609
0.7586078854982446
0.7596543343235215
0.7606670267350797
0.7615446934917635
0.7622198217661356
0.7628274372130704
0.7636713475560356
0.7649878476910613
0.7659330272751823
0.7672157709964893
0.76792465568458
0.7687348096138267
0.7695787199567918
0.7703213610586012
0.7708952200918174
0.7713340534701594
0.7725155279503105
0.7730893869835269
0.7744058871185525
0.775047258979206
0.7757561436672968
0.7765325411828248
0.7773426951120713
0.7780178233864434
0.7787604644882528
0.7795706184174993
0.7804482851741831
0.7813259519308668
0.7822373751012692
0.7830475290305158
0.7837901701323251
0.7843977855792601
0.7849716446124764
0.7856805293005671
0.7866594652984067
0.7873008371590602
0.788178503915744
0.7890899270861463
0.7898325681879557
0.7907102349446394
0.7915541452876046
0.7924993248717256
0.7931744531460978
0.7941533891439373
0.7946934917634351
0.7955711585201188
0.7963813124493654
0.7971239535511747
0.7976640561706724
0.798474210099919
0.799250607615447
0.8000607615446935
0.8007696462327842
0.8014110180934377
0.8025249797461518
0.8036389413988658
0.8043815825006752
0.80498919794761
0.805765595463138
0.8065757493923845
0.8073521469079125
0.8083310829057521
0.8093100189035917
0.8103227113151499
0.8113016473129895
0.8117404806913313
0.8127869295166081
0.8137321091007291
0.8143734809613826
0.8151161220631921
0.81589251957872
0.8169052119902781
0.8176478530920875
0.8187618147448015
0.8196732379152039
0.8201120712935458
0.8206521739130435
0.8212260329462598
0.8221036997029436
0.8228800972184716
0.8236564947339995
0.8240953281123413
0.8250067512827437
0.8259856872805833
0.826694571968674
0.8275384823116392
0.8285511747231974
0.8292263029975695
0.8297664056170673
0.8307115852011883
0.8315554955441534
0.8322643802322441
0.832871995679179
0.8337834188495814
0.8344585471239535
0.8352687010532001
0.8359775857412909
0.8367539832568188
0.8375641371860654
0.8381379962192816
0.8387793680799351
0.8393869835268701
0.8403321631109911
0.8411760734539563
0.8416824196597353
0.8424588171752633
0.8433702403456657
0.8438428301377262
0.8446192276532541
0.8453618687550635
0.8459019713745611
0.8465433432352147
0.8473534971644613
0.848399945989738
0.8491088306778288
0.8498177153659195
0.8505603564677289
0.8513367539832568
0.8521131514987847
0.8528895490143127
0.8534634080475291
0.8544085876316501
0.855184985147178
0.8558601134215501
0.8568390494193897
0.8572778827977315
0.8580205238995409
0.85852687010532
0.8592695112071294
0.8601134215500945
0.860754793410748
0.861531190926276
0.8622400756143668
0.8630164731298947
0.8638603834728599
0.8644679989197948
0.8650756143667296
0.8658520118822576
0.8664596273291926
0.8672022684310019
0.8682487172562787
0.8686875506346206
0.869328922495274
0.8701728328382393
0.8710167431812045
0.8717593842830138
0.8724007561436673
0.8730421280043208
0.8739535511747232
0.8746961922765325
0.8752700513097489
0.8758439103429652
0.8766203078584931
0.877059141236835
0.8779030515798002
0.8786119362678909
0.8790845260599514
0.8798946799891979
0.8808061031596003
0.8814137186065353
0.8818863083985957
0.8825951930866864
0.883067782878747
0.8837429111531191
0.8846880907372401
0.8855657574939239
0.8867472319740751
0.887692411558196
0.8883337834188496
0.8892114501755334
0.8900553605184985
0.8906292195517148
0.8913043478260869
0.8919794761004591
0.8924520658925196
0.8930934377531731
0.8937348096138267
0.8942749122333243
0.894815014852822
0.8955576559546313
0.8965028355387523
0.8972454766405618
0.8980218741560897
0.8984944639481501
0.8991358358088036
0.89970969484202
0.9001147718066432
0.900823656494734
0.9013975155279503
0.9021401566297597
0.9026465028355387
0.9036929516608155
0.9044693491763435
0.9050769646232785
0.9057520928976506
0.9065622468268971
0.9073724007561437
0.9079125033756413
0.9083850931677019
0.9089927086146368
0.9098703753713205
0.910511747231974
0.9113219011612206
0.9120982986767486
0.9127059141236835
0.9132797731568998
0.9139886578449905
0.914798811774237
0.9155076964623279
0.9160140426681069
0.9168241965973535
0.9174993248717256
0.9180056710775047
0.9186807993518769
0.9191196327302188
0.9197610045908723
0.9206724277612747
0.921415068863084
0.9220226843100189
0.9226302997569539
0.9232716716176074
0.9239130434782609
0.9245544153389144
0.9252295436132866
0.9259384283013773
0.9265798001620308
0.9271536591952471
0.9278287874696193
0.9286389413988658
0.9292803132595193
0.9297529030515798
0.9303942749122334
0.9310356467728869
0.9315082365649473
0.9321158520118823
0.9327909802862544
0.9335673778017823
0.9340737240075614
0.9349513907642452
0.9356265190386174
0.9363354037267081
0.9368755063462058
0.9375168782068592
0.9378544423440454
0.9384620577909802
0.9391034296516338
0.9396435322711315
0.9401836348906292
0.9411963273021874
0.9420064812314339
0.94234404536862
0.9429854172292735
0.9433904941938969
0.9436943019173643
0.9439305968133945
0.9443694301917365
0.945179584120983
0.9458884688090737
0.9465298406697272
0.9473062381852552
0.9479476100459088
0.9484539562516878
0.9491290845260599
0.9498379692141506
0.9503780718336484
0.9507831487982716
0.9512219821766136
0.9519308668647043
0.952470969484202
0.9531123413448556
0.9538212260329463
0.9543275722387253
0.9549351876856603
0.9554415338914394
0.9558803672697812
0.9564879827167162
0.9568930596813394
0.9575681879557116
0.9581758034026465
0.9591209829867675
0.9598636240885768
0.9606400216041048
0.9614501755333513
0.9622940858763165
0.96293545773697
0.9635093167701864
0.9642519578719957
0.9647245476640561
0.9653321631109911
0.9658385093167702
0.9663110991088307
0.966716176073454
0.9672562786929516
0.9683702403456657
0.9686065352416959
0.968944099378882
0.9694504455846611
0.9699567917904401
0.9704293815825007
0.9710707534431542
0.9714758304077775
0.972117202268431
0.9727923305428031
0.9733324331623009
0.9738050229543613
0.9741425870915474
0.9746489332973265
0.9751890359168242
0.9756616257088847
0.9763029975695382
0.9766405617067243
0.9770793950850661
0.9776532541182825
0.978125843910343
0.9784971644612477
0.9789697542533081
0.9794085876316501
0.9801174723197408
0.9803200108020524
0.9808601134215501
0.9812651903861733
0.9820415879017014
0.9826829597623549
0.9831217931406967
0.9836618957601945
0.9842019983796921
0.9846070753443155
0.9853834728598434
0.9858560626519038
0.9862273832028086
0.986531190926276
0.9869025114771807
0.9877126654064272
0.9883540372670807
0.9889616527140157
0.9892317040237645
0.9898055630569809
0.9901768836078855
0.9906832298136646
0.9913921145017554
0.9920334863624088
0.9924385633270322
0.9931136916014043
0.9934512557385903
0.9937213070483392
0.9940251147718067
0.9945989738050229
0.9951390764245207
0.9955441533891439
0.9958479611126114
0.9961855252497974
0.9965568458007021
0.9967931406967324
0.9972319740750742
0.9976370510396976
0.9980421280043208
0.9982784229003511
0.9986159870375372
0.9988522819335673
0.9991223332433162
0.9993248717256279
0.9995949230353767
0.9997299486902511
0.9997974615176883
1.0
1.0
