0.0008101539292465569
0.0019241155819605725
0.0027342695112071293
0.004455846610856063
0.005974885228193357
0.007527680259249258
0.009046718876586552
0.010059411288144747
0.011072103699702943
0.012321091007291386
0.0134350526600054
0.015224142587091547
0.016979476100459086
0.01890359168241966
0.020186335403726708
0.020928976505536052
0.02190791250337564
0.02319065622468269
0.02494598973805023
0.02622873345935728
0.027545233594382934
0.028794220901971375
0.03051579800162031
0.032271131514987846
0.03318255468539023
0.0346003240615717
0.03652443964353227
0.037840939778557924
0.039123683499864975
0.04044018363489063
0.04192546583850932
0.04314069673237915
0.04395085066162571
0.04489603024574669
0.04587496624358628
0.046955171482581694
0.04840669727248177
0.04948690251147718
0.0506346205779098
0.05201863354037267
0.05333513367539833
0.05495544153389144
0.0568120442884148
0.057993518768566024
0.05893869835268701
0.06018768566027545
0.061267890899270865
0.06305698082635701
0.06413718606535242
0.06531866054550364
0.06656764785309209
0.06805293005671077
0.06960572508776668
0.07102349446394815
0.07206994328922495
0.07291385363219012
0.0739265460437483
0.07456791790440184
0.07547934107480421
0.07635700783148798
0.0775384823116392
0.07868620037807184
0.0795638671347556
0.08044153389143938
0.08142046988927897
0.08260194436943019
0.0836821496084256
0.08493113691601405
0.0873615987037537
0.08820550904671888
0.08908317580340265
0.09029840669727249
0.09134485552254928
0.09256008641641912
0.09391034296516339
0.09529435592762625
0.09627329192546584
0.0975897920604915
0.0986699972994869
0.09978395895220092
0.10133675398325682
0.1027545233594383
0.10369970294355928
0.10461112611396166
0.10579260059411288
0.10683904941938968
0.10845935727788279
0.10967458817175263
0.11122738320280853
0.1120375371320551
0.11335403726708075
0.11402916554145287
0.11494058871185525
0.11635835808803673
0.11720226843100189
0.11818120442884147
0.11949770456386713
0.12064542263029976
0.12209694842019984
0.12317715365919525
0.1244598973805023
0.12554010261949772
0.12658655144477451
0.12739670537402106
0.1286794490953281
0.1301647312989468
0.13148123143397245
0.13242641101809344
0.13313529570618418
0.13414798811774237
0.135295706184175
0.1364771806643262
0.13759114231704023
0.13911018093437752
0.14032541182824737
0.1414393734809614
0.14248582230623819
0.1434647583040778
0.14444369430191736
0.14576019443694302
0.14694166891709426
0.14805563056980825
0.14913583580880369
0.15055360518498515
0.1513975155279503
0.1529165541452876
0.15372670807453417
0.15470564407237375
0.1560221442073994
0.1569673237915204
0.15784499054820417
0.15943154199297865
0.16068052930056712
0.16135565757493925
0.16253713205509046
0.16365109370780448
0.1647312989467999
0.16594652984066974
0.16749932487172564
0.16827572238725358
0.16972724817715365
0.1709087226573049
0.17205644072373752
0.1730691331352957
0.17475695382122602
0.17597218471509588
0.1771536591952471
0.178706454226303
0.1797529030515798
0.1808668647042938
0.18187955711585202
0.18316230083715906
0.184883877936808
0.185997839589522
0.18707804482851742
0.18812449365379422
0.18913718606535243
0.19021739130434784
0.19143262219821766
0.19274912233324332
0.19389684039967595
0.19501080205238996
0.19595598163651093
0.19703618687550634
0.19869025114771807
0.20000675128274373
0.2009181744531461
0.20260599513907643
0.20375371320550906
0.20463137996219283
0.20540777747772077
0.20618417499324873
0.20723062381852553
0.20827707264380232
0.20935727788279773
0.2102349446394815
0.21121388063732108
0.21199027815284904
0.21303672697812584
0.21428571428571427
0.2153321631109911
0.21644612476370512
0.2174250607615447
0.21813394544963544
0.2185052660005401
0.21938293275722387
0.22019308668647042
0.2210707534431542
0.22272481771536592
0.22390629219551714
0.22532406157169863
0.2267080745341615
0.22761949770456386
0.22913853632190115
0.23052254928436403
0.23170402376451527
0.2329192546583851
0.2340332163110991
0.23548474210099918
0.23669997299486903
0.23781393464758305
0.23926546043748312
0.24007561436672967
0.24091952470969485
0.24210099918984607
0.24314744801512286
0.2449027815284904
0.24621928166351606
0.24733324331623008
0.24827842290035107
0.24962867944909534
0.25060761544693494
0.2514852822036187
0.2525654874426141
0.2536119362678909
0.2547934107480421
0.25597488522819334
0.257122603294626
0.2583378341884958
0.2594517958412098
0.2606332703213611
0.26201728328382395
0.26319875776397517
0.26471779638131243
0.2655617067242776
0.2665406427221172
0.2684310018903592
0.26930866864704295
0.27052389954091277
0.2718066432622198
0.27312314339724547
0.2738320280853362
0.2749122333243316
0.2758574129084526
0.2767013232514178
0.27822036186875504
0.28014447745071563
0.28183229813664595
0.2831487982716716
0.28487037537132054
0.28638941398865786
0.28804347826086957
0.28946124763705106
0.2908115041857953
0.2919254658385093
0.29297191466378614
0.29418714555765596
0.29516608155549556
0.29628004320820955
0.29729273561976777
0.29820415879017015
0.29941938968403997
0.3006008641641912
0.30178233864434245
0.302761274642182
0.30404401836348904
0.30549554415338914
0.3067445314609776
0.3078584931136916
0.3089049419389684
0.3101539292465568
0.31126789089927087
0.3125843910342965
0.3139684039967594
0.3150148528220362
0.316061301647313
0.3176816095058061
0.3188968403996759
0.320348366189576
0.32163110991088306
0.32254253308128544
0.323352687010532
0.32423035376721576
0.32517553335133675
0.3262557385903322
0.3276059951390764
0.3286524439643532
0.32990143127194166
0.3310153929246557
0.33175803402646503
0.33300702133405347
0.3342222522279233
0.3351674318120443
0.3362813934647583
0.33742911153119093
0.339049419389684
0.3402308938698353
0.34120982986767484
0.3423237915203889
0.342998919794761
0.34428166351606804
0.3453618687550635
0.34637456116662163
0.34782608695652173
0.34907507426411016
0.35002025384823116
0.35143802322441264
0.3527882797731569
0.3539697542533081
0.35501620307858495
0.3562651903861734
0.3572778827977316
0.35832433162300836
0.35970834458547124
0.3610248447204969
0.36227383202808533
0.36372535781798543
0.36494058871185525
0.3659870375371321
0.36733729408587634
0.3684174993248717
0.3695652173913043
0.370712935457737
0.371658115041858
0.372940858763165
0.3739535511747232
0.3750675128274372
0.3762152308938698
0.3771941668917094
0.37840939778557925
0.37962462867944907
0.3812449365379422
0.3821901161220632
0.3833040777747772
0.3842830137726168
0.3849918984607075
0.38620712935457735
0.3875573859033216
0.38857007831487983
0.3899203348636241
0.3910342965163381
0.39170942479071025
0.3929921685120173
0.3939711045098569
0.39501755333513366
0.3968403996759384
0.3977518228463408
0.39879827167161763
0.39974345125573857
0.40109370780448284
0.40257899000810154
0.4034229003510667
0.4043005671077505
0.4055495544153389
0.40639346475830407
0.40727113151498784
0.40845260599513905
0.40983661895760193
0.41088306778287875
0.41203078584931135
0.41294220901971374
0.41415743991358356
0.41496759384283016
0.41564272211720227
0.4164866324601674
0.41766810694031864
0.41861328652443963
0.4192884147988118
0.42013232514177695
0.4211787739670537
0.4218539022414259
0.4230691331352957
0.42384553065082364
0.424756953821226
0.4256683769916284
0.42644477450715634
0.4272549284364029
0.4280988387793681
0.4292465568458007
0.4304280313259519
0.43160950580610313
0.4323521469079125
0.4334323521469079
0.43458007021334055
0.4357953011072104
0.4372805833108291
0.4384958142046989
0.4398460707534432
0.441061301647313
0.4424790710234945
0.4434242506076154
0.4446394815014853
0.4457534431541993
0.4466648663246017
0.4473737510126924
0.44804887928706455
0.44923035376721576
0.45017553335133675
0.4510532001080205
0.45223467458817174
0.4533823926546044
0.45422630299756955
0.4549689440993789
0.45608290575209287
0.4568930596813395
0.4580745341614907
0.45935727788279773
0.4602687010532001
0.46087631650013505
0.46195652173913043
0.4630704833918444
0.46408317580340264
0.46502835538752363
0.4659060221442074
0.46674993248717256
0.467830137726168
0.46880907372400754
0.46982176613556575
0.4710707534431542
0.4722522279233054
0.4735012152308939
0.47478395895220094
0.476066702673508
0.47738320280853364
0.4784296516338104
0.4793073183904942
0.4803875236294896
0.481298946799892
0.48264920334863626
0.48359438293275725
0.48470834458547124
0.4853497164461248
0.4860923575479341
0.4870375371320551
0.48842155009451793
0.4891641911963273
0.48994058871185525
0.4905819605725088
0.49142587091547396
0.49230353767215773
0.4933837429111531
0.4942951660815555
0.49510532001080204
0.4962530380772347
0.4974007561436673
0.4985147177963813
0.4993248717256279
0.5003375641371861
0.5013165001350256
0.5021266540642723
0.5029705644072374
0.5039832568187955
0.5050972184715096
0.5064137186065353
0.5073588981906563
0.5085403726708074
0.5099243856332704
0.5111733729408587
0.5119160140426681
0.512692411558196
0.5139413988657845
0.5151228733459358
0.5157642452065893
0.5167094247907102
0.517587091547394
0.5183972454766406
0.5191061301647313
0.5200175533351337
0.5210977585741291
0.5222117202268431
0.5231568998109641
0.5241358358088036
0.5249122333243317
0.5257561436672968
0.5269713745611666
0.5279503105590062
0.5291655414528761
0.5304820415879017
0.5313934647583041
0.5322373751012692
0.5332163110991088
0.5340264650283554
0.5349378881987578
0.535950580610316
0.5368282473669997
0.5375708884688091
0.5386173372940859
0.5397312989467999
0.5404401836348907
0.5411828247367
0.542128004320821
0.5431744531460978
0.5443221712125303
0.5455711585201188
0.5464488252768026
0.5475965433432353
0.5485754793410748
0.5497231974075074
0.5514447745071563
0.5527275182284634
0.5539089927086146
0.5551242236024845
0.556710775047259
0.5580610315960033
0.5588374291115312
0.5599513907642452
0.5610315960032406
0.5621455576559546
0.5627869295166081
0.5635633270321361
0.5642722117202268
0.5653861733729408
0.5663651093707804
0.5673102889549014
0.5682217121253038
0.5691331352957062
0.5700445584661086
0.5710572508776668
0.5717323791520389
0.5725425330812854
0.5736902511477181
0.5750067512827437
0.5763907642452066
0.5773697002430461
0.578078584931137
0.5789900081015393
0.5801714825816905
0.5810153929246556
0.5818255468539022
0.5826694571968674
0.5838171752633
0.5850324061571699
0.5860450985687281
0.5871928166351607
0.5882055090467189
0.5891506886308399
0.5900283553875236
0.5911085606265191
0.5921212530380773
0.5931001890359168
0.5939778557926005
0.5949905482041588
0.5959694842019984
0.5969146637861193
0.5981636510937078
0.5991088306778288
0.5999864974345126
0.6012692411558196
0.6023156899810964
0.6034971644612477
0.6044761004590872
0.6056238185255198
0.6064002160410478
0.6073791520388874
0.6085606265190386
0.6093370240345666
0.6105522549284365
0.6118349986497434
0.6130502295436133
0.6142317040237645
0.6159532811234134
0.6173035376721577
0.6180124223602484
0.6186875506346206
0.6197002430461788
0.620712935457737
0.6216918714555766
0.6224682689711045
0.6233121793140697
0.6243586281393465
0.6257088846880907
0.6267890899270862
0.6280380772346746
0.6289832568187955
0.6298609235754793
0.6308061031596003
0.6319875776397516
0.6327639751552795
0.6336416419119633
0.6343167701863354
0.6355995139076425
0.6364434242506076
0.6372535781798542
0.6379287064542263
0.6388738860383473
0.6399203348636241
0.640696732379152
0.6414393734809614
0.6421820145827707
0.6428908992708615
0.6438023224412638
0.6446462327842291
0.6455914123683499
0.6464690791250337
0.6477518228463408
0.6482919254658385
0.6491358358088036
0.6498784769106131
0.6506886308398596
0.6518025924925736
0.6523426951120713
0.6529840669727248
0.6537604644882528
0.6546718876586551
0.6553807723467459
0.6563259519308668
0.6568998109640832
0.6578449905482041
0.6586551444774507
0.6595328112341344
0.6607142857142857
0.6615919524709695
0.6627734269511207
0.6638536321901162
0.6646637861193627
0.6652714015662976
0.666351606805293
0.6673305428031326
0.6682082095598164
0.6691533891439373
0.6700310559006211
0.6711112611396165
0.6718876586551444
0.6731704023764515
0.6744869025114771
0.6753983256818795
0.6761747231974075
0.6771199027815284
0.677930056710775
0.6791790440183635
0.6804955441533892
0.6813056980826357
0.6821833648393195
0.68265595463138
0.6836686470429382
0.6846813394544964
0.6854239805563057
0.6862341344855523
0.6872805833108291
0.6882595193086687
0.689002160410478
0.6896435322711315
0.6904536862003781
0.6913651093707804
0.6924453146097759
0.6933904941938969
0.6940318660545504
0.6947069943289225
0.6958547123953551
0.6965973534971645
0.6977113151498785
0.6984877126654064
0.699804212800432
0.7006143667296786
0.7016608155549554
0.702302187415609
0.7032811234134485
0.7042263029975695
0.7051714825816905
0.7060829057520929
0.7068255468539022
0.707703213610586
0.708310829057521
0.7091884958142047
0.7099311369160141
0.7108425600864164
0.7120577909802862
0.7128341884958143
0.7134418039427491
0.7140156629759654
0.7148595733189306
0.7158385093167702
0.7165136375911423
0.7177626248987308
0.7186065352416959
0.7192479071023494
0.7199567917904401
0.720665676478531
0.7213408047529031
0.7224885228193356
0.7231636510937078
0.7238387793680799
0.7249189846070754
0.7255941128814475
0.7268431001890359
0.7276870105320011
0.7284971644612477
0.7292735619767756
0.7302524979746152
0.7311639211450176
0.7321428571428571
0.7329530110721038
0.7340332163110991
0.7347083445854712
0.7355522549284365
0.7364299216851202
0.7371725627869296
0.7382527680259249
0.7391304347826086
0.7397718066432623
0.7405482041587902
0.7412233324331623
0.7421347556035647
0.7429786659465298
0.7438900891169322
0.7444639481501485
0.7455441533891439
0.7464555765595463
0.7474007561436673
0.7480083715906022
0.7492236024844721
0.7504725897920604
0.7515527950310559
0.7525992438563327
0.7534431541992979
0.7546246286794491
0.7558061031596003
0.7568187955711585
0.7574939238455306
0.758067782878747
0.7587766675668377
0.7594180394274912
0.7602281933567377
0.7608358088036727
0.7617134755603565
0.7628274372130704
0.7639751552795031
0.764751552795031
0.765696732379152
0.7669794761004591
0.7679584120982986
0.7690386173372941
0.7697475020253848
0.7705238995409128
0.7713340534701594
0.7721779638131245
0.7732581690521199
0.774102079395085
0.7749797461517688
0.7757223872535782
0.7762624898730759
0.7773764515257899
0.7779165541452876
0.7783891439373481
0.7795368620037807
0.7804820415879017
0.7813597083445855
0.7822036186875506
0.7830137726167972
0.7838576829597623
0.7848028625438833
0.7855792600594113
0.786456926816095
0.7873345935727788
0.7881109910883067
0.7889211450175533
0.7895287604644883
0.7902038887388604
0.7908452605995139
0.7916216581150418
0.7925668376991628
0.7931406967323792
0.7940521199027816
0.7946934917634351
0.7956049149338374
0.7965163381042398
0.7974952741020794
0.7985079665136376
0.7996219281663516
0.8005671077504726
0.8015122873345936
0.8025249797461518
0.8030650823656494
0.8037402106400217
0.8044153389143938
0.8049554415338914
0.8058668647042938
0.8068120442884148
0.8075209289765055
0.8082635700783148
0.8093775317310289
0.8100864164191196
0.811166621658115
0.811943019173643
0.8127869295166081
0.8131920064812315
0.8141709424790711
0.814947339994599
0.8157574939238456
0.8165338914393735
0.8171077504725898
0.8178503915743991
0.8185930326762085
0.8194369430191737
0.8200445584661086
0.8207196867404807
0.8213610586011342
0.8223399945989738
0.823352687010532
0.8238927896300297
0.8247366999729949
0.8255468539022415
0.8261544693491764
0.8272684310018904
0.8282136105860114
0.8291587901701323
0.8297664056170673
0.8305428031325952
0.8312854442344045
0.8320618417499325
0.832871995679179
0.8339184445044558
0.8345598163651093
0.8350999189846071
0.8356400216041048
0.8363151498784769
0.8370915473940048
0.8378679449095328
0.838543073183905
0.8394544963543074
0.839994598973805
0.8407372400756143
0.8412098298676749
0.8423237915203888
0.8434377531731029
0.8442479071023494
0.8451930866864704
0.8461045098568728
0.8470159330272752
0.8475897920604915
0.8484674588171752
0.8494463948150148
0.8501890359168242
0.8509991898460707
0.8520793950850661
0.8527882797731569
0.8535984337024034
0.8541047799081826
0.8547799081825547
0.8553875236294896
0.8563327032136105
0.8570415879017014
0.8580880367269781
0.8586618957601945
0.8596070753443155
0.860586011342155
0.8612273832028086
0.8618012422360248
0.8624088576829597
0.8631852551984878
0.8637928706454227
0.8643329732649203
0.8649743451255738
0.8658520118822576
0.8663246016743181
0.8670672427761275
0.867708614636781
0.868316230083716
0.8690588711855253
0.8696664866324602
0.8705441533891439
0.8712530380772346
0.8716918714555766
0.8726370510396976
0.8733459357277883
0.8745949230353767
0.875506346205779
0.8761814744801513
0.8771604104779909
0.878004320820956
0.8788482311639212
0.8793545773697002
0.8799284364029165
0.8806035646772887
0.8811436672967864
0.8818863083985957
0.8825276802592492
0.8833040777747773
0.8842492573588981
0.8849243856332704
0.8857682959762355
0.8865784499054821
0.8872198217661356
0.8879962192816635
0.8887388603834728
0.8897853092087497
0.8907642452065893
0.8914393734809614
0.8919794761004591
0.8927896300297057
0.8933297326492033
0.8937685660275453
0.8944436943019174
0.8950850661625709
0.8956926816095058
0.8960640021604105
0.8966378611936268
0.8972792330542804
0.8977180664326222
0.8982244126384012
0.8986294896030246
0.899102079395085
0.89970969484202
0.9006211180124224
0.9011612206319201
0.9016338104239806
0.902106400216041
0.9025452335943829
0.9031866054550365
0.9037942209019714
0.9041655414528761
0.9047056440723737
0.9055157980016203
0.9059883877936808
0.9065622468268971
0.9073048879287064
0.9078112341344855
0.9083513367539833
0.9088576829597623
0.9098703753713205
0.9106805293005671
0.9112543883337835
0.9118282473669997
0.9125708884688091
0.9134485552254928
0.9142587091547394
0.9150688630839859
0.9155414528760465
0.9162503375641372
0.9166216581150418
0.917128004320821
0.9175668376991628
0.9182757223872535
0.9193221712125303
0.9199297866594653
0.9205036456926816
0.9213137996219282
0.9217188765865515
0.9222589792060492
0.9229341074804213
0.923474210099919
0.9240143127194167
0.9246219281663516
0.925195787199568
0.9258371590602215
0.926478530920875
0.9271199027815284
0.9278287874696193
0.9284701593302728
0.9289765055360518
0.9297529030515798
0.9303267620847961
0.9311706724277613
0.931879557115852
0.9325884418039427
0.9334661085606265
0.9344450445584661
0.9351201728328382
0.9355252497974615
0.9363016473129895
0.9370442884147988
0.9375843910342965
0.9382257628949501
0.939002160410478
0.9393734809613826
0.939947339994599
0.9404874426140967
0.9411288144747502
0.9416689170942479
0.94234404536862
0.9430866864704294
0.9436605455036456
0.9442681609505806
0.9447745071563597
0.9452470969484202
0.945955981636511
0.9464960842560086
0.9469349176343506
0.9475087766675668
0.9482176613556575
0.9485889819065623
0.9489940588711855
0.9495679179044019
0.950411828247367
0.9510532001080205
0.9516270591412368
0.9520321361058601
0.9526735079665136
0.9532473669997299
0.9536862003780718
0.9541925465838509
0.9548339184445045
0.9553740210640022
0.9562516878206859
0.9568593032676208
0.9577369700243046
0.9582433162300837
0.9587496624358628
0.9592897650553606
0.9596948420199838
0.9602687010532001
0.9609438293275723
0.9613826627059141
0.961990278152849
0.9623615987037537
0.9628004320820956
0.9632730218741561
0.963880637321091
0.9643869835268701
0.9649270861463678
0.9653659195247097
0.9660072913853632
0.9666486632460167
0.9674588171752633
0.9677963813124494
0.9684039967593843
0.9690791250337564
0.9695854712395355
0.970226843100189
0.9709019713745611
0.9715770996489334
0.9722184715095868
0.9725560356467728
0.9729948690251148
0.9736699972994869
0.9742100999189847
0.9745814204698893
0.9751890359168242
0.9757628949500405
0.9759316770186336
0.9763367539832568
0.9766405617067243
0.9771469079125034
0.9776870105320011
0.9783283823926546
0.9789359978395895
0.9794085876316501
0.9800499594923036
0.9804550364569268
0.9810288954901432
0.9812651903861733
0.9818390494193897
0.9822778827977315
0.9828517418309479
0.983358088036727
0.9838306778287874
0.9842695112071294
0.9845733189305969
0.9852822036186876
0.9858898190656225
0.986531190926276
0.9870375371320551
0.9875101269241155
0.9879827167161761
0.9884553065082365
0.9889616527140157
0.9895017553335134
0.9898055630569809
0.9901768836078855
0.9905819605725088
0.9911558196057251
0.991594652984067
0.9920672427761275
0.9924048069133136
0.992539832568188
0.9930799351876857
0.9934512557385903
0.9937550634620578
0.9940251147718067
0.9945314609775857
0.9950378071833649
0.9954091277342695
0.9958142046988928
0.9962530380772346
0.9965906022144208
0.9970631920064812
0.9975695382122604
0.9980421280043208
0.9983459357277883
0.9987847691061301
0.9990210640021604
0.9992911153119093
0.9996286794490953
0.9996961922765325
0.9998987307588442
1.0
1.0
1.0
