0.001080205238995409
0.0022954361328652445
0.0031731028895490144
0.003949500405076965
0.00526600054010262
0.006143667296786389
0.007223872535781798
0.008236564947339995
0.009384283013772617
0.010970834458547124
0.012017283283823926
0.013705103969754254
0.015595463137996219
0.0165406427221172
0.018059681339454497
0.018937348096138267
0.019983796921415067
0.02096273291925466
0.02194166891709425
0.02312314339724548
0.024000810153929245
0.02494598973805023
0.025958682149608427
0.02707264380232244
0.02835538752362949
0.029401836348906293
0.03021199027815285
0.03173102889549014
0.03298001620307858
0.033790170132325145
0.03490413178503916
0.035984337024034564
0.0366594652984067
0.038144747502025386
0.03915743991358358
0.040102619497704564
0.04104779908182555
0.04246556845800702
0.04307318390494194
0.04354577369700243
0.0449297866594653
0.04614501755333513
0.047529030515798
0.048946799891979476
0.05046583850931677
0.051647312989468
0.0526937618147448
0.05407777477720767
0.05542803132595193
0.056136916014042665
0.0568458007021334
0.05822981366459627
0.059647583040777746
0.06109910883067783
0.06214555765595463
0.0635633270321361
0.0650486092357548
0.06579125033756414
0.06720901971374561
0.06828922495274102
0.0697069943289225
0.07122603294625979
0.07257628949500405
0.07406157169862274
0.075411828247367
0.0769308668647043
0.07834863624088577
0.07959762354847422
0.08098163651093708
0.08219686740480692
0.08334458547123953
0.08455981636510937
0.08564002160410478
0.08672022684310018
0.08810423980556306
0.08881312449365379
0.09009586821496084
0.09154739400486092
0.09272886848501215
0.09337024034566567
0.09407912503375641
0.0955306508236565
0.09630704833918445
0.09731974075074264
0.09870375371320551
0.09991898460707535
0.10116797191466378
0.10268701053200108
0.10403726708074534
0.10491493383742911
0.1063664596273292
0.10751417769376181
0.10879692141506886
0.1100121523089387
0.11099108830677828
0.11224007561436673
0.11332028085336214
0.11419794761004591
0.11483931947069943
0.11608830677828788
0.1173035376721577
0.11905887118552524
0.12057790980286254
0.12196192276532541
0.12283958952200918
0.12408857682959762
0.12520253848231164
0.12648528220361868
0.12824061571698622
0.1295908722657305
0.13137996219281664
0.1327302187415609
0.13367539832568187
0.13462057790980286
0.1357682959762355
0.13701728328382393
0.13819875776397517
0.13924520658925196
0.14019038617337293
0.14184445044558466
0.14292465568458007
0.14393734809613826
0.14498379692141508
0.14599648933297327
0.1472117202268431
0.1483256818795571
0.14943964353227113
0.150823656494734
0.1524439643532271
0.15365919524709695
0.15531325951930866
0.1565284904131785
0.15747366999729948
0.1586213880637321
0.16024169592222523
0.16135565757493925
0.1621320550904672
0.16317850391574398
0.16408992708614636
0.16544018363489063
0.16712800432082095
0.16881582500675127
0.1699972994869025
0.17084120982986767
0.1720226843100189
0.17317040237645154
0.17421685120172833
0.1751957871995679
0.17630974885228193
0.17698487712665406
0.17847015933027274
0.17958412098298676
0.1813394544963543
0.18272346745881718
0.18360113421550095
0.18468133945449636
0.18650418579530112
0.18771941668917094
0.18944099378881987
0.1910275452335944
0.1927153659195247
0.19386308398595734
0.1948420199837969
0.19615852011882257
0.19764380232244128
0.1988590332163111
0.20007426411018092
0.2008844180394275
0.20213340534701593
0.20338239265460437
0.20490143127194166
0.20635295706184176
0.20753443154199297
0.20874966243586282
0.20979611126113962
0.21087631650013502
0.2117877396705374
0.21320550904671887
0.21411693221712125
0.21570348366189576
0.21664866324601675
0.21779638131244936
0.21931541992978665
0.2204968944099379
0.22144207399405888
0.22238725357817984
0.22333243316230084
0.22451390764245208
0.22599918984607076
0.2273832028085336
0.22859843370240346
0.22957736970024303
0.23065757493923847
0.23156899810964082
0.2324804212800432
0.23379692141506886
0.2350121523089387
0.23582230623818526
0.23656494733999459
0.23751012692411558
0.23886038347285984
0.23997434512557386
0.24095328112341344
0.2428098838779368
0.2448690251147718
0.24655684580070214
0.2479071023494464
0.24881852551984876
0.24976370510396975
0.25081015392924655
0.2521604104779908
0.253341884958142
0.2547258979206049
0.2556710775047259
0.25675128274372133
0.2578314879827167
0.2589792060491493
0.26049824466648663
0.2622535781798542
0.2637388603834729
0.2651228733459357
0.2660680529300567
0.2670132325141777
0.2680596813394545
0.2690723737510127
0.27042263029975694
0.2715703483661896
0.27254928436402914
0.2733931947069943
0.27447339994598974
0.2751147718066433
0.2758911693221712
0.2770388873886038
0.27811909262759926
0.27906427221172025
0.2805495544153389
0.2817310288954901
0.28325006751282744
0.2843302727518228
0.2854779908182555
0.28686200378071836
0.28804347826086957
0.2895287604644883
0.2905076964623278
0.2916891709424791
0.29263435052660003
0.29347826086956524
0.29469349176343507
0.29560491493383745
0.2966176073453956
0.2980353767215771
0.2992506076154469
0.3005671077504726
0.30171482581690523
0.30293005671077505
0.30411153119092627
0.3048879287064542
0.30573183904941936
0.3068458007021334
0.30768971104509857
0.30883742911153117
0.31028895490143127
0.3114029165541453
0.3122468268971105
0.3134958142046989
0.31471104509856873
0.31572373751012694
0.31731028895490143
0.3186605455036457
0.3195719686740481
0.3207871995679179
0.3217998919794761
0.3229476100459087
0.3239265460437483
0.3250405076964623
0.32571563597083447
0.3274034566567648
0.3285511747231974
0.32942884147988116
0.3311166621658115
0.33233189305968136
0.3332770726438023
0.3342897650553605
0.3357750472589792
0.3372940858763165
0.3385093167701863
0.33958952200918174
0.34070348366189573
0.3418174453146098
0.34293140696732377
0.3440453686200378
0.34482176613556575
0.3456994328922495
0.34688090737240074
0.34843370240345667
0.3492100999189846
0.35025654874426143
0.3513705103969754
0.3522819335673778
0.3534296516338104
0.35454361328652445
0.35572508776667566
0.35761544693491765
0.3589319470699433
0.3600121523089387
0.36112611396165273
0.3626113961652714
0.36372535781798543
0.36517688360788547
0.3661558196057251
0.36747231974075073
0.3683162300837159
0.3695652173913043
0.37064542263029976
0.3718606535241696
0.3731433972454766
0.374054820415879
0.3752362948960302
0.3763840129624629
0.37743046178773965
0.3789832568187956
0.38009721847150957
0.381177423710505
0.38246016743181205
0.38337159060221443
0.38411423170402376
0.3851606805293006
0.3863759114231704
0.3872873345935728
0.38816500135025656
0.38911018093437755
0.39076424520658926
0.3915743991358358
0.39282338644342424
0.3935660275452336
0.39454496354307317
0.39559141236835
0.396536591952471
0.39792060491493386
0.3994396435322711
0.40041857953011073
0.40156629759654333
0.40234269511207127
0.4038617337294086
0.4049081825546854
0.4059883877936808
0.40706859303267623
0.40828382392654605
0.4095665676478531
0.4111531190926276
0.41243586281393463
0.4132460167431812
0.4143262219821766
0.4153051579800162
0.4164866324601674
0.4176005941128815
0.418410748042128
0.4193221712125304
0.4204361328652444
0.42178638941398866
0.42242776127464216
0.423474210099919
0.42485822306238186
0.4261409667836889
0.4276262489873076
0.4287402106400216
0.4298879287064542
0.4308331082905752
0.4315757493923846
0.43245341614906835
0.43360113421550095
0.43474885228193355
0.4360991088306778
0.4372468268971105
0.43829327572238724
0.43947475020253846
0.4405549554415339
0.4415001350256549
0.4425128274372131
0.4436605455036457
0.4447069943289225
0.4457196867404807
0.4469011612206319
0.4477113151498785
0.44858898190656227
0.4495341614906832
0.4503443154199298
0.45155954631379963
0.4528760464488253
0.4536186875506346
0.45483391844450444
0.4555765595463138
0.45682554685390225
0.4581082905752093
0.4588171752633
0.46006616257088845
0.46101134215500944
0.4621253038077235
0.4633067782878747
0.4644207399405887
0.4655009451795841
0.46654739400486095
0.4675263300027005
0.4685052660005401
0.4695517148258169
0.4708682149608426
0.4720496894409938
0.47289359978395895
0.47407507426411016
0.4750877666756684
0.4757628949500405
0.47694436943019175
0.47836213880637324
0.4794423440453686
0.480353767215771
0.4818390494193897
0.4825479341074804
0.48329057520928975
0.4843707804482852
0.48538347285984335
0.48612611396165273
0.4869700243046179
0.48805022954361327
0.4890966783688901
0.48970429381582503
0.49085201188225763
0.49189846070753446
0.4928098838779368
0.49355252497974617
0.49459897380502293
0.4957804482851742
0.49659060221442075
0.4974007561436673
0.4983459357277883
0.49942614096678367
0.5004050769646233
0.5016540642722117
0.502227923305428
0.5035444234404537
0.5049284364029165
0.5058398595733189
0.5068187955711585
0.5075614366729678
0.5085066162570888
0.509519308668647
0.5108020523899541
0.5119835268701053
0.512692411558196
0.5135700783148798
0.5142114501755334
0.5149878476910613
0.5157642452065893
0.516641911963273
0.5178571428571429
0.5187685660275453
0.5197137456116662
0.5206926816095058
0.5215703483661895
0.5223805022954361
0.5235619767755874
0.5247772076694572
0.525823656494734
0.5265325411828248
0.5274439643532272
0.5283891439373481
0.5293005671077504
0.5303132595193086
0.5312921955171482
0.5322373751012692
0.532777477720767
0.5332500675128274
0.534060221442074
0.5347691061301647
0.5356130164731299
0.5366257088846881
0.5374358628139346
0.5388536321901162
0.5405076964623279
0.541689170942479
0.5422630299756954
0.5430394274912234
0.5440521199027816
0.5448960302457467
0.5461112611396165
0.5472927356197678
0.5483391844450446
0.5491493383742911
0.5498582230623819
0.5509721847150959
0.5520861463678098
0.5532001080205239
0.5545503645692682
0.5556305698082635
0.5565082365649473
0.5573859033216311
0.5584661085606265
0.5595463137996219
0.560052660005401
0.5611328652443964
0.562111801242236
0.5627869295166081
0.5640359168241966
0.5649135835808804
0.5662638401296246
0.5672427761274642
0.5683567377801783
0.5695044558466108
0.5704158790170132
0.5711922765325412
0.5720361868755064
0.5734201998379692
0.5743991358358088
0.5751080205238995
0.5760869565217391
0.5772684310018904
0.5782811234134485
0.5794963543073184
0.5803402646502835
0.5812854442344045
0.581926816095058
0.582871995679179
0.5835471239535511
0.5844247907102349
0.5853699702943559
0.5863826627059141
0.5873278422900351
0.5882055090467189
0.5891506886308399
0.5902646502835539
0.5912773426951121
0.5920537402106401
0.5929651633810424
0.5940791250337564
0.595058061031596
0.5958682149608425
0.5968471509586821
0.5977585741290845
0.5992100999189847
0.6003240615716986
0.6012017283283824
0.6020456386713475
0.6027882797731569
0.6040372670807453
0.6046786389413988
0.6056575749392384
0.6065014852822036
0.6073453956251688
0.6082905752092898
0.6092695112071294
0.610248447204969
0.6110248447204969
0.6119025114771807
0.6130502295436133
0.6138266270591413
0.6148730758844181
0.6155144477450716
0.6162570888468809
0.6169659735349716
0.6174385633270322
0.6181812044288415
0.6191601404266811
0.6198352687010532
0.6208142046988928
0.6216243586281394
0.622603294625979
0.6233459357277883
0.6240210640021604
0.6248649743451256
0.6259789359978396
0.6267215770996489
0.6279368079935188
0.6288482311639212
0.6300297056440723
0.6309073724007561
0.6315487442614097
0.6326627059141237
0.6336416419119633
0.6344180394274912
0.6353294625978936
0.6362746421820146
0.637186065352417
0.638131244936538
0.6390764245206589
0.6399878476910613
0.6408992708614637
0.6418106940318661
0.6426208479611126
0.643363489062922
0.6442749122333243
0.6452538482311639
0.6464015662975966
0.6477518228463408
0.6485619767755874
0.6493383742911153
0.6503510667026735
0.6513975155279503
0.6525789900081015
0.6535241695922225
0.6543005671077504
0.6554820415879017
0.6566297596543343
0.6579462597893599
0.6593640291655415
0.6607480421280043
0.6616594652984067
0.6623345935727788
0.6636848501215231
0.664292465568458
0.6655076964623279
0.6663178503915744
0.667128004320821
0.6681406967323792
0.6688158250067513
0.6694571968674048
0.6698960302457467
0.6708074534161491
0.6717188765865515
0.6726302997569539
0.6735754793410748
0.6745544153389144
0.6753983256818795
0.6759721847150959
0.6767823386443425
0.6778287874696193
0.6790102619497704
0.6797866594652984
0.6806643262219821
0.6812381852551985
0.6819133135295706
0.6826221982176613
0.683162300837159
0.6843775317310289
0.6852889549014313
0.6862341344855523
0.687111801242236
0.6880232244126384
0.6889008911693222
0.6895760194436943
0.6905211990278153
0.6911963273021874
0.6920402376451525
0.6929179044018363
0.6935930326762085
0.6943694301917365
0.6950783148798272
0.6960572508776668
0.6970024304617878
0.6981501485282203
0.6990278152849041
0.699804212800432
0.7004793410748043
0.7011207129354577
0.7016608155549554
0.7028085336213881
0.703416149068323
0.7044288414798812
0.7052052389954091
0.705981636510937
0.7071631109910883
0.7079732649203349
0.7090872265730489
0.7097285984337024
0.7107412908452606
0.7116864704293816
0.7124628679449095
0.7133405347015933
0.7145557655954632
0.7158385093167702
0.7170199837969214
0.717998919794761
0.718775317310289
0.7198217661355658
0.7210369970294356
0.722117202268431
0.7230961382662706
0.724007561436673
0.7250877666756683
0.7259654334323521
0.7271469079125034
0.7277545233594382
0.7283958952200918
0.7296448825276802
0.7303875236294896
0.7312989467998919
0.73207534431542
0.7328517418309479
0.7338981906562246
0.7345058061031596
0.7353159600324062
0.7364636780988387
0.737307588441804
0.7381514987847692
0.7392992168512017
0.740480691331353
0.7410545503645692
0.7421009991898461
0.7429111531190926
0.7438900891169322
0.7447339994598974
0.74588171752633
0.7467931406967324
0.7477045638671348
0.7484809613826627
0.7494598973805023
0.7501012692411558
0.7508101539292465
0.7515527950310559
0.7523291925465838
0.7532743721307048
0.753780718336484
0.754725897920605
0.7551984877126654
0.7560423980556306
0.7568187955711585
0.7578990008101539
0.7588441803942749
0.7598568728058331
0.7610045908722657
0.7618147448015122
0.7624561166621658
0.7629962192816635
0.7639076424520659
0.7644815014852822
0.7652241425870916
0.7657304887928706
0.7668106940318661
0.7679584120982986
0.7689711045098568
0.769815014852822
0.7706251687820685
0.7716041047799082
0.7725830407777478
0.7731568998109641
0.7737307588441804
0.7745071563597083
0.7752160410477991
0.7758574129084526
0.7769713745611666
0.7779165541452876
0.7787267080745341
0.7796718876586551
0.7804482851741831
0.780887118552525
0.781832298136646
0.7824399135835809
0.7835538752362949
0.7842627599243857
0.7849378881987578
0.7856130164731299
0.7864906832298136
0.7871320550904672
0.7878071833648393
0.7885160680529301
0.789123683499865
0.7898663246016743
0.7903389143937348
0.7912165811504186
0.7917566837699163
0.792465568458007
0.7935120172832838
0.7947272481771537
0.7957399405887119
0.7967188765865515
0.7974615176883608
0.7985417229273561
0.7995544153389144
0.8004658385093167
0.8016810694031866
0.802423710504996
0.8032676208479611
0.8041790440183635
0.8049216851201728
0.8057318390494194
0.8065082365649473
0.8071833648393195
0.8077572238725358
0.8085336213880637
0.8094112881447475
0.810221442073994
0.8108965703483662
0.811605455036457
0.8123818525519849
0.8132595193086687
0.8145085066162571
0.8152511477180664
0.8163651093707804
0.817175263300027
0.8178166351606805
0.8184917634350527
0.8192006481231434
0.8201458277072644
0.821124763705104
0.8217998919794761
0.8224412638401296
0.8230151228733459
0.8240953281123413
0.8250067512827437
0.825749392384553
0.8271671617607346
0.8281123413448556
0.8289562516878207
0.8297326492033487
0.8305428031325952
0.8313192006481231
0.8322981366459627
0.8329732649203349
0.8339859573318931
0.8348973805022954
0.8356400216041048
0.8361463678098838
0.836652714015663
0.8374966243586282
0.8382392654604375
0.8393194706994329
0.8403321631109911
0.840939778557926
0.8419862273832028
0.8428976505536052
0.843775317310289
0.8445854712395355
0.8454293815825007
0.8461045098568728
0.8465770996489334
0.8474547664056171
0.8481974075074264
0.8489062921955172
0.849513907642452
0.8505266000540103
0.8513705103969754
0.8522819335673778
0.8530245746691871
0.8535984337024034
0.8545098568728058
0.8551174723197408
0.8558938698352687
0.856636510937078
0.8574466648663246
0.8582905752092898
0.8591007291385363
0.8599108830677828
0.860754793410748
0.8613961652714016
0.8620712935457737
0.8629489603024575
0.8635228193356738
0.8640629219551715
0.8648055630569809
0.8653456656764785
0.8657507426411019
0.8662233324331623
0.8669659735349716
0.867877396705374
0.8687888198757764
0.8695314609775857
0.8701728328382393
0.87088171752633
0.8714555765595463
0.8721982176613556
0.8726708074534162
0.8736497434512558
0.8742911153119093
0.875
0.875945179584121
0.8768228463408048
0.877396705374021
0.8779030515798002
0.8788482311639212
0.8793883337834189
0.8800972184715096
0.8807385903321631
0.8813124493653794
0.8818525519848771
0.8827302187415609
0.8835403726708074
0.8841817445314609
0.884958142046989
0.8855320010802052
0.8864771806643262
0.8870847961112611
0.8878949500405077
0.888637591142317
0.8893464758304078
0.8900553605184985
0.8906629759654334
0.8913718606535241
0.8922157709964893
0.8927896300297057
0.893532271131515
0.8941398865784499
0.8947475020253848
0.8954563867134756
0.8960302457466919
0.8965703483661895
0.8975830407777478
0.8984269511207129
0.8991358358088036
0.8999122333243317
0.9007899000810153
0.9014650283553876
0.9021401566297597
0.9026802592492573
0.9034566567647853
0.9039630029705644
0.9045368620037807
0.9053807723467459
0.9059883877936808
0.9067310288954902
0.9073386443424251
0.9078449905482041
0.9087901701323251
0.9094652984066973
0.9099716446124764
0.9106805293005671
0.9113219011612206
0.91206454226303
0.9125708884688091
0.9134823116392115
0.9139886578449905
0.9145287604644883
0.9153726708074534
0.9159465298406697
0.9164528760464489
0.9169929786659465
0.9178368890089117
0.9183094788009721
0.9190521199027816
0.9196934917634351
0.9201998379692141
0.9208749662435863
0.9212125303807723
0.9216851201728329
0.9223264920334864
0.9229678638941399
0.9238792870645423
0.9244193896840399
0.9251282743721307
0.925702133405347
0.9264110180934377
0.9269173642992169
0.927761274642182
0.92853767215771
0.9293478260869565
0.9300567107750473
0.9308331082905752
0.931710775047259
0.9322846340804752
0.9330272751822847
0.9336348906292196
0.9343100189035917
0.9350864164191196
0.935660275452336
0.9364029165541453
0.9371455576559546
0.9382932757223873
0.9388671347556036
0.9396435322711315
0.9403861733729408
0.9408250067512828
0.9415676478530921
0.9426140966783689
0.9433229813664596
0.9439305968133945
0.9444031866054551
0.9450783148798272
0.9456184174993248
0.9462260329462598
0.9466986227383203
0.9472724817715366
0.9480826357007831
0.9487240075614367
0.9494328922495274
0.9500742641101809
0.9506143667296786
0.9511544693491764
0.9516608155549554
0.9522346745881718
0.9531123413448556
0.9536862003780718
0.9540912773426952
0.954530110721037
0.9551714825816905
0.9557115852011883
0.9561166621658115
0.9565217391304348
0.9570618417499325
0.957534431541993
0.9581758034026465
0.958648393194707
0.9591547394004861
0.9598636240885768
0.9603362138806373
0.960707534431542
0.9613826627059141
0.9621253038077234
0.9626991628409398
0.963543073183905
0.9642519578719957
0.9645895220091818
0.9651633810423981
0.9659060221442074
0.9663110991088307
0.966884958142047
0.9675263300027005
0.9678638941398866
0.9683027275182284
0.9688428301377262
0.9693491763435053
0.9696867404806914
0.9699905482041588
0.9706319200648124
0.971003240615717
0.9713745611666217
0.972117202268431
0.9726573048879287
0.973399945989738
0.9740413178503916
0.9745476640561707
0.9749189846070754
0.9752565487442614
0.9756278692951661
0.9763367539832568
0.9767755873615988
0.977349446394815
0.9780583310829057
0.9784971644612477
0.9789697542533081
0.9793748312179315
0.9798474210099919
0.9802524979746152
0.9809276262489873
0.9813327032136105
0.9819740750742642
0.982412908452606
0.9827842290035107
0.9835606265190386
0.9839657034836619
0.9844045368620038
0.9849783958952201
0.985417229273562
0.9856197677558736
0.9859910883067783
0.986699972994869
0.9871388063732109
0.9875776397515528
0.9879152038887389
0.9882865244396435
0.9887928706454227
0.9894342425060761
0.9899743451255738
0.9905819605725088
0.9909532811234134
0.9913921145017554
0.9918309478800972
0.9922022684310019
0.992539832568188
0.9931812044288415
0.9934512557385903
0.993822576289495
0.9944301917364299
0.994767755873616
0.9950378071833649
0.9954766405617067
0.9959829867674859
0.9964218201458277
0.996826897110451
0.9971982176613556
0.9975357817985417
0.998109640831758
0.9984809613826627
0.9986834998649744
0.9989873075884418
0.9992236024844721
0.9994598973805023
0.9996624358628139
0.9997974615176883
0.9998987307588442
0.9999662435862814
1.0
