0.0011139616527140158
0.0024979746151768834
0.003679449095328112
0.004084526059951391
0.00496219281663516
0.006481231433972455
0.008000270051309748
0.00914798811774237
0.011578449905482041
0.013029975695382123
0.014819065622468269
0.01596678368890089
0.01684445044558466
0.017857142857142856
0.019308668647042938
0.020422630299756953
0.02190791250337564
0.023055630569808264
0.024304617877396704
0.025486092357547934
0.02660005401026195
0.027950310559006212
0.028996759384283012
0.03058331082905752
0.03183229813664596
0.03270996489332973
0.033790170132325145
0.03493788819875776
0.035984337024034564
0.03696327302187415
0.03817850391574399
0.03946124763705104
0.04064272211720227
0.041857953011072105
0.042971914663786116
0.04411963273021874
0.045098568728058334
0.04624628679449096
0.04736024844720497
0.048440453686200376
0.04999324871725628
0.05083715906022144
0.05211990278152849
0.05336889008911693
0.054516608155549554
0.05549554415338914
0.05691331352957062
0.05843235214690791
0.05968133945449636
0.06120037807183365
0.06221307048339184
0.06369835268701053
0.06528490413178505
0.06650013502565487
0.0677153659195247
0.0687280583310829
0.06987577639751552
0.07149608425600865
0.0728463408047529
0.0738590332163111
0.07463543073183905
0.07568187955711585
0.0769646232784229
0.07784229003510668
0.07888873886038347
0.0795638671347556
0.08044153389143938
0.08189305968133946
0.0832095598163651
0.08405347015933028
0.08591007291385364
0.08719281663516068
0.0883067782878747
0.08928571428571429
0.09029840669727249
0.09178368890089117
0.09310018903591682
0.09421415068863084
0.0955981636510937
0.09664461247637052
0.09738725357817986
0.09907507426411018
0.1012692411558196
0.10248447204968944
0.10342965163381042
0.10444234404536862
0.10609640831758034
0.10761544693491763
0.10889819065622468
0.10997839589522009
0.11119362678908992
0.11217256278692951
0.11281393464758305
0.11389413988657845
0.11531190926275993
0.11662840939778558
0.11760734539562517
0.11868755063462058
0.11976775587361599
0.12111801242236025
0.12236699972994869
0.12361598703753714
0.12513502565487442
0.12631650013502566
0.12736294896030245
0.12905076964623277
0.1301984877126654
0.13154874426140967
0.13249392384553066
0.13367539832568187
0.13445179584120984
0.1353294625978936
0.13654469349176343
0.13748987307588442
0.1389413988657845
0.14035916824196598
0.14197947610045908
0.14295841209829868
0.1441398865784499
0.14552389954091277
0.14613151498784768
0.14744801512287334
0.14893329732649202
0.14997974615176884
0.15116122063192006
0.15197137456116663
0.15365919524709695
0.15531325951930866
0.1569673237915204
0.15855387523629488
0.15993788819875776
0.16125438833378342
0.1627059141236835
0.16402241425870914
0.16496759384283013
0.1662840939778558
0.16760059411288145
0.16898460707534432
0.1699972994869025
0.17138131244936539
0.17242776127464218
0.173642992168512
0.17482446664866325
0.17593842830137726
0.176647312989468
0.17786254388333783
0.17833513367539833
0.1792128004320821
0.18005671077504726
0.18083310829057522
0.18160950580610316
0.18292600594112882
0.18373615987037537
0.18434377531731028
0.18562651903861735
0.18721307048339184
0.18839454496354308
0.18944099378881987
0.19031866054550364
0.19136510937078044
0.19274912233324332
0.19399810964083175
0.19504455846610855
0.1963610586011342
0.19788009721847152
0.19902781528490412
0.20108695652173914
0.2024372130704834
0.20368620037807184
0.20520523899540913
0.2065554955441534
0.20780448285174183
0.20908722657304887
0.2102349446394815
0.21158520118822577
0.2128004320820956
0.21347556035646773
0.21431947069943288
0.21512962462867946
0.21610856062651904
0.21708749662435864
0.2180326762084796
0.21934917634350526
0.22076694571968675
0.22188090737240077
0.2226235484742101
0.22410883067782877
0.22498649743451254
0.22616797191466378
0.22741695922225222
0.22886848501215232
0.2304550364569268
0.23180529300567107
0.23308803672697812
0.2346070753443154
0.235586011342155
0.23680124223602483
0.23791520388873885
0.2390966783688901
0.24000810153929247
0.2411220631920065
0.24206724277612746
0.24358628139346475
0.2448352687010532
0.24621928166351606
0.2473669997299487
0.24814339724547663
0.24885228193356737
0.2500337564137186
0.25108020523899544
0.25243046178773965
0.2535781798541723
0.2545571158520119
0.2557048339184445
0.2567850391574399
0.25789900081015393
0.2594855522549284
0.260464488252768
0.26117337294085874
0.26245611666216584
0.26360383472859844
0.2646840399675938
0.26579800162030787
0.26694571968674047
0.2677896300297056
0.268701053200108
0.269646232784229
0.2710302457466919
0.27214420739940587
0.27335943829327575
0.27450715635970835
0.27558736159870373
0.27656629759654333
0.277882797731569
0.27919929786659464
0.28021199027815286
0.28115716986227385
0.28206859303267623
0.2830812854442344
0.28419524709694843
0.28534296516338103
0.2869295166081556
0.2879084526059951
0.28919119632730217
0.2904401836348906
0.29179044018363487
0.29297191466378614
0.29422090197137457
0.2954361328652444
0.296583850931677
0.29790035106670265
0.2996219281663516
0.30087091547394007
0.3022549284364029
0.3032676208479611
0.30438158250067515
0.3054280313259519
0.3067445314609776
0.3079260059411288
0.30924250607615444
0.31025519848771266
0.31096408317580343
0.3124493653794221
0.31332703213610585
0.31433972454766407
0.31531866054550367
0.3167364299216851
0.31781663516068054
0.31845800702133403
0.31947069943289225
0.320348366189576
0.32146232784229
0.3228800972184715
0.3238252768025925
0.32473669997299487
0.32568187955711586
0.3268971104509857
0.32780853362138807
0.32919254658385094
0.33084661085606265
0.3320955981636511
0.3335808803672698
0.33513367539832567
0.33648393194706994
0.3372940858763165
0.33847556035646775
0.3395220091817445
0.3408722657304888
0.3420199837969214
0.34323521469079127
0.34407912503375643
0.3455644072373751
0.3466108560626519
0.34745476640561707
0.34887253578179855
0.3497502025384823
0.3508979206049149
0.35187685660275453
0.35288954901431274
0.3536997029435593
0.3549486902511477
0.3560288954901431
0.357244126384013
0.35825681879557114
0.3595733189305968
0.36018093437753174
0.3612611396165271
0.3624088576829598
0.3633877936807994
0.3646030245746692
0.3657169862273832
0.36659465298406696
0.3678098838779368
0.36912638401296244
0.37013907642452065
0.3711855252497975
0.37250202538482313
0.3739535511747232
0.37510126924115583
0.3764515257899001
0.37746421820145826
0.37867944909532814
0.38009721847150957
0.3813799621928166
0.38249392384553066
0.3837091547394005
0.3847893599783959
0.3858020523899541
0.38667971914663785
0.38772616797191467
0.38884012962462866
0.38975155279503104
0.39069673237915203
0.39184445044558464
0.39292465568458007
0.3937348096138266
0.3953551174723197
0.396705374021064
0.39808938698352686
0.3992371050499595
0.40041857953011073
0.40160005401026194
0.402714015662976
0.4045031055900621
0.40615716986227385
0.40727113151498784
0.40845260599513905
0.40939778557926004
0.4105455036456927
0.41203078584931135
0.413347285984337
0.4140561706724278
0.4155076964623278
0.4163853632190116
0.4174318120442884
0.4185457736970024
0.41969349176343507
0.4205036456926816
0.421583850931677
0.42286659465298404
0.4239467998919795
0.4250270051309749
0.4262084796111261
0.4273224412638401
0.42847015933027277
0.4299216851201728
0.43103564677288686
0.43214960842560085
0.4332635700783149
0.43474885228193355
0.4360315960032406
0.43711180124223603
0.4379894679989198
0.43879962192816635
0.4398460707534432
0.4406224682689711
0.4416689170942479
0.4426140966783689
0.44355927626248987
0.4445719686740481
0.4458209559816365
0.44703618687550634
0.44804887928706455
0.4488590332163111
0.4498042128004321
0.45108695652173914
0.45213340534701596
0.45324736699972995
0.45439508506616255
0.45530650823656493
0.4566905211990278
0.4575681879557116
0.4587496624358628
0.46006616257088845
0.46104509856872805
0.4621928166351607
0.46320550904671887
0.4642857142857143
0.4649608425600864
0.46620982986767484
0.4674925735889819
0.46887658655144476
0.4699567917904402
0.47100324061571697
0.47194842019983796
0.4734674588171753
0.4746489332973265
0.4758304077774777
0.4768093437753173
0.4782271131514988
0.4793410748042128
0.4808263570078315
0.48167026735079665
0.4827167161760735
0.4838644342425061
0.4848771266540643
0.4856197677558736
0.4865987037537132
0.4877126654064272
0.48845530650823654
0.48946799891979476
0.4900756143667297
0.49112206319200646
0.4923710504995949
0.49348501215230894
0.49466648663246016
0.49564542263029976
0.4969281663516068
0.49777207669457196
0.4983459357277883
0.4992573588981907
0.5001350256548744
0.5009789359978396
0.501890359168242
0.5029368079935188
0.5041520388873886
0.5050972184715096
0.5062786929516608
0.5073251417769377
0.50823656494734
0.5089454496354308
0.5097218471509587
0.5104307318390494
0.5115784499054821
0.5131987577639752
0.5142789630029706
0.5155954631379962
0.51647312989468
0.5176883607885499
0.5190048609235755
0.5203213610586012
0.5214690791250337
0.5224817715365919
0.5231906562246826
0.5240683229813664
0.5248447204968945
0.5256211180124224
0.5268025924925736
0.5275789900081015
0.5283891439373481
0.5294693491763435
0.5301782338644342
0.5314609775857413
0.5322711315149878
0.5329800162030786
0.5338914393734809
0.5350729138536322
0.5364231704023764
0.5371320550904672
0.538178503915744
0.5390561706724277
0.5403051579800162
0.5413853632190117
0.542296786389414
0.5434782608695652
0.5443896840399676
0.5453348636240886
0.5463475560356468
0.5471914663786119
0.5479678638941399
0.548811774237105
0.5497231974075074
0.550533351336754
0.5512422360248447
0.5526937618147448
0.5537739670537402
0.5547529030515798
0.5555968133945449
0.5565082365649473
0.55765595463138
0.5583310829057521
0.5595800702133406
0.5605590062111802
0.5616392114501755
0.5629219551714826
0.5634283013772616
0.5642722117202268
0.564947339994599
0.5657574939238456
0.5663313529570618
0.5669727248177153
0.5679179044018363
0.5688293275722387
0.5694706994328923
0.5702133405347016
0.571293545773697
0.5725087766675668
0.5734201998379692
0.5743316230083716
0.5752092897650554
0.5758169052119902
0.5769983796921415
0.578078584931137
0.5786524439643532
0.5798001620307859
0.5808128544423441
0.5813192006481231
0.5825006751282744
0.5831758034026465
0.584256008641642
0.5854374831217931
0.5864501755333513
0.5873615987037537
0.5884755603564678
0.5897583040777747
0.5909735349716446
0.5921212530380773
0.5932689711045098
0.5940453686200378
0.5945517148258169
0.5954968944099379
0.5965095868214961
0.5976573048879287
0.5986024844720497
0.5997164461247637
0.6005603564677289
0.6018431001890359
0.6029233054280313
0.603632190116122
0.6046448825276802
0.6055563056980826
0.6065014852822036
0.6071428571428571
0.6080880367269781
0.6088981906562246
0.6098771266540642
0.6109235754793411
0.6119025114771807
0.6129489603024575
0.6139278963002971
0.6145692681609506
0.615480691331353
0.6161220631920065
0.6171009991898461
0.617877396705374
0.6186875506346206
0.6197002430461788
0.6204091277342695
0.6212867944909533
0.6217931406967324
0.6225695382122604
0.6233796921415069
0.6244598973805023
0.6252700513097489
0.6262827437213071
0.6271266540642723
0.6283081285444234
0.62911828247367
0.6298946799891979
0.6308061031596003
0.6317175263300027
0.633067782878747
0.6343167701863354
0.6354307318390494
0.6364434242506076
0.6372873345935728
0.6380974885228193
0.6387388603834728
0.639582770726438
0.6401566297596544
0.6408992708614637
0.6415068863083986
0.6428571428571429
0.6437010532001081
0.6449162840939778
0.6457264380232244
0.6467728868485012
0.6477180664326222
0.648764515257899
0.6499459897380502
0.6510261949770456
0.6520388873886038
0.653051579800162
0.6537942209019714
0.6547394004860924
0.6555495544153389
0.6564272211720227
0.6571023494463948
0.6580475290305158
0.6585538752362949
0.6593977855792601
0.660511747231974
0.6611868755063462
0.6625371320550905
0.6633810423980556
0.6643599783958952
0.6652714015662976
0.6661153119092628
0.6667229273561976
0.6677018633540373
0.6686470429381582
0.6695922225222792
0.6703686200378072
0.6711112611396165
0.6720226843100189
0.6727315689981096
0.673474210099919
0.6746219281663516
0.6752633000270051
0.6759384283013773
0.6771199027815284
0.6785039157439914
0.6802930056710775
0.6811706724277613
0.6825209289765055
0.6834998649743451
0.6842087496624358
0.6850864164191196
0.6858290575209289
0.6865041857953011
0.6873480961382663
0.6881582500675129
0.689002160410478
0.6898123143397246
0.6906562246826897
0.6913651093707804
0.6926478530920875
0.6937955711585201
0.6948757763975155
0.6960234944639482
0.6969349176343506
0.6982176613556575
0.6991290845260599
0.700411828247367
0.701525789900081
0.7022346745881718
0.7031798541722928
0.7043613286524439
0.7050702133405347
0.7057115852011883
0.7071631109910883
0.7084120982986768
0.7092897650553606
0.7100324061571699
0.7110113421550095
0.7122265730488793
0.7130704833918444
0.714049419389684
0.7151971374561167
0.7157372400756143
0.7162773426951121
0.7170537402106401
0.717998919794761
0.7190791250337564
0.7201255738590332
0.7209357277882797
0.7220834458547124
0.7230286254388334
0.7239062921955172
0.7246826897110451
0.7255603564677289
0.7261679719146638
0.7271469079125034
0.7281933567377802
0.729071023494464
0.7300837159060222
0.7309613826627059
0.7316702673507967
0.7326492033486363
0.7332568187955711
0.7342357547934107
0.735417229273562
0.7361261139616527
0.7369700243046179
0.7377801782338644
0.7384890629219552
0.7396030245746692
0.7405144477450716
0.7411895760194437
0.741932217121253
0.7425060761544694
0.7435525249797461
0.7442951660815555
0.7449027815284904
0.7458479611126114
0.7465568458007021
0.7475357817985417
0.7483121793140697
0.7490885768295976
0.75
0.7507763975155279
0.7517215770996489
0.7524304617877396
0.7533081285444234
0.7538482311639212
0.7545233594382933
0.7551309748852282
0.7557385903321631
0.7562449365379422
0.7573588981906563
0.7581015392924656
0.7590804752903052
0.7599918984607076
0.7609708344585471
0.7621185525249797
0.7628274372130704
0.7636713475560356
0.7643127194166892
0.7651566297596544
0.7658317580340265
0.7665743991358358
0.7673507966513637
0.7682959762354847
0.7691061301647313
0.7696124763705104
0.770422630299757
0.7710977585741291
0.7720091817445315
0.7727180664326222
0.7734944639481501
0.7748784769106131
0.775823656494734
0.7767350796651363
0.7777140156629759
0.7782203618687551
0.77882797731569
0.7794018363489063
0.7800432082095599
0.7807858493113692
0.7812921955171482
0.782169862273832
0.783115041857953
0.7836213880637322
0.784566567647853
0.7853429651633811
0.785950580610316
0.7866257088846881
0.7873683499864974
0.7885498244666487
0.7895625168782069
0.7906427221172023
0.7914866324601675
0.792465568458007
0.7936132865244396
0.7946597353497165
0.7957399405887119
0.7963813124493654
0.7971914663786119
0.7980016203078585
0.798811774237105
0.7997231974075074
0.8003983256818795
0.8010396975425331
0.8016135565757494
0.8023899540912773
0.802930056710775
0.8034701593302728
0.8044490953281124
0.805428031325952
0.8061031596003241
0.8068458007021334
0.8075546853902241
0.8082635700783148
0.8088711855252498
0.8095463137996219
0.8102551984877127
0.8112678908992709
0.8118755063462058
0.8125506346205779
0.8130907372400756
0.8139346475830408
0.8147448015122873
0.81589251957872
0.8167364299216852
0.8175465838509317
0.8185255198487713
0.8193019173642992
0.8201120712935458
0.8209222252227923
0.8214960842560086
0.8222049689440993
0.8228463408047529
0.8234877126654064
0.8240953281123413
0.824804212800432
0.8260194436943019
0.8266608155549554
0.8275384823116392
0.8282136105860114
0.8289562516878207
0.8299351876856603
0.8306778287874697
0.8315217391304348
0.8320955981636511
0.8329395085066162
0.8337159060221442
0.834256008641642
0.8349986497434513
0.8359438293275723
0.8367539832568188
0.8374966243586282
0.8379692141506886
0.8387793680799351
0.8395220091817446
0.8405347015933027
0.8415811504185795
0.8424588171752633
0.8432014582770726
0.8440116122063192
0.8446867404806914
0.845665676478531
0.8465770996489334
0.8473872535781799
0.8481636510937078
0.8489062921955172
0.8495814204698893
0.8501552795031055
0.8509991898460707
0.8519443694301917
0.8523832028085336
0.8530245746691871
0.8534971644612477
0.8541722927356198
0.8548811774237105
0.8556238185255198
0.8561639211450176
0.8568390494193897
0.8573453956251688
0.8581893059681339
0.8592357547934107
0.8599783958952201
0.8611598703753713
0.8618012422360248
0.8629152038887389
0.8637253578179854
0.8643667296786389
0.8650756143667296
0.8655819605725088
0.8661558196057251
0.8669997299486902
0.867539832568188
0.8683499864974346
0.8691263840129625
0.8700040507696463
0.8710504995949231
0.8715906022144208
0.8722994869025115
0.8728395895220091
0.8734134485552255
0.8739197947610046
0.8747974615176883
0.875506346205779
0.876113961652714
0.8767215770996489
0.8774304617877396
0.8784093977855792
0.8790170132325141
0.8797934107480422
0.8801647312989468
0.8809411288144747
0.881683769916284
0.8824939238455306
0.8831690521199028
0.8838779368079935
0.8843842830137726
0.8850256548744262
0.8858695652173914
0.8862071293545773
0.8872535781798542
0.8877936807993518
0.8886713475560356
0.8893464758304078
0.8903254118282473
0.8910005401026195
0.8917431812044289
0.8922157709964893
0.8928571428571429
0.8936672967863895
0.8943424250607616
0.8951525789900081
0.8960640021604105
0.896874156089657
0.8975830407777478
0.8983256818795571
0.8990008101539293
0.8997772076694572
0.9004185795301107
0.9012624898730759
0.9019038617337294
0.9027140156629759
0.9032203618687551
0.9037604644882528
0.9045031055900621
0.9050094517958412
0.9060221442073995
0.906832298136646
0.9076424520658926
0.9080812854442344
0.9090939778557926
0.9097691061301647
0.9106805293005671
0.9110518498514718
0.9114906832298136
0.9121995679179044
0.9131109910883067
0.9136510937078045
0.914123683499865
0.9146637861193627
0.9155414528760465
0.9161490683229814
0.9168241965973535
0.9173642992168513
0.9180394274912234
0.9186807993518769
0.9194571968674048
0.9204023764515258
0.9210099918984607
0.9215500945179584
0.9224952741020794
0.923305428031326
0.9238792870645423
0.9243181204428842
0.9248582230623819
0.925702133405347
0.9265122873345936
0.9272211720226843
0.9278963002970564
0.928706454226303
0.9294153389143938
0.9300567107750473
0.9305968133945449
0.9312381852551985
0.9317445314609776
0.9323183904941938
0.9326897110450986
0.9335336213880637
0.9342087496624358
0.9349513907642452
0.9354577369700243
0.9360315960032406
0.9365716986227384
0.9371793140696733
0.9378544423440454
0.9384620577909802
0.9389008911693222
0.9394072373751012
0.9398123143397246
0.9406224682689711
0.9415001350256549
0.9421415068863084
0.943120442884148
0.9437618147448015
0.9444031866054551
0.94501080205239
0.9453821226032946
0.9460572508776668
0.9468336483931947
0.9475087766675668
0.9480488792870645
0.9484877126654064
0.9492303537672158
0.9499054820415879
0.9504455846610856
0.9508844180394275
0.9515595463137996
0.9522684310018904
0.9528760464488253
0.9533823926546043
0.9542263029975695
0.9548676748582231
0.9555428031325952
0.9560153929246556
0.9564879827167162
0.9570955981636511
0.9578044828517418
0.9584120982986768
0.9591547394004861
0.959593572778828
0.9602349446394814
0.9606737780178234
0.9614164191196327
0.9617877396705374
0.9625641371860654
0.9629017013232514
0.9634755603564678
0.9636443424250608
0.9640156629759654
0.9644207399405887
0.9648933297326492
0.9653321631109911
0.9656022144207399
0.9661760734539563
0.9669187145557656
0.9678976505536052
0.9684715095868215
0.9690116122063192
0.9698217661355658
0.9704968944099379
0.9708344585471239
0.9713745611666217
0.9719821766135566
0.9724210099918985
0.9729611126113962
0.9734674588171752
0.9742438563327032
0.9745476640561707
0.9749189846070754
0.97529030515798
0.9757291385363219
0.9763367539832568
0.9769106130164731
0.977349446394815
0.9777207669457196
0.9781933567377802
0.9786659465298406
0.9789697542533081
0.9792735619767756
0.9796448825276802
0.9800499594923036
0.9805563056980826
0.9811976775587362
0.9818052930056711
0.9825479341074804
0.9831217931406967
0.9836618957601945
0.9843370240345666
0.984809613826627
0.9853834728598434
0.9858898190656225
0.9862948960302458
0.986868755063462
0.9873413448555225
0.9878476910613017
0.9881852551984878
0.9888266270591413
0.9891304347826086
0.9896030245746692
0.9901093707804483
0.9903794220901971
0.9907507426411019
0.9912233324331623
0.9914933837429112
0.9919659735349716
0.9925060761544694
0.9929449095328112
0.9933837429111532
0.9936875506346206
0.9941263840129625
0.9944977045638671
0.9950378071833649
0.9953753713205509
0.99588171752633
0.9961855252497974
0.996826897110451
0.9970294355927626
0.9972994869025115
0.997603294625979
0.997940858763165
0.9981433972454766
0.9984472049689441
0.9987172562786929
0.9990885768295976
0.9992573588981907
0.9996624358628139
0.999831217931407
0.9999324871725628
1.0
1.0
