0.0007426411018093438
0.0014177693761814746
0.0025317310288954903
0.0035781798541722927
0.004590872265730489
0.0056035646772886845
0.0068863083985957335
0.008135295706184174
0.00914798811774237
0.010025654874426141
0.011443424250607615
0.012489873075884419
0.0134350526600054
0.015021604104779908
0.016439373480961382
0.017485822306238186
0.018836078854982445
0.019815014852822038
0.02096273291925466
0.023426951120712934
0.025182284634080475
0.026431271941668916
0.027038887388603834
0.028186605455036456
0.02933432352146908
0.030549554415338916
0.03162975965433432
0.033283823926546045
0.03473534971644612
0.03608560626519038
0.03709829867674858
0.03838104239805563
0.04006886308398596
0.04104779908182555
0.04202673507966514
0.04314069673237915
0.04432217121253038
0.04530110721036997
0.04638131244936538
0.047562786929516605
0.04914933837429111
0.050330812854442346
0.05087091547394005
0.05198487712665406
0.05289630029705644
0.0537402106400216
0.05461787739670537
0.05586686470429381
0.0568120442884148
0.05806103159600324
0.05947880097218471
0.0609640831758034
0.06217931406967324
0.06319200648123144
0.06430596813394544
0.06535241695922225
0.06683769916284094
0.06845800702133405
0.06947069943289225
0.07061841749932488
0.07159735349716446
0.07261004590872265
0.07365649473399946
0.07473669997299487
0.07558061031596003
0.07635700783148798
0.07743721307048339
0.07888873886038347
0.08020523899540913
0.08175803402646503
0.08277072643802322
0.0841547394004861
0.08540372670807453
0.08668647042938159
0.08780043208209559
0.08925195787199568
0.0903996759384283
0.09242506076154469
0.09370780448285174
0.09502430461787739
0.09593572778827977
0.09701593302727518
0.09839994598973804
0.1002227923305428
0.10167431812044288
0.10299081825546853
0.10423980556305698
0.10572508776667566
0.10653524169592223
0.1074466648663246
0.1084931136916014
0.10960707534431542
0.11072103699702944
0.11207129354577369
0.11342155009451796
0.11477180664326223
0.11608830677828788
0.11740480691331354
0.11858628139346476
0.11946394815014853
0.12047664056170672
0.12162435862813935
0.12290710234944639
0.12408857682959762
0.12510126924115583
0.12591142317040238
0.12689035916824196
0.12827437213070483
0.12945584661085607
0.13121118012422361
0.13239265460437483
0.13354037267080746
0.1348231163921145
0.13593707804482852
0.13718606535241695
0.1383675398325682
0.13971779638131246
0.1411018093437753
0.14238455306508235
0.14343100189035918
0.14481501485282203
0.14586146367809885
0.14657034836618957
0.1476843100189036
0.1487982716716176
0.15008101539292465
0.15099243856332703
0.15264650283553874
0.15413178503915745
0.1554145287604645
0.15669727248177154
0.1581487982716716
0.15929651633810424
0.16020793950850662
0.16155819605725089
0.1626721577099649
0.16358358088036726
0.1647988117742371
0.16598028625438832
0.16702673507966515
0.16857953011072105
0.16962597893599785
0.17087496624358628
0.1719551714825817
0.1735417229273562
0.17482446664866325
0.17600594112881449
0.1770861463678099
0.17830137726167972
0.17948285174183096
0.18046178773967053
0.18171077504725897
0.1827572238725358
0.18373615987037537
0.18512017283283824
0.1865379422090197
0.1875168782068593
0.18869835268701055
0.1899810964083176
0.19133135295706183
0.19247907102349446
0.19342425060761545
0.19501080205238996
0.1963610586011342
0.19754253308128544
0.19899405887118551
0.1998379692141507
0.20125573859033216
0.20223467458817176
0.20355117472319742
0.20429381582500675
0.20540777747772077
0.20625168782068592
0.20733189305968133
0.2087159060221442
0.2097285984337024
0.21091007291385364
0.21192276532541182
0.2128679449095328
0.21442073994058872
0.21570348366189576
0.21681744531460978
0.2179314069673238
0.2189778557926006
0.2206319200648123
0.22167836889008913
0.22279233054280315
0.22394004860923575
0.22502025384823116
0.22596543343235215
0.22711315149878478
0.22815960032406157
0.22957736970024303
0.23099513907642452
0.23231163921145018
0.23322306238185256
0.23487712665406427
0.23609235754793412
0.23717256278692952
0.23801647312989468
0.2392317040237645
0.24000810153929247
0.2407169862273832
0.24159465298406696
0.24287739670537403
0.24392384553065083
0.2454091277342695
0.2464218201458277
0.24780583310829057
0.24922360248447206
0.25060761544693494
0.2515527950310559
0.25270051309748853
0.2536119362678909
0.25509721847150957
0.25583985957331895
0.257291385363219
0.2588441803942749
0.2599581420469889
0.2616122063192006
0.2634350526600054
0.2648865784499055
0.2663718606535242
0.267755873615987
0.26883607885498245
0.2700850661625709
0.27143532271131515
0.27254928436402914
0.2738320280853362
0.2748109640831758
0.2770388873886038
0.2789630029705644
0.28014447745071563
0.2816972724817715
0.28277747772076695
0.28395895220091816
0.2854779908182555
0.2861868755063462
0.28746961922765324
0.2883810423980556
0.28956251687820683
0.2908790170132325
0.29206049149338376
0.2932757223872536
0.2940858763165001
0.29604374831217933
0.2981366459627329
0.29931812044288414
0.30036456926816096
0.30178233864434245
0.30238995409127734
0.30390899270861466
0.30509046718876587
0.3062719416689171
0.30708209559816363
0.30816230083715906
0.30924250607615444
0.3103564677288685
0.31167296786389415
0.3125168782068593
0.3136645962732919
0.3144072373751013
0.31572373751012694
0.317175263300027
0.31845800702133403
0.3197069943289225
0.3208547123953551
0.3221712125303808
0.32328517418309477
0.32466918714555765
0.3259181744531461
0.32706589251957874
0.3280785849311369
0.32919254658385094
0.3301039697542533
0.33077909802862543
0.3317242776127464
0.3326694571968674
0.3340534701593303
0.3351674318120443
0.3366864704293816
0.3378341884958142
0.3387793680799352
0.33962327842290035
0.34056845800702135
0.34154739400486095
0.3429651633810424
0.34414663786119365
0.3453956251687821
0.3465095868214961
0.3477248177153659
0.34907507426411016
0.3500877666756684
0.3511004590872266
0.35197812584391036
0.35359843370240346
0.35457736970024306
0.35569133135295705
0.3569065622468269
0.3579530110721037
0.3591682419659735
0.3601471779638131
0.36132865244396434
0.36234134485552255
0.3638941398865784
0.3651431271941669
0.36605455036456924
0.3674385633270321
0.36851876856602755
0.36943019173642994
0.37064542263029976
0.37209694842019986
0.3736159870375371
0.3754388333783419
0.37672157709964893
0.37790305157980014
0.379287064542263
0.38036726978125845
0.381346205779098
0.38246016743181205
0.38347285984337026
0.38455306508236564
0.38597083445854713
0.3870510396975425
0.3877936807993519
0.38880637321091005
0.3898865784499055
0.39079800162030787
0.3924520658925196
0.393532271131515
0.39451120712935456
0.3957939508506616
0.3963340534701593
0.3972454766405617
0.3984269511207129
0.39947339994598974
0.40041857953011073
0.4015325411828247
0.4022751822846341
0.40308533621388065
0.4043343235214691
0.4054820415879017
0.40679854172292734
0.4080812854442344
0.4090939778557926
0.4104779908182555
0.41196327302187413
0.41304347826086957
0.41449500405076967
0.4157777477720767
0.4168917094247907
0.4179381582500675
0.41915338914393735
0.42030110721036995
0.4211450175533351
0.4218876586551445
0.42273156899810965
0.42381177423710503
0.424756953821226
0.4257358898190656
0.426816095058061
0.42793005671077505
0.42890899270861466
0.4301917364299217
0.43096813394544964
0.4323183904941939
0.4337361598703754
0.4349513907642452
0.4358965703483662
0.43738185255198486
0.4381920064812314
0.4389346475830408
0.43977855792600595
0.44072373751012694
0.4416351606805293
0.44298541722927354
0.4441668917094248
0.4450445584661086
0.44588846880907373
0.4468336483931947
0.44750877666756683
0.4483864434242506
0.4495341614906832
0.4507493923845531
0.45172832838239263
0.45257223872535784
0.4536524439643532
0.45432757223872533
0.45530650823656493
0.4561166621658115
0.4571631109910883
0.4580407777477721
0.45915473940048607
0.4603024574669187
0.4614501755333513
0.46253038077234676
0.463711855252498
0.4647245476640562
0.4659060221442074
0.4669524709694842
0.4680326762084796
0.46887658655144476
0.4699230353767216
0.4706319200648123
0.47123953551174724
0.47292735619767756
0.4739400486092358
0.4746489332973265
0.4757628949500405
0.47667431812044286
0.47748447204968947
0.4781596003240616
0.4787672157709965
0.48008371590602217
0.4810626519038617
0.4818390494193897
0.48264920334863626
0.483358088036727
0.48423575479341074
0.4853497164461248
0.48632865244396434
0.4872063192006481
0.4881177423710505
0.48899540912773426
0.4900081015392925
0.49108830677828785
0.49230353767215773
0.49324871725627867
0.49422765325411827
0.49497029435592765
0.4963543073183905
0.49753578179854174
0.49827842290035107
0.4994598973805023
0.5004388333783418
0.5013165001350256
0.5025654874426141
0.503780718336484
0.5046921415068863
0.505671077504726
0.506683769916284
0.5078990008101539
0.5090467188765866
0.5100931677018633
0.5110383472859843
0.5122535781798542
0.5135700783148798
0.5146502835538752
0.5154266810694031
0.5167431812044289
0.5178233864434243
0.5186672967863895
0.5198487712665406
0.520928976505536
0.5221442073994059
0.5233256818795571
0.524540912773427
0.5256886308398596
0.5267350796651363
0.5276127464218201
0.5285916824196597
0.5293005671077504
0.5301107210369971
0.5307858493113692
0.531663516068053
0.5325074264110181
0.5332500675128274
0.5341952470969484
0.5354104779908182
0.536119362678909
0.5371658115041857
0.5382122603294626
0.5394950040507697
0.5410815554955442
0.542296786389414
0.5434445044558466
0.5447272481771537
0.5460099918984607
0.5466176073453957
0.5476640561706724
0.5486092357547934
0.5496556845800702
0.5506008641641912
0.5517823386443425
0.5527950310559007
0.5540777747772077
0.5550229543613286
0.5561031596003241
0.5572508776667567
0.5581960572508776
0.5593100189035917
0.5601201728328382
0.5608290575209289
0.5616729678638941
0.5624156089657035
0.5633270321361059
0.5646772886848501
0.5656899810964083
0.5664663786119363
0.5675803402646503
0.5688293275722387
0.5704496354307318
0.5719686740480692
0.5730488792870645
0.5739940588711855
0.5751417769376181
0.5757831487982716
0.5768633540372671
0.577639751552795
0.5786524439643532
0.5797664056170673
0.5807115852011883
0.5815217391304348
0.5821631109910883
0.5831758034026465
0.5842222522279233
0.5848973805022954
0.5859100729138537
0.5865514447745072
0.5872940858763165
0.5879017013232514
0.5886105860113422
0.5895220091817446
0.5900621118012422
0.5910748042128005
0.5920199837969214
0.5929314069673238
0.5937078044828518
0.5947542533081286
0.5960707534431542
0.5973872535781799
0.5986362408857683
0.5995476640561707
0.6008304077774778
0.6023832028085336
0.6033621388063732
0.6046111261139616
0.6056238185255198
0.606636510937078
0.607412908452606
0.6084931136916014
0.6096408317580341
0.6107885498244666
0.6119025114771807
0.612813934647583
0.6138603834728599
0.614535511747232
0.6154469349176344
0.6162570888468809
0.6172360248447205
0.6184850121523089
0.6191601404266811
0.6200378071833649
0.6209829867674859
0.6216918714555766
0.6225357817985417
0.6236834998649744
0.6247637051039697
0.6257763975155279
0.6270253848231164
0.6279705644072374
0.6291520388873886
0.6298271671617607
0.6308398595733189
0.6318187955711585
0.6331352957061842
0.6338779368079935
0.6346205779098029
0.6351944369430191
0.6363421550094518
0.6372873345935728
0.6379287064542263
0.6388738860383473
0.6399878476910613
0.6407642452065893
0.6415406427221172
0.6427896300297057
0.6435997839589522
0.6444436943019174
0.6455576559546313
0.6463002970564408
0.6470091817445315
0.6476167971914664
0.6483931947069943
0.6494396435322711
0.6502160410477991
0.6511612206319201
0.6520388873886038
0.6526802592492573
0.6537942209019714
0.654773156899811
0.6561571698622738
0.6575411828247367
0.6585876316500135
0.6593977855792601
0.6599041317850391
0.6609843370240346
0.6618282473669997
0.663178503915744
0.6641574399135836
0.6650013502565487
0.6655752092897651
0.6663853632190117
0.6673642992168513
0.6683094788009721
0.6693221712125303
0.6700310559006211
0.6708074534161491
0.6714488252768026
0.6719889278963003
0.6724952741020794
0.6734066972724818
0.6745206589251957
0.6754995949230354
0.6765460437483122
0.6774574669187146
0.6782676208479611
0.6787739670537402
0.6796516338104239
0.6806980826357008
0.6813394544963544
0.6820820955981637
0.6828584931136916
0.6839386983526871
0.684715095868215
0.6855252497974615
0.6862678908992709
0.6868079935187685
0.6877531731028895
0.688394544963543
0.6894747502025385
0.6901498784769106
0.6909937888198758
0.6917026735079665
0.6925803402646503
0.6933904941938969
0.694234404536862
0.6952133405347016
0.69646232784229
0.6972724817715366
0.6978800972184716
0.6987240075614367
0.6997029435592763
0.7004793410748043
0.7013907642452066
0.702302187415609
0.7031460977585742
0.7040912773426952
0.7051039697542533
0.7060153929246556
0.7072306238185255
0.7082433162300837
0.7095598163651093
0.7103699702943559
0.7110450985687281
0.711990278152849
0.713104239805563
0.7139819065622468
0.7149270861463678
0.7158722657304888
0.7165811504185795
0.7176951120712936
0.7184377531731029
0.7193154199297866
0.7201255738590332
0.7207669457196867
0.7214083175803403
0.7223872535781799
0.7232311639211451
0.724007561436673
0.7252227923305428
0.726235484742101
0.7270118822576289
0.7277545233594382
0.7287672157709965
0.7295098568728058
0.7305563056980826
0.7311976775587362
0.73207534431542
0.7326492033486363
0.7337631650013503
0.7344045368620038
0.7353159600324062
0.7362611396165272
0.7376113961652714
0.738759114231704
0.7399068322981367
0.7407169862273832
0.7414933837429112
0.742539832568188
0.7440926275992439
0.7450040507696463
0.745712935457737
0.7463880637321091
0.7472319740750742
0.7478733459357277
0.7487510126924115
0.7499662435862814
0.7507426411018093
0.7518228463408048
0.7525654874426141
0.7533756413718606
0.7542533081285444
0.7547934107480422
0.7557048339184445
0.7566162570888468
0.7574264110180935
0.7583378341884958
0.7590467188765866
0.759958142046989
0.7607682959762355
0.7617472319740751
0.762692411558196
0.7632662705914124
0.7639751552795031
0.7650891169322172
0.7662368349986497
0.7670132325141777
0.7676208479611126
0.7681609505806103
0.7687010532001081
0.7695787199567918
0.7704563867134756
0.7714690791250337
0.7722117202268431
0.7734607075344315
0.7744733999459897
0.7751485282203618
0.7762287334593573
0.7769038617337294
0.7774102079395085
0.778051579800162
0.7788617337294086
0.7796043748312179
0.7801444774507157
0.7808533621388064
0.781663516068053
0.7823048879287064
0.7833175803402647
0.7841614906832298
0.7849716446124764
0.7857142857142857
0.786456926816095
0.7870982986767486
0.7876046448825277
0.7883810423980556
0.7893262219821766
0.7902038887388604
0.7914528760464489
0.7922292735619768
0.7931069403186606
0.7941533891439373
0.7950648123143397
0.7960099918984607
0.7965163381042398
0.7972927356197678
0.7983391844450446
0.7990818255468539
0.7995544153389144
0.8001282743721307
0.8008371590602215
0.8013435052660005
0.8019848771266541
0.8028287874696193
0.8038077234674588
0.8048541722927356
0.8058331082905752
0.8064069673237915
0.8072846340804752
0.8082298136645962
0.8089049419389684
0.8095463137996219
0.810221442073994
0.810997839589522
0.8114704293815825
0.8119767755873616
0.8127194166891709
0.8135970834458547
0.8144747502025385
0.8152173913043478
0.8159600324061572
0.8169727248177153
0.8176140966783689
0.818289224952741
0.8190993788819876
0.8199432892249527
0.820517148258169
0.8215298406697272
0.8226100459087227
0.8231839049419389
0.8241290845260599
0.824804212800432
0.8255806103159601
0.8260869565217391
0.8266608155549554
0.8272346745881718
0.8279435592762625
0.8292263029975695
0.8303065082365649
0.8310491493383743
0.8316905211990279
0.8322981366459627
0.8328382392654604
0.8334796111261139
0.8339859573318931
0.834762354847421
0.8353699702943559
0.8361801242236024
0.8370577909802862
0.837766675668377
0.8386443424250608
0.8396907912503375
0.8404671887658656
0.8411423170402377
0.8420537402106401
0.8424925735889819
0.8434715095868215
0.844281663516068
0.8451930866864704
0.846003240615717
0.8470834458547124
0.8478598433702403
0.8485012152308938
0.8491088306778288
0.8497164461247637
0.8502565487442614
0.8507628949500405
0.8516068052930057
0.8524507156359709
0.8533621388063732
0.8541047799081826
0.8546111261139616
0.8551512287334594
0.8562989467998919
0.8571766135565757
0.8577167161760735
0.8584256008641642
0.8589657034836619
0.8595733189305969
0.8600459087226573
0.8608898190656225
0.861531190926276
0.8622063192006482
0.8626789089927086
0.863590332163111
0.8644004860923575
0.8651093707804483
0.8658182554685391
0.8665608965703484
0.8672360248447205
0.868316230083716
0.8690588711855253
0.8696664866324602
0.8703416149068323
0.8711180124223602
0.8716243586281394
0.8722657304887929
0.8729746151768836
0.8737172562786929
0.8743586281393465
0.8752025384823117
0.8758101539292465
0.8764515257899
0.8771604104779909
0.8781055900621118
0.878780718336484
0.8793208209559816
0.8801647312989468
0.8810761544693492
0.8816162570888468
0.8822238725357818
0.883067782878747
0.8834391034296516
0.8838779368079935
0.8846880907372401
0.8853632190116122
0.8860045908722657
0.8865446934917635
0.8874223602484472
0.8880974885228193
0.8887726167971914
0.889751552795031
0.8902916554145288
0.8910342965163381
0.891641911963273
0.8924520658925196
0.8930934377531731
0.8939711045098568
0.8947812584391034
0.8952538482311639
0.8957939508506616
0.8963002970564408
0.8970766945719687
0.8974817715365919
0.8981231433972455
0.8986970024304618
0.8998447204968945
0.9003848231163921
0.9010261949770456
0.9017013232514177
0.9023764515257899
0.902882797731569
0.9036254388333783
0.904334323521469
0.9047056440723737
0.9052457466918714
0.906055900621118
0.9069335673778017
0.9075749392384553
0.9084863624088577
0.9091277342695112
0.9097353497164461
0.9105455036456926
0.9111868755063462
0.9120307858493114
0.9125371320550905
0.9135160680529301
0.9139886578449905
0.914798811774237
0.9156089657034837
0.9163853632190117
0.9168917094247907
0.9177018633540373
0.9186470429381582
0.9194234404536862
0.9199972994869026
0.9206386713475561
0.9212462867944909
0.9220901971374561
0.9227990818255468
0.9235754793410748
0.9242843640291656
0.9247231974075074
0.9253308128544423
0.9258709154739401
0.9264447745071563
0.9272211720226843
0.9277275182284634
0.928706454226303
0.9291115311909263
0.9296178773967054
0.9302930056710775
0.930765595463138
0.9313056980826357
0.931879557115852
0.9323521469079125
0.9328922495274102
0.9333985957331893
0.9339049419389684
0.9343437753173103
0.9347826086956522
0.9354239805563057
0.9359303267620848
0.9364704293815825
0.9372130704833919
0.9376856602754523
0.9386645962732919
0.9395085066162571
0.9400823656494735
0.9405887118552525
0.9413313529570618
0.9422090197137456
0.9428166351606805
0.943289224952741
0.9437618147448015
0.9443019173642992
0.9447407507426411
0.9450783148798272
0.9456184174993248
0.9461922765325412
0.9465298406697272
0.9471374561166621
0.9476775587361599
0.948352687010532
0.9488927896300297
0.949466648663246
0.9499392384553065
0.9508844180394275
0.951357007831488
0.9518633540372671
0.9525384823116392
0.9532473669997299
0.9537537132055091
0.9540575209289766
0.9544963543073184
0.9550027005130974
0.9558803672697812
0.9564542263029976
0.9568930596813394
0.9572981366459627
0.957703213610586
0.9582433162300837
0.9588509316770186
0.959256008641642
0.9599311369160141
0.9606400216041048
0.9610113421550095
0.9612476370510397
0.961821496084256
0.9623953551174723
0.9629692141506886
0.9635093167701864
0.9640831758034026
0.9645895220091818
0.9653996759384283
0.9662435862813935
0.9670874966243587
0.9677288684850122
0.9682689711045098
0.9690453686200378
0.9695517148258169
0.9699905482041588
0.9705644072373751
0.9714083175803403
0.9719146637861193
0.9726235484742101
0.9731974075074264
0.9741088306778288
0.9747839589522009
0.9750540102619498
0.9756278692951661
0.9762017283283824
0.9767418309478801
0.9771469079125034
0.9777545233594382
0.9780920874966244
0.9785646772886849
0.9789022414258709
0.9793748312179315
0.9800499594923036
0.9806238185255198
0.9809951390764245
0.981467728868485
0.9820078314879828
0.9823453956251688
0.9830542803132595
0.9834256008641642
0.983864434242506
0.9841007291385363
0.9846070753443155
0.9853159600324062
0.9857210369970294
0.9861261139616527
0.9866324601674318
0.9872063192006482
0.9876113961652714
0.9878814474750203
0.9884553065082365
0.9889278963002971
0.9894342425060761
0.9897380502295436
0.9900081015392924
0.9903456656764785
0.9911220631920065
0.9917296786389413
0.9922022684310019
0.9926411018093437
0.9934512557385903
0.9940588711855253
0.9943964353227113
0.9948015122873346
0.9954091277342695
0.9959492303537673
0.9964555765595463
0.996826897110451
0.9970969484201998
0.9975357817985417
0.9980083715906022
0.9983121793140697
0.9985822306238186
0.9989197947610046
0.9992573588981907
0.9995274102079396
0.9995611666216582
0.9997637051039697
0.9999324871725628
1.0
1.0
