0.00041363909152422417
0.0017478044849954214
0.0032780300258942853
0.005255368342024536
0.007229120192043305
0.009078541216864041
0.010889706603162307
0.013132443411542204
0.015104999772857145
0.01701060876675776
0.0191146688854937
0.021297631258682236
0.023340721453522985
0.025161450749451867
0.026961856737415687
0.02953096196194042
0.031138894268588055
0.03263445063707593
0.034037954375369106
0.035993773894830466
0.0379878490528143
0.03956708963057008
0.04108775126183833
0.042549833946619035
0.04410516475029828
0.04570592412472294
0.04690619478336549
0.04812798423867693
0.049214683470455885
0.05042929999354436
0.0517610744096079
0.053053397698445144
0.05439473602413931
0.05580063073984014
0.05713240515590368
0.058433096865667715
0.05966923218542508
0.06088026224240207
0.062068578014006344
0.06322461559060728
0.06428262309349439
0.06514098398284235
0.06602445013497067
0.06686607418246505
0.06778899146181967
0.06876929219895801
0.06992413428685512
0.07094269066251593
0.07180941997279068
0.07262952522361617
0.07351299137574449
0.07431635978471639
0.0751065778179462
0.07593505148969848
0.07677548004848903
0.07763384093783698
0.07852208904478061
0.07941033715172426
0.08030097623607554
0.08113423186264312
0.08203802132273652
0.08319166792192981
0.08479362278505831
0.08616365283964432
0.08729697613087253
0.08845540468488114
0.08939027685127403
0.09015538962172347
0.09086072795698154
0.09164855501280368
0.09251169785696695
0.09340233694131825
0.09429417151437336
0.0953497880398528
0.0964376827603356
0.09740244214432418
0.09826558498848745
0.0990976451263512
0.09985199849846618
0.10061711126891562
0.10142167516659135
0.10210669019388435
0.1027534495826549
0.10343248716642876
0.1041892315159514
0.10490054729472861
0.1055449157060915
0.10639132170840118
0.10725207357515679
0.10813434423858129
0.10910269008868136
0.1100746224048929
0.11088277276868011
0.11163832162949892
0.11245125394810145
0.11326179528929631
0.11412852459957105
0.11494743436169272
0.11578188547696412
0.11650396065407578
0.11731211101786299
0.11824100574073676
0.11914957715564546
0.11993381774535612
0.12085314855859927
0.12173302824461611
0.12241326131709382
0.1230755620590141
0.1238478477616865
0.12459861466769001
0.1253135169125787
0.12599135900764874
0.1267002838090183
0.12733150184463907
0.12804759957823159
0.12871587776367102
0.12931481760428845
0.12986235143064134
0.13039793036995592
0.13102317096205757
0.13160896042693293
0.13214693034365518
0.13271120101186165
0.13324199799636094
0.13381463708549418
0.13441835888092693
0.13504120849562093
0.13567601299735318
0.1365666520817045
0.13733535131826538
0.13803590769870816
0.13884286257379155
0.13987456932519446
0.14063370465212474
0.14139403546775886
0.14213284748672408
0.14287644146050463
0.14353037378149813
0.14410899031415053
0.14464696023087278
0.14518134368148355
0.14569540382412927
0.14624293765048213
0.1467199376433092
0.1472770353792927
0.1478783661973178
0.14843307295589364
0.1490666819689221
0.14963453910324
0.15018924586181584
0.1508228548748443
0.15154732102936358
0.15220842628258005
0.15289822326468838
0.15360834355476174
0.1542288021920481
0.15485165180674207
0.15542907285069063
0.15601008036075067
0.15656956907414182
0.1571266668101253
0.15765865928332842
0.15816435100504736
0.15871188483140022
0.159246268282011
0.1598260803033672
0.16042980209879998
0.16096896750422604
0.16151291486446745
0.16206762162304328
0.16262232838161914
0.16309693739703854
0.16357632836727326
0.16401626821028167
0.16449685466922023
0.1649882005264932
0.16552377946580782
0.1660629448712339
0.16657820050258346
0.1670982380887483
0.16759675687824427
0.1680773433371828
0.16858662152501322
0.16911622302080867
0.16960995985548932
0.17015510270443454
0.17069068164374915
0.17124897486843646
0.1718431327542386
0.17239425304670297
0.17301351619528546
0.17360050114886463
0.17425562895856198
0.1748748921071445
0.1753674334531213
0.17584443344594836
0.17633219283710988
0.17676615523659917
0.17722761387627647
0.1776591852983581
0.17813140333636987
0.17871241084642991
0.1793519973029775
0.1800107115787863
0.1806395386369994
0.18125999727428577
0.18185176418268023
0.18236462883662213
0.1829432453692745
0.18358402731452592
0.1841985085082931
0.18487635060336316
0.18552908743565283
0.18622964381609558
0.18690389944505414
0.1876439069527232
0.18841260618928413
0.1890438242249049
0.18962483173496494
0.19018790691446757
0.1908346663032381
0.1915412001272
0.19225610237208868
0.19293513995586256
0.1935077790449958
0.1941437790354319
0.19481444819827898
0.19549468127075667
0.19612948577248893
0.1967116887712528
0.19724607222186358
0.1978665308591499
0.19857545566051946
0.19927242557485075
0.1999108165426945
0.20054203457831526
0.20115292930597098
0.20174828268047695
0.20225277891349205
0.20280031273984492
0.20333230521304804
0.20387625257328942
0.20440465858038107
0.2049318690987689
0.20542441044474571
0.20594444803091055
0.20650154576689406
0.20702397433046654
0.2075440119166314
0.20802938033038526
0.20849920739098937
0.20899413971437383
0.20952015474405783
0.21008681638967194
0.21063554570472864
0.21121655321478866
0.211871681024486
0.21248257575214172
0.21295001183533815
0.21341864340723846
0.21396737272229516
0.2145268614356863
0.21504809451055498
0.21560399675783465
0.21611447043436888
0.21660222982553037
0.21706368846520768
0.21752873357099647
0.21807268093123788
0.21853772603702667
0.21902189896207672
0.21950487639842292
0.22001056812014183
0.22045887638407705
0.2209430493091271
0.22151688388696414
0.2220680041794285
0.22259401920911248
0.22308416957768165
0.22357431994625082
0.22407881617926592
0.22452353797708965
0.22505433496158894
0.22562577856201838
0.2261494026142947
0.2266718311778672
0.22723610184607365
0.22776570334186913
0.22832997401007557
0.22885120708494425
0.22939634993388947
0.2298673724831974
0.23031807172454027
0.23079268073995968
0.23126609426667527
0.23170364313227604
0.23219618447825285
0.23270665815478708
0.23320039498946774
0.2336809814484063
0.2341986280571635
0.2347031242901786
0.23519805661356305
0.23568820698213222
0.23616998892977462
0.23659916937444858
0.23703074079653022
0.23744198891064677
0.23787595131013606
0.23830393626610621
0.23877017686059884
0.23919577083916135
0.23962136481772384
0.240049349773694
0.2404797257070718
0.24091368810656108
0.2413584099043848
0.24183780087461954
0.24223470312429018
0.24267942492211392
0.24310860536678788
0.24353659032275804
0.24398489858669326
0.24443201136192463
0.2449783496995737
0.24546252262462373
0.2459574549480082
0.24646075569231946
0.24704534966849098
0.24764189853170077
0.24822051506435316
0.24870707896681085
0.24914582332111543
0.24951403384189422
0.24991093609156487
0.2502934924767896
0.25065692104275306
0.25105143231501603
0.251425620279314
0.25179622177750044
0.25218236462883664
0.2525995901864723
0.2529749736394741
0.25337307137784854
0.2537448683647388
0.2541513345240401
0.25455780068334133
0.25495709391041965
0.25539583826472423
0.2558501239721786
0.25625300366536835
0.2566702292230041
0.2571221239530508
0.2575967329684702
0.25801156754869825
0.25847302618837553
0.2590504472323241
0.25947962767699806
0.2599207630087103
0.2603905900693144
0.26089986825714484
0.2613601314081183
0.26188853741520995
0.26234401861136813
0.26275168025937323
0.26316053739608214
0.263549071224826
0.2639411915196813
0.26440384564806246
0.26481987571699434
0.2652765524018564
0.26572366517708773
0.2661815373506536
0.26660234937440075
0.26700881553370204
0.267465492218564
0.2678731538665691
0.2683370034836541
0.26875662001869743
0.2692168831696709
0.26966638692231
0.2701170861636528
0.2706132139757411
0.2710902139685682
0.27154808614213405
0.27198324403032714
0.2723705823703672
0.27273759740244213
0.27320264250823095
0.2735863943821595
0.27399644700757225
0.2744244319635424
0.2748320936115475
0.2752409507482564
0.27567491314774567
0.2761052890811235
0.27654403343542805
0.27694930410602553
0.27742152214403726
0.27781005597278113
0.27822010859819385
0.27864092062194107
0.2790653191117997
0.2795040634661043
0.2799703040605969
0.2804389356324972
0.28082149201772194
0.2812171987786887
0.2816320333589168
0.28208990553248264
0.28250354462400684
0.28295424386534973
0.28337625137780076
0.28374087543246806
0.28411147693065447
0.2845107701577328
0.28489213105425365
0.2852699054846631
0.2856393114941457
0.28598839419566324
0.28633269494236546
0.28672601072592463
0.2870894392918881
0.2874349355272942
0.28779119116103474
0.2881498377721829
0.288515657315554
0.28887191294929454
0.28918752196710495
0.2894887851204694
0.2898139580479104
0.29013554450923995
0.29043800315130824
0.29074643923689564
0.2910775896078558
0.29140634900140827
0.29179368734144834
0.29212005575759314
0.29250619860892935
0.29288875499415407
0.29328207077771323
0.2936729955838647
0.2940675068561277
0.2944572361735754
0.2948206647395389
0.29521995796661715
0.2956192511936955
0.29603408577392354
0.29646565719600515
0.29683864967159923
0.29721642410200866
0.29756431131482236
0.29790383010670934
0.29826964965008046
0.29859482257752146
0.29894151430163135
0.29930494286759485
0.29968630376411576
0.30001267218026056
0.3003521909721475
0.3006809503657
0.3009893864512874
0.3013396646415088
0.3017042886961761
0.3020701082395472
0.3024550556021796
0.3028411984535158
0.3032285367935558
0.30358598791600017
0.3039506119706675
0.30427339392070085
0.30468583752352124
0.30508513075059956
0.305490401421197
0.3058813262273485
0.30628420592053823
0.30666078486224385
0.30703138636043026
0.3073649277087981
0.3076614089073472
0.3079841908573806
0.30838467957316273
0.308756476560053
0.30910197279545903
0.30946540136142253
0.3098097021081248
0.31016954420797677
0.31051982239819814
0.31084021337082385
0.311240702086606
0.311628040426646
0.31200342387964775
0.3123692434230189
0.31271473965842495
0.31310088250976115
0.3135121306238777
0.31400467196985454
0.3146131757201026
0.3153938298437018
0.3167232132823577
0.31815062679472744
0.3189205215199922
0.3195409801572785
0.32004667187899744
0.3205093260073786
0.32089188239260324
0.32124933351504764
0.3216031981713805
0.32192119816659853
0.32224756658274334
0.3225787169537035
0.32293616807614783
0.32326134100358883
0.32361520565992175
0.32395831091792016
0.3242512056503578
0.3245584462472414
0.32486210037801355
0.32521357405693874
0.3255471154053065
0.32587707028756285
0.32624288983093397
0.3265740402018941
0.32693268681304233
0.327245904853445
0.3276045514645932
0.32794885221129544
0.32824294243243696
0.3285382281422823
0.32882275445379316
0.3291001078330811
0.32942288978311446
0.32977555895074345
0.33013420556189166
0.33044144615877524
0.33076661908621624
0.3311157017877338
0.3314970626842547
0.3318736416259603
0.3322298972597008
0.33261484462233315
0.33300457393978083
0.33336322055092904
0.33372425813948486
0.33407214535229857
0.33442122805381613
0.33478226564237196
0.33508831075055173
0.335460107737442
0.33583907765655524
0.33618576938066513
0.3364714911808798
0.3367727543342443
0.3371062956826121
0.3374673332711679
0.3378391302580582
0.3381499573210533
0.3385229497966474
0.3388612730998305
0.3392067693352365
0.33954509263841964
0.3399109121817908
0.34033650616035327
0.34072384450039334
0.341279746747673
0.3418093482434684
0.34218353620776637
0.34259597981058676
0.34296179935395793
0.3432977316797334
0.34364442340384327
0.3439875286618417
0.3443485662503975
0.3447084083502495
0.34506466398399
0.3453874459340234
0.345729355703318
0.34612745344169243
0.3464382805046875
0.34678975418361274
0.34711134064494226
0.34743890454979093
0.3478154834914965
0.34813826544152987
0.3484586564141555
0.3488077391156731
0.34914725790756
0.3494568894818513
0.3497999947398497
0.350137122554329
0.35048740074455037
0.35081735562680666
0.3511664383283242
0.3515286714055839
0.3518550398217287
0.35219455861361565
0.35253646838291025
0.3529154383020235
0.3532549570939104
0.353562197690794
0.3538825886634197
0.35422210745530663
0.3545616262471936
0.3549657014290872
0.3553649946561655
0.35572364126731365
0.3560344683303088
0.35636442321256506
0.35664894952407594
0.35697412245151694
0.35731364124340387
0.3576340322160296
0.3579245359710596
0.3582305810792394
0.35858922769038754
0.3589024457307903
0.3592180547486007
0.35955159609696846
0.3598684006034827
0.3601577088698089
0.3604745133763231
0.3607721900635761
0.3610889945700903
0.3613914532121586
0.36173216749274933
0.362039408089633
0.36238490432503906
0.3627124682298877
0.36300894942843687
0.36329825769476304
0.3636043028029428
0.36391273888853026
0.3642175885080062
0.3645068967743324
0.3648284832356619
0.36514528774217614
0.36548958848887836
0.36578606968742755
0.36610765614875707
0.3664292426100866
0.3667245283199319
0.36702100951848105
0.3673079268073996
0.3675864756753913
0.36787697943042136
0.36817465611767436
0.3684280997228857
0.36874012227458464
0.3690258440747993
0.36940840046002404
0.36971205459079615
0.37001451323286444
0.37028588916863325
0.3705811748784786
0.3708800470544354
0.37119924253835723
0.37149811471431404
0.37183165606268187
0.3721042274871545
0.3723875583099615
0.37267806206499154
0.3729924755940981
0.373304498145797
0.37362249814101506
0.373934520692714
0.3742429567783014
0.37455258835259264
0.37484667857373416
0.3751180545095029
0.37538225751304877
0.37566558833585584
0.37593935524903227
0.37626333268776946
0.3765598138863186
0.3768622725283869
0.3771563627495284
0.37743491161752013
0.3777899717625568
0.37806373867573323
0.3783434830324288
0.3786280093439397
0.37893166347471186
0.37924368602641073
0.3795090845186604
0.3797720920335024
0.3800279266161214
0.38029691157448253
0.3805850243521049
0.3809006333699153
0.3812497160714328
0.381546197269982
0.38190962583594545
0.38242129500118355
0.383117069426811
0.3836179791937146
0.3839909716693087
0.3843292949724918
0.3846664227869711
0.38498442278218914
0.38530481375481485
0.3856204227726252
0.3859037535954323
0.38620501674879676
0.38655290396161046
0.3868625355359017
0.3871637986892662
0.3874865806392995
0.3877974077022946
0.38810464829917823
0.3884346031814345
0.3887370618235028
0.3890371294881635
0.389358715949493
0.3896886708317493
0.39002340766882093
0.39036531743811553
0.3906892948768527
0.3909977309624401
0.3913193174237697
0.3915942798256499
0.3919027159112374
0.3922446256805319
0.39259609935945716
0.3928734527387451
0.39314482867451384
0.39344011438435916
0.39372464069587004
0.39401394896219627
0.3942458737707387
0.39451485872909986
0.3948101444389452
0.39509227977304845
0.3954043023247473
0.395697197057185
0.39604269329259106
0.3963463474233632
0.39667032486210035
0.3969751744815763
0.39727046019142165
0.3975980240962703
0.39789809176093094
0.39815392634354996
0.3984456255872838
0.3987660165599095
0.3990816255777199
0.3994115804599762
0.3997510992518632
0.40010735488560367
0.40046121954193653
0.4007851969806737
0.4011259112612645
0.40142239245981365
0.40176908418392354
0.40210262553229137
0.4024457307902898
0.4027505804097657
0.40308651273554114
0.4033997307759439
0.40368425708745476
0.40400345257137665
0.4043620991825248
0.4046645578245931
0.40497777586499584
0.40530294879243683
0.4056245352537664
0.4058648284832357
0.40615652772696953
0.40645539990292634
0.40675785854499463
0.40705792620965525
0.4073197382357934
0.40761502394563875
0.40786129461862713
0.4081398434866189
0.40839209160312645
0.4086706404711182
0.4088989788135492
0.40916796377191034
0.40947042241397863
0.4097119111321517
0.41000241488718175
0.41027976826646967
0.41058581337464944
0.41088588103931006
0.4111859487039707
0.4116772945612437
0.41213158026869806
0.412630099058194
0.41304373814971823
0.41340716671568173
0.4137454900188648
0.41409576820908617
0.4144520238428267
0.4148393621828667
0.415203986237534
0.4155482869842363
0.4158866102874194
0.41620939223745274
0.41654412907452437
0.4168967982421534
0.4172434899662633
0.41758779071296553
0.4179129636404066
0.4182381365678476
0.41853222678898905
0.41883348994235353
0.4190988884346032
0.41939058767833703
0.4197145651170742
0.42003495608969993
0.4203326327769529
0.4206482417947633
0.42093515908368184
0.42121848990648886
0.4215233395259648
0.42183536207766376
0.42214499365195496
0.4224115876329085
0.422698504921827
0.42300096356389527
0.42328309889799853
0.42357001618691703
0.42386051994194707
0.4241570011404962
0.42446185075997217
0.42474159511666776
0.4250332943604016
0.4253453169121005
0.4256178883365731
0.42592632442216055
0.4262012868240408
0.42653124170629714
0.42684924170151517
0.4271493093661758
0.42749719657898955
0.42777813642438894
0.4281128732614605
0.4284308732566786
0.4287584371615273
0.4291027379082295
0.42941117399381695
0.4297040687262546
0.43002206872147264
0.43034006871669067
0.4306317679604245
0.4309378130686043
0.43119364765122337
0.43150088824810695
0.43179976042406376
0.43208070026946316
0.4323759859793085
0.43271311379378774
0.43305382807437853
0.4333419408520009
0.4336264671635118
0.43392892580558007
0.43417161001245697
0.43442744459507604
0.434717948350106
0.43496900097790975
0.43518777541071013
0.43539698593387993
0.4356480385616836
0.43591343705393326
0.4361860084784059
0.43645140697065554
0.43673712877087023
0.43698698590997015
0.4372571663570351
0.43752376033798857
0.43778318138671907
0.4380689031869338
0.4383151738599222
0.4385686174651336
0.4388113016720105
0.439070722720741
0.4393480761000289
0.4396254294793169
0.4399027828586048
0.4401633993960391
0.44044792570755
0.44073603848517234
0.44103012870631386
0.44133856479190126
0.4416338505017466
0.4419016399714039
0.44218855726032247
0.4424838429701678
0.44278151965742074
0.4430720234124508
0.44336133167877695
0.44363629408065725
0.44389930159549923
0.44417306850867566
0.4444241211364794
0.44469191060613666
0.44501947451098534
0.4452884594693465
0.4455395120971502
0.44583599329569934
0.44610976020887577
0.4463966774977943
0.4466333842611521
0.4469346474145166
0.4472072188389892
0.4474606624442006
0.4477475797331191
0.44800819627055344
0.44828913611595284
0.44857963987098287
0.44886057971638227
0.44914630151659696
0.4494822338423724
0.44974285037980677
0.4500560684202095
0.4503896097685773
0.4506884819445341
0.4509479029932646
0.4512204744177372
0.4514966323083213
0.45179550448427813
0.4521003541037541
0.45238846688137646
0.4526825571025179
0.45299457965421686
0.4532874743866545
0.45359710596094577
0.4538828277611605
0.4541900683580441
0.45448774504529704
0.45480335406310746
0.4551655871403671
0.4555242337515153
0.45583984276932565
0.4561052412615753
0.45642204576808953
0.45672211343275015
0.45703772245056057
0.45734257207003653
0.4576306848476589
0.4579379254445425
0.4582128878464227
0.45846035400811497
0.4587532487405527
0.4590365795633597
0.4593294742957974
0.45962356451693887
0.45992841413641483
0.46024521864292905
0.46054409081888587
0.46082622615298907
0.4611191208854268
0.4614191885500874
0.4617037148615983
0.4620073689923704
0.46224646673313585
0.4625345795107582
0.4628501885285686
0.4631227599530412
0.4634419554369631
0.46373963212421604
0.46405404565332264
0.4643278125664991
0.46463027120856737
0.46490284263303994
0.46519573736547765
0.4654575493916158
0.46573609825960754
0.4660684441192715
0.466390030580601
0.46670563959841144
0.46699255688733
0.4673368576340322
0.467677571914623
0.46800154935336014
0.46829563957450165
0.4686542861856498
0.4689926094888329
0.46928311324386296
0.4696405643663073
0.47002431624023583
0.47046903803805956
0.471012985398301
0.47142901546723287
0.47176375230430445
0.4720984891413761
0.4724356169558554
0.47279785003311503
0.4731433462685211
0.4734936244587425
0.47382955678451794
0.47414755677973597
0.4745169627892186
0.474805075566841
0.47509797029927864
0.47542314322671964
0.47575788006379127
0.4760890304347514
0.47640703042996946
0.4766796018544421
0.4769772785416951
0.47728810560469015
0.4776108875547235
0.4778870454453076
0.47816678980200317
0.4784369702490681
0.4786904138542795
0.47894863941430615
0.47916621835840273
0.47939933865564904
0.4796468048173413
0.47989427097903353
0.48015130105035636
0.4803951807459371
0.4806617747268906
0.48089609051284077
0.48113757923101386
0.4813862408814099
0.4816635942606978
0.48194572959480103
0.4822720980109459
0.4825542333450491
0.4828208273260026
0.48306112055547185
0.483295436341422
0.48350942881940706
0.48374852656017253
0.483987624300938
0.48424106790614935
0.48447538369209947
0.48472882729731087
0.4850061806765988
0.4852572333044025
0.4855035039773909
0.4857079325457454
0.4859422483316955
0.4861789550950533
0.48645630847434124
0.48667627839584543
0.4868986392947573
0.4871353460581151
0.487385203197215
0.487613541539646
0.4878908949189339
0.48815987987729503
0.4884216919034332
0.488685894906979
0.48895009791052485
0.48921430091407064
0.4895000227142854
0.48976661669523885
0.4900140828569311
0.4902782858604769
0.4905329249543921
0.4907875640483073
0.49104459411963014
0.4913076016344722
0.49153474448819934
0.4918013384691528
0.49200696252621107
0.4922400828234574
0.4924684211658884
0.49271947379369213
0.49295498506834606
0.4931988647639268
0.49344752641432293
0.49368303768897687
0.4938910527234428
0.4941229775319853
0.4943692482049737
0.4946011730135162
0.4948414662429855
0.4950984963143083
0.49534237600988906
0.4956113609682502
0.4958695865282769
0.4961469399075648
0.49643744366259485
0.49676022561262817
0.49705670681117736
0.4973340601904653
0.4976173910132723
0.49785887973144544
0.49811471431406446
0.49839445867076004
0.4986490977646752
0.4989240601665555
0.4992085864780664
0.499570819555326
0.5000358646611148
0.500332345859664
0.5006981654030351
0.5009791052484345
0.5012755864469837
0.5015720676455329
0.5018446390700054
0.5020813458333632
0.502325225528944
0.5026073608630472
0.5028572180021471
0.5031202255169891
0.5033951879188694
0.503618744306485
0.5038721879116964
0.5041328044491308
0.5044185262493455
0.504692293162522
0.5050019247368132
0.5053019924014738
0.5056044510435421
0.5059152781065371
0.5061782856213791
0.5064652029102977
0.5067975487699616
0.5070701201944343
0.5074072480089136
0.5076929698091283
0.5080014058947157
0.5082919096497457
0.5085692630290336
0.5088693306936942
0.5091562479826128
0.509473052489127
0.5097480148910073
0.5100887291715981
0.5104330299183003
0.5107271201394418
0.5110618569765134
0.5113583381750626
0.511673947192873
0.5123577667314622
0.5126650073283457
0.5129734434139331
0.5132627516802594
0.5135604283675124
0.5138652779869883
0.5141940373805408
0.5145000824887206
0.5147977591759736
0.5151444509000834
0.5154756012710436
0.5157732779582965
0.5160661726907343
0.5163853681746561
0.5166914132828359
0.5169735486169391
0.5172772027477113
0.5175533606382954
0.5178498418368445
0.5181499095015051
0.5184392177678313
0.5187380899437881
0.5190381576084487
0.51934778918274
0.5196849169972193
0.519977811729657
0.5203005936796903
0.5205827290137935
0.5208553004382661
0.5210967891564393
0.5213693605809119
0.5216574733585342
0.5219587365118987
0.5222133756058139
0.5224823605641751
0.5227704733417974
0.5230382628114547
0.5233084432585197
0.5235738417507693
0.5238332627994998
0.5240639921193385
0.524288743995658
0.5245732703071688
0.5248386687994185
0.5251542778172289
0.5254471725496666
0.525735285327289
0.526025789082319
0.5263115108825337
0.5266103830584905
0.5269032777909282
0.527153134930028
0.5274806988348767
0.5277664206350914
0.5281107213817937
0.5284107890464543
0.5287144431772264
0.529042007082075
0.529339683769328
0.5296576837645461
0.5299720972936527
0.5302578190938674
0.530592555930939
0.5308794732198575
0.5311843228393335
0.5314927589249209
0.531796413055693
0.5321072401186882
0.5324336085348329
0.5327348716881974
0.5330612401043423
0.5333971724301177
0.5336888716738516
0.5339853528724007
0.5342519468533542
0.5345412551196804
0.5348377363182295
0.5351413904490017
0.5354558039781082
0.5357714129959186
0.5360726761492831
0.5363344881754212
0.5366022776450785
0.5369011498210353
0.5371785032003232
0.5374606385344265
0.5377630971764947
0.5380846836378244
0.5383943152121156
0.5386800370123302
0.5389549994142105
0.5392275708386831
0.539484600910006
0.5397822775972589
0.5400966911263656
0.5404194730763989
0.5407063903653174
0.5410148264509048
0.5413244580251961
0.5416484354639333
0.5419700219252628
0.5423047587623344
0.5426108038705142
0.5429192399561017
0.5432695181463231
0.5435648038561683
0.5438529166337908
0.5441493978323398
0.5444685933162617
0.5447770294018491
0.5450914429309558
0.5454225933019159
0.5457310293875033
0.5460382699843869
0.5463479015586782
0.5466324278701891
0.5469038038059578
0.5471644203433922
0.547421450414715
0.5476689165764073
0.5480012624360713
0.5483324128070314
0.5486073752089117
0.5489074428735723
0.5491800142980449
0.549441826324183
0.5497287436131016
0.5500001195488704
0.5502272624025976
0.5504448413466941
0.5506791571326443
0.5509660744215628
0.5512302774251087
0.5515219766688425
0.5517837886949806
0.5520324503453767
0.5523145856794799
0.5526206307876597
0.5529314578506548
0.553220766116981
0.5534825781431191
0.55376710445463
0.5540755405402175
0.5543122473035752
0.5545740593297134
0.5548824954153008
0.5551813675912576
0.5554455705948035
0.5557145555531646
0.5559835405115257
0.5563087134389667
0.5565597660667705
0.5568514653105043
0.557144360042942
0.5574157359787107
0.5577122171772599
0.5579847886017325
0.5582382322069439
0.5585108036314165
0.5587403374625514
0.5590105179096163
0.5592400517407511
0.559510232187816
0.5597828036122887
0.5600326607513886
0.5603016457097497
0.5605574802923687
0.5607882096122073
0.5610320893077881
0.5613010742661493
0.5615640817809913
0.5618378486941676
0.5621092246299365
0.5623770140995937
0.5626196983064707
0.5628695554455706
0.5631122396524475
0.5633489464158054
0.5635844576904593
0.5638175779877056
0.5640518937736557
0.5643053373788671
0.564540848653521
0.5647715779733598
0.5650429539091285
0.5653023749578591
0.5655366907438092
0.5658032847247626
0.5660065178044132
0.5662432245677711
0.5664404802039026
0.5666807734333719
0.5669115027532105
0.5671458185391606
0.5673896982347414
0.5676586831931025
0.5679360365723904
0.5681930666437133
0.5684190140087366
0.5686939764106169
0.56893546512879
0.5692128185080779
0.5694566982036586
0.5697161192523892
0.569973149323712
0.5702528936804077
0.5705481793902529
0.5708518335210251
0.5711435327647589
0.5714376229859004
0.5717281267409304
0.5719887432783648
0.572256532748022
0.5725386680821253
0.5728064575517826
0.5730718560440322
0.5733408410023934
0.573620585359089
0.5739302169333802
0.5741740966289609
0.5744311267002838
0.5747096755682756
0.5749499687977448
0.5752321041318481
0.5755202169094704
0.5758023522435737
0.5761167657726802
0.5766738635086637
0.5772417206429816
0.5775477657511614
0.5778370740174876
0.5781227958177023
0.5784025401743979
0.5787301040792465
0.5790373446761301
0.5793732770019057
0.5797450739887959
0.5801001341338325
0.5804276980386812
0.5807648258531605
0.5811414047948661
0.581501246894718
0.5818084874916017
0.58211094613367
0.5824420965046301
0.5827863972513324
0.583093637848216
0.5833949010015804
0.583694968666241
0.5840285100146089
0.5843536829420499
0.5846764648920832
0.5849789235341515
0.5853256152582614
0.5856436152534795
0.585978352090551
0.5863083069728074
0.5866263069680254
0.5869443069632435
0.5872144874103085
0.587577915976272
0.5879389535648277
0.5883239009274601
0.5886550512984203
0.5889969610677148
0.5893520212127515
0.5896963219594538
0.5900705099237518
0.5904351339784191
0.5907423745753027
0.5910795023897819
0.5914345625348186
0.5917465850865176
0.5920932768106274
0.5924136677832531
0.5927364497332864
0.593078359502581
0.5934119008509489
0.5937896752813583
0.5941710361778791
0.5945033820375432
0.5947998632360922
0.5951644872907595
0.595507592548758
0.5958471113406449
0.5961866301325319
0.5965010436616385
0.5968381714761177
0.5971812767341161
0.5974921037971113
0.5977431564249149
0.5980599609314292
0.5983994797233161
0.5987007428766805
0.5989780962559684
0.5992578406126641
0.5995483443676941
0.599873517295135
0.6001688030049804
0.6004437654068606
0.6006517804413266
0.6008908781820921
0.6011228029906346
0.6013917879489956
0.6016834871927296
0.6020146375636897
0.602275254101124
0.6025836901867114
0.6028921262722988
0.6031790435612174
0.6034958480677316
0.6038174345290611
0.60412945708076
0.6044582164743125
0.6047654570711961
0.6050607427810415
0.60534766006996
0.6056309908927671
0.6059238856252047
0.6062036299819002
0.6064558780984078
0.6067547502743647
0.607029712676245
0.6072867427475678
0.6075282314657409
0.6077960209353982
0.6080518555180172
0.60830888558934
0.6085324419769558
0.6087858855821672
0.6090524795631206
0.6093154870779626
0.609596426923362
0.6098678028591308
0.6101487427045302
0.6103974043549263
0.6106185697651343
0.6108516900623806
0.6110955697579613
0.6113514043405804
0.61161680283283
0.6118762238815605
0.6121320584641796
0.6123902840242063
0.6126473140955291
0.612917494542594
0.6131912614557705
0.6134626373915393
0.6137160809967507
0.6140101712178921
0.6143341486566294
0.6146234569229555
0.6149223290989123
0.6151925095459773
0.6154806223235997
0.6157723215673335
0.6160616298336598
0.6163425696790591
0.616612750126124
0.6168960809489311
0.6171770207943306
0.6173766674078697
0.6176420659001193
0.6178871410844039
0.6181764493507301
0.6184167425801994
0.618682141072449
0.6189618854291445
0.6191926147489832
0.6194496448203061
0.6197186297786672
0.6199888102257322
0.6202625771389086
0.6205387350294927
0.6208268478071151
0.6210767049462149
0.621352862836799
0.6216182613290487
0.621878877866483
0.6221598177118824
0.6224288026702436
0.622695396651197
0.6229524267225199
0.6232393440114384
0.6235107199472072
0.6238179605440908
0.6240893364798596
0.6243666898591476
0.6246237199304704
0.6249381334595769
0.6252346146581261
0.6255334868340829
0.6257761710409598
0.6260236372026521
0.6262902311836055
0.6265580206532628
0.6268102687697704
0.6270386071122014
0.6273040056044511
0.6275825544724428
0.6278407800324695
0.6281229153665727
0.6283763589717841
0.6286465394188491
0.6289286747529522
0.6292108100870555
0.6295288100822736
0.6298360506791572
0.6301672010501173
0.6305007423984851
0.6308211333711108
0.631082945397249
0.631393772460244
0.6316950356136085
0.6320130356088265
0.6322987574090413
0.6325510055255488
0.6328534641676171
0.6331344040130165
0.6334165393471197
0.6336974791925191
0.6339569002412496
0.6342426220414643
0.634515193465937
0.634798524288744
0.6350794641341434
0.6353568175134313
0.6356437348023498
0.6359342385573798
0.636245065620375
0.6365236144883667
0.6368069453111738
0.6370532159841622
0.637365238535861
0.6376294415394069
0.6379366821362905
0.6382056670946517
0.6384722610756051
0.6387280956582241
0.63899229866177
0.6392600881314272
0.6395230956462692
0.6397825166949997
0.640064652029103
0.6403384189422794
0.6406026219458252
0.6408620429945557
0.6411250505093977
0.6414083813322048
0.6416809527566774
0.6419355918505926
0.6422069677863614
0.6425022534962067
0.6427329828160454
0.6429816444664415
0.6432601933344332
0.6435232008492752
0.6437933812963401
0.6440743211417396
0.64433374219047
0.64458359932957
0.6448609527088579
0.6451371105994419
0.6454192459335452
0.6456774714935719
0.6459464564519329
0.6462118549441827
0.64652029102977
0.6467928624542427
0.6470726068109383
0.647336809814484
0.647634486501737
0.6479237947680633
0.648209516568278
0.6485048022781232
0.6487522684398155
0.6490212533981766
0.6492711105372765
0.6495317270747109
0.6497672383493648
0.6500182909771686
0.6502669526275646
0.6505239826988874
0.6507702533718759
0.651053584194683
0.6513201781756364
0.6515688398260325
0.651813915010317
0.6520876819234935
0.6523363435738896
0.6526256518402158
0.6528982232646884
0.6531672082230495
0.6534254337830762
0.6536681179899532
0.6539275390386836
0.6542192382824175
0.6545001781278169
0.6547309074476555
0.6550214112026855
0.6553047420254926
0.6555665540516308
0.6558176066794345
0.6560590953976075
0.656340035243007
0.6566090202013681
0.6568839826032484
0.6571445991406827
0.6574111931216362
0.6576909374783317
0.6579838322107694
0.6582324938611656
0.6585014788195266
0.6587931780632604
0.6590609675329178
0.6593096291833138
0.6595391630144487
0.6597483735376184
0.6599707344365303
0.6601775539822924
0.6603891554828698
0.6606234712688199
0.6608386592355089
0.6610837344197935
0.6613228321605589
0.6615942080963277
0.661861997565985
0.6621202231260117
0.6623700802651116
0.6626486291331033
0.6629570652186908
0.6632236591996442
0.663467538895225
0.6637245689665479
0.6639744261056477
0.6642039599367826
0.6644538170758825
0.6646965012827594
0.6649092982720406
0.6651448095466946
0.6653946666857945
0.6656564787119327
0.6659015538962172
0.6661370651708712
0.6663797493777481
0.6666403659151825
0.6668818546333556
0.6671317117724554
0.667398305753409
0.6676290350732476
0.6678765012349398
0.6681299448401512
0.6683845839340664
0.6686177042313127
0.6688759297913394
0.6691006816676589
0.6693338019649052
0.6695764861717821
0.6697868921836557
0.6700283809018288
0.6702603057103713
0.6704994034511368
0.6707504560789405
0.6709608620908141
0.6711999598315795
0.6714641628351253
0.6717128244855214
0.6719602906472136
0.6721981928992753
0.6724313131965216
0.6727158395080325
0.6729764560454669
0.6732083808540094
0.673431937241625
0.673674621448502
0.6739101327231559
0.6741408620429945
0.6743428996339413
0.6745425462474806
0.674794794363988
0.6750123733080846
0.6752203883425506
0.6754152530012744
0.6756196815696288
0.675819328183168
0.676040493593376
0.6762736138906223
0.6765019522330533
0.6767302905754844
0.6769586289179154
0.6771953356812731
0.6774428018429653
0.6776962454481767
0.6779114334148657
0.6781493356669273
0.6783669146110238
0.6786000349082701
0.6788080499427361
0.6790543206157245
0.679271899559821
0.6795050198570673
0.6797094484254218
0.6799461551887797
0.6801984033052871
0.6804315236025335
0.6806658393884836
0.680870267956838
0.6811069747201959
0.6813125987772541
0.6815361551648699
0.681777643883043
0.6820083732028817
0.6822307341017935
0.6824614634216322
0.682718493492955
0.6829384634144592
0.6831703882230017
0.6833951400993212
0.6835959822015641
0.6838243205439952
0.6840514633977224
0.6842786062514495
0.684517703992215
0.6847675611313149
0.6849982904511536
0.6852218468387692
0.6854537716473117
0.685694064876781
0.6859355535949541
0.6861591099825698
0.6864089671216697
0.6866145911787279
0.6868512979420858
0.6870832227506283
0.6873091701156516
0.687590109961051
0.6878280122131126
0.6880204858944288
0.6882834934092708
0.6885417189692975
0.6887915761083974
0.689036651292682
0.689312809183266
0.689561470833662
0.6897886136873893
0.6900480347361198
0.6903134332283695
0.6905752452545076
0.6908597715660185
0.6911060422390068
0.691367854265145
0.6916212978703564
0.6918520271901951
0.6920911249309605
0.6923529369570987
0.6925812752995297
0.6927952677775148
0.6930475158940224
0.6932997640105298
0.6935555985931489
0.6938030647548411
0.6940852000889444
0.6943207113635983
0.6945777414349212
0.6948287940627249
0.6950666963147866
0.6953297038296286
0.695561628638171
0.6958007263789364
0.6960123278795138
0.696232297801018
0.6964809594514142
0.696696147418103
0.6969029669638651
0.6971480421481497
0.6973763804905807
0.697623846652273
0.6978677263478538
0.6981032376225077
0.6983626586712383
0.6986172977651535
0.6988528090398074
0.6991038616676111
0.6993585007615263
0.6996023804571071
0.6998653879719491
0.7001092676675298
0.7003615157840374
0.7006173503666564
0.7008707939718678
0.7011122826900409
0.7013310571228413
0.701560590953976
0.7018008841834453
0.7020399819242108
0.7022898390633107
0.7025145909396302
0.7027752074770646
0.7029856134889382
0.7032115608539615
0.7034255533319466
0.7036204179906704
0.7037997412962445
0.7040292751273793
0.70423250820703
0.704439327752792
0.7046724480500384
0.7048804630845044
0.7050944555624894
0.7053192074388089
0.7055439593151285
0.7057663202140403
0.7059659668275794
0.706183545771676
0.7064047111818841
0.7066557638096878
0.7069187713245297
0.7071686284636296
0.7073790344755032
0.7075966134195998
0.7078201698072155
0.708017425443347
0.7082194630342938
0.7084143276930176
0.7086283201710027
0.708868613400472
0.7091065156525336
0.7093623502351526
0.7095966660211027
0.7098118539877917
0.7100629066155953
0.7102780945822843
0.7105171923230498
0.7107670494621496
0.7110252750221763
0.711256004342015
0.7114891246392613
0.7117760419281798
0.7120569817735792
0.7123307486867556
0.7125853877806708
0.7128089441682866
0.7130289140897907
0.7132811622062983
0.7135214554357676
0.7137462073120872
0.7139733501658143
0.7142160343726912
0.7144228539184533
0.714653583238292
0.7148867035355383
0.7151365606746382
0.715366094505773
0.715566936608016
0.7157594102893322
0.7159937260752823
0.7162065230645636
0.7164252974973639
0.7166309215544222
0.716840132077592
0.7170349967363159
0.7172465982368933
0.717462981692286
0.7177200117636089
0.7179507410834475
0.7182316809288469
0.7184564328051665
0.7187074854329701
0.7189262598657705
0.7191569891856092
0.7194032598585975
0.7196184478252865
0.7198623275208672
0.7200942523294097
0.7203285681153598
0.7205676658561253
0.7207924177324448
0.7210016282556146
0.7211833425385964
0.7214308087002886
0.7217105530569842
0.7219508462864535
0.7222018989142571
0.7224433876324302
0.7226956357489378
0.7229682071734104
0.7232240417560295
0.7234846582934638
0.723724951522933
0.7239987184361095
0.7242222748237251
0.7244506131661562
0.7246813424859948
0.7249144627832411
0.725136823682153
0.7253615755584726
0.7255588311946041
0.7257907560031466
0.726002357503724
0.7262426507331933
0.7264697935869204
0.7267053048615744
0.7269300567378939
0.7271500266593981
0.727385537934052
0.7276186582312983
0.72785656048336
0.7280753349161604
0.7282845454393302
0.7284853875415731
0.7287376356580807
0.7289791243762538
0.7292241995605383
0.7294501469255616
0.7296988085759578
0.7299462747376501
0.7301674401478581
0.7304316431514039
0.7306994326210612
0.7309433123166419
0.7311883875009265
0.731447808549657
0.7316809288469033
0.7319248085424841
0.7321639062832496
0.7324006130466073
0.7326480792082996
0.7328907634151764
0.733115515291496
0.7333570040096691
0.7335626280667275
0.733828026558977
0.7340922295625228
0.7343385002355113
0.7346003122616495
0.7348190866944498
0.7350354701498426
0.7352638084922736
0.7354933423234084
0.7357479814173236
0.7359990340451273
0.7362907332888612
0.736520267119996
0.7367653423042806
0.7370044400450461
0.7372363648535885
0.7374587257525004
0.7376739137191892
0.7378771467988399
0.7380935302542326
0.7382836129581412
0.7384892370151994
0.7386936655835539
0.7389184174598734
0.7391503422684159
0.7393870490317737
0.7396094099306856
0.7398234024086706
0.7400170715786907
0.7402023723277839
0.7404115828509537
0.7406160114193081
0.740851522693962
0.7410499738187973
0.7412747256951169
0.741503064037548
0.7416991241849755
0.7419083347081453
0.7421259136522419
0.742319582822262
0.7425371617663584
0.7427571316878627
0.7429794925867745
0.7432078309292055
0.7434445376925634
0.743675267012402
0.7439131692644636
0.7441403121181908
0.7443698459493256
0.7446125301562025
0.7448492369195604
0.745072793307176
0.7453226504462759
0.7455390339016686
0.7457841090859533
0.7460220113380148
0.7462527406578535
0.746491838398619
0.7467165902749385
0.7469748158349652
0.747224672974065
0.7474422519181616
0.7477004774781884
0.7479383797302499
0.7481810639371269
0.7484010338586311
0.7486281767123583
0.7488911842272002
0.7491458233211155
0.7494004624150307
0.7496658609072803
0.7498846353400807
0.7501356879678844
0.7503951090166149
0.7506509435992339
0.7508768909642572
0.751142289456507
0.7513658458441226
0.7516157029832226
0.7518559962126918
0.7521297631258682
0.7523676653779299
0.7526199134944374
0.7528661841674258
0.7530921315324491
0.753349161603772
0.7535786954349069
0.7538046427999302
0.7540126578343961
0.7542577330186807
0.7544836803837041
0.7547311465453963
0.7549833946619039
0.7552141239817425
0.7554305074371352
0.7556313495393782
0.7558058908901369
0.7559947781053417
0.7562267029138842
0.7564251540387195
0.7566391465167046
0.7568674848591356
0.7570671314726747
0.7572835149280674
0.7574879434964219
0.7576911765760725
0.7578944096557232
0.7581215525094503
0.7583510863405851
0.758573447239497
0.7587838532513707
0.7589966502406519
0.7592405299362326
0.7594664773012559
0.7597007930872062
0.7599135900764874
0.7601407329302146
0.760345161498569
0.7605854547280383
0.7607982517173195
0.7610074622404893
0.7612118908088438
0.7614211013320135
0.7616303118551833
0.7618407178670569
0.7620475374128189
0.7622603344021003
0.7624635674817508
0.7626787554484398
0.7628975298812402
0.7631246727349673
0.7633075825066529
0.763528747916861
0.7637116576885465
0.7639244546778278
0.7640894321189559
0.764303424596941
0.7644982892556649
0.7647110862449461
0.7649035599262622
0.7651115749607282
0.7653195899951941
0.7655180411200294
0.7657690937478332
0.7659627629178531
0.7661815373506535
0.7664122666704922
0.7666561463660729
0.7668785072649849
0.767078153878524
0.7673172516192894
0.7675587403374625
0.767805011010451
0.7680393267964011
0.7682760335597589
0.7685067628795975
0.7687637929509205
0.7690148455787241
0.7692431839211551
0.7694763042184014
0.7697094245156477
0.7699509132338208
0.7702103342825514
0.7704267177379441
0.7706335372837062
0.7708738305131755
0.7711260786296831
0.7713854996784135
0.7716054695999177
0.7718421763632756
0.7720478004203338
0.7722761387627648
0.7725248004131609
0.7727423793572574
0.7729922364963574
0.7731978605534157
0.7734333718280696
0.7736485597947586
0.773852988363113
0.7740598079088751
0.7743048830931597
0.7745176800824409
0.7747268906056106
0.7749408830835958
0.7751692214260267
0.7754035372119769
0.7756390484866309
0.7758853191596192
0.7760969206601966
0.7763121086268856
0.7765069732856095
0.7768058454615663
0.7772051386886445
0.7774394544745946
0.7776677928170257
0.7779021086029758
0.7781232740131838
0.7783540033330225
0.778558431901377
0.7788011161082539
0.7790521687360576
0.7792828980558962
0.7795184093305503
0.7797407702294621
0.7799798679702276
0.780191469470805
0.7804221987906437
0.7806493416443708
0.7808920258512477
0.781132319080717
0.7813726123101863
0.7816021461413211
0.7818113566644909
0.7820396950069218
0.7822775972589835
0.7825202814658604
0.7827641611614412
0.7830176047666526
0.7832889807024214
0.7835531837059672
0.7838042363337708
0.784107890464543
0.7843685070019774
0.7846255370733002
0.7848407250399891
0.7851013415774234
0.7853225069876315
0.7855353039769127
0.7857540784097131
0.7859764393086249
0.7862191235155019
0.7864546347901559
0.7866710182455486
0.7869065295202026
0.787145627260968
0.7873703791372876
0.7876166498102759
0.787837815220484
0.7880541986758767
0.788274168597381
0.7885037024285158
0.7887248678387238
0.7889484242263395
0.7891612212156207
0.7893788001597173
0.7896155069230751
0.7898330858671716
0.7900685971418256
0.7902754166875877
0.7905121234509455
0.7906938377339272
0.7909042437458008
0.7911433414865663
0.7913477700549207
0.7915677399764249
0.7917649956125564
0.7919742061357262
0.7921726572605615
0.7924033865804002
0.792619770035793
0.7928158301832205
0.7930059128871292
0.7932270782973372
0.7934458527301376
0.7936359354340461
0.7938559053555503
0.7940746797883507
0.7942958451985587
0.7944835369250596
0.7947190481997135
0.7949067399262144
0.795117145938088
0.7953084241307004
0.7955212211199817
0.7957519504398203
0.795975506827436
0.796189499305421
0.79640468727211
0.7966198752387988
0.7968243038071533
0.7970502511721766
0.7972391383873814
0.7974603037975894
0.7976695143207592
0.7978727474004098
0.7980568526607992
0.7982576947630422
0.7984657097975081
0.7986856797190124
0.79888173986644
0.7990610631720141
0.7992870105370374
0.7995057849698378
0.7997066270720808
0.7999505067676616
0.8001752586439811
0.800376100746224
0.8005817248032824
0.8007825669055253
0.8009618902110994
0.8011400180279696
0.8013575969720662
0.8015656120065322
0.8017640631313675
0.8019517548578683
0.8021621608697419
0.802376153347727
0.8026224240207154
0.8028352210099967
0.8030587773976123
0.8032739653643013
0.8034831758874711
0.803691190921937
0.8039207247530719
0.8041275442988339
0.8043367548220037
0.8045519427886926
0.8047264841394514
0.8049321081965096
0.8051269728552335
0.8053278149574765
0.8055155066839773
0.8057271081845547
0.8059590329930972
0.8061766119371938
0.8063917999038827
0.8065986194496448
0.8068102209502223
0.8070983337278446
0.8074330705649162
0.8081025442390595
0.8087265893424573
0.8090589352021212
0.8093327021152977
0.8095538675255057
0.8097427547407104
0.8099519652638802
0.810146829922604
0.8103464765361432
0.8105521005932015
0.8107433787858138
0.8109286795349071
0.8111115893065927
0.8113112359201318
0.8115204464433016
0.8117200930568407
0.8119436494444564
0.8121600328998492
0.8123704389117227
0.8125688900365581
0.8127948374015814
0.8130841456679075
0.8133674764907146
0.8136089652088877
0.8138576268592838
0.8140668373824536
0.8142664839959928
0.8144458073015668
0.8146538223360328
0.814839123085126
0.8150614839840379
0.8152527621766502
0.8154691456320429
0.8156532508924323
0.8158744163026403
0.8160764538935872
0.8162856644167569
0.8164984614060382
0.8167315817032845
0.816949160647381
0.8171894538768503
0.8174034463548354
0.8176485215391199
0.8178888147685892
0.8181016117578706
0.8183275591228939
0.8185714388184746
0.818790213251275
0.8190233335485213
0.819226566628172
0.8194776192559756
0.8196880252678492
0.8199211455650955
0.8201423109753035
0.8203849951821806
0.8206193109681307
0.8208416718670425
0.8210544688563238
0.8212804162213472
0.8215063635863705
0.8217072056886134
0.821939130497156
0.8221447545542142
0.8223551605660878
0.8226074086825954
0.822838138002434
0.8230306116837502
0.8232661229584042
0.823481310925093
0.8236713936290015
0.8238686492651331
0.8240384086610766
0.8242488146729502
0.8244544387300085
0.8246361530129902
0.8248489500022714
0.8250545740593297
0.825245852251942
0.825453867286408
0.8256307996145744
0.825793386078295
0.8259667319403499
0.8261508372007393
0.8263660251674282
0.8265501304278176
0.8267390176430223
0.8269494236548959
0.8271323334265814
0.8273128522208594
0.8274957619925449
0.8276870401851573
0.8278902732648079
0.8280588371720475
0.8282513108533638
0.8284892131054253
0.8286757093432224
0.8288885063325037
0.8290738070815968
0.8292495439210595
0.8294420176023757
0.8296416642159148
0.8298353333859348
0.830027807067251
0.8302346266130132
0.8304282957830331
0.8306279423965723
0.8308192205891847
0.8310009348721664
0.8311778672003328
0.8313739273477605
0.8315903108031533
0.8318174536568804
0.8320565513976459
0.832290867183596
0.8325251829695461
0.8327068972525279
0.8328838295806943
0.833065543863676
0.8332496491240654
0.8334385363392701
0.8336393784415131
0.8338187017470872
0.8340470400895182
0.83426940098843
0.8344690476019692
0.8346758671477313
0.8348802957160858
0.8350823333070326
0.8352616566126067
0.8354636942035535
0.8356872505911692
0.8359299347980461
0.8361654460727
0.8363890024603158
0.8366281002010812
0.8368468746338816
0.8371708520726188
0.8374207092117186
0.8376944761248951
0.8379275964221414
0.838172671606426
0.8384034009262646
0.8386233708477688
0.8388194309951965
0.839016686631328
0.8392402430189437
0.839445867076002
0.8396431227121335
0.8398451603030803
0.8400531753375462
0.8402635813494198
0.8405098520224082
0.8406927617940938
0.8408900174302253
0.8410705362245032
0.8412809422363768
0.8415021076465848
0.8417137091471623
0.8419097692945899
0.8421225662838712
0.8423473181601907
0.842552942217249
0.8427657392065302
0.8429785361958115
0.8432116564930578
0.8433993482195586
0.8436300775393973
0.8438440700173824
0.8440724083598135
0.8443461752729898
0.8446510248924658
0.8448901226332313
0.845099333156401
0.845334844431055
0.8455404684881133
0.8457664158531366
0.8459935587068638
0.8462087466735527
0.8464263256176492
0.8466618368923032
0.8468782203476959
0.8470981902692002
0.8473253331229273
0.8475680173298042
0.847777227852974
0.8479971977744782
0.848220754162094
0.8484299646852637
0.8486499346067679
0.8488758819717912
0.8491400849753371
0.8493612503855451
0.8495871977505685
0.8498095586494803
0.8500462654128381
0.8502853631536036
0.8505065285638116
0.8507408443497617
0.8509930924662693
0.8512202353199965
0.8514581375720581
0.8516637616291164
0.851880145084509
0.8521013104947172
0.852351167633817
0.8525807014649519
0.8528174082283096
0.8530732428109287
0.8532860398002099
0.8534928593459721
0.8537427164850719
0.8539471450534264
0.8541707014410421
0.8544253405349573
0.8546644382757227
0.8548891901520422
0.8551043781187312
0.8553303254837545
0.8555574683374817
0.8557798292363935
0.8559890397595633
0.8561839044182872
0.8563847465205301
0.8566178668177764
0.8568199044087232
0.8570338968867083
0.8572443028985819
0.8574547089104555
0.8576698968771445
0.8578982352195754
0.858115814163672
0.8583214382207303
0.8585294532551961
0.8587577915976272
0.8589956938496888
0.8592312051243428
0.8594499795571432
0.8596532126367938
0.8599114381968205
0.8601039118781366
0.8603179043561218
0.8604912502181767
0.8606514457044896
0.8608534832954363
0.8610650847960137
0.861263535920849
0.8614691599779074
0.8616484832834814
0.8618576938066512
0.8620657088411171
0.8622689419207678
0.862496084774495
0.862675408080069
0.8628858140919426
0.8630986110812239
0.8633090170930975
0.863506272729229
0.8636927689670261
0.8638852426483422
0.8640573930216934
0.8642379118159712
0.8644279945198797
0.8646037313593424
0.8647782727101012
0.8649611824817868
0.8651165960132843
0.8652803779657086
0.8654585057825789
0.8656246787124109
0.8657812877326122
0.8659606110381863
0.8661459117872795
0.8663120847171115
0.8665045583984277
0.866675513283075
0.866854836588649
0.8670365508716308
0.8672158741772049
0.8673928065053713
0.8675900621415028
0.8677705809357807
0.8679630546170969
0.868156723787117
0.8683456110023217
0.8685201523530804
0.8687341448310655
0.8689122726479358
0.8690760546003601
0.8692434230188959
0.8693988365503934
0.869568595946337
0.8697586786502455
0.869941588421931
0.8701173252613936
0.8703109944314136
0.8704855357821724
0.8706517087120044
0.870820272619244
0.8709900320151875
0.8711825056965037
0.871346287648928
0.8715172425335753
0.8716929793730379
0.8718460019271278
0.8720348891423325
0.8722082350043875
0.8723648440245888
0.8725154756012711
0.8726792575536954
0.8728466259722312
0.8730080169472478
0.8731909267189334
0.8733762274680267
0.8735483778413777
0.8737396560339902
0.8738986560315991
0.8740684154275427
0.8742441522670052
0.8744461898579521
0.8746087763216726
0.8747725582740968
0.8749255808281867
0.8750905582693149
0.8752555357104431
0.8754432274369439
0.8755830996152917
0.8757432951016045
0.8759106635201404
0.8760911823144183
0.8762728965974
0.8764307011063053
0.8766136108779908
0.8767881522287496
0.8769842123761773
0.87720059583157
0.8773990469564054
0.8775998890586483
0.8777839943190376
0.8779597311585002
0.878113949201294
0.8782944679955719
0.8784678138576268
0.8786543100954239
0.878833633400998
0.8790033927969415
0.8791958664782576
0.8794002950466121
0.8795999416601512
0.8798031747398019
0.8799848890227836
0.8801642123283577
0.8803686408967122
0.8805395957813594
0.8807344604400833
0.880930520587511
0.8811397311106808
0.881325031859774
0.8815091371201633
0.8816729190725877
0.8818630017764962
0.8820781897431851
0.8822431671843133
0.882424881467295
0.8825898589084231
0.8827859190558508
0.8829652423614249
0.883124242359034
0.883310738596831
0.8834876709249975
0.8836394979903834
0.8838116483637346
0.8839706483613436
0.8841655130200675
0.8843412498595301
0.8844811220378779
0.8846652272982672
0.8848218363184687
0.8849688814290394
0.8851350543588714
0.8853119866870378
0.8855008739022425
0.8856897611174472
0.8858894077309863
0.8861034002089714
0.8862815280258417
0.886479979150677
0.8866891896738468
0.8868709039568285
0.887075332525183
0.8872534603420532
0.887428001692812
0.8876240618402397
0.8878105580780368
0.8880042272480567
0.8882241971695609
0.8883963475429121
0.8885684979162632
0.8887514076879488
0.8889319264822266
0.8891267911409505
0.8893144828674514
0.8894770693311719
0.8896444377497077
0.8898488663180621
0.8900473174428974
0.8902290317258792
0.8904083550314533
0.8905793099161006
0.8907418963798212
0.890915242241876
0.8910790241943004
0.8912416106580209
0.8914197384748912
0.8915859114047231
0.8917783850860393
0.8919529264367981
0.8921167083892224
0.8922434301918282
0.8924263399635137
0.8925686031192691
0.8927347760491011
0.8928985580015254
0.8930623399539498
0.8932213399515588
0.8933934903249099
0.8935740091191878
0.893746159492539
0.8939195053545939
0.8941048061036871
0.8942901068527803
0.894493339932431
0.894687009102451
0.8948519865435791
0.8950492421797106
0.8952309564626924
0.8954186481891933
0.8955860166077291
0.8957760993116376
0.8959315128431351
0.8960893173520403
0.896243535394834
0.8964085128359622
0.8965699038109789
0.8967372722295147
0.8968962722271238
0.8970696180891786
0.8972453549286413
0.897413918835881
0.8975621594351555
0.8977414827407296
0.8979291744672304
0.8980857834874318
0.8982914075444901
0.8984575804743221
0.8986620090426766
0.8988365503934354
0.8990063097893788
0.8991868285836567
0.8993804977536767
0.89956579850277
0.8997427308309364
0.8999208586478067
0.9000930090211577
0.9002962421008084
0.9004839338273093
0.900685971418256
0.9008975729188335
0.9010972195323727
0.9012837157701696
0.9014630390757438
0.9016674676440982
0.9018515729044876
0.9020285052326541
0.9022448886880468
0.9024361668806592
0.9026142946975294
0.9028091593562533
0.9029896781505311
0.9031510691255479
0.9033244149876027
0.9035073247592883
0.9036818661100471
0.9038504300172868
0.9040333397889724
0.9042150540719541
0.9043441668519674
0.9045103397817994
0.9046657533132969
0.9048402946640557
0.9050040766164801
0.9051379713513087
0.9053053397698445
0.9054870540528263
0.9056388811182123
0.9057835352513754
0.9059688360004686
0.9061314224641891
0.9062796630634637
0.9064422495271842
0.9066012495247933
0.9067506856127716
0.9069383773392725
0.9071093322239198
0.9072838735746785
0.9074464600383991
0.9076162194343426
0.9077943472512128
0.9079425878504874
0.908083655517539
0.908249828447371
0.9084124149110915
0.9085678284425891
0.9087172645305674
0.9088965878361416
0.9090651517433812
0.9092277382071017
0.9094070615126758
0.9095827983521384
0.9097382118836359
0.9099414449632865
0.910104031427007
0.9103180239049922
0.9105367983377926
0.9107185126207743
0.9109193547230172
0.9110998735172952
0.9112660464471272
0.9114656930606663
0.9116223020808676
0.9118004298977379
0.911959429895347
0.9120921291414718
0.9122678659809343
0.9124376253768778
0.9126073847728213
0.9127508434172805
0.9129397306324852
0.9131047080736134
0.9132732719808531
0.9134239035575353
0.9135888809986634
0.913744294530161
0.9139176403922159
0.9140730539237135
0.914242813319657
0.9144245276026387
0.914573963690617
0.9147353546656337
0.9149087005276887
0.9150844373671513
0.915238655409945
0.9154072193171847
0.9155542644277554
0.9157288057785142
0.9158878057761233
0.9160719110365126
0.9162404749437523
0.9164138208058072
0.9165859711791583
0.9167569260638057
0.9169242944823415
0.9170773170364314
0.9172793546273781
0.9174407456023949
0.9176093095096345
0.9177754824394664
0.9179297004822602
0.9181221741635763
0.9182919335595198
0.9184509335571288
0.918608738066034
0.9187808884393851
0.918961407233663
0.9191395350505334
0.9193033170029576
0.9194659034666781
0.9196272944416948
0.9197946628602306
0.9199668132335818
0.9201413545843405
0.9203314372882491
0.920504783150304
0.920650632772171
0.9208072417923723
0.9209447229933124
0.9211037229909215
0.9212806553190879
0.9214456327602161
0.9216273470431978
0.9217959109504374
0.9219525199706388
0.9221163019230632
0.9223075801156755
0.9224737530455075
0.9226578583058969
0.9228120763486906
0.9229698808575958
0.9231360537874278
0.9232950537850367
0.9234229710763463
0.9235712116756208
0.9237421665602682
0.9239035575352849
0.9240709259538207
0.924227534974022
0.9243853394829272
0.9245359710596095
0.924718880831295
0.924899399625573
0.9250811139085546
0.925286737965613
0.9254624748050756
0.9256334296897228
0.9258091665291854
0.9259753394590174
0.9261570537419992
0.9263602868216498
0.9265372191498162
0.9267332792972439
0.926892279294853
0.927064429668204
0.9272760311687814
0.9274697003388015
0.9276478281556717
0.9278343243934688
0.9280172341651544
0.9281869935610978
0.9283543619796336
0.928525316864281
0.9287106176133741
0.9288887454302445
0.9290620912922993
0.9292187003125008
0.9293705273778868
0.9295450687286456
0.929714828124589
0.9298845875205325
0.9300435875181415
0.9301798732303779
0.9303364822505792
0.9305158055561533
0.9306783920198738
0.9308636927689671
0.9310657303599138
0.9312558130638223
0.931444700279027
0.9316288055394164
0.9318164972659173
0.9319695198200072
0.9321321062837278
0.9322624145524449
0.9324058731969042
0.9325720461267362
0.9327370235678643
0.9329043919864001
0.9330729558936398
0.9332391288234717
0.9334327979934918
0.9336252716748079
0.9337878581385285
0.9339528355796566
0.9341082491111542
0.9342720310635785
0.9344393994821143
0.9345804671491659
0.9347370761693673
0.9349032490991993
0.935064640074216
0.9352057077412675
0.9353443844309115
0.9354962114962976
0.9356695573583526
0.9358166024689233
0.9360102716389432
0.9361668806591447
0.9363330535889767
0.9364848806543628
0.9366259483214143
0.9367717979432812
0.9369092791442214
0.9370467603451615
0.9371758731251748
0.9372858580859269
0.9374101889111249
0.937554843044288
0.9376911287565244
0.937832196423576
0.9379684821358123
0.9381131362689754
0.9382721362665845
0.9384060310014131
0.938517211450869
0.9386582791179207
0.9388280385138641
0.9389774746018424
0.939154406930009
0.93932655730336
0.9394903392557844
0.939658903163024
0.939832249025079
0.9399864670678727
0.9401801362378926
0.9403797828514319
0.9405507377360791
0.9407193016433187
0.940904602392412
0.9410695798335401
0.9412273843424454
0.9414258354672806
0.9416183091485969
0.9417641587704638
0.9419123993697384
0.9420953091414239
0.9422638730486635
0.9424372189107185
0.9426368655242576
0.9427946700331629
0.9429453016098451
0.9430947376978235
0.9432884068678435
0.9434366474671181
0.9435765196454658
0.943741497086594
0.9439495121210599
0.9441563316668221
0.944309354220912
0.9444934594813014
0.9446954970722482
0.9448879707535643
0.9450386023302466
0.9451987978165595
0.9454271361589904
0.9456554745014214
0.9458503391601453
0.9460069481803467
0.9461671436666595
0.9463584218592719
0.9465114444133618
0.9466668579448593
0.9468031436570956
0.9469513842563702
0.9470972338782371
0.947243083500104
0.9473961060541939
0.9475395646986532
0.9476615045464435
0.9477918128151607
0.9479436398805468
0.9480751436379677
0.9482078428840925
0.948357278972071
0.9485055195713455
0.9486489782158049
0.9488079782134139
0.9489598052788
0.9491080458780745
0.9492515045225338
0.9494140909862543
0.9495491812097867
0.9496962263203576
0.9498229481229632
0.9499867300753875
0.9501349706746621
0.9502915796948634
0.9504314518732112
0.9505689330741514
0.9506968503654609
0.9508092263036206
0.9509550759254876
0.9510865796829086
0.9512073240419952
0.9513280684010816
0.9514691360681333
0.9515862939611084
0.9517417074926059
0.9518851661370652
0.9520071059848555
0.9521206774117191
0.9522748954545128
0.9524350909408257
0.9525582262773199
0.9526980984556677
0.9528439480775346
0.9530029480751436
0.9531774894259024
0.9533627901749956
0.9535217901726046
0.9536903540798443
0.9538433766339341
0.9539784668574667
0.9541255119680374
0.9542558202367546
0.9544064518134369
0.9545558879014152
0.954695760079763
0.9548188954162572
0.95493844428664
0.9550687525553571
0.9552098202224087
0.9553425194685335
0.9554680457824354
0.955595963073745
0.9557394217182041
0.9558661435208099
0.9559892788573041
0.9561207826147251
0.9562546773495537
0.9563885720843823
0.9565057299773574
0.9566491886218167
0.9567723239583109
0.9569229555349932
0.9570652186907486
0.9571907450046504
0.957311489363737
0.9574453840985656
0.9575589555254292
0.9576761134184043
0.9578064216871215
0.957912820181762
0.9580228051425143
0.9581411585241931
0.9582642938606873
0.9583898201745892
0.9585033916014527
0.9586205494944279
0.9587389028761067
0.958854865280378
0.9589768051281683
0.9591047224194779
0.9592218803124529
0.959324692340982
0.9594538051209954
0.9595853088784164
0.959719203613245
0.9598315795514049
0.9599475419556761
0.9600467675180937
0.9601615344336611
0.9602679329283018
0.9603910682647959
0.9605094216464749
0.9606385344264882
0.9607616697629824
0.9608919780316996
0.9610378276535665
0.9611585720126531
0.9612936622361855
0.9614108201291606
0.9615351509543586
0.961664263734372
0.9618053314014235
0.9619165118508796
0.962044429142189
0.9621651735012756
0.9622954817699928
0.9624365494370444
0.9625525118413156
0.962687602064848
0.9628047599578231
0.9629386546926518
0.9630641810065537
0.9631789479221211
0.9632949103263924
0.9634204366402942
0.9635507449090114
0.9636571434036519
0.9637719103192194
0.9638866772347868
0.9639918802407236
0.9641401208399982
0.9642644516651963
0.9644007373774325
0.9645166997817037
0.9646338576746788
0.9647629704546922
0.9649016471443361
0.9650140230824958
0.9651467223286208
0.9652770305973379
0.9653917975129053
0.9655089554058803
0.9656344817197823
0.965746857657942
0.9658699929944362
0.9659943238196342
0.9661102862239055
0.9662334215603997
0.966348188475967
0.9664581734367192
0.9665789177958057
0.9666996621548923
0.9668275794462018
0.9669650606471419
0.9670989553819705
0.9672173087636495
0.967338053122736
0.9674576019931188
0.9675831283070206
0.9676990907112919
0.9678293989800091
0.9679537298052071
0.9680912110061473
0.9682119553652337
0.9683530230322853
0.9684797448348911
0.9686315719002772
0.9687439478384369
0.9688599102427081
0.9689663087373488
0.969075098209397
0.9692066019668181
0.9693357147468313
0.9694480906849912
0.9695604666231509
0.9696584966968647
0.9697541357931709
0.9698569478217001
0.9699693237598598
0.9700625718787583
0.9701570154863607
0.970258632026186
0.9703614440547151
0.9704762109702826
0.970576632021404
0.9706866169821561
0.9707882335219814
0.970908977881068
0.9710082034434857
0.9710883011866421
0.9711815493055406
0.9712819703566621
0.97136565456593
0.9714828124589051
0.9715724741116921
0.9716513763661447
0.9717661432817122
0.9718785192198719
0.9719598124517321
0.9720482786158153
0.9721451132008254
0.9722407522971316
0.9723292184612148
0.9724069252269635
0.9725037598119736
0.9725934214647606
0.9727105793577356
0.9728253462733031
0.9729173989034977
0.9730369477738805
0.9731325868701867
0.9732497447631617
0.9733704891222483
0.9734876470152234
0.9736299101709788
0.9737398951317309
0.9738403161828524
0.973968233474162
0.9740961507654714
0.9741989627940005
0.9743041657999374
0.9744273011364316
0.9745468500068143
0.9746628124110855
0.9747751883492453
0.9748803913551821
0.9749975492481572
0.9750967748105748
0.9752223011244767
0.9753227221755981
0.975413579317089
0.9755271507439526
0.9756299627724818
0.9757375567558262
0.9758391732956515
0.9759443763015884
0.9760459928414137
0.9761727146440193
0.9762910680256982
0.976417789828304
0.9765337522325751
0.9766413462159196
0.9767513311766717
0.9768469702729778
0.9769545642563223
0.9770633537283706
0.9771697522230113
0.9772761507176518
0.9773921131219231
0.9775176394358249
0.9776180604869464
0.9777196770267718
0.9778045567247435
0.9779061732645689
0.9780245266462477
0.978126143186073
0.9782433010790481
0.9783556770172078
0.9784525116022179
0.9785648875403776
0.9786904138542795
0.9788374589648502
0.9789940679850516
0.979136331140807
0.9792857672287855
0.9794375942941715
0.9795882258708537
0.9797101657186441
0.9798488424082881
0.979952849925521
0.9800819627055344
0.9802086845081401
0.9803282333785228
0.9804477822489055
0.980548203300027
0.9806653611930021
0.9807837145746809
0.9809116318659905
0.981025203292854
0.9811136694569373
0.9812272408838009
0.981322879980107
0.9814125416328942
0.9815165491501271
0.9816396844866213
0.9817436920038543
0.9818512859871987
0.9819684438801738
0.9820748423748143
0.9821824363581588
0.9822972032737263
0.9823976243248478
0.9824992408646731
0.982617594246352
0.9827239927409925
0.9828184363485949
0.9829176619110126
0.9830360152926915
0.9831412182986283
0.983260767169011
0.9833827070168014
0.983481932579219
0.9835847446077483
0.9836791882153506
0.9837939551309179
0.9838860077611127
0.9839792558800112
0.9840784814424288
0.984166947606512
0.9842697596350413
0.9843725716635704
0.9844490829406153
0.9845495039917368
0.9846523160202659
0.9847515415826836
0.9848483761676936
0.984963143083261
0.985067150600494
0.9851651806742078
0.9852775566123676
0.985405473903677
0.9854999175112794
0.9856242483364774
0.9857294513424143
0.9858633460772429
0.9859745265266988
0.9861012483293046
0.9862040603578337
0.9863032859202513
0.9864216393019303
0.9865148874208287
0.9865985716300967
0.9867037746360334
0.9868006092210435
0.9868807069641999
0.986963195684764
0.9870935039534812
0.9873720528214729
0.9874712783838906
0.9875752859011235
0.9876446242459455
0.987730699432621
0.9878024287548507
0.9879076317607874
0.9880032708570937
0.9880821731115462
0.9881718347643333
0.9882650828832318
0.9883344212280538
0.9884097370163949
0.9884946167143667
0.9885675415253001
0.9886452482910489
0.9887432783647627
0.9888341355062537
0.9889178197155215
0.9890074813683085
0.9890983385097994
0.9891712633207329
0.9892669024170391
0.9893410227166763
0.9894211204598328
0.9895048046691007
0.9895872933896648
0.9896733685763404
0.9897510753420891
0.9898455189496914
0.9899256166928478
0.9899937595489661
0.9900810302243455
0.9901587369900942
0.9902316618010276
0.9903225189425185
0.9904002257082672
0.9904839099175352
0.9905604211945801
0.9906417144264403
0.9907289851018197
0.9908031054014571
0.9908688572801676
0.9909346091588781
0.9910063384811076
0.9910744813372259
0.9911689249448282
0.991232285846131
0.9913099926118798
0.99139128584374
0.9914510602789314
0.9915383309543108
0.9916244061409863
0.9916925489971046
0.9917618873419265
0.9918252482432294
0.9919029550089781
0.9919615339554656
0.9920392407212144
0.9921073835773325
0.9921946542527119
0.992256819665311
0.9923237670327253
0.9923978873323626
0.9924600527449616
0.9925353685333027
0.99260948883294
0.9926836091325774
0.9927481655225839
0.9928294587544443
0.9929107519863045
0.9929681354440882
0.9930159549922413
0.9930673610065058
0.9931211579981781
0.9931893008542962
0.9932562482217105
0.9933124361907905
0.9933686241598703
0.9934343760385808
0.9934869775415492
0.9935551203976674
0.9936148948328587
0.9936854286663845
0.9937523760337988
0.993813345957694
0.9938910527234428
0.9939603910682648
0.9940201655034562
0.9940978722692049
0.9941576467043963
0.9942210076056991
0.9942819775295944
0.994346533919601
0.9944170677531268
0.9944768421883181
0.9945593309088823
0.9946394286520387
0.9947494136127908
0.9948342933107625
0.9949227594748458
0.9950052481954098
0.9950721955628241
0.9951582707494997
0.9952610827780288
0.9953340075889623
0.9954224737530455
0.9955216993154632
0.995605383524731
0.9956759173582569
0.9957643835223401
0.9958361128445697
0.9959090376555032
0.9959676166019907
0.9960465188564434
0.9961122707351538
0.9961828045686796
0.996242579003871
0.9963202857696197
0.9963896241144418
0.9964553759931523
0.9965187368944551
0.9966155714794651
0.9966681729824335
0.9967458797481823
0.996810436138189
0.9968773835056033
0.996934766963387
0.9969957368872822
0.9970351880145084
0.9970937669609959
0.9971583233510026
0.9972121203426749
0.9972742857552739
0.9973448195887997
0.9974093759788064
0.9974595865043672
0.9975097970299278
0.997557616578081
0.997626954922903
0.997681947403279
0.9977297669514321
0.997778781988289
0.9978433383782956
0.9978911579264488
0.9979664737147899
0.9980166842403506
0.9980716767207267
0.9981230827349913
0.9981720977718481
0.9982127443877783
0.9982498045375969
0.9982940376196385
0.9983275113033457
0.9983753308514988
0.9984111955126136
0.9984685789703973
0.9985247669394772
0.998567804532815
0.998622797013191
0.9986742030274556
0.998726804530424
0.9987901654317268
0.9988343985137684
0.998913300768221
0.9989766616695239
0.999010135353231
0.9990543684352726
0.9990902330963874
0.9991129473817602
0.9991320752010214
0.9991583759525057
0.9991822857265822
0.9992014135458434
0.9992229323425122
0.9992635789584424
0.9992994436195572
0.9993448721903027
0.9993795413627137
0.9994142105351247
0.999439315797905
0.9994680075267969
0.9994990902330964
0.9995349548942112
0.9995600601569916
0.9995911428632911
0.9996150526373676
0.9996425488775557
0.9996867819595973
0.9997202556433045
0.9997644887253461
0.9998075263186839
0.9998386090249833
0.9998696917312828
0.9998888195505441
0.9999139248133244
0.9999354436099933
0.9999462030083278
0.9999605488727737
0.9999713082711081
0.9999796766920349
0.9999820676694426
0.9999856541355541
0.9999916315790732
0.9999940225564808
0.9999940225564808
0.9999940225564808
0.9999940225564808
1.0
1.0
1.0
