0.0008776667566837699
0.0021266540642722116
0.002970564407237375
0.003848231163921145
0.0046246286794490955
0.005367269781258439
0.00594112881447475
0.006683769916284094
0.007865244396435322
0.009046718876586552
0.010194436943019174
0.010869565217391304
0.012354847421009991
0.013232514177693762
0.014278963002970565
0.016034296516338104
0.017384553065082367
0.019038617337294086
0.02035511747231974
0.022144207399405886
0.023258169052119904
0.024507156359708345
0.02555360518498515
0.027578990008101538
0.028963002970564408
0.03011072103699703
0.031055900621118012
0.03206859303267621
0.03311504185795301
0.033891439373480964
0.035039157439913586
0.035883067782878746
0.03696327302187415
0.037773426951120716
0.03892114501755334
0.03969754253308128
0.040845260599513905
0.041824196597353494
0.04354577369700243
0.04476100459087227
0.04638131244936538
0.04763029975695382
0.049081825546853905
0.0501282743721307
0.05107345395625169
0.05174858223062382
0.05350391574399136
0.05495544153389144
0.056677018633540376
0.058398595733189305
0.05961382662705914
0.060626519038617335
0.061132865244396435
0.0619767755873616
0.06285444234404537
0.0634958142046989
0.06420469889278962
0.06531866054550364
0.06643262219821766
0.06754658385093168
0.06896435322711315
0.07085471239535512
0.0728125843910343
0.0739265460437483
0.07470294355927626
0.07612071293545773
0.07716716176073454
0.07790980286254388
0.07888873886038347
0.0806103159600324
0.08253443154199298
0.0842222522279233
0.08631514987847691
0.08759789359978395
0.08861058601134215
0.08955576559546313
0.09070348366189576
0.0919524709694842
0.09303267620847962
0.09357277882797732
0.09434917634350527
0.09475425330812855
0.09583445854712395
0.09701593302727518
0.09802862543883338
0.09978395895220092
0.10103294625978936
0.10201188225762894
0.10349716446124764
0.10454361328652444
0.10575884418039427
0.10680529300567108
0.10758169052119902
0.10883067782878747
0.11007966513637592
0.11146367809883878
0.11224007561436673
0.1131514987847691
0.11419794761004591
0.11480556305698082
0.11639211450175534
0.11818120442884147
0.11936267890899271
0.1203416149068323
0.12098298676748583
0.1213880637321091
0.12229948690251148
0.1234134485552255
0.12429111531190926
0.12527005130974886
0.12645152578990007
0.12803807723467459
0.12891574399135836
0.1295908722657305
0.1305698082635701
0.13158250067512828
0.13313529570618418
0.13462057790980286
0.1358695652173913
0.1369497704563867
0.1389751552795031
0.140527950310559
0.14123683499864975
0.14228328382392655
0.1430259249257359
0.14427491223332434
0.14626654064272213
0.1477518228463408
0.1486632460167432
0.15014852822036187
0.1512624898730759
0.15227518228463408
0.15433432352146909
0.15632595193086687
0.1571023494463948
0.15787874696192278
0.1586213880637321
0.16054550364569267
0.16192951660815555
0.1631109910883068
0.16408992708614636
0.16483256818795572
0.1657102349446395
0.16648663246016743
0.1673642992168512
0.168410748042128
0.16982851741830948
0.17111126113961653
0.1720226843100189
0.17273156899810965
0.17377801782338645
0.1750607615446935
0.17634350526600054
0.1770861463678099
0.17843640291655413
0.17965163381042398
0.18036051849851473
0.18110315960032405
0.18265595463137996
0.18400621118012422
0.18512017283283824
0.18616662165811504
0.18765190386173372
0.18832703213610585
0.189002160410478
0.1899810964083176
0.1911963273021874
0.19234404536862004
0.19372805833108292
0.19447069943289225
0.19514582770726438
0.19646232784229004
0.19788009721847152
0.19929786659465298
0.20017553335133675
0.20139076424520658
0.20270726438023223
0.203584931136916
0.20449635430731838
0.20537402106400215
0.20723062381852553
0.20831082905752094
0.20986362408857684
0.21101134215500944
0.2117877396705374
0.2128341884958142
0.21398190656224683
0.21563597083445854
0.21701998379692142
0.2185390224142587
0.21968674048069134
0.22066567647853091
0.22198217661355657
0.22329867674858223
0.2242100999189846
0.2247839589522009
0.22596543343235215
0.22701188225762894
0.22795706184174994
0.22913853632190115
0.22964488252768026
0.23079260059411288
0.23214285714285715
0.23379692141506886
0.23457331893059682
0.23568728058331082
0.23669997299486903
0.23727383202808533
0.2386578449905482
0.23990683229813664
0.24132460167431813
0.2426748582230624
0.2437213070483392
0.24453146097758574
0.24564542263029976
0.2468944099378882
0.24804212800432082
0.24875101269241157
0.2493923845530651
0.251113961652714
0.25246421820145826
0.2538144747502025
0.2544896030245747
0.2557048339184445
0.2573251417769376
0.25864164191196326
0.2599581420469889
0.26073453956251685
0.26120712935457735
0.2620847961112611
0.2628611936267891
0.26424520658925194
0.26532541182824737
0.2665406427221172
0.26789089927086146
0.26876856602754523
0.26984877126654067
0.27032136105860116
0.2716716176073454
0.2729543613286524
0.2742371050499595
0.27518228463408045
0.27609370780448284
0.27707264380232244
0.27808533621388065
0.27946934917634353
0.28085336213880635
0.28183229813664595
0.28284499054820417
0.284060221442074
0.2853092087496624
0.28659195247096947
0.2879084526059951
0.2888873886038347
0.29003510667026733
0.2918917094247907
0.29314069673237914
0.2942884147988118
0.2953686200378072
0.29675263300027005
0.2980016203078585
0.2996556845800702
0.30029705644072374
0.3011072103699703
0.3020861463678099
0.3026937618147448
0.3032338644342425
0.3039765055360519
0.3046853902241426
0.30620442884147986
0.30711585201188224
0.3082635700783149
0.30968133945449633
0.3114029165541453
0.31285444234404536
0.31403591682419657
0.3150148528220362
0.3161288144747502
0.317006481231434
0.31896435322711314
0.32038212260329463
0.3212597893599784
0.3223062381852552
0.3234201998379692
0.3250067512827437
0.32659330272751824
0.32817985417229273
0.3289900081015393
0.33034026465028354
0.3316567647853092
0.3330407777477721
0.3342560086416419
0.3356400216041048
0.33742911153119093
0.3392857142857143
0.34026465028355385
0.34107480421280045
0.3423237915203889
0.34293140696732377
0.34384283013772615
0.34522684310018903
0.34593572778827975
0.3465095868214961
0.3472522279233054
0.34833243316230084
0.3491088306778288
0.3498852281933567
0.35120172832838237
0.3517418309478801
0.3531596003240616
0.35423980556305695
0.3558601134215501
0.3572103699702944
0.35822306238185253
0.35930326762084797
0.3604847421009992
0.36180124223602483
0.362476370510397
0.363590332163111
0.3657507426411018
0.36730353767215773
0.3684174993248717
0.36997029435592765
0.37128679449095325
0.37273832028085335
0.3739873075884418
0.3754388333783419
0.3770928976505536
0.37820685930326764
0.3790507696462328
0.38009721847150957
0.38131244936537945
0.3823588981906562
0.38289900081015393
0.38404671887658653
0.3849243856332703
0.38617337294085874
0.38715230893869834
0.38765865514447745
0.38816500135025656
0.38887388603834727
0.3896840399675938
0.3910342965163381
0.392587091547394
0.39383607885498245
0.39478125843910344
0.39538887388603833
0.39636780988387793
0.39781933567377803
0.3988995409127734
0.40001350256548746
0.4010261949770456
0.4022076694571969
0.40379422090197137
0.4049756953821226
0.40629219551714824
0.4074061571698623
0.40892519578719955
0.40993788819875776
0.4110518498514718
0.41257088846880907
0.4138873886038347
0.4152714015662976
0.41611531190926276
0.4166891709424791
0.4173642992168512
0.4185457736970024
0.4197610045908723
0.42067242776127467
0.42175263300027005
0.4223264920334864
0.42317040237645154
0.42428436402916553
0.4254320820955982
0.42644477450715634
0.42691736429921684
0.42786254388333783
0.428706454226303
0.43056305698082636
0.43198082635700785
0.4329597623548474
0.4341749932487173
0.4348501215230894
0.43572778827977315
0.43711180124223603
0.43825951930866863
0.4390696732379152
0.44021739130434784
0.44146637861193627
0.443120442884148
0.4441331352957062
0.44544963543073185
0.4466986227383203
0.44798136645962733
0.449297866594653
0.45014177693761814
0.45108695652173914
0.4518633540372671
0.4529773156899811
0.45331487982716717
0.45419254658385094
0.4547664056170672
0.4561504185795301
0.45696057250877664
0.45790575209289763
0.4587159060221442
0.4596948420199838
0.4607750472589792
0.4617202268431002
0.4633405347015933
0.4645220091817445
0.4654334323521469
0.46600729138536323
0.4671212530380772
0.46840399675938427
0.4694504455846611
0.4706994328922495
0.4718133945449635
0.47333243316230084
0.4747164461247637
0.4756616257088847
0.4766068052930057
0.47765325411828247
0.4789697542533081
0.48048879287064544
0.4818052930056711
0.48261544693491765
0.48315554955441536
0.48426951120712936
0.4850121523089387
0.48565352416959223
0.48636240885768295
0.48788144747502027
0.48872535781798543
0.48940048609235753
0.49041317850391575
0.49162840939778557
0.4929449095328112
0.4942951660815555
0.4950040507696462
0.4958142046988928
0.4968944099378882
0.49767080745341613
0.49935862813934645
0.5007763975155279
0.5018228463408048
0.5028017823386444
0.5037132055090467
0.504725897920605
0.5063799621928167
0.5074264110180935
0.5089116932217121
0.5099243856332704
0.5106670267350797
0.5113083985957332
0.5122535781798542
0.513300027005131
0.5143127194166892
0.5150216041047799
0.5159667836889009
0.5171820145827707
0.5177896300297057
0.5184985147177964
0.5194436943019174
0.5206251687820685
0.5219754253308129
0.5232244126384012
0.5238657844990549
0.5247434512557386
0.5258574129084526
0.5269713745611666
0.5282541182824737
0.5292668106940319
0.5304482851741831
0.5316297596543343
0.5326424520658926
0.5338914393734809
0.5351404266810694
0.5356130164731299
0.5366257088846881
0.5375033756413718
0.538178503915744
0.5395287604644883
0.5409802862543883
0.5420942479071024
0.5428706454226303
0.5438495814204699
0.5448960302457467
0.5459762354847421
0.5468201458277072
0.5478328382392654
0.5489467998919795
0.549756953821226
0.5512422360248447
0.5526937618147448
0.5538414798811774
0.5543140696732379
0.5547866594652984
0.5556305698082635
0.5569808263570079
0.5580610315960033
0.5588036726978126
0.559276262489873
0.5605590062111802
0.5615716986227384
0.5623818525519849
0.5631244936537942
0.5640359168241966
0.5648798271671618
0.5655549554415339
0.566398865784499
0.5670064812314339
0.5679516608155549
0.5692006481231434
0.5698757763975155
0.5704496354307318
0.5716648663246017
0.5731501485282203
0.5741965973534972
0.5747704563867134
0.575411828247367
0.576357007831488
0.5779435592762625
0.5789224952741021
0.5798001620307859
0.5812179314069673
0.5817917904401836
0.5828044828517418
0.5837834188495814
0.5847285984337024
0.5858425600864164
0.586821496084256
0.5874966243586282
0.5883067782878747
0.5894207399405887
0.5901296246286795
0.5910410477990818
0.5923237915203888
0.5931339454496354
0.5941466378611936
0.5953618687550635
0.5963408047529031
0.5974885228193356
0.5989400486092358
0.6000540102619498
0.6007628949500405
0.6017080745341615
0.6028895490143127
0.604071023494464
0.6052187415608966
0.6060288954901432
0.6071091007291385
0.6079867674858223
0.6090669727248177
0.6096408317580341
0.610586011342155
0.6121388063732109
0.6131177423710505
0.6138603834728599
0.6148730758844181
0.6160545503645692
0.6170334863624088
0.6180799351876857
0.6193964353227113
0.6203753713205509
0.6209829867674859
0.6216243586281394
0.6223332433162301
0.6232784229003511
0.6241898460707535
0.625168782068593
0.6261814744801513
0.6275992438563327
0.6284769106130165
0.6293545773697002
0.6301309748852282
0.6313799621928167
0.632291385363219
0.63323656494734
0.6342830137726168
0.6354982446664866
0.6369497704563867
0.6381650013502566
0.6390089116932217
0.6402578990008102
0.6410005401026195
0.6417769376181475
0.642587091547394
0.6441736429921685
0.6453551174723198
0.6461315149878477
0.6473129894679989
0.6478868485012153
0.6488995409127735
0.6497434512557386
0.6505536051849852
0.6513637591142317
0.6518363489062922
0.6526465028355387
0.6531866054550365
0.6540642722117203
0.6551444774507157
0.6561234134485552
0.6573048879287064
0.6578787469619227
0.6583850931677019
0.6591614906832298
0.6598703753713205
0.6608493113691601
0.6616257088846881
0.6629759654334324
0.6638536321901162
0.6644950040507697
0.665406427221172
0.6662840939778558
0.6672630299756954
0.6681744531460978
0.6691533891439373
0.6704023764515258
0.671415068863084
0.6723940048609236
0.6735079665136376
0.6745206589251957
0.6753308128544423
0.6761072103699703
0.6768836078854983
0.6781663516068053
0.6792465568458007
0.6798541722927356
0.6802592492573589
0.6812719416689171
0.6821158520118823
0.6832973264920335
0.6844450445584661
0.6853902241425871
0.6862678908992709
0.6873818525519849
0.6879557115852012
0.6883607885498245
0.6891371860653525
0.6899135835808804
0.6910275452335943
0.6919727248177153
0.6929854172292735
0.6939305968133945
0.695179584120983
0.6963273021874156
0.697407507426411
0.6985552254928437
0.699804212800432
0.7005806103159601
0.7011207129354577
0.7019983796921415
0.7026059951390764
0.7032136105860114
0.7040237645152579
0.7050027005130974
0.7060491493383743
0.706926816095058
0.7079395085066162
0.7089184445044558
0.7098298676748582
0.7108088036726978
0.7113489062921955
0.7124291115311909
0.7129017013232514
0.7135093167701864
0.7141506886308399
0.7146907912503375
0.7155347015933027
0.7164798811774237
0.7175263300027005
0.7188090737240076
0.7197880097218472
0.7207669457196867
0.7216108560626519
0.7227248177153659
0.7235012152308938
0.7239738050229544
0.7247164461247637
0.7257628949500405
0.7266405617067243
0.7275857412908453
0.7286997029435592
0.7294423440453687
0.7301512287334594
0.7308263570078315
0.7316702673507967
0.7327842290035107
0.7339319470699432
0.7347758574129084
0.7355184985147178
0.7365649473399946
0.7373413448555225
0.7383877936807993
0.7392992168512017
0.7404131785039157
0.7410207939508506
0.7416621658115042
0.7425735889819065
0.7435187685660275
0.7444301917364299
0.7454766405617067
0.7462867944909533
0.7471982176613556
0.7483459357277883
0.7491898460707535
0.7503375641371861
0.7513840129624628
0.7525654874426141
0.7534431541992979
0.7540507696462327
0.7548946799891979
0.7561099108830678
0.7569538212260329
0.757460167431812
0.7586078854982446
0.759519308668647
0.7602281933567377
0.7613083985957332
0.762186065352417
0.7628274372130704
0.7633337834188496
0.7639751552795031
0.7646502835538752
0.7657304887928706
0.7664056170672428
0.7671820145827707
0.7680259249257358
0.7689711045098568
0.7696462327842291
0.7700513097488523
0.770760194436943
0.7719754253308129
0.7728868485012153
0.7737307588441804
0.774540912773427
0.7752160410477991
0.775992438563327
0.7770726438023224
0.7780853362138807
0.7795706184174993
0.7805833108290575
0.7813597083445855
0.7821023494463948
0.7833850931677019
0.7842627599243857
0.7853429651633811
0.7863894139886578
0.7872670807453416
0.788178503915744
0.7892587091547394
0.7898663246016743
0.7910815554955442
0.7918917094247907
0.7927693761814745
0.7933769916284094
0.7942546583850931
0.79530110721037
0.7961112611396165
0.7968539022414258
0.797697812584391
0.7981704023764515
0.7989130434782609
0.8000607615446935
0.8009384283013773
0.8020186335403726
0.8032338644342425
0.8040777747772077
0.8047866594652984
0.805765595463138
0.8065757493923845
0.8069808263570079
0.8075884418039427
0.8081960572508776
0.8091412368349986
0.8099176343505265
0.8103227113151499
0.8113016473129895
0.8121455576559546
0.8133607885498245
0.8141034296516338
0.8150486092357548
0.8158250067512828
0.816398865784499
0.8171077504725898
0.8178841479881177
0.8189305968133945
0.8198082635700783
0.8211922765325412
0.8222049689440993
0.8231501485282203
0.8237240075614367
0.8245004050769646
0.8255130974885229
0.826357007831488
0.8272346745881718
0.8279435592762625
0.8286524439643532
0.8292263029975695
0.8300702133405347
0.8307790980286255
0.8316567647853093
0.8324331623008372
0.8329395085066162
0.833648393194707
0.8342897650553606
0.8353024574669187
0.8363489062921955
0.8373953551174723
0.8379692141506886
0.8384755603564678
0.8391506886308399
0.8400283553875236
0.8407372400756143
0.8411085606265191
0.8416824196597353
0.8425263300027005
0.8430664326221983
0.8439103429651634
0.8446867404806914
0.8455644072373751
0.8461382662705914
0.8467458817175263
0.8477248177153659
0.8484337024034566
0.8490750742641102
0.8497502025384823
0.8503240615716986
0.8513367539832568
0.8522819335673778
0.8529908182554685
0.8535984337024034
0.8543073183904942
0.8550837159060222
0.8557250877666757
0.8564339724547664
0.8572441263840129
0.8580542803132595
0.8588306778287874
0.859472049689441
0.8603159600324062
0.8610923575479341
0.8617674858223062
0.8627464218201458
0.8631177423710505
0.8642317040237645
0.865041857953011
0.8655819605725088
0.8662570888468809
0.8670334863624088
0.8679786659465298
0.8685525249797461
0.868991358358088
0.8696664866324602
0.8703078584931137
0.871219281663516
0.871995679179044
0.872772076694572
0.8735484742101
0.8744598973805023
0.8753038077234675
0.8758776667566838
0.8767553335133675
0.8774642182014583
0.8780718336483931
0.8788819875776398
0.8797596543343236
0.8805022954361329
0.8811436672967864
0.8818863083985957
0.8824939238455306
0.8831352957061842
0.8836416419119633
0.8844517958412098
0.884958142046989
0.8857682959762355
0.8864434242506076
0.8871185525249797
0.8876248987307589
0.8885363219011613
0.8891101809343775
0.8898865784499055
0.8907980016203079
0.891641911963273
0.8922832838239265
0.8930259249257358
0.8937348096138267
0.8940386173372941
0.8944099378881988
0.8951863354037267
0.8957264380232244
0.8963340534701594
0.8974142587091547
0.8978868485012153
0.898595733189306
0.8990683229813664
0.900047258979206
0.9009586821496084
0.9016338104239806
0.901937618147448
0.9027815284904132
0.9033891439373481
0.9039630029705644
0.9045706184174993
0.905718336483932
0.9067310288954902
0.9074061571698623
0.9079462597893599
0.9087564137186065
0.9093302727518229
0.9103092087496625
0.911288144747502
0.9117944909532811
0.9123008371590602
0.9129422090197138
0.9134485552254928
0.9143262219821766
0.9150013502565487
0.9159465298406697
0.916689170942479
0.9174993248717256
0.918073183904942
0.9191196327302188
0.9197610045908723
0.9204023764515258
0.9207061841749933
0.9211787739670537
0.9218539022414258
0.9222927356197678
0.9229678638941399
0.9237442614096678
0.9245206589251957
0.9249594923035377
0.9256008641641912
0.9261747231974075
0.926647312989468
0.9272211720226843
0.9276937618147448
0.9282676208479611
0.9289089927086146
0.929482851741831
0.9299216851201728
0.9305968133945449
0.9314069673237915
0.9319470699432892
0.9324871725627869
0.9333985957331893
0.9340399675938428
0.9345800702133406
0.9351539292465568
0.9357615446934917
0.9364029165541453
0.9368755063462058
0.9375506346205779
0.938056980826357
0.9386983526870105
0.9391371860653525
0.9397110450985687
0.9402173913043478
0.9409937888198758
0.9418039427491224
0.9423102889549014
0.9427828787469619
0.943289224952741
0.9439981096408318
0.9444369430191737
0.9453146097758575
0.9460234944639482
0.946901161220632
0.9473737510126924
0.9479813664596274
0.9487240075614367
0.9493316230083716
0.9498379692141506
0.9500742641101809
0.9507156359708344
0.9514245206589252
0.9520996489332973
0.9524034566567647
0.952639751552795
0.953078584931137
0.9537537132055091
0.9542263029975695
0.95469889278963
0.955475290305158
0.9558803672697812
0.9562854442344045
0.9570280853362139
0.9577707264380232
0.9584458547123954
0.9591884958142047
0.959762354847421
0.9602687010532001
0.9606737780178234
0.9608425600864164
0.9615514447745072
0.9620240345665676
0.9626654064272212
0.9632055090467189
0.9636780988387794
0.9642182014582771
0.9647583040777747
0.9656022144207399
0.9661423170402377
0.9667499324871726
0.9673575479341074
0.9680326762084797
0.9685727788279773
0.9691466378611936
0.9695854712395355
0.970226843100189
0.9708682149608425
0.9713745611666217
0.9716108560626519
0.9720159330272752
0.9726235484742101
0.9729611126113962
0.9734337024034566
0.9739062921955172
0.9743788819875776
0.9746151768836079
0.9752227923305428
0.975897920604915
0.9766405617067243
0.9770118822576289
0.9775857412908453
0.9782271131514988
0.9786997029435592
0.9794423440453687
0.9798474210099919
0.9800837159060222
0.980522549284364
0.981130164731299
0.981467728868485
0.9819403186605455
0.9823791520388874
0.9827504725897921
0.9834593572778828
0.9840669727248177
0.9844045368620038
0.9847758574129084
0.9853497164461248
0.9860586011342155
0.986362408857683
0.9867337294085876
0.9871725627869296
0.9876113961652714
0.9884215500945179
0.9887253578179854
0.9891979476100459
0.9895692681609506
0.9899068322981367
0.9902781528490413
0.9907844990548205
0.9912908452605995
0.9916621658115042
0.9920672427761275
0.9923035376721577
0.992877396705374
0.9930461787739671
0.993316230083716
0.9933837429111532
0.9936537942209019
0.9939576019443694
0.9943626789089927
0.9946664866324602
0.9950378071833649
0.9953078584931137
0.995712935457737
0.9960504995949231
0.9961855252497974
0.9964893329732649
0.996995679179044
0.9970631920064812
0.9974682689711045
0.9978733459357277
0.9982446664866325
0.9983459357277883
0.9983796921415069
0.9985484742101
0.9987172562786929
0.9988185255198487
0.9988522819335673
0.9988522819335673
0.9989197947610046
0.9990210640021604
0.9990885768295976
0.9990885768295976
