0.0008776667566837699
0.0016540642722117202
0.0025317310288954903
0.0033081285444234404
0.004219551714825817
0.005198487712665407
0.005974885228193357
0.006616257088846881
0.007628949500405077
0.00867539832568188
0.009586821496084256
0.010700783148798272
0.011814744801512287
0.01275992438563327
0.013772616797191467
0.015730488792870645
0.017215770996489334
0.018127194166891708
0.01900486092357548
0.019612476370510397
0.02055765595463138
0.021199027815284904
0.021806643262219823
0.022751822846340804
0.02369700243046179
0.024574669187145556
0.02555360518498515
0.02649878476910613
0.027714015662975964
0.0289292465568458
0.030448285174183094
0.03173102889549014
0.032912503375641375
0.034026465028355386
0.03483661895760194
0.035646772886848505
0.03628814474750203
0.037233324331623005
0.03780718336483932
0.03878611936267891
0.03969754253308128
0.04067647853092087
0.04158790170132325
0.04266810694031866
0.043579530110721035
0.044558466108560624
0.045571158520118824
0.046685120172832835
0.04830542803132595
0.05002700513097488
0.051275992438563324
0.05245746691871456
0.05384147988117742
0.05498919794761004
0.05569808263570079
0.05637321091007291
0.05711585201188226
0.05809478800972185
0.05934377531731029
0.06035646772886848
0.06082905752092898
0.06177423710504996
0.062381852551984876
0.06325951930866865
0.06423845530650824
0.06575749392384553
0.06737780178233864
0.06893059681339454
0.07001080205238995
0.07139481501485283
0.0728463408047529
0.07450040507696462
0.075411828247367
0.07605320010802052
0.07662705914123684
0.07757223872535782
0.07888873886038347
0.0800364569268161
0.08094788009721847
0.08169052119902781
0.08223062381852551
0.08297326492033487
0.08432352146907912
0.08594382932757223
0.0878341884958142
0.08965703483661895
0.09070348366189576
0.0919862273832028
0.09320145827707264
0.09445044558466109
0.09519308668647043
0.09627329192546584
0.09701593302727518
0.09782608695652174
0.09839994598973804
0.09894004860923576
0.09964893329732649
0.1002565487442614
0.10153929246556846
0.103294625978936
0.10491493383742911
0.10623143397245477
0.107412908452606
0.10839184445044558
0.10974210099918985
0.11061976775587362
0.11163246016743181
0.11237510126924116
0.11332028085336214
0.11443424250607616
0.11514312719416689
0.11602079395085066
0.11706724277612747
0.1183162300837159
0.11953146097758574
0.12010532001080206
0.12061166621658115
0.12165811504185796
0.12304212800432082
0.1244598973805023
0.12581015392924655
0.1269916284093978
0.12824061571698622
0.12925330812854444
0.12996219281663515
0.13181879557115853
0.13262894950040507
0.1337429111531191
0.13462057790980286
0.1359033216311099
0.13644342425060763
0.1368822576289495
0.1379287064542263
0.13911018093437752
0.1410680529300567
0.14211450175533352
0.1426208479611126
0.14363354037267081
0.14495004050769647
0.14613151498784768
0.1472454766405617
0.14893329732649202
0.1502835538752363
0.15116122063192006
0.15251147718066432
0.15355792600594112
0.15460437483121794
0.1554145287604645
0.1565284904131785
0.15770996489332972
0.15865514447745072
0.15926275992438563
0.16000540102619498
0.1612206319200648
0.16223332433162302
0.16304347826086957
0.1636848501215231
0.16466378611936267
0.16608155549554415
0.16695922225222792
0.1683432352146908
0.1693896840399676
0.17016608155549554
0.17128004320820955
0.1730353767215771
0.174588171752633
0.17590467188765865
0.1765798001620308
0.17755873615987036
0.17938158250067512
0.180765595463138
0.18154199297866594
0.18225087766675668
0.18326357007831487
0.18434377531731028
0.1854914933837429
0.18670672427761276
0.18755063462057792
0.18836078854982446
0.1890696732379152
0.18971104509856873
0.19150013502565488
0.1921077504725898
0.1931541992978666
0.19440318660545503
0.1956521739130435
0.1968336483931947
0.19767755873615986
0.1982514177693762
0.19916284093977857
0.20081690521199028
0.2019308668647043
0.2030110721036997
0.20432757223872536
0.2055090467188766
0.20594788009721848
0.20723062381852553
0.208648393194707
0.20935727788279773
0.2102349446394815
0.21168647042938157
0.21290170132325142
0.2137793680799352
0.21475830407777477
0.21570348366189576
0.21634485552254928
0.2175600864164191
0.2189778557926006
0.22042938158250067
0.2215770996489333
0.2225222792330543
0.2237037537132055
0.22502025384823116
0.2262017283283824
0.22734944639481502
0.22863219011612207
0.22994869025114772
0.23048879287064541
0.23116392114501755
0.23207534431541993
0.23332433162300836
0.23487712665406427
0.23595733189305967
0.23751012692411558
0.238759114231704
0.2395692681609506
0.24037942209019714
0.2407507426411018
0.24196597353497165
0.24321496084256009
0.2441938968403997
0.24551039697542534
0.2463880637321091
0.24702943559276264
0.24773832028085335
0.24945989738050228
0.2505063462057791
0.2523629489603025
0.25384823116392113
0.2547596543343235
0.2557385903321631
0.2566162570888469
0.25789900081015393
0.2587429111531191
0.25951930866864703
0.26124088576829596
0.2629287064542263
0.26380637321091005
0.26478530920874965
0.2658655144477451
0.26684445044558464
0.26832973264920335
0.2692073994058871
0.26995004050769644
0.2706926816095058
0.2716041047799082
0.27312314339724547
0.2738657844990548
0.27504725897920607
0.2762962462867945
0.2774777207669457
0.2783891439373481
0.2793680799351877
0.28065082365649474
0.28135970834458546
0.282001080205239
0.28328382392654605
0.2845665676478531
0.2855455036456927
0.2870982986767486
0.2882122603294626
0.28912368349986495
0.29017013232514177
0.2912503375641372
0.29273561976775586
0.2937483121793141
0.29469349176343507
0.2957061841749932
0.29675263300027005
0.2973940048609236
0.29840669727248176
0.2996219281663516
0.3006683769916284
0.3012084796111261
0.30249122333243317
0.30407777477720765
0.3054280313259519
0.3067782878746962
0.3078584931136916
0.3090062111801242
0.30954631379962194
0.3110315960032406
0.31238185255198486
0.3135295706184175
0.3141371860653524
0.3150823656494734
0.3167364299216851
0.3177491223332433
0.3193019173642992
0.32044963543073185
0.32156359708344584
0.32257628949500405
0.32358898190656227
0.3250405076964623
0.32564812314339725
0.3269308668647043
0.32777477720766945
0.328584931136916
0.3296313799621928
0.3309816365109371
0.3321631109910883
0.3330407777477721
0.3345260599513908
0.33536997029435595
0.3370915473940049
0.33813799621928164
0.3387793680799352
0.33965703483661897
0.3406697272481772
0.34174993248717256
0.3429651633810424
0.34428166351606804
0.3456656764785309
0.3471509586821496
0.3477923305428031
0.3496489332973265
0.3511679719146638
0.35211315149878475
0.3531933567377802
0.3539022414258709
0.3551174723197407
0.3560626519038617
0.3568390494193897
0.35805428031325953
0.35920199837969213
0.36018093437753174
0.36139616527140156
0.36288144747502027
0.36396165271401565
0.3652781528490413
0.36659465298406696
0.36733729408587634
0.36801242236024845
0.3688563327032136
0.36943019173642994
0.37040912773426954
0.37159060221442075
0.3728058331082906
0.3738522819335674
0.3754050769646233
0.3761477180664326
0.3775654874426141
0.37884823116392113
0.38029975695382123
0.3814137186065352
0.38249392384553066
0.38323656494734
0.3839792060491493
0.38502565487442614
0.38624088576829596
0.38735484742101
0.38863759114231705
0.3895152578990008
0.3911018093437753
0.39224952741020797
0.39289089927086146
0.3934985147177964
0.3941736429921685
0.3950513097488523
0.3961652714015663
0.3972454766405617
0.39802187415608964
0.39903456656764785
0.4003510667026735
0.401768836078855
0.40264650283553877
0.40362543883337837
0.4044018363489063
0.40517823386443425
0.4059883877936808
0.4068998109640832
0.40825006751282744
0.4091277342695112
0.4102416959222252
0.41142317040237647
0.412233324331623
0.413347285984337
0.41456251687820683
0.41560896570348366
0.4164866324601674
0.41749932487172564
0.41864704293815824
0.42006481231433973
0.42104374831217933
0.422360248447205
0.4239467998919795
0.424756953821226
0.42630974885228196
0.42745746691871456
0.42853767215771
0.4302254928436403
0.4313732109100729
0.43214960842560085
0.4330272751822846
0.4340062111801242
0.43474885228193355
0.4358965703483662
0.43734809613826625
0.4379219551714826
0.4394072373751013
0.44031866054550367
0.4415676478530921
0.44258034026465026
0.44393059681339453
0.4452808533621388
0.44609100729138534
0.44686740480691334
0.4481501485282204
0.44919659735349715
0.4498717256278693
0.45132325141776936
0.4525047258979206
0.45368620037807184
0.4545976235484742
0.45561031596003243
0.4566230083715906
0.4576357007831488
0.4581082905752093
0.45888468809073724
0.4595598163651094
0.46033621388063733
0.4614164191196327
0.4623615987037537
0.46347556035646775
0.4645220091817445
0.4651971374561167
0.4664461247637051
0.4675600864164191
0.4684715095868215
0.46985552254928437
0.4713408047529031
0.4725560356467729
0.47390629219551716
0.4746151768836079
0.4757966513637591
0.4772144207399406
0.47809208749662435
0.4793748312179314
0.48062381852551983
0.4813327032136106
0.4825141776937618
0.4836281393464758
0.4846070753443154
0.48572103699702945
0.4870037807183365
0.48801647312989466
0.48872535781798543
0.48990683229813664
0.49108830677828785
0.49203348636240885
0.4931474480151229
0.4947339994598974
0.4958142046988928
0.49659060221442075
0.4978058331082906
0.499054820415879
0.5000675128274372
0.5014177693761814
0.5029705644072374
0.5042533081285444
0.5054347826086957
0.5067512827437213
0.5080340264650284
0.5087091547394005
0.509958142046989
0.5109370780448285
0.5114771806643262
0.5122535781798542
0.5137388603834728
0.514751552795031
0.5159330272751823
0.5176546043748312
0.5191061301647313
0.5201188225762895
0.5212327842290035
0.5226843100189036
0.5237307588441804
0.5246084256008642
0.525992438563327
0.5273426951120713
0.5284566567647853
0.5301107210369971
0.5309208749662436
0.531663516068053
0.5323724007561437
0.5333175803402647
0.5339927086146368
0.5351404266810694
0.5367944909532811
0.5375708884688091
0.5387523629489603
0.5395962732919255
0.5401363759114232
0.5409465298406697
0.5419592222522279
0.5431069403186606
0.5444234404536862
0.5457399405887119
0.5468201458277072
0.5475965433432353
0.5485754793410748
0.5494531460977585
0.5502295436132866
0.5513435052660005
0.5525249797461518
0.553706454226303
0.5546516338104239
0.5554955441533892
0.5560356467728869
0.5573183904941938
0.5583648393194707
0.5593100189035917
0.5608290575209289
0.5621455576559546
0.5627194166891709
0.5634283013772616
0.5642046988927897
0.5656899810964083
0.5667364299216852
0.5681541992978666
0.5692006481231434
0.5703146097758575
0.571124763705104
0.5719686740480692
0.5728800972184716
0.5740953281123413
0.5749392384553065
0.5764245206589252
0.5776059951390764
0.5784836618957602
0.5794288414798812
0.5800702133405347
0.5808466108560627
0.5822306238185255
0.5828044828517418
0.5836146367809883
0.5845598163651093
0.5859100729138537
0.5871253038077234
0.588543073183905
0.5897245476640561
0.5906359708344585
0.5914798811774237
0.5927288684850122
0.5937078044828518
0.5945854712395355
0.5954631379962193
0.5963745611666217
0.5973872535781799
0.5982649203348637
0.5997502025384823
0.6005941128814475
0.6013367539832568
0.6024844720496895
0.6035646772886849
0.6044761004590872
0.6054887928706454
0.6064339724547664
0.6073116392114501
0.6086618957601945
0.6097083445854712
0.6105184985147178
0.6110923575479341
0.6122738320280854
0.6134215500945179
0.614535511747232
0.6155482041587902
0.6161895760194437
0.61676343505266
0.6181474480151229
0.6193626789089927
0.6206791790440184
0.6215906022144208
0.6223669997299487
0.6230083715906022
0.6241223332433162
0.6251350256548744
0.6262489873075885
0.6269578719956792
0.6277342695112071
0.6285106670267351
0.6293883337834189
0.6305360518498515
0.6317512827437213
0.6324939238455306
0.6330002700513098
0.6340467188765866
0.6349243856332704
0.6360383472859843
0.6374898730758845
0.6387051039697542
0.6399203348636241
0.640696732379152
0.6416081555495544
0.6427896300297057
0.643532271131515
0.6446799891979476
0.6455238995409128
0.6465028355387523
0.647819335673778
0.6486970024304618
0.6496421820145828
0.6505873615987038
0.6518363489062922
0.6528152849041318
0.6537942209019714
0.654773156899811
0.6551107210369971
0.655887118552525
0.656663516068053
0.6573724007561437
0.6579462597893599
0.6592627599243857
0.6602754523359439
0.661456926816095
0.6621658115041857
0.6627059141236835
0.6639886578449905
0.6653051579800162
0.6661490683229814
0.667296786389414
0.6683769916284094
0.6692884147988117
0.6701660815554955
0.6710437483121793
0.6720564407237375
0.672697812584391
0.6738455306508236
0.6748582230623819
0.6761747231974075
0.6774912233324332
0.6784026465028355
0.6791452876046449
0.6801579800162031
0.6810694031866055
0.6817445314609776
0.6827234674588172
0.6832635700783148
0.6842087496624358
0.6860991088306778
0.6873480961382663
0.687888198757764
0.6884958142046989
0.6895760194436943
0.6907574939238456
0.6916351606805293
0.6927153659195248
0.6935255198487713
0.6944706994328923
0.6959222252227923
0.697238725357818
0.6978800972184716
0.6985889819065623
0.699466648663246
0.7001080205238995
0.7008506616257089
0.7018971104509857
0.7026059951390764
0.7033486362408857
0.7043950850661626
0.7053402646502835
0.7059141236834998
0.7067242776127465
0.7077369700243046
0.7088846880907372
0.7093910342965163
0.7101336753983257
0.7109775857412909
0.7123953551174723
0.7135768295976236
0.7143194706994329
0.7151633810423981
0.7163786119362678
0.7170874966243587
0.7185390224142587
0.7195854712395355
0.7204293815825007
0.7218809073724007
0.7230961382662706
0.7238725357817986
0.7247502025384823
0.7256953821226033
0.7266743181204429
0.7273832028085336
0.7284634080475291
0.7292060491493384
0.7301512287334594
0.7309951390764245
0.73207534431542
0.7327504725897921
0.7335943829327572
0.7340332163110991
0.7350121523089387
0.7359910883067783
0.7365987037537132
0.7377126654064272
0.7387253578179854
0.7395692681609506
0.7404131785039157
0.7410545503645692
0.7419659735349716
0.7429111531190926
0.743822576289495
0.7448015122873346
0.7455779098028625
0.7467593842830138
0.7474345125573859
0.7483459357277883
0.7491223332433162
0.7497637051039697
0.7505401026194977
0.7513502565487442
0.752059141236835
0.7527680259249258
0.7538819875776398
0.7546583850931677
0.7557048339184445
0.7567512827437213
0.7574939238455306
0.7581015392924656
0.7587091547394005
0.7597893599783959
0.7608358088036727
0.7617472319740751
0.7627261679719146
0.763468809073724
0.7644815014852822
0.7652241425870916
0.7660680529300568
0.7671482581690521
0.7682284634080475
0.7692073994058871
0.7697812584391034
0.7702538482311639
0.7706926816095058
0.7716041047799082
0.7724142587091547
0.7729543613286525
0.7738320280853362
0.775486092357548
0.7763975155279503
0.7777815284904132
0.7787604644882528
0.7801782338644342
0.7811234134485552
0.7823048879287064
0.783283823926546
0.7841614906832298
0.7851404266810694
0.7860518498514718
0.7867607345395625
0.7876384012962463
0.7880772346745881
0.7886173372940859
0.7893262219821766
0.7899000810153929
0.7908452605995139
0.7916216581150418
0.7924993248717256
0.7934782608695652
0.7941533891439373
0.7952335943829327
0.7963813124493654
0.7975627869295167
0.7985079665136376
0.7996894409937888
0.800533351336754
0.8013097488522819
0.802423710504996
0.8034364029165542
0.8045503645692682
0.8051917364299217
0.8058331082905752
0.8064744801512287
0.8073183904941938
0.808162300837159
0.8088711855252498
0.8094450445584661
0.8100864164191196
0.8109303267620848
0.8117404806913313
0.8123480961382663
0.813394544963543
0.8143059681339454
0.815284904131785
0.8163651093707804
0.8172765325411828
0.8185592762624899
0.8192006481231434
0.8198757763975155
0.8206859303267621
0.8213273021874156
0.822069943289225
0.8226100459087227
0.8233864434242506
0.8242303537672158
0.8252092897650554
0.826188225762895
0.8269308668647043
0.8282473669997299
0.8295638671347556
0.8304415338914394
0.831420469889279
0.832703213610586
0.8338171752633
0.8344247907102349
0.8354037267080745
0.8358425600864164
0.8364501755333513
0.8370577909802862
0.8376654064272212
0.8384080475290305
0.8391506886308399
0.8397245476640561
0.8402984066972725
0.8410410477990818
0.8421212530380773
0.8428638941398866
0.8438765865514448
0.8446529840669728
0.8453618687550635
0.846003240615717
0.8467796381312449
0.8472184715095868
0.8474547664056171
0.8481636510937078
0.8488725357817986
0.8496489332973265
0.8503915743991358
0.8511004590872265
0.8520118822576289
0.8529908182554685
0.8538347285984337
0.854577369700243
0.855184985147178
0.8562651903861733
0.8573791520388874
0.8582230623818525
0.8587969214150689
0.8597083445854712
0.8604847421009992
0.8612948960302458
0.861699972994869
0.8625101269241155
0.8628476910613017
0.8636240885768296
0.8646367809883878
0.8651768836078855
0.8657507426411019
0.8666959222252227
0.8673372940858763
0.8678098838779368
0.8687888198757764
0.8695989738050229
0.8703753713205509
0.8714555765595463
0.871995679179044
0.8728058331082906
0.8733796921415069
0.874054820415879
0.8747299486902511
0.8757088846880907
0.8764852822036187
0.8775654874426141
0.8785444234404537
0.8791857953011072
0.8798271671617607
0.8804685390224143
0.881177423710505
0.8816500135025654
0.8822576289495004
0.8830340264650284
0.8837429111531191
0.8846205779098029
0.8850594112881447
0.8860721036997029
0.8866459627329193
0.8874898730758845
0.8879624628679449
0.88880637321091
0.8896502835538752
0.8903591682419659
0.8914056170672428
0.8921820145827707
0.8927558736159871
0.8931271941668917
0.8938360788549824
0.8946124763705104
0.8955576559546313
0.8961652714015663
0.8968403996759384
0.8973129894679989
0.8982244126384012
0.8987982716716176
0.89970969484202
0.9002160410477991
0.9009586821496084
0.9017013232514177
0.9022751822846341
0.9029503105590062
0.9035241695922225
0.9039630029705644
0.9043005671077504
0.9049081825546854
0.9059546313799622
0.9068998109640832
0.907608695652174
0.908115041857953
0.9090939778557926
0.9098703753713205
0.9102754523359439
0.9108830677828788
0.9116594652984067
0.9125708884688091
0.9131447475020253
0.9139211450175533
0.9145287604644883
0.9152038887388604
0.9161490683229814
0.9167566837699163
0.9176343505266
0.918073183904942
0.9188158250067513
0.9194571968674048
0.92030110721037
0.9209424790710234
0.921583850931677
0.9222252227923305
0.9230016203078585
0.9235079665136376
0.9243518768566028
0.9250270051309749
0.925702133405347
0.9260734539562517
0.9268836078854983
0.9274574669187146
0.9283351336753983
0.9289089927086146
0.9295503645692682
0.9302930056710775
0.9309006211180124
0.9315419929786659
0.9319808263570079
0.9328922495274102
0.9333985957331893
0.93410748042128
0.9346138266270592
0.9353227113151499
0.935997839589522
0.9366392114501755
0.9373818525519849
0.9379894679989198
0.9389008911693222
0.9394747502025385
0.9401161220631921
0.9406899810964083
0.9411288144747502
0.9417701863354038
0.9421415068863084
0.9429179044018363
0.9433567377801783
0.944065622468269
0.9448082635700783
0.9452808533621389
0.9454496354307318
0.9461585201188226
0.9468336483931947
0.9477113151498785
0.9484201998379692
0.9488927896300297
0.9494328922495274
0.9501755333513368
0.9505806103159601
0.9510869565217391
0.9516270591412368
0.9520996489332973
0.9526735079665136
0.9533148798271671
0.9539224952741021
0.9545976235484742
0.955036456926816
0.9555090467188766
0.9561166621658115
0.9565554955441534
0.9570955981636511
0.9576694571968674
0.9579732649203349
0.9587496624358628
0.9592222522279233
0.9594585471239535
0.9601674318120443
0.9608425600864164
0.9612476370510397
0.961990278152849
0.9626316500135026
0.9630029705644072
0.9635093167701864
0.9640156629759654
0.9645220091817446
0.9650621118012422
0.9655347015933027
0.9660410477990818
0.9667499324871726
0.9670874966243587
0.9677963813124494
0.9683027275182284
0.9689778557926005
0.9696867404806914
0.970226843100189
0.9709357277882797
0.9714758304077775
0.9719146637861193
0.9725222792330542
0.9729948690251148
0.9737037537132055
0.9742776127464218
0.9747839589522009
0.9751552795031055
0.9755603564677289
0.9760329462597893
0.9765392924655685
0.9771131514987847
0.9776532541182825
0.9782271131514988
0.9786659465298406
0.9793073183904942
0.9799149338374291
0.9804550364569268
0.9807926005941129
0.9814002160410478
0.9822441263840129
0.9826492033486363
0.9832230623818525
0.9837969214150689
0.984303267620848
0.9849108830677828
0.9853834728598434
0.9861261139616527
0.9866324601674318
0.9869362678908993
0.9873751012692411
0.987813934647583
0.9885228193356738
0.988759114231704
0.9891641911963273
0.9895692681609506
0.9899743451255738
0.9903119092627599
0.9907844990548205
0.9912908452605995
0.9916959222252227
0.9920334863624088
0.9925060761544694
0.9929786659465298
0.9933499864974346
0.9936200378071833
0.9940588711855253
0.9943626789089927
0.9945652173913043
0.9950040507696463
0.9952403456656764
0.9955779098028625
0.9960504995949231
0.9961855252497974
0.9964555765595463
0.9968944099378882
0.9970631920064812
0.9972657304887929
0.9975695382122604
0.9979071023494464
0.9981771536591952
0.9983459357277883
0.9986159870375372
0.9986834998649744
0.9987510126924115
0.9987510126924115
0.9987510126924115
0.9988522819335673
0.998886038347286
0.9989535511747232
0.999054820415879
0.999054820415879
0.999054820415879
0.9990885768295976
