0.00017686165057952474
0.00020714617978834747
0.0002216827538085824
0.00024106485250222895
0.0002471217583439935
0.00024954452068069933
0.00025317866418575805
0.00029073148040469825
0.00033191844012869716
0.00037068263751599025
0.00037189401868434314
0.00042640617126022404
0.0004603248439741055
0.00046274760631081135
0.00046395898747916424
0.00046517036864751713
0.00046759313098422296
0.0005003004225297515
0.000547544288095515
0.0005778288173043377
0.0006056905841764546
0.0006081133465131605
0.0006117474900182192
0.0006299182075435128
0.0006493003062371593
0.0006529344497422181
0.0006602027367523355
0.000667471023762453
0.0006711051672675118
0.0006856417412877466
0.0006929100282978641
0.000694121409466217
0.0007050238399813932
0.0007098693646548048
0.0007183490328332752
0.0007280400821800984
0.0007316742256851572
0.000747422180873745
0.0007498449432104509
0.000760747373725627
0.0007728611854091561
0.0007777067100825677
0.0007946660464395085
0.0007983001899445672
0.0008007229522812731
0.0008067798581230376
0.0008237391944799783
0.0008261619568166841
0.0008322188626584487
0.0008370643873318603
0.000840698530836919
0.0008479668178470364
0.0008528123425204481
0.0009242838314532698
0.0009339748808000931
0.0009424545489785634
0.0009521455983253867
0.0010078691320696204
0.0010260398495949142
0.0010478447106252666
0.0010502674729619722
0.0010599585223087956
0.0010696495716556189
0.0010793406210024422
0.0012077470248478505
0.0012186494553630266
0.0012477226034034966
0.0012658933209287902
0.0012986006124743187
0.0013034461371477304
0.0013264623793464356
0.0013276737605147886
0.0013555355273869054
0.0013603810520603171
0.0013640151955653758
0.0013761290072489048
0.001387031437764081
0.001400356630615963
0.0014366980656665505
0.001456080164360197
0.0014730395007171377
0.0014912102182424313
0.0014984785052525487
0.0015118036981044307
0.0015299744156297243
0.0015396654649765477
0.0015542020389967826
0.001559047563670194
0.0015711613753537233
0.001577218281195488
0.0015796410435321936
0.0015905434740473698
0.0016135597162460751
0.0016171938597511338
0.0016765515370004264
0.0017165271155560723
0.001735909214249719
0.0017952668914990116
0.0018400879947280692
0.0018582587122533628
0.0018594700934217157
0.0018740066674419506
0.0018752180486103036
0.0018764294297786564
0.0018800635732837152
0.00189460014730395
0.0019176163895026554
0.0019454781563747723
0.0019648602550684188
0.002037543125169593
0.0020641935108733573
0.002078730084893592
0.002098112183587239
0.0021174942822808854
0.0021429332868162965
0.002148990192658061
0.0021562584796681783
0.002170795053688413
0.0021841202465402955
0.002207136488739001
0.0022216730627592357
0.0022555917354731172
0.0022810307400085283
0.002283453502345234
0.0023185835562274685
0.0023379656549211147
0.0023706729464666432
0.002374307089971702
0.002387632282823584
0.0023949005698337016
0.002428819242547583
0.002440933054231112
0.0024881769197968757
0.002508770399658875
0.0025281524983525217
0.0025669166957398145
0.0025826646509284025
0.0025996239872853434
0.0026395995658409894
0.002642022328177695
0.0026626158080396947
0.0026771523820599296
0.0027025913865953407
0.0027062255301003994
0.002713493817110517
0.0027159165794472225
0.0027219734852889873
0.002725607628794046
0.0027292417722991047
0.002734087296972516
0.002764371826181339
0.002765583207349692
0.002776485637864868
0.0027776970190332207
0.002780119781369927
0.00278981083071675
0.0027982904988952204
0.002804347404736985
0.002815249835252161
0.0028188839787572197
0.0028285750281040432
0.0028528026514711012
0.00285643679497616
0.002870973368996395
0.002907314804046982
0.002921851378067217
0.002933965189750746
0.002978786292979804
0.0029933228670000387
0.0030223960150405084
0.003041778113734155
0.0030490464007442725
0.0030647943559328605
0.003081753692289801
0.0030890219792999185
0.003113249602666977
0.003133843082528976
0.0031677617552428577
0.003179875566926387
0.0031822983292630926
0.003204103190293445
0.0032246966701554446
0.0032537698181959143
0.003270729154552855
0.0032779974415629723
0.003281631585068031
0.003287688490909796
0.003308281970771795
0.003373696553862852
0.003395501414893205
0.003416094894755204
0.0034233631817653216
0.003466972903826026
0.0035190622940652013
0.0035844768771562583
0.003659582509594139
0.003687444276466256
0.0037056149939915495
0.00372257433034849
0.0037322653796953136
0.003754070240725666
0.0037698181959142534
0.003779509245261077
0.0037988913439547236
0.0038073710121331937
0.0038219075861534286
0.0038340213978369578
0.0038485579718571927
0.00385582625886731
0.0038691514517191924
0.003870362832887545
0.003935777415978602
0.003955159514672249
0.0039951350932278945
0.004048435864635423
0.004064183819824011
0.004071452106834128
0.00418047641198589
0.004274964143117416
0.004301614528821181
0.004329476295693298
0.004356126681397061
0.004357338062565414
0.0044094274528045894
0.004433655076171648
0.004453037174865294
0.004496646896925999
0.004500281040431058
0.004512394852114587
0.004540256618986704
0.004625053300771407
0.004681988215683994
0.00475103694228011
0.004774053184478815
0.004815240144202814
0.004908516494165988
0.004946069310384929
0.0049606058844051636
0.004966662790246928
0.004978776601930457
0.005013906655812692
0.005047825328526573
0.005112028530449277
0.005144735821994806
0.005177443113540335
0.005194402449897275
0.005256182889483273
0.005281621894018684
0.005328865759584448
0.0053579389076249175
0.005367629956971741
0.0053906461991704464
0.005434255921231151
0.00544636973291468
0.005480288405628562
0.005493613598480444
0.005498459123153855
0.005519052603015854
0.005538434701709501
0.005552971275729736
0.005601426522463852
0.005661995580881498
0.005711662208783967
0.005785556460053494
0.0058231092762724345
0.005847336899639493
0.005880044191185022
0.00588367833469008
0.005913962863898903
0.005962418110633019
0.005993914021010195
0.0060169302632089
0.006093247276815134
0.006164718765747955
0.006219230918323836
0.006268897546226305
0.006293125169593364
0.006330677985812304
0.0064045722370818315
0.006443336434469124
0.0064724095825095945
0.00651238516106524
0.006684401286971353
0.006738913439547235
0.006759506919409234
0.006799482497964879
0.006839458076520526
0.00687458813040276
0.006897604372601465
0.0070017831530798155
0.007081734310191107
0.007139880606272047
0.007166530991975811
0.007239213862076986
0.007265864247780749
0.007284034965306043
0.007327644687366748
0.007395482032794511
0.0074499941853703915
0.007487547001589332
0.007536002248323449
0.007591725782067682
0.007677733845020739
0.007694693181377679
0.007729823235259914
0.007764953289142148
0.00781583129821297
0.007837636159243324
0.007878823118967322
0.007912741791681202
0.007985424661782379
0.008044782339031671
0.008072644105903788
0.008138058688994844
0.0082240667519479
0.008301595146722487
0.00833187967593131
0.008362164205140132
0.008434847075241307
0.008477245416133658
0.008525700662867775
0.008660163972554948
0.008725578555646006
0.008742537892002945
0.008794627282242121
0.008830968717292708
0.008903651587393884
0.008992082412683646
0.009026001085397526
0.009121700197697407
0.009170155444431524
0.009237992789859286
0.00929371632360352
0.009354285382021165
0.009437870682637515
0.009510553552738691
0.009554163274799396
0.009595350234523395
0.00966076481761445
0.009732236306547274
0.009766154979261154
0.009846106136372447
0.009890927239601504
0.009970878396712795
0.010022967786951971
0.010062943365507617
0.01009322789471644
0.010174390432996085
0.01032217893553514
0.010387593518626196
0.010436048765360313
0.010465121913400783
0.010609276272434779
0.01072678024576501
0.010807942784044657
0.010881837035314184
0.010923023995038183
0.011005397914486181
0.011058698685893709
0.011097462883281001
0.011168934372213824
0.01123434895530488
0.011265844865682056
0.011319145637089583
0.011353064309803465
0.011390617126022407
0.01141726751172617
0.011424535798736287
0.011435438229251464
0.011439072372756522
0.011445129278598287
0.011459665852618522
0.011474202426638757
0.011489950381827345
0.011512966624026049
0.011522657673372873
0.011532348722719696
0.011544462534403225
0.011563844633096872
0.011585649494127223
0.011589283637632283
0.011591706399968989
0.011603820211652517
0.011615934023336046
0.011672868938248633
0.011680137225258751
0.011687405512268868
0.011699519323952398
0.01174191766484475
0.01176735666938016
0.011786738768073807
0.011797641198588983
0.011815811916114277
0.011829137108966159
0.0118460964453231
0.011869112687521804
0.01188364926154204
0.011889706167383805
0.01190060859789898
0.011918779315424274
0.011935738651781215
0.011949063844633097
0.01195875489397992
0.011968445943326744
0.012052031243943094
0.01214167345040121
0.012175592123115092
0.012247063612047913
0.0123039985269605
0.012443307361321083
0.012494185370391906
0.012560811334651315
0.012675892545644843
0.012731616079389076
0.012820046904678839
0.012899998061790131
0.012992063030584951
0.013046575183160833
0.013148331201302477
0.013213745784393533
0.01326220103112765
0.013302176609683296
0.013331249757723766
0.013372436717447766
0.013414835058340117
0.013422103345350234
0.013434217157033763
0.013451176493390704
0.01348267240376788
0.01350326588362988
0.013519013838818468
0.013572314610225995
0.013598964995929759
0.013621981238128465
0.01365347714850564
0.013672859247199286
0.01369102996472458
0.013760078691320695
0.013781883552351049
0.01381580222506493
0.013855777803620576
0.01389938752568128
0.013918769624374928
0.013935728960731869
0.013942997247741985
0.013976915920455867
0.014008411830833043
0.014031428073031748
0.014054444315230454
0.014071403651587393
0.014106533705469628
0.014129549947668334
0.014171948288560686
0.014257956351513742
0.014335484746288329
0.014422704190409738
0.014578972361127263
0.014666191805248672
0.014781273016242198
0.014884240415552197
0.014983573671357135
0.015074427258983603
0.015154378416094894
0.015222215761522658
0.015286418963445361
0.015337296972516184
0.015383329456913595
0.015434207465984416
0.015485085475055239
0.01550689033608559
0.015544443152304532
0.015566248013334883
0.015635296739931
0.015657101600961353
0.015686174749001823
0.015716459278210644
0.015780662480133347
0.015830329108035817
0.015894532309958524
0.015941776175524287
0.01597206070473311
0.015989020041090048
0.016033841144319105
0.016078662247548163
0.01611015815792534
0.01615619064232275
0.016184052409194866
0.016237353180602397
0.016311247431871925
0.01641906035585533
0.0164893204636198
0.01658986510059309
0.01671463736093344
0.016789742993371323
0.016897555917354732
0.01697266154979261
0.017081685854944375
0.01715921424971896
0.01724764507500872
0.017311848276931427
0.017369994573012366
0.0174257181067566
0.017443888824281894
0.01747175059115401
0.017523839981393185
0.017609848044346243
0.017626807380703182
0.017697067488467652
0.017740677210528355
0.017803669031282707
0.017882408807225646
0.017904213668255998
0.017955091677326823
0.018027774547427995
0.018070172888320347
0.018114993991549404
0.01814527852075823
0.018188888242818932
0.018214327247354344
0.018331831220684575
0.018376652323913632
0.018553513974493157
0.018655269992634803
0.018750969104934682
0.018852725123076328
0.018949635616544558
0.019021107105477383
0.019107115168430437
0.019172529751521495
0.019252480908632786
0.01929124510602008
0.01936635073845796
0.019454781563747723
0.019480220568283135
0.01952019614683878
0.019568651393572896
0.019612261115633602
0.019659504981199363
0.01973339923246889
0.01978306586037136
0.019801236577896654
0.0198823991161763
0.019944179555762297
0.019996268946001473
0.02004835833624065
0.020133155018025352
0.020233699654998643
0.020396024731557934
0.020455382408807225
0.02060317091134628
0.020715829360003102
0.020822430902818156
0.020874520293057332
0.020922975539791448
0.021008983602744506
0.021055016087141915
0.02109378028452921
0.021204015970849324
0.021248837074078382
0.02128517850912897
0.021378454859092143
0.021400259720122494
0.02148869054541226
0.02155652789084002
0.021621942473931077
0.021680088770012016
0.021738235066092956
0.021792747218668838
0.02186906423227507
0.02199747063612048
0.02214283637632283
0.02228214521068341
0.02239722642167694
0.022503827964491994
0.022574088072256464
0.02263586851184246
0.02269764895142846
0.022767909059192928
0.02285149435980928
0.022896315463038337
0.02297263247664457
0.02302956739155716
0.023113152692173507
0.023191892468116447
0.023292437105089738
0.023345737876497265
0.02341357522192503
0.023522599527076794
0.023698249796487963
0.023807274101639724
0.023964753653525604
0.02403864790479513
0.024068932434003956
0.024082257626855837
0.024094371438539364
0.024107696631391246
0.024130712873589952
0.024157363259293716
0.024168265689808892
0.024173111214482304
0.024193704694344304
0.02419733883784936
0.024210664030701243
0.024215509555374656
0.024268810326782183
0.024356029770903592
0.024385102918944062
0.024443249215025
0.024557119044850178
0.024660086444160175
0.02472913517075629
0.024799395278520757
0.02486602124278017
0.024936281350544636
0.024994427646625576
0.025044094274528046
0.02507922432841028
0.02511193161995581
0.02512162266930263
0.025139793386827924
0.02515796410435322
0.025176134821878512
0.025201573826413925
0.02522822421211769
0.025251240454316395
0.02528273636469357
0.025315443656239098
0.025339671279606155
0.025351785091289686
0.025500784974997092
0.02563282552234756
0.02578182540605497
0.025916288715742142
0.02597443501182308
0.026010776446873666
0.02604832926309261
0.026074979648796372
0.026102841415668487
0.026144028375392488
0.026185215335116488
0.026200963290305076
0.02622761367600884
0.026246995774702485
0.02627001201690119
0.026306353451951776
0.026333003837655543
0.026349963174012482
0.02638267046555801
0.026460198860332598
0.02651955653758189
0.02658133697716789
0.026686727138814592
0.026783637632282822
0.026851474977710586
0.02690719851145482
0.02697745861921929
0.02702833662829011
0.02710707640423305
0.027180970655502578
0.027230637283405048
0.027259710431445518
0.027296051866496106
0.027325125014536576
0.027386905454122572
0.027424458270341512
0.0274402062255301
0.02748260456642245
0.02751894600147304
0.02756134434236539
0.027587994728069155
0.027612222351436212
0.027712766988409503
0.027892051401325734
0.02807254719541032
0.028182782881730435
0.02828817304337714
0.02837296972516184
0.028490473698492072
0.028587384191960306
0.028646741869209597
0.02873517269449936
0.028817546613947358
0.028904766058068767
0.028962912354149706
0.029023481412567352
0.029050131798271116
0.029120391906035586
0.02915915610342288
0.029200343063146877
0.029233050354692407
0.02928392836376323
0.029311790130635344
0.029361456758537813
0.029409912005271932
0.029438985153312402
0.02960131022987169
0.029795131216808157
0.02996351319920921
0.030034984688142034
0.0301258382757685
0.03023486258092026
0.030318447881536613
0.030406878706826374
0.030519537155483195
0.03061644764895143
0.030677016707369074
0.030748488196301896
0.030806634492382835
0.030885374268325775
0.030938675039733302
0.030989553048804123
0.03104285382021165
0.031088886304609063
0.03114945536302671
0.031193065085087412
0.03127180486103035
0.03144018684343141
0.031596455014148934
0.031764836996549986
0.03186901577702834
0.0319986335620421
0.03210886924836221
0.032196088692483624
0.03229057642361515
0.03234993410086444
0.03240444625344032
0.03244926735666938
0.03249893398457185
0.03256555994883126
0.0326237062449122
0.03268064115982479
0.03276664922277784
0.032798145133155016
0.03286840524091949
0.032908380819475135
0.03295320192270419
0.033128852192115366
0.03329117726867465
0.03341837229135171
0.03351528278481994
0.03366064852502229
0.03379874597821452
0.03390655890219793
0.03399498972748769
0.034087054696282516
0.034146412373531804
0.03422272938713804
0.034276030158545565
0.03432690816761639
0.03441533899290615
0.03445652595263015
0.0345170950110478
0.03456191611427686
0.034761794007055084
0.034915639415435906
0.03505373686862814
0.03519910260883048
0.03531539520099236
0.03544743574834283
0.03554192347947436
0.035623086017754005
0.03571878513005388
0.03577935418847153
0.03586172810791952
0.0359138174981587
0.03599498003643835
0.0360603946195294
0.036128231964957166
0.036330532620072103
0.036479532503779506
0.03662974376865527
0.03678358917703609
0.03687807690816761
0.036999215025002904
0.037098548280807844
0.03719667015544443
0.03726208473853549
0.03734203589564678
0.0374341008644416
0.03752253168973137
0.037623076326704655
0.037648515331240064
0.037827799744156294
0.03801919796875606
0.03819605961933558
0.038296604256308875
0.03836565298290499
0.038473465906888396
0.03856674225685157
0.03864669341396287
0.038708473853548864
0.03879084777299686
0.03885868511842462
0.03893621351319921
0.03900283947745862
0.0390779451098965
0.03911792068845214
0.03932870101174555
0.039451050509749196
0.03948012365778967
0.03950677404349343
0.039539481335038956
0.03956370895840602
0.03960247315579331
0.03963760320967554
0.039658196689537545
0.03967152188238943
0.03970180641159825
0.039716342985618484
0.039746627514827305
0.039772066519362714
0.039796294142729775
0.03993318021475365
0.040072489049114236
0.04017787921076094
0.04028084661007094
0.040387448152885995
0.04046134240415552
0.040558252897623756
0.040663643059270456
0.040708464162499514
0.04076903322091716
0.04082233399232469
0.04087563476373222
0.04091318757995116
0.04093862658448657
0.04098587045005233
0.04102948017211304
0.04105249641431174
0.041069455750668685
0.0411203337597395
0.041304463697329145
0.041442561150521376
0.04145709772454161
0.041483748110245376
0.04149707330309726
0.041520089545295964
0.041533414738147846
0.04154916269333644
0.041552796836841495
0.041558853742683255
0.04157944722254526
0.04159034965306043
0.04162547970694267
0.041665455285498317
0.041716333294569134
0.041740560917936195
0.041807186882195604
0.04185079660425631
0.04188108113346513
0.04193438190487266
0.042126991510640775
0.042248129627476066
0.04239712951118347
0.042503731053998524
0.04262971469550723
0.04274721866883746
0.04282474706361205
0.042895007171376516
0.04306702329728263
0.0432426735666938
0.04330203124394309
0.04335775477768733
0.04341832383610497
0.04345708803349227
0.043511600186068145
0.04353219366593015
0.043563689576307324
0.043723591890529906
0.04387743729891073
0.04406156723650037
0.044259022366941896
0.044405599488312596
0.04450856688762259
0.04459820909408071
0.04469754234988565
0.04475326588362988
0.04482352599139435
0.04486834709462341
0.04491195681668411
0.04495798930108152
0.045027038027677636
0.04507791603674846
0.045117891615304107
0.045171192386711634
0.04519905415358375
0.0453032329340621
0.04549463115866186
0.04563393999302245
0.045684818002093265
0.04573327324882738
0.045784151257898205
0.04584835445982091
0.04590407799356514
0.04595374462146761
0.046002199868201726
0.04619723223630655
0.04632079311547854
0.04639589874791642
0.04651097995890995
0.04660062216536807
0.04669147575299453
0.04675446757374888
0.046910735744466414
0.047074272202194054
0.04718571926968252
0.04723538589758499
0.0473020118618444
0.047372271969608866
0.047454645889056866
0.04753580842733651
0.04772720665193627
0.047877417916812035
0.04798038531612203
0.04807729580959026
0.048192377020583786
0.048261425747179905
0.04833895414195449
0.04841284839322402
0.04847826297631508
0.04854125479706942
0.04860545799899213
0.048678140869093306
0.048882864286544946
0.049029441407915646
0.04924627863705082
0.049355302942202584
0.0494449451486607
0.04954670116680234
0.04961574989339846
0.049694489669341396
0.049772018064115985
0.04983379850370198
0.04992465209132845
0.05000460324843974
0.050089399930224446
0.05019963561654456
0.05042252975152149
0.05058848897158584
0.05076777338450207
0.05092040741171454
0.051053659340233364
0.05113603325968136
0.051200236461604064
0.05127413071287359
0.05135892739465829
0.051437667170601234
0.05151398418420747
0.051679943404271816
0.051837422956157696
0.05204456913594604
0.052197203163158505
0.0523595282397178
0.052462495639027794
0.052533967127960615
0.052617552428576964
0.052741113307748964
0.052810162034345076
0.052868308330426016
0.0530488041245106
0.053196592627049656
0.0534219095243633
0.05353577935418847
0.0536532833275187
0.05374171415280846
0.05385316122029694
0.053928266852734816
0.054050616350738455
0.054135413032523165
0.054199616234445865
0.054409185176570916
0.05460906306934915
0.054756851571888206
0.05489737178741714
0.055050005814629606
0.055188103267821836
0.0552971275729736
0.05540736325929372
0.055486103035236656
0.05558907043454665
0.05581923285653371
0.05600941969996511
0.05616205372717758
0.05637041128813428
0.056463687638097455
0.05657392332441757
0.05670354110943133
0.05677016707369074
0.056873134473000735
0.05704030507423344
0.05709239446447261
0.05712025623134473
0.05734557312865837
0.057455808814978485
0.05750305268054425
0.05753939411559484
0.057572101407140364
0.05761207698569601
0.05764478427724154
0.05768839399930224
0.057725946815521186
0.057775613443423655
0.057805897972632476
0.05784587355118812
0.05788584912974377
0.057911288134279176
0.057941572663488004
0.058062710780323296
0.05827470248478505
0.058372824359421635
0.0584200682249874
0.05846488932821646
0.05851092181261387
0.058543629104159396
0.05872291351707563
0.058833149203395746
0.05891067759817033
0.05898457184943986
0.0590839051052448
0.05927651471101291
0.05944489669341396
0.059516368182346784
0.05955270961739737
0.05961570143815172
0.05964477458619219
0.05967748187773772
0.059816790712098306
0.06001787998604489
0.06007481490095747
0.0601050994301663
0.060129327053533355
0.06015234329573206
0.06017414815676241
0.06026379036322053
0.06038129433655076
0.06044428615730511
0.06052060317091135
0.06058117222932899
0.06068535100980734
0.06081375741365275
0.06088038337791216
0.06098092801488545
0.061214724580377564
0.061357667558243206
0.06140975694848238
0.061499399154940494
0.06155027716401132
0.06172350467108578
0.06190400046517037
0.06209176454626507
0.0622298619994573
0.06237038221498624
0.06250121138116835
0.06271320308563011
0.06280405667325659
0.06290096716672482
0.0629627476063108
0.06313960925689034
0.06332495057564833
0.06357328371516068
0.06375862503391867
0.0638555355273869
0.06398636469356903
0.0640844865682056
0.06413899872078149
0.06415959220064349
0.06417412877466372
0.06418381982401054
0.06423227507074467
0.06429647827266737
0.06437037252393689
0.0644369984881963
0.06461386013877583
0.06479677869519712
0.06509598984378029
0.06525952630150793
0.06537945303717486
0.06551876187153545
0.06560113579098345
0.06570410319029345
0.06579737954025662
0.06589186727138814
0.06611718416870178
0.06626376129007248
0.06650967166724812
0.06661142768538977
0.06669985851067954
0.06677132999961236
0.06686702911191224
0.06700270380276777
0.0671226305384347
0.06736248400976858
0.06754661394735822
0.0676447358219948
0.06774406907779974
0.06781069504205915
0.06802268674652091
0.06817532077373338
0.06833037756328256
0.06842001976974067
0.0686453366670543
0.06885975113385277
0.06892879986044889
0.06901965344807535
0.06916138504477265
0.06938670194208629
0.069512685583595
0.06965805132379733
0.06988700236461604
0.0700735550645424
0.0701813679885258
0.07028070124433074
0.07043212389037486
0.07061383106562778
0.07073860332596814
0.07087670077916036
0.07103418033104625
0.07125949722835989
0.0714133426367407
0.07151267589254565
0.07170528549831376
0.07188214714889328
0.07203235841376904
0.07213290305074234
0.07236912237857115
0.07255688645966585
0.07263562623560879
0.07275070744660232
0.07290213009264643
0.07308747141140443
0.07320739814707136
0.07339395084699771
0.07363259293716323
0.07376947900918711
0.07386517812148699
0.07397783657014381
0.07418861689343723
0.07434973058882816
0.07450842152188239
0.07475312051788968
0.07493603907431097
0.07503416094894755
0.07516014459045625
0.07537940458192813
0.07541816877931543
0.07547510369422801
0.07553688413381401
0.07564833120130247
0.07568588401752142
0.07573918478892895
0.07587001395511106
0.07601901383881847
0.07609411947125634
0.07614499748032717
0.07620920068224987
0.0762855176958561
0.07634245261076869
0.07639817614451293
0.07659684265612281
0.07679308640539598
0.07689363104236926
0.07709714307865255
0.07720495600263597
0.0772861185409156
0.07734184207465984
0.07738060627204714
0.07744480947396984
0.07749811024537737
0.07758654107066713
0.07778641896344536
0.0779245164166376
0.07800689033608559
0.07806988215683994
0.07813408535876265
0.07818738613017018
0.07846600379889135
0.07869495483971005
0.07883668643640733
0.07893238554870721
0.07897357250843122
0.07903777571035392
0.07908865371942474
0.07928610884986627
0.07940482420436484
0.07946054773810908
0.0795526127069039
0.07961802728999497
0.07984818971198201
0.08010621390084119
0.08023219754234989
0.0803242625111447
0.08046114858316858
0.08054352250261658
0.08060651432337093
0.08073613210838469
0.08088270922975539
0.08111892855758422
0.08136605031592821
0.08150899329379385
0.08160953793076714
0.08168585494437337
0.08178882234368337
0.08182516377873396
0.08185423692677443
0.08188936698065667
0.08193297670271737
0.08194872465790595
0.0821764643175563
0.08229154552854984
0.08238482187851301
0.08244539093693065
0.08254230143039888
0.08278215490173275
0.08297234174516417
0.08311649610419816
0.08329456913594604
0.08345689421250534
0.08354895918130015
0.08364586967476838
0.0838154630383378
0.08411588556808931
0.08428305616932201
0.08437996666279024
0.08449141373027871
0.08461376322828236
0.08479183626003024
0.085045014924216
0.08527154320269799
0.08543023413575222
0.08550049424351669
0.08553077877272551
0.08554289258440904
0.08561436407334186
0.08570037213629492
0.08583241268364539
0.08601048571539326
0.08626850990425243
0.08647081055936737
0.08663555839826337
0.08675427375276194
0.08684755010272513
0.08698807031825406
0.08717341163701206
0.08743506996937628
0.0876301023374811
0.08776819979067334
0.08788570376400356
0.08801774431135403
0.0882297360158158
0.08848533744233826
0.0886900608597899
0.08884390626817072
0.08896867852851106
0.08916371089661589
0.08939266193743459
0.08968581618017599
0.08980937705934798
0.08992688103267822
0.09009284025274257
0.09033027096173973
0.09054589680970655
0.09076636818234679
0.09087296972516185
0.09103408342055277
0.09119156297243866
0.0914629123541497
0.09167974958328488
0.09184692018451758
0.09196442415784781
0.09199228592471993
0.09200561111757181
0.09205527774547428
0.09228301740512462
0.09258828545954956
0.09284752102957708
0.09298925262627437
0.09316974842035895
0.09340112222351436
0.09365430088770012
0.09386750397333023
0.09402740628755282
0.09408434120246541
0.09415702407256658
0.09420305655696398
0.09425393456603481
0.09429996705043223
0.09443564174128774
0.09455314571461798
0.09463430825289762
0.09484024305151761
0.09491898282746056
0.09504738923130597
0.09521092568903361
0.09525695817343102
0.0953114703260069
0.09538899872078149
0.09544593363569408
0.09551013683761678
0.0956664050083343
0.09585295770826065
0.09601164864131488
0.09618972167306276
0.09629995735938288
0.09642472961972322
0.09650831492033958
0.09655555878590534
0.09659432298329262
0.09669123347676087
0.09696500562080862
0.09708250959413885
0.09717336318176532
0.09733447687715625
0.09747378571151684
0.0977245416133659
0.0978093382951506
0.09790261464511377
0.09812187463658564
0.09834355739039423
0.09847680931891305
0.09854585804550917
0.09857371981238129
0.09861127262860023
0.0987275652207621
0.09882447571423034
0.09905100399271233
0.09937686552699926
0.0995767434197775
0.09965669457688879
0.09980690584176455
0.1000782552234756
0.10024784858704501
0.1003532387486917
0.10057007597782688
0.10081598635500252
0.1009577179516998
0.10104251463348451
0.10107279916269334
0.10116486413148816
0.10135747373725627
0.10146770942357639
0.10155856301120285
0.10183960344226073
0.10207340000775283
0.1022647982323526
0.10236655425049425
0.10257006628677753
0.10279296042175447
0.10305825289762376
0.10317091134628058
0.10331748846765128
0.1035355370779548
0.10379719541031902
0.10402978059464278
0.10415697561731985
0.10433747141140443
0.10452281273016242
0.10453856068535101
0.10461487769895725
0.10465000775283947
0.10494437337674924
0.10511396674031864
0.10532474706361204
0.10550282009535993
0.10573055975501028
0.10592438074194674
0.10606611233864403
0.10632292514633485
0.10655793309299531
0.10677598170329883
0.10695768887855177
0.10722176997325271
0.1075125014536574
0.10766392409970152
0.10780202155289374
0.10806125712292126
0.10836531379617785
0.10857124859479785
0.10873357367135714
0.10885834593169748
0.10908729697251618
0.1091563456991123
0.10918057332247935
0.10920480094584642
0.10926537000426406
0.109550044578827
0.10970873551188122
0.10982381672287475
0.11005276776369345
0.11035197891227662
0.11055912509206497
0.1107359867426445
0.11094192154126449
0.11128231964957165
0.11150884792805366
0.11167965267279141
0.1119449451486607
0.11221992867387681
0.11242101794782339
0.11256274954452068
0.11280744854052797
0.11301459472031632
0.11309818002093266
0.11328352133969066
0.11333197658642478
0.11341071636236771
0.11361907392332442
0.11377170795053689
0.1138661956816684
0.1139485696011164
0.11403821180757452
0.11416056130557817
0.11432046361980075
0.11448400007752839
0.11466813001511804
0.1147383901228825
0.11493342249098733
0.1150266988409505
0.11511270690390356
0.11528956855448308
0.1154458367252006
0.11554274721866883
0.11584922665426213
0.11595825095941388
0.11602851106717836
0.11621142962359965
0.11633620188393999
0.11648399038647905
0.11673232352599139
0.11691766484474939
0.11710179478233904
0.1173598189711982
0.1174215994107842
0.1174627863705082
0.11748216846920184
0.11763722525875102
0.11783104624568748
0.11794976160018607
0.11822959065007559
0.11847913517075628
0.11858089118889793
0.11874563902779393
0.11904121603287204
0.11922050044578827
0.11932225646392991
0.11935375237430709
0.11947125634763732
0.1197135325813079
0.11990129666240261
0.12007210140714036
0.12020171919215412
0.12053848315695624
0.12076380005426987
0.12092854789316587
0.12121806799240221
0.12149426289878668
0.1216481083071675
0.12172079117726868
0.12176076675582433
0.12196791293561267
0.12225379889134395
0.1224815385509943
0.12272260340349653
0.12297578206768228
0.12319746482149087
0.12341187928828934
0.12371714734271427
0.12399697639260379
0.12422471605225414
0.12455663449238283
0.12477226034034965
0.12492973989223553
0.12497456099546458
0.1250460324843974
0.1252701380005427
0.12559842229716633
0.12581162538279644
0.1259933325580494
0.12626468193976043
0.1265311857967981
0.12674317750125982
0.12707146179788348
0.12735250222894134
0.12757176222041322
0.12777648563786487
0.12807690816761638
0.12828042020389968
0.12850937124471837
0.12881585068031168
0.12902541962243672
0.12903753343412025
0.1290460131022987
0.12920712679768964
0.12925073651975036
0.12929192347947435
0.12931251695933635
0.129517240376788
0.12983341086172812
0.13002723184866458
0.13027677636934526
0.13055781680040315
0.13081584098926233
0.1310351009807342
0.13132583246113888
0.13152692173508548
0.13173043377136875
0.13206719773617087
0.13219318137767957
0.13232158778152497
0.13248391285808428
0.1325602298716905
0.1326789452261891
0.13291153041051285
0.13314896111951002
0.1332652537116719
0.13343848121874635
0.133602017676474
0.13371952164980425
0.13378372485172693
0.13393272473543436
0.13413865953405435
0.1343458057138427
0.1345953502345234
0.13463774857541574
0.1347164883513587
0.13496724425320775
0.1351453172849556
0.13539607318680466
0.13557778036205761
0.13573525991394347
0.1358176338333915
0.13596784509826723
0.13613743846183665
0.13617256851571888
0.1362743245338605
0.13653113734155134
0.13673464937783464
0.13703022638291273
0.13720466527115557
0.1372809822847618
0.13735366515486297
0.13748570570221344
0.13780429894949026
0.13802355894096213
0.13825493274411754
0.13852385936349187
0.13877824940884598
0.13902294840485327
0.1390714036515874
0.1391331840911734
0.13935850098848704
0.13947963910532232
0.1397836957785789
0.1400308175369229
0.14023311819203782
0.1405347521029577
0.14084971120672946
0.14100355661511027
0.1412216052254138
0.14129428809551497
0.14148810908245144
0.14171221459859673
0.1420017346978331
0.14225491336201884
0.1425177830755514
0.14278913245726246
0.14300112416172422
0.14329912392913904
0.14358622126603868
0.14376671706012328
0.14381638368802574
0.14385151374190797
0.14397628600224832
0.14428397681900995
0.1445298871961856
0.14482425282009537
0.14516101678489746
0.14522279722448347
0.14526519556537582
0.14528457766406946
0.1455074717990464
0.14577155289374732
0.14607318680466722
0.14629850370198086
0.14662315385509944
0.14685210489591813
0.1470616738380432
0.14713193394580765
0.1472542834438113
0.14751594177617552
0.14778971392022328
0.14817008760708608
0.14834816063883396
0.14871884327634996
0.14893810326782184
0.14921793231771135
0.14958861495522735
0.1498417936194131
0.1502403380238012
0.1504826142574718
0.1507273132534791
0.15105559755010273
0.15117552428576966
0.1512058088149785
0.151423857425282
0.15169036128231966
0.1518514749777106
0.15199684071791295
0.1522318486645734
0.15235662092491375
0.152515311857968
0.15274062875528163
0.15284965306043338
0.1531016203434508
0.1533124006667442
0.1535389289452262
0.15361161181532737
0.1537908962282436
0.15398471721518006
0.15426212350273288
0.15447048106368957
0.15458798503701981
0.15480603364732334
0.15506769197968756
0.15536690312827073
0.1555219599178199
0.15568186223204247
0.15593746365856495
0.15614097569484825
0.1564450323681048
0.1566691378842501
0.15677816218940188
0.15695865798348646
0.15721789355351398
0.1574819746482149
0.15773999883707407
0.15790474667597007
0.1580198278869636
0.15821486025506842
0.1583081366050316
0.15843896577121372
0.15868487614838936
0.1587551362561538
0.1587757297360158
0.1588944450905144
0.15917063999689887
0.15938384308252898
0.15963459898437804
0.15973393224018298
0.15988293212389038
0.16017972051013685
0.1605128503314339
0.1607745086637981
0.1610991588169167
0.16142986587587704
0.1617629956971741
0.16199073535682443
0.16217001976974066
0.1624983040663643
0.16286292979803854
0.16319000271349382
0.16355099430166298
0.16382355506454238
0.16409974997092686
0.16422573361243556
0.1645152537116719
0.164872611156336
0.1652505620808621
0.1655570415164554
0.16577630150792727
0.16581748846765126
0.16587926890723728
0.16624510602007986
0.16659398379656548
0.16674419506144125
0.16683989417374112
0.1671596988021863
0.16751099934100863
0.1678368608752956
0.1681857386517812
0.16854430747761368
0.16885926658138542
0.169163323254642
0.1695243148428112
0.16979566422452222
0.17009608675427376
0.17033230608210256
0.17039408652168858
0.1704219482885607
0.17072842772415397
0.1710748827383029
0.17123841919603056
0.17143587432647206
0.171638174981587
0.17183563011202854
0.1720779063456991
0.17230564600534945
0.1724873531806024
0.1726823855487072
0.17290527968368416
0.17312575105632438
0.17337892972051014
0.173495222312672
0.17372538473465907
0.17393374229561576
0.1741978233903167
0.1742850428344381
0.1744655386285227
0.1747199286738768
0.1749488797146955
0.17520205837888125
0.17535711516843044
0.17552428576966314
0.17574717990464006
0.17587922045199053
0.1760681959142536
0.17632985424661782
0.17651519556537582
0.17662179710819087
0.17669205721595535
0.17701549598790556
0.17733045509167733
0.1775061053610885
0.1776987149668566
0.17810089351474978
0.17830440555103308
0.1784291778113734
0.17870052719308446
0.1790033724851727
0.17915116098771175
0.1793401364499748
0.17970960770632244
0.18001366437957902
0.1803891925417684
0.18057089971702137
0.1809173547311703
0.18122020002325853
0.18157392332441757
0.1817919719347211
0.18184163856262356
0.18202455711904486
0.1823601097026786
0.1826896053804706
0.182797418304454
0.18300941000891577
0.18338493817110516
0.18373866147226423
0.18408753924874985
0.18442914873822538
0.18478650618288947
0.18493066054192348
0.185148709152227
0.18548789587936582
0.1857943753149591
0.18618686281350544
0.1865745047873784
0.18691974842035897
0.1872758944838547
0.18751574795518858
0.18771804861030353
0.18808509710431445
0.18828012947241926
0.18832616195681667
0.18852240570608986
0.18886764933907044
0.18923106368957632
0.189645356049153
0.18986825018412995
0.18995062410357794
0.19021712796061557
0.19036249370081793
0.19054904640074427
0.1908288754506338
0.19096091599798426
0.1911220296933752
0.19145758227700896
0.19169137884250106
0.19192638678916152
0.19210324843974105
0.1924133620188394
0.19257447571423034
0.1929051827731907
0.19319228011009032
0.19328919060355856
0.19358961313331008
0.19385490560917937
0.19411777532271193
0.1944121409466217
0.19473436833740357
0.19500450633794628
0.19512079893010814
0.1954175873163546
0.19572648951428462
0.1959069853083692
0.19609838353296896
0.19621225336279413
0.196513887273714
0.19682884637748577
0.19717409001046635
0.1974502849168508
0.19763683761677714
0.19790455285498315
0.19831036554638137
0.19866166608520372
0.19871254409427452
0.19898631623832227
0.19911351126099935
0.19944421831995968
0.19983186029383262
0.2001177462495639
0.2004702581695546
0.20068830677985813
0.20089787572198317
0.20112198123812847
0.20129157460169786
0.2015738264139241
0.2019130131410629
0.2022764274915688
0.20258048416482538
0.20295722370818312
0.20334486568205606
0.20367193859751134
0.20410076753110826
0.20425824708299414
0.2046374093886886
0.2050286855060666
0.20542117300461293
0.2058645385122301
0.20621583905105245
0.20655381439702292
0.20663861107880763
0.20667131837035313
0.20698748885529325
0.20737149668566113
0.20777488661472265
0.20816858549443734
0.20856470713648875
0.20899111330774897
0.20921037329922085
0.20957136488739
0.20981242973989223
0.20997475481645153
0.21027154320269797
0.21049807148118
0.21065555103306585
0.21073792495251387
0.21101654262123504
0.21123216846920184
0.21151926580610148
0.2116525177346203
0.21180515176183276
0.21202198899096794
0.2123115090902043
0.21261072023878747
0.21295111834709463
0.2132091425359538
0.21346958948714967
0.2136488739000659
0.21390932085126177
0.21414432879792225
0.21449199519323953
0.21480453153467458
0.2149474745125402
0.2150225801449781
0.21523699461177656
0.21556164476489514
0.2159202135907276
0.21617702639841843
0.21650773345737875
0.21685176570919099
0.21707587122533628
0.21740900104663333
0.2177518219172772
0.21788507384579603
0.21811402488661472
0.21830784587355118
0.21854891072605342
0.218997121758344
0.21941747102376244
0.21961856029770904
0.22002679575144396
0.22041322634414853
0.22078027483815948
0.220977729968601
0.2213253963639183
0.22174090010466332
0.22202799744156299
0.22220122494863745
0.22257796449199518
0.22286506182889484
0.22331448424235376
0.22342229716633716
0.22369728069155329
0.22409219095243632
0.22441320696204986
0.22460097104314455
0.22499224716052255
0.2254029053765942
0.22580750668682406
0.22619030313602356
0.2265161646703105
0.2267196767065938
0.22677540024033802
0.22694014807923402
0.2273544404388107
0.22780144008993294
0.22816727720277552
0.2284555859208435
0.2287487401635849
0.22885049618172656
0.22914365042446797
0.2293459510795829
0.2296051866496104
0.22987653603132147
0.23019512927859828
0.23049676318951817
0.2308323157731519
0.2311000310113579
0.23144648602550685
0.23173116060006976
0.2320158351746327
0.23237682676280189
0.2325948753731054
0.23281534674574564
0.23320783424429198
0.23349856572469668
0.2338607686940342
0.23397221576152266
0.23435380082955382
0.23471236965538628
0.23512302787145792
0.23526839361166027
0.2353035236655425
0.23535924719928675
0.23570933635694072
0.23609697833081367
0.23619752296778695
0.23647735201767647
0.23691344923828353
0.23731926192968175
0.2377141721905648
0.23816601736636042
0.23851610652401442
0.2389594720316316
0.23940526030158546
0.2397105283560104
0.23984983719037098
0.24035982866224756
0.2407826006900027
0.24124413691514518
0.24132408807225647
0.24149368143582586
0.2419225103694228
0.24237072140171337
0.24259846106136373
0.24278380238012173
0.24302002170795053
0.24343067992402218
0.2437795577005078
0.24392855758421522
0.24428591502887934
0.2445778578904524
0.24510117455518082
0.24557482459200683
0.2460097104314455
0.24639492964298174
0.24669898631623832
0.2470854169089429
0.24731800209326665
0.24762205876652324
0.2478364732333217
0.2481175136643796
0.24846639144086521
0.24882738302903437
0.24895700081404815
0.2491920087607086
0.2493131468775439
0.24943913051905262
0.24971895956894213
0.24976741481567624
0.24999515447532658
0.2503270729154553
0.25059236539132457
0.2506456661627321
0.25089157653990773
0.2512101697871846
0.25159054347404736
0.2519260960576811
0.2523537136101097
0.25262264022948405
0.25297515214947475
0.253277997441563
0.2536402004109005
0.25407872039384427
0.2543488583943869
0.2548188742877079
0.2550853781447455
0.2555226867465209
0.2556777435360701
0.2560217757878823
0.2562810113579098
0.25674375896422064
0.2571641082296391
0.2576195875489398
0.25802540024033804
0.25837185525448697
0.2588164321432725
0.25913623677171765
0.259466943830678
0.2599636101097027
0.2604360487653603
0.2608636663177889
0.26113501569949993
0.26138213745784394
0.26146451137729193
0.2617419176648447
0.26209927510950887
0.26235608791719967
0.26282246966701556
0.2631422742954607
0.26347540411675774
0.26393572896073186
0.26443724076443
0.26477763887273714
0.26516406946544174
0.2655093130984223
0.2657746055742916
0.2660919874404
0.26641663759351863
0.2666213610109703
0.26684062100244216
0.2672682385548707
0.2675553358917704
0.2676328642865449
0.26773583168585496
0.26809561189285575
0.2685547253556615
0.26890602589448387
0.2693481800209327
0.2697624723805094
0.2698557487304725
0.2702651955653758
0.270523219754235
0.2709896015040509
0.2714511377291933
0.2717782106446486
0.2720483486451913
0.2723415028879327
0.27281636430592704
0.2729968601000116
0.2734063069349149
0.27378668062177774
0.2742058185060278
0.27463222467728804
0.27476063108113347
0.2750113869829825
0.27544263867891616
0.27570308563011203
0.2761379714695507
0.2766443287979222
0.2769738244757142
0.27724638523859363
0.27761464511377293
0.2780580106213901
0.27841173392254914
0.2785025875101756
0.27893383920610926
0.27936751366437956
0.2798508547505524
0.2803596348412606
0.28057283792689075
0.280920504322208
0.2813420649687948
0.2817781621894019
0.28223727565220763
0.2826164379579021
0.2830016571694383
0.2833178276543784
0.283621884327635
0.28397803039113073
0.2842736073962089
0.28461885102918943
0.28498468814203204
0.2853868666899252
0.2858375004845525
0.2860918905299066
0.28645530488041243
0.2867835891770361
0.2872378571151684
0.2876606291429236
0.28818152304531536
0.28862125440942743
0.2889495387060511
0.2894074407876885
0.2897781234252045
0.28982536729077024
0.2900858142419661
0.2905715780904756
0.29084050470984996
0.2911397158584331
0.2913238457960228
0.29161578865759585
0.2916690894290034
0.29179022754583867
0.2922142109547622
0.292347462883281
0.2927823487227197
0.29327659223940766
0.29366786835678566
0.29403370546962826
0.2944976644571074
0.29499311935496375
0.2952777939295267
0.2956194034190022
0.29611001279218513
0.2965509555374656
0.29707669496453076
0.2974764507500872
0.29797796255378534
0.2983789297205101
0.29853883203473275
0.29891072605341706
0.29943767686165057
0.2997259855797186
0.30004215606465867
0.3004806760476024
0.3008138058688995
0.3011663177888902
0.3014897565608404
0.30182046361980075
0.30222627631119897
0.3024540159708493
0.3025315443656239
0.3028840562856146
0.3033056169322014
0.3036738768073807
0.3041293561266814
0.3046466158855681
0.30496157498933985
0.3054739892235531
0.3057647207039578
0.30624927317129896
0.30661995580881496
0.30691432143272473
0.3071929391014459
0.30761571112920105
0.3079936620537272
0.30853151529247586
0.3087592549521262
0.3089518645578943
0.30948608365313796
0.3098422297166337
0.3102759041749041
0.3107447086870566
0.31121957010505097
0.31168837461720356
0.3119924312904601
0.31233888630460904
0.31285614606349577
0.31314930030623717
0.31362537310539984
0.31393427530332985
0.31410629142923596
0.3143897546226305
0.314892477807497
0.31549090010466335
0.3160348102492538
0.3164176066984533
0.31693123231383497
0.31725103694228013
0.31753813427917976
0.31791608520370584
0.3183061499399155
0.31874466992285927
0.31910445012986005
0.3193467263635306
0.31943515718882043
0.31964957165561886
0.32005417296584876
0.320418798697523
0.3208888145908439
0.321246172035508
0.32140970849323564
0.32187003333720976
0.3223133988448269
0.32279068302515795
0.3232170891964182
0.32357565802225063
0.3240941291623057
0.32456535643679496
0.3248694131100516
0.3252619006085979
0.32545814435787107
0.3258385180447339
0.3262879404581928
0.32666952552622397
0.3272098015273094
0.32772706128619605
0.3280444431523045
0.32860531263325193
0.32912741791681205
0.32940482420436484
0.3297876206535644
0.3300105147885413
0.3305047583052293
0.3310498798309881
0.3315283753924875
0.33201292785982867
0.33247082994146604
0.3331383009652285
0.3334120731092763
0.33392812148699463
0.3343278772725511
0.33473247858278093
0.335230356242974
0.3355998274993216
0.3361037620653564
0.33656045276582547
0.33675790789626703
0.33695536302670853
0.33720975307206263
0.3376967283017405
0.3380238012171958
0.33847201224948636
0.3388899387525681
0.338985637864868
0.33948957243090283
0.33978030391130754
0.3402079214637361
0.34074092917781135
0.34112009148350586
0.3416191805248672
0.34217641586230957
0.34274576501143544
0.3432278947164399
0.3437148699461178
0.3440019672830174
0.3443290401984727
0.3449807632670466
0.34564460014730397
0.3463423557002752
0.3468353878357949
0.34690443656239095
0.3473393224018297
0.3479353219366593
0.348308427336512
0.34881357328371515
0.3494023045315347
0.349794792030081
0.3501509380935768
0.35058824669535216
0.3509468155211846
0.3514592297553979
0.35185535139744933
0.3521763674070628
0.3527396596503469
0.35320119587548937
0.35355734193898514
0.3539861708725821
0.35452644687366747
0.35484140597743924
0.35532959258828545
0.35581777919913166
0.35629748614179946
0.35682928247470636
0.35743255029654614
0.3579679807729581
0.35854459820909407
0.35890074427258983
0.3592362968562236
0.35972084932356474
0.36026354808698685
0.36040770244602083
0.36080382408807227
0.3610557913710897
0.361613026708532
0.36203579873628716
0.3626887331860294
0.3630000581462961
0.3633707407838121
0.36395220374462145
0.36452882118075747
0.3646535934410978
0.36510543861689343
0.36574747063612045
0.36623081172229327
0.3667444373376749
0.3672156646121642
0.3676299569717409
0.3678249893398457
0.368110875295577
0.36849488312594486
0.36912116718998333
0.3696360041865333
0.37022958095902625
0.37075774314842813
0.37130286467418694
0.3715063767104702
0.3717971081908749
0.37206118928557586
0.37259298561848275
0.3732325948753731
0.37367111485831683
0.3739848625809203
0.37432889483273246
0.37480012210722174
0.375329495677792
0.3756408206380587
0.3762876981819591
0.37688733186029383
0.3774312420048843
0.3778055587859053
0.378216217001977
0.3785881110206613
0.3791901674613327
0.37972923208124976
0.380344613714773
0.38087883281001667
0.38136823080203125
0.38179705973562816
0.382053872543319
0.3827019614683878
0.3831538066441834
0.38362866806217777
0.38392424506725586
0.3844802690235299
0.38510049618172654
0.38549177229910453
0.38601630034500134
0.3862803814397023
0.38686547854401676
0.3874251366437958
0.3878939411559484
0.38833488390122883
0.3889102899561965
0.38919133038725434
0.38976431367988523
0.39040755708028063
0.3910544346241811
0.39145419040973756
0.3919557022134357
0.39241360429507305
0.39281941698647127
0.3934941562972439
0.39395326976004963
0.39414830212815444
0.3945432123890375
0.39509923634531147
0.39568433344962595
0.39625125983641507
0.39671279606155757
0.3972603403496531
0.39761285226964377
0.3982270225219987
0.39871642051401324
0.398990192658061
0.3995958832422375
0.40013494786215453
0.4007479067333411
0.40137661355971627
0.4020489301081521
0.40249350699693764
0.4027999864325309
0.40327969337519864
0.4039653351164864
0.4046473427142691
0.40522759429391014
0.4058611466449587
0.40621971547079117
0.4067793735705702
0.40739112106058845
0.4080234620304687
0.40835053494592394
0.4088193394580765
0.4092784529208823
0.40976542815056016
0.41037233011590496
0.4109865003682599
0.4112869228980114
0.41183810132961196
0.4123953366670543
0.412953783385665
0.41359460402372367
0.41409005892158
0.4141760669845331
0.41467879016939957
0.415243293793852
0.4154540741171454
0.4160149435980928
0.4165116098771175
0.4169513412412296
0.4175061538163352
0.418191795557623
0.4187357057022134
0.41901674613327133
0.4194601116408885
0.42012758266465094
0.42067028142807306
0.42120692328565335
0.4216842074659844
0.42206215839051053
0.42266663759351863
0.42326505989068497
0.4239797747800132
0.4247199286738768
0.4252880664418343
0.42545765980540373
0.4259313098422297
0.4265285207582277
0.4269222196379424
0.4272444470287243
0.4279409912005272
0.42847763305810754
0.4291123967903245
0.42967326627127184
0.4302062739853471
0.4307126313137187
0.43115236267783075
0.4317616874055123
0.432364955227352
0.4330699790673334
0.4337204907547389
0.43413478311431564
0.4346653680660542
0.43495609954645886
0.4354903186417025
0.4361674807148118
0.43674530953211615
0.4371717157033764
0.4375181707175253
0.4380681377679575
0.43846789355351395
0.4390578361825018
0.439374006667442
0.4400233069736791
0.44031524983525216
0.44094395666162733
0.4415569155328139
0.4416925902236694
0.44208265495987903
0.44273922355312634
0.44349875954568363
0.44386580803969455
0.4445017831530798
0.4450117746249564
0.44540910764817615
0.4457628309493352
0.44634671667248127
0.44671618792882894
0.44722254525720045
0.44789365042446794
0.4485223572508431
0.44919225103694227
0.44987425863472497
0.45048721750591153
0.45105050974919564
0.4518197367910997
0.4527355409543745
0.45327581695545993
0.45385849129743766
0.45455988099391403
0.4552285633988448
0.45596387176803505
0.45619282280885376
0.4566592045586696
0.4573133503895802
0.4579590165523123
0.4583672520060472
0.458624064813738
0.45922369849207273
0.4599323564755592
0.4604871690506648
0.46087481102453776
0.46157862348335077
0.4622533627941233
0.462746394929643
0.46331332131643216
0.46378697135325814
0.46408497112067293
0.46459980811722296
0.46488205992944914
0.46564038454083806
0.46624486374384616
0.46663129433655076
0.46739083032910805
0.4678329844555568
0.4682073012365779
0.468791186959724
0.46940293444974224
0.47013824281893246
0.4704786409272396
0.47110250222894134
0.47188020893902394
0.47212127379152613
0.47275724890491144
0.47344289064619915
0.4739431910687289
0.47461429623599644
0.4754404581928131
0.4759456041400163
0.4765888475404117
0.4773120420979184
0.4777033182152964
0.47814304957940845
0.47867121176881033
0.4793592762724348
0.4800025196728302
0.48062153544985853
0.4809922180873745
0.4816790712098306
0.4823647129511183
0.4829873628716517
0.48354217544675737
0.48406791487382256
0.48496554831957206
0.48563907624917624
0.48631744970345386
0.48694009962398727
0.48758455440555104
0.4879503915183936
0.4884858219948056
0.4890285207582277
0.4896148292437105
0.4902604954064426
0.4908540721789355
0.4913749660813273
0.4919867135713455
0.492551217195798
0.49307089971702134
0.49384254952126216
0.4945996627514827
0.4950987517928441
0.4954742799550335
0.49611146644958715
0.4966638562623561
0.4969230918323836
0.4976923188742877
0.4983258712253363
0.49885161065240147
0.4994161142768539
0.5000351300538822
0.5007873977594294
0.5015202833662828
0.5021816974842036
0.5030647943559329
0.5035711516843043
0.5042834438112959
0.5050950691940923
0.505584467186107
0.5061089952320037
0.5067134744350118
0.5075008721944412
0.5083767007791604
0.5090841473814784
0.5096789355351398
0.5102058863433733
0.5109775361476141
0.5114378609915882
0.511962389037485
0.5127643233709346
0.5136074446641082
0.5142676474008606
0.5149811509090204
0.5156377195022677
0.5162906539520099
0.5171107590029849
0.5178484901345117
0.5186116602705741
0.5191810094196999
0.5194838547117882
0.5201428460673722
0.5208636178625422
0.5214680970655503
0.5219369015777028
0.5226080067449703
0.523286380199248
0.5240338023801218
0.5247485172694499
0.5252597201224949
0.5256182889483273
0.52630029654611
0.526753353103074
0.5270852715432027
0.5275286370508199
0.5283693355816568
0.5289229367755941
0.5296255378532387
0.5304250494243516
0.5312475772376632
0.531789064619917
0.532609169670892
0.5330428441291623
0.5331966895375432
0.5336751850990425
0.5341100709384812
0.5348490134511765
0.5355758421521882
0.5363050936155367
0.5367193859751134
0.5374583284878086
0.5382469376284064
0.5386224657905958
0.5390718882040547
0.5398629201069892
0.5404686106911656
0.5413105206031709
0.542055520021708
0.5428126332519285
0.5433420068224988
0.5440094778462612
0.5445558107531884
0.5451833061983952
0.5457054114819553
0.5463159475908052
0.5467544675737489
0.547482507655929
0.5481172713881459
0.5489737178741714
0.5492147827266737
0.550080920262046
0.5509155618870412
0.5517223417451642
0.5525690971818429
0.5532862348335078
0.5537719986820173
0.554124510602008
0.5549361359848044
0.5556871923091833
0.5562444276466256
0.556808931271078
0.5576581094700934
0.5581693123231384
0.5586708241268364
0.559324969957747
0.5601438636275536
0.5610269604992829
0.5617634802496414
0.5623098131565686
0.5629663817498158
0.5637925437066326
0.5646950226770555
0.5655127049656937
0.565884598984378
0.5665290537659418
0.5675199635616545
0.5684454587742761
0.5692582955382409
0.5700469046788387
0.5706962049850758
0.5712946272822421
0.5718760902430515
0.5725241791681204
0.5732776582548358
0.573968145520797
0.5745496084816064
0.5753030875683219
0.5759669244485793
0.5768572896073186
0.5773345737876497
0.5779996220490755
0.5785847191533899
0.5792703608946776
0.579947522967787
0.5806537581889367
0.5815828875450634
0.5823908787843548
0.5830983253866728
0.5839414466798465
0.5847506493003063
0.5854241772299105
0.5860080629530565
0.586960208551382
0.5877003624452456
0.5884962398728534
0.5887312478195139
0.5894096212737915
0.590286661239679
0.5911661239679032
0.5917924080319417
0.5923823506609296
0.5931515777028337
0.5936421870760166
0.5945155928983991
0.5955283075551421
0.5964174613327131
0.5969541031902934
0.597498013334884
0.5981994030313602
0.5987360448889406
0.5995464588905687
0.6002914583091057
0.6012460266697678
0.602043115478544
0.6029807245028491
0.6037584312129317
0.6042805364964918
0.6048099100670621
0.6053477633058107
0.6059607221769974
0.6067723475597938
0.6078492654184595
0.6086245493662054
0.6093634918789006
0.6103447106252665
0.610995222312672
0.6116723843857813
0.6123531806023956
0.6130024809086327
0.6138480249641431
0.6144137399697639
0.6152435360700856
0.6157099178199016
0.6163047059735628
0.6172192987556693
0.6179291681203241
0.6186269236732953
0.6194215897197348
0.6204234019459627
0.6209321820366709
0.621879482110323
0.6226232701476916
0.6231599120052719
0.6238891634686203
0.6245893417839283
0.6254954548978563
0.6263264623793464
0.6271405105244796
0.6280030139163468
0.628878842501066
0.629451825793697
0.6301229309609645
0.6305323777958677
0.6314869461565298
0.6323870023646161
0.6332567740434935
0.6339412044036128
0.6346050412838702
0.6352797805946427
0.6357764468736675
0.6364814707136489
0.637044762956933
0.6377643233709346
0.6387067779199131
0.6396177365585145
0.6403700042640618
0.6410980443462418
0.6420550354692406
0.6429623599643369
0.6433560588440517
0.6441785866573633
0.644785488622708
0.6450616835290925
0.6458515040508587
0.6466243652362678
0.6475837791216033
0.6487454936620537
0.6498333139512347
0.6505322808853743
0.6513390607434973
0.6522330600457418
0.6529538318409117
0.6535704248556033
0.6545891964181881
0.6554117242314997
0.6559919758111409
0.6564462437492732
0.6573911210605884
0.6582960227933481
0.6592106155754545
0.6597290867155096
0.66037596425941
0.6606000697755553
0.6612542156064659
0.6619301662984068
0.663221498623871
0.6642245222312672
0.6649804240803194
0.6652929604217545
0.6657133096871729
0.6664801139667403
0.6674576985696011
0.6680524867232623
0.6688229251463348
0.6694649571655619
0.6701554444315231
0.6712347850525255
0.6721929875566927
0.6728180602395627
0.6737326530216692
0.6742159941078419
0.6751802535178509
0.6761166511609877
0.6770930243826802
0.6778198530836919
0.6787259661976198
0.6794782339031671
0.6802535178509129
0.6808894929642981
0.6818779799976742
0.6827368492460364
0.6835412063418227
0.6842898399038648
0.685111156336008
0.6856477981935885
0.6865430088770011
0.6872104799007637
0.6881408206380587
0.6889245842539831
0.6899809086327867
0.6906810869480947
0.691519362716595
0.6920426793813234
0.6925417684226848
0.6932722312672016
0.6940523607396208
0.6950517502035121
0.6960487169050665
0.6967428383145327
0.6972915939837966
0.6980014633484514
0.698861543977982
0.6996198685893709
0.7002558437027562
0.700993574834283
0.7013666802341357
0.7021807283792689
0.7028566790712099
0.7036670930728379
0.7046955556847695
0.7054793193006939
0.706042611543978
0.7066010582625887
0.707429642981742
0.7083248536651549
0.708998381594759
0.7094114625731675
0.7101806896150715
0.7111073962088615
0.7116185990619064
0.7121140539597628
0.7124144764895143
0.7125453056556964
0.7130940613249602
0.7140340931116022
0.7149765476605807
0.7157881730433772
0.7164556440671396
0.7172406190642323
0.718012268868473
0.718482284761794
0.7188335853006164
0.7195119587548939
0.7204846978330813
0.7209849982556111
0.7216209733689964
0.722261794007055
0.7228711187347366
0.7232490696592627
0.7238729309609645
0.7247523936891886
0.7250552389812769
0.7258838237004303
0.7264616525177346
0.7269304570298872
0.7277832693724077
0.7286421386207699
0.728896528666124
0.7290540082180098
0.7300049424351669
0.7306724134589293
0.7308831937822228
0.7315821607163624
0.7320073555064542
0.7329788832034733
0.7338425979765089
0.7344628251347056
0.7351666375935186
0.7355554909485599
0.736427685389774
0.7374985463425979
0.7383913342636741
0.7389316102647595
0.7394282765437842
0.7402180970655503
0.7409255436678683
0.7418619413110051
0.7425463716711246
0.7432211109818971
0.7440593867503973
0.7448310365546381
0.7453482963135248
0.7460436291041594
0.7468649455363027
0.7472380509361554
0.7478267821839749
0.7486032775128891
0.7494718378105981
0.7505330077140753
0.7510890316703492
0.751634153196108
0.7524372989107261
0.7532307535759972
0.7536886556576347
0.7544033705469628
0.7549266872116913
0.7554948249796488
0.7560678082722797
0.7565499379772842
0.7574294007055083
0.7580726441059038
0.7589860255068419
0.7598255126565104
0.7607110322905765
0.7613591212156452
0.7619975190913673
0.762847908671551
0.7636122901887816
0.7643524440826452
0.7651834515641354
0.7657346299957359
0.766541409853859
0.7673166938016048
0.7678981567624142
0.7685329204946312
0.7694329767027174
0.7701040818699849
0.7706068050548514
0.7715080726441059
0.7723729987983099
0.7730804454006279
0.7738266562003334
0.7746019401480793
0.7752221673062759
0.7759417277202776
0.7769399058030003
0.7771724909873241
0.7773784257859441
0.7782893844245455
0.7790174245067256
0.7796243264720704
0.7806636915145172
0.7815080241888591
0.7823535682443695
0.7832160716362367
0.7838459898437803
0.7843923227507075
0.7850610051556383
0.7855879559638718
0.7858265980540373
0.7866212641004768
0.7871869791060976
0.7883559619335582
0.7890985385897585
0.7897587413265108
0.7904346920184517
0.79115667519479
0.7920349265418459
0.7925788366864364
0.7934013644997481
0.7942360061247432
0.7950234038841726
0.796157256657751
0.7968719715470791
0.7976811741675388
0.798639376671706
0.7993516687986976
0.8003764972671241
0.801234155134318
0.8015515370004264
0.8020736422839865
0.8026720645811528
0.8036133077489631
0.8043292340194597
0.8049131197426057
0.8056120866767453
0.8062420048842889
0.8070039636391828
0.807715044385006
0.8084224909873241
0.8091250920649687
0.8098107338062566
0.8104394406326317
0.811301944024499
0.8120978214521068
0.812936097220607
0.8135805520021708
0.8143170717525293
0.8152571035391712
0.8160008915765399
0.8167010698918479
0.817181988215684
0.8178579389076249
0.818853694228011
0.819389124704423
0.8200771892080474
0.8207676764740086
0.8214739116951584
0.8222649435980928
0.8230172113036399
0.8235235686320115
0.8241995193239524
0.8248270147691592
0.8253975752994535
0.8258118676590301
0.826631972710005
0.8273297282629763
0.8283533453502345
0.8292158487421017
0.8298142710392681
0.8304599372020003
0.8309311644764895
0.8315186843431407
0.8322043260844284
0.8328281873861302
0.8331940244989727
0.834032300267473
0.834756706206148
0.8352824456332132
0.8358905589797263
0.8366767453579874
0.8371843140675272
0.8380274353607009
0.8387494185370392
0.8393962960809397
0.8402224580377563
0.840925059115401
0.8414205140132573
0.8421897410551614
0.8428632689847657
0.8434641140442687
0.8441279509245261
0.8450776737605148
0.8455803969453812
0.8462369655386285
0.8468886886072023
0.8475028588595573
0.8479643950846998
0.8486161181532736
0.8491903128270729
0.8498602066131721
0.8508123522114974
0.8513623192619297
0.8519946602318099
0.8526524402062255
0.8529795131216809
0.8534955614993992
0.8542199674380742
0.8550679342559212
0.8556481858355622
0.8564113559716247
0.8571854285382021
0.8575100786913207
0.8580406636430593
0.8587505330077141
0.859302922820483
0.8600527677636934
0.8605894096212738
0.8613344090398108
0.8620951564135365
0.8627141721905648
0.8633864887390007
0.8638092607667558
0.8644876342210335
0.8651769101058263
0.865838324223747
0.8664331123774083
0.8671381362173897
0.8678758673489165
0.8684645985967361
0.8690133542659999
0.8693065085087414
0.8697910609760825
0.8703131662596426
0.8707831821529636
0.8712059541807187
0.8718710024421444
0.8724124898243982
0.8728074000852812
0.8733452533240299
0.8739351959530178
0.8742768054424933
0.8748873415513432
0.8754881866108463
0.8759145927821065
0.876445177733845
0.8768643156180951
0.8774930224444702
0.8779206399968988
0.878470607047331
0.8789951350932279
0.8793367445827034
0.8798552157227585
0.8803228088537427
0.8809551498236229
0.8815741656006513
0.8820417587316355
0.8825335794859868
0.8829866360429507
0.8834699771291236
0.8840272124665659
0.8845965616156918
0.8849284800558205
0.8852180001550568
0.8855438616893437
0.8861156336008063
0.8866486413148815
0.8873027871457921
0.8877182908865372
0.8880792824747064
0.8886183470946234
0.8890798833197658
0.8896625576617436
0.8902900531069504
0.891002345233942
0.8916249951544754
0.8922113036399582
0.892677685389774
0.8930859208435089
0.8936637496608133
0.8941495135093228
0.8945722855370779
0.8951137729193317
0.895568040857464
0.8959702194053573
0.8964693084467186
0.8968811780439586
0.8972239989146025
0.897524421444354
0.8978393805481257
0.8982500387641974
0.89871884327635
0.8992046071248595
0.8995983060045741
0.9000889153777571
0.9006013296119704
0.9008847928053649
0.9010883048416483
0.9013935728960731
0.9017824262511145
0.9022088324223747
0.9026376613559717
0.903177937357057
0.9036225142458425
0.9041821723456216
0.9047575784005892
0.9052857405899911
0.9055958541690894
0.9059629026631003
0.9063626584486568
0.9067406093731829
0.9069731945575067
0.9071645927821065
0.9074419990696593
0.9076733728728147
0.9079810636895763
0.9084474454393922
0.9091185506066597
0.9095183063922162
0.909754525720045
0.9100779644919952
0.9104135170756289
0.910887167112455
0.9112421017947824
0.911800548513393
0.9122826782183975
0.9128689867038803
0.913221498623871
0.9135182870101175
0.9137860022483234
0.9142717660968329
0.9148617087258208
0.9151221556770167
0.9154577082606504
0.9157508625033919
0.9160561305578168
0.9165007074466023
0.9168374714114045
0.917120934604799
0.9175412838702175
0.9179640558979726
0.9182450963290305
0.9185988196301895
0.9190143233709346
0.9193498759545684
0.9197653796953134
0.9200209811218358
0.9204267938132341
0.9207126797689654
0.9210445982090941
0.9213995328914215
0.9216236384075668
0.9219519227041905
0.9224510117455518
0.9229295073070513
0.9231330193433345
0.9234189052990658
0.9237241733534907
0.9242063030584952
0.9246811644764895
0.9250312536341435
0.9252274973834167
0.9255715296352289
0.9259179846493778
0.9263153176725976
0.9267187076016591
0.9272650405085863
0.9276563166259643
0.9280318447881537
0.9282547389231306
0.9286011939372796
0.928856795363802
0.9291317788890181
0.9294552176609683
0.9298198433926426
0.9301868918866535
0.9305066965150987
0.9309391595922006
0.9313134763732217
0.931911898670388
0.9323746462766989
0.9326896053804706
0.9330748245920069
0.9333025642516571
0.9337229135170756
0.9340935961545916
0.934324969957747
0.9346556770167074
0.9350130344613715
0.9355823836104974
0.9360427084544715
0.9363382854595496
0.9367804395859983
0.9370396751560259
0.9374079350312052
0.9376368860720239
0.9380160483777183
0.9383830968717293
0.938759836415087
0.9390760069000271
0.9394236732953444
0.939916705430864
0.9402740628755282
0.9405853878357948
0.9408942900337248
0.9411983467069814
0.9415532813893088
0.9416756308873124
0.9420196631391247
0.9422486141799434
0.9425672074272202
0.9428773210063186
0.9432056053029422
0.9435290440748925
0.943857328371516
0.9441044501298601
0.9442788890181029
0.9445478156374773
0.9447440593867504
0.9451983273248827
0.9455084409039811
0.9457034732720859
0.946122611156336
0.9464605865023065
0.9468361146644959
0.9471983176338334
0.9476138213745784
0.948062032406869
0.9483079427840446
0.9485683897352405
0.9487961293948909
0.9490699015389387
0.949438161414118
0.9496380393068962
0.9499505756483312
0.9502437298910726
0.9506422742954607
0.9510020545024616
0.951347298135442
0.9517228262976315
0.9519832732488274
0.9522691592045587
0.9525514110167849
0.952987508237392
0.9534466217001977
0.9538221498623871
0.9540220277551653
0.9544387428770787
0.954748856456177
0.955098945613831
0.9554284412916231
0.9556319533279063
0.9561140830329108
0.9565380664418344
0.9568348548280808
0.9571413342636741
0.9574029925960383
0.9576949354576113
0.957982032794511
0.9581903903554677
0.9584726421676939
0.9587670077916036
0.9590444140791565
0.95926246268946
0.959694925766562
0.9600752994534248
0.9604169089429003
0.9607221769973253
0.9611219327828817
0.9613642090165523
0.9615640869093306
0.9618051517618328
0.9621176881032678
0.962499273171299
0.9629583866341047
0.96328545954956
0.9634598984378029
0.9636234348955305
0.9639093208512618
0.9641382718920805
0.9644229464666434
0.9647173120905531
0.9651037426832577
0.965385994495484
0.9655967748187774
0.9657857502810404
0.9660728476179401
0.966402343295732
0.9667584893592278
0.9670395297902857
0.9674368628135055
0.9677203260069001
0.9679844071016009
0.9682690816761639
0.9685283172461914
0.968811780439586
0.9689099023142226
0.9691158371128425
0.9695337636159244
0.9697239504593558
0.96999287707873
0.9702424215994108
0.9705585920843509
0.9709716730627592
0.9712890549288677
0.9715071035391712
0.9717832984455557
0.9721697290382603
0.9724107938907625
0.9727511919990697
0.9731424681164477
0.9733568825832462
0.9735894677675698
0.9738159960460518
0.9741030933829515
0.9744265321549017
0.9746990929177811
0.9748517269449936
0.9750297999767414
0.9754138078071094
0.9756984823816723
0.9759807341938985
0.976157595844478
0.9763538395937512
0.976507685002132
0.9768214327247354
0.9771327576850022
0.977331424196612
0.9775894483854711
0.9777614645113772
0.9780291797495833
0.9782120983060045
0.9784507403961701
0.97875237430709
0.9790636992673567
0.979291438927007
0.9795155444431523
0.979720267860604
0.9801333488390123
0.9803853161220297
0.9805646005349459
0.9808626003023607
0.9811751366437957
0.9814997867969144
0.9818789491026089
0.9821297050044578
0.9823816722874753
0.9826227371399775
0.9828383629879444
0.983190874907935
0.9835312730162422
0.9837493216265457
0.9839576791875024
0.9841563456991123
0.9844725161840524
0.984838353296895
0.9850842636740706
0.9853580358181184
0.9856596697290383
0.9859189052990658
0.9861745067255883
0.9864107260534171
0.9866481567624142
0.9870382214986239
0.9872502132030856
0.9875251967283017
0.9878050257781913
0.9880036922898011
0.9882011474202427
0.9884228301740512
0.9886069601116408
0.9888322770089545
0.9890927239601504
0.9893228863821375
0.9897480811722293
0.9900993817110517
0.99040949529015
0.9907135519634066
0.9909461371477304
0.9912211206729464
0.9914076733728728
0.9916681203240687
0.991998827383029
0.9923162092491375
0.9925063960925689
0.9926905260301585
0.9928698104430748
0.9931326801566074
0.9934258343993487
0.993708086211575
0.9939346144900569
0.9940872485172695
0.9943125654145831
0.9944797360158157
0.9946832480520991
0.9949218901422646
0.9951048086986859
0.9952695565375819
0.9953834263674071
0.9955760359731751
0.9958183122068458
0.9959854828080784
0.996165978602163
0.9963246695352173
0.9965415067643525
0.9966759700740396
0.9968092220025584
0.9969667015544443
0.9971278152498353
0.9972937744698996
0.9974318719230918
0.9976947416366244
0.997875237430709
0.9980666356553087
0.9982265379695313
0.9984845621583905
0.9986238709927511
0.998747431871923
0.998949732527038
0.9991241714152809
0.9993167810210489
0.9994839516222817
0.9996741384657131
0.999811024537737
0.9999454878474241
1.0000629918207544
1.0001356746908556
1.000267715238206
1.0005233166647285
1.0007401538938636
1.0009303407372951
1.001033308136605
1.001215015311858
1.001379763150754
1.0015093809357678
1.0016595922006435
1.0018727952862736
1.0020750959413884
1.0021550470985
1.0023088925068806
1.0024106485250224
1.002540266310036
1.0027316645346358
1.0029194286157306
1.0030320870643874
1.003113249602667
1.0032259080513237
1.0033276640694655
1.003442745280459
1.0035529809667791
1.003669273558941
1.0038667286893825
1.0039878668062179
1.0041719967438074
1.004380354304764
1.0045560045741753
1.0046965247897042
1.0048079718571927
1.004959394503237
1.0051326220103112
1.0052598170329883
1.0054148738225375
1.0056099061906423
1.0057371012133194
1.005887312478195
1.0060120847385354
1.0061780439585999
1.0063573283715161
1.0064869461565298
1.006638368802574
1.006786157305113
1.0069218319959685
1.007098693646548
1.0072791894406325
1.0073639861224173
1.0074717990464008
1.0076014168314145
1.0077140752800713
1.0078642865449472
1.0081114083032912
1.0082180098461062
1.0083185544830795
1.0084009284025275
1.008482090940807
1.0085729445284335
1.008660163972555
1.008704985075784
1.0087922045199054
1.0088927491568787
1.0089339361166028
1.0090405376594178
1.0091653099197582
1.0092549521262162
1.0093445943326744
1.0094342365391324
1.0095505291312943
1.0096474396247626
1.0097479842617358
1.00980370779548
1.009854585804551
1.009953919060356
1.0100520409349925
1.0101356262356087
1.0102482846842655
1.0103136992673567
1.010397284567973
1.01051721130364
1.0106528859944954
1.0107352599139434
1.010829747645075
1.0109302922820482
1.0110223572508432
1.0111241132689848
1.0112561538163352
1.01134095049812
1.011440283753925
1.011499641431174
1.0115686901577703
1.0116522754583865
1.0117310152343295
1.0117734135752219
1.0118327712524713
1.0119381614141179
1.0119732914680002
1.0120156898088926
1.012024169477071
1.012058088149785
1.0120762588673102
1.0120956409660038
1.0121465189750747
1.012175592123115
1.0122361611815327
1.0122664457107415
1.01226765709191
1.0123524537736945
1.0124990308950652
1.0126407624917626
1.0127534209404194
1.0128164127611738
1.0128745590572548
1.0129109004923054
1.0129314939721672
1.0129605671202078
1.0129642012637128
1.0129666240260495
1.0129775264565648
1.0129872175059116
