0.0008776667566837699
0.0016540642722117202
0.0025317310288954903
0.0033081285444234404
0.004219551714825817
0.005198487712665407
0.005974885228193357
0.006616257088846881
0.007628949500405077
0.00867539832568188
0.009586821496084256
0.010700783148798272
0.011814744801512287
0.01275992438563327
0.013772616797191467
0.015730488792870645
0.017080745341614908
0.018363489062921956
0.019713745611666215
0.02055765595463138
0.021502835538752364
0.022414258709154738
0.023055630569808264
0.023933297326492034
0.02464218201458277
0.02555360518498515
0.026330002700513097
0.02710640021604105
0.027950310559006212
0.028963002970564408
0.029941938968403997
0.03108965703483662
0.03270996489332973
0.03433027275182285
0.03584931136916014
0.037368349986497434
0.03844855522549284
0.039495004050769646
0.04057520928976505
0.04138536321901161
0.04226302997569538
0.04314069673237915
0.04405211990278153
0.044862273832028086
0.04617877396705374
0.047225222792330546
0.048069133135295705
0.04921685120172833
0.049925735889819065
0.05097218471509587
0.05235619767755874
0.05363894139886578
0.05465163381042398
0.056035646772886846
0.05718336483931947
0.05833108290575209
0.05961382662705914
0.06035646772886848
0.061132865244396435
0.06204428841479881
0.06312449365379422
0.06406967323791521
0.06491358358088037
0.0655887118552525
0.06653389143937348
0.06741155819605725
0.06852551984877127
0.07001080205238995
0.07142857142857142
0.07237375101269242
0.07379152038887389
0.07500675128274373
0.07568187955711585
0.07662705914123684
0.07828112341344856
0.07942884147988118
0.08064407237375101
0.0816230083715906
0.08253443154199298
0.08364839319470699
0.08533621388063732
0.08658520118822577
0.08790170132325142
0.08857682959762354
0.08901566297596543
0.08975830407777478
0.09080475290305158
0.09229003510667026
0.09364029165541453
0.09448420199837969
0.09644207399405887
0.09694842019983797
0.09802862543883338
0.09931136916014043
0.1012692411558196
0.10248447204968944
0.10336213880637321
0.10420604914933837
0.10491493383742911
0.10596138266270591
0.10724412638401297
0.10835808803672697
0.10997839589522009
0.11099108830677828
0.11207129354577369
0.11294896030245746
0.11359033216311099
0.11399540912773427
0.11453551174723198
0.11581825546853902
0.1173035376721577
0.11841749932487172
0.11929516608155549
0.12044288414798812
0.12175938428301378
0.12280583310829057
0.12435862813934648
0.1254725897920605
0.1264177693761815
0.1271266540642722
0.12800432082095597
0.12878071833648394
0.13029975695382123
0.1317175263300027
0.1331690521199028
0.13438428301377262
0.13556575749392386
0.13674723197407507
0.13870510396975425
0.13931271941668918
0.1399540912773427
0.14160815554955442
0.14275587361598704
0.14349851471779637
0.1441398865784499
0.1451188225762895
0.14653659195247096
0.14802187415608967
0.14960842560086415
0.15062111801242237
0.151768836078855
0.15308533621388062
0.15382797731568998
0.15470564407237375
0.15527950310559005
0.15625843910342965
0.15747366999729948
0.15855387523629488
0.15926275992438563
0.16081555495544153
0.1626384012962463
0.16361733729408587
0.1647312989467999
0.16611531190926276
0.16719551714825817
0.1678368890089117
0.16857953011072105
0.1693896840399676
0.17023359438293276
0.17124628679449094
0.17263029975695382
0.17367674858223062
0.17492573588981908
0.17678233864434242
0.1781663516068053
0.1792128004320821
0.180765595463138
0.1817782878746962
0.18248717256278693
0.18312854442344045
0.18414123683499864
0.1849176343505266
0.18633540372670807
0.18741560896570347
0.18866459627329193
0.18957601944369432
0.19099378881987578
0.19264785309208748
0.19386308398595734
0.1957534431541993
0.19666486632460167
0.19761004590872266
0.19848771266540643
0.19953416149068323
0.2005130974885228
0.2019308668647043
0.20328112341344856
0.2040912773426951
0.20473264920334863
0.2061166621658115
0.20756818795571158
0.20885093167701863
0.20993113691601403
0.21104509856872805
0.21219281663516068
0.21317175263300028
0.21445449635430733
0.21526465028355388
0.21597353497164462
0.21691871455576558
0.21820145827707266
0.22015933027275184
0.2215770996489333
0.2231298946799892
0.22404131785039158
0.22529030515798001
0.2267080745341615
0.22745071563597083
0.2283283823926546
0.2288347285984337
0.22998244666486634
0.23136645962732919
0.23285174183094787
0.23453956251687821
0.23521469079125035
0.23572103699702943
0.23656494733999459
0.23778017823386444
0.23899540912773426
0.24048069133135297
0.24166216581150418
0.24253983256818795
0.24331623008371592
0.24453146097758574
0.24567917904401837
0.24733324331623008
0.2484809613826627
0.2490210640021604
0.25027005130974883
0.25178908992708615
0.25280178233864437
0.2541857953011072
0.25489467998919796
0.2557385903321631
0.25752768025924927
0.25860788549824465
0.2597218471509587
0.2601944369430192
0.26218606535241695
0.2642114501755333
0.26573048879287064
0.2668106940318661
0.2679584120982987
0.26937618147448017
0.2706589251957872
0.271536591952471
0.272650553605185
0.2741358358088037
0.27545233594382934
0.2762287334593573
0.27764650283553877
0.27862543883337837
0.27977315689981097
0.28122468268971107
0.28227113151498784
0.28301377261679717
0.28399270861463677
0.28490413178503915
0.28642317040237647
0.2878746961922765
0.28939373480961383
0.29017013232514177
0.29152038887388604
0.2923980556305698
0.29297191466378614
0.2942546583850932
0.2952335943829328
0.29675263300027005
0.29844045368620037
0.29985822306238186
0.3006346205779098
0.3020523899540913
0.3031663516068053
0.30461787739670537
0.3058331082905752
0.30660950580610313
0.3077909802862544
0.3092087496624359
0.31008641641911966
0.310997839589522
0.31234809613826625
0.31379962192816635
0.3151498784769106
0.31633135295706183
0.31808668647042937
0.31926816095058064
0.3201120712935458
0.32095598163651096
0.3220024304617877
0.32365649473399943
0.3248042128004321
0.32588441803942747
0.32713340534701596
0.32774102079395084
0.32848366189576017
0.3292938158250068
0.33077909802862543
0.3318930596813395
0.3328382392654604
0.33462732919254656
0.33553875236294894
0.33648393194706994
0.33702403456656765
0.33810423980556303
0.3394882527680259
0.3409060221442074
0.3424925735889819
0.34360653524169593
0.34485552254928437
0.3456656764785309
0.34718471509586823
0.34792735619767756
0.3487712665406427
0.350121523089387
0.35096543343235215
0.352349446394815
0.3541722927356198
0.35525249797461517
0.3558938698352687
0.3565352416959222
0.3579530110721037
0.35852687010532003
0.36038347285984335
0.36142992168512017
0.3629489603024575
0.36379287064542265
0.3645692681609506
0.3657507426411018
0.36656089657034835
0.3678098838779368
0.3688563327032136
0.36949770456386716
0.3705103969754253
0.37209694842019986
0.37364974345125573
0.3750675128274372
0.37608020523899544
0.37729543613286526
0.3786119362678909
0.37932082095598163
0.38046853902241423
0.38148123143397245
0.3827302187415609
0.3838104239805563
0.3852281933567378
0.3863083985957332
0.38735484742101
0.3889076424520659
0.38975155279503104
0.390527950310559
0.3911355657574939
0.3919794761004591
0.3930596813394545
0.3937348096138266
0.39451120712935456
0.39542263029975694
0.39711045098568726
0.3984269511207129
0.3998109640831758
0.40072238725357817
0.4018363489062922
0.4028490413178504
0.40372670807453415
0.40517823386443425
0.40659600324061573
0.4078787469619228
0.40895895220091816
0.4100391574399136
0.41138941398865786
0.4126046448825277
0.41392114501755334
0.41506886308398594
0.41658790170132326
0.41773561976775586
0.41864704293815824
0.42013232514177695
0.42128004320820955
0.422529030515798
0.42364299216851203
0.424756953821226
0.4259046718876587
0.4271874156089657
0.42890899270861466
0.4299216851201728
0.4311369160140427
0.4323859033216311
0.43289224952741023
0.4334998649743451
0.4343775317310289
0.43478260869565216
0.4358628139346476
0.43761814744801514
0.4384958142046989
0.43927221172022685
0.44028490413178506
0.4415676478530921
0.44237780178233865
0.4436943019173643
0.44450445584661086
0.44551714825816907
0.44686740480691334
0.44858898190656227
0.44970294355927626
0.4508169052119903
0.4519646232784229
0.45331487982716717
0.45486767485822305
0.45588036726978126
0.4571293545773697
0.4583108290575209
0.45942479071023495
0.46084256008641644
0.4616864704293816
0.4628679449095328
0.464049419389684
0.46482581690521196
0.4661423170402376
0.4675263300027005
0.4687415608965704
0.46975425330812853
0.4704968944099379
0.47117202268431
0.472117202268431
0.4730286254388334
0.4737037537132055
0.4744463948150148
0.47593167701863354
0.47718066432622197
0.47809208749662435
0.4787672157709965
0.48004995949230356
0.48119767755873616
0.4820078314879827
0.483358088036727
0.48467458817175263
0.48565352416959223
0.4869362678908993
0.48778017823386444
0.4888941398865784
0.48994058871185525
0.49108830677828785
0.49206724277612746
0.4929111531190926
0.49443019173642994
0.49561166621658115
0.49659060221442075
0.4974682689711045
0.4988522819335674
0.5002700513097489
0.5010464488252768
0.5026330002700513
0.5032068593032676
0.5040170132325141
0.5048946799891979
0.505232244126384
0.5059411288144747
0.5065825006751282
0.5076627059141237
0.5089454496354308
0.509958142046989
0.51090332163111
0.5122535781798542
0.5132325141776938
0.5140426681069403
0.515190386173373
0.5163718606535241
0.517587091547394
0.5187348096138267
0.5202200918174453
0.5215365919524709
0.5229881177423711
0.5241695922225222
0.5250810153929246
0.5261274642182014
0.5271739130434783
0.5281866054550365
0.5295706184174993
0.531224682689711
0.5322036186875506
0.5335876316500135
0.5347353497164461
0.5361531190926276
0.5371995679179044
0.5380434782608695
0.5385835808803673
0.5394612476370511
0.540237645152579
0.5410477990818255
0.5420267350796651
0.5427018633540373
0.5434445044558466
0.5443221712125303
0.5456724277612747
0.5466176073453957
0.5477653254118282
0.5491493383742911
0.5502970564407237
0.5510396975425331
0.5520186335403726
0.55353767215771
0.5544153389143938
0.5555293005671077
0.5566432622198217
0.5576897110450986
0.5587361598703754
0.5599176343505265
0.5607615446934917
0.5619767755873616
0.5631920064812315
0.5641034296516338
0.5655887118552525
0.5667701863354038
0.5673778017823387
0.5684917634350527
0.5691331352957062
0.57001080205239
0.5708884688090737
0.5722049689440993
0.5728463408047529
0.5735889819065623
0.574466648663246
0.5751080205238995
0.5761544693491764
0.5769646232784229
0.5782136105860114
0.5796313799621928
0.5808466108560627
0.5818930596813394
0.5830070213340535
0.5839522009181745
0.5850661625708885
0.5857412908452606
0.587159060221442
0.5883742911153119
0.5895557655954632
0.5908385093167702
0.5920537402106401
0.5932014582770726
0.5939778557926005
0.5949230353767215
0.5955981636510937
0.5964083175803403
0.5975222792330542
0.5986024844720497
0.599345125573859
0.6003240615716986
0.6013367539832568
0.6024169592222522
0.603294625978936
0.604239805563057
0.6050837159060222
0.6061976775587362
0.6074804212800432
0.6085943829327572
0.609303267620848
0.6106197677558736
0.6114636780988387
0.6127801782338644
0.6136578449905482
0.6147380502295436
0.6156832298136646
0.616594652984067
0.6175735889819065
0.6184850121523089
0.6193964353227113
0.6203078584931137
0.6210167431812045
0.621658115041858
0.6228395895220091
0.6239873075884418
0.6251012692411558
0.6262489873075885
0.6268566027545234
0.6276330002700513
0.6286456926816095
0.6298609235754793
0.6308061031596003
0.632122603294626
0.6331015392924656
0.6341142317040238
0.6352281933567377
0.636240885768296
0.6372198217661356
0.638131244936538
0.6390764245206589
0.640527950310559
0.6418444504455847
0.6427896300297057
0.6435997839589522
0.6447475020253848
0.6454901431271942
0.6460640021604105
0.6466716176073454
0.6476167971914664
0.6485282203618687
0.6492708614636781
0.6499797461517688
0.650992438563327
0.6519713745611666
0.6524102079395085
0.65382797731569
0.6547056440723737
0.6553807723467459
0.6565622468268971
0.6574736699972995
0.6583850931677019
0.6596340804752903
0.6604779908182554
0.6617269781258439
0.6630434782608695
0.6638873886038348
0.664798811774237
0.665743991358358
0.6666554145287604
0.6678031325951931
0.6685120172832838
0.6692546583850931
0.6700985687280583
0.6706386713475561
0.6718876586551444
0.6727315689981096
0.6734066972724818
0.674250607615447
0.6751282743721307
0.6757358898190656
0.676647312989468
0.6777950310559007
0.678706454226303
0.6794490953281124
0.6805630569808263
0.6817445314609776
0.6824534161490683
0.6834323521469079
0.6841749932487172
0.6847826086956522
0.6852551984877127
0.6858965703483662
0.686943019173643
0.6879557115852012
0.689002160410478
0.6901161220631921
0.6911963273021874
0.6921415068863084
0.6935930326762085
0.6945382122603294
0.6952133405347016
0.6964960842560086
0.6975425330812854
0.698352687010532
0.6989265460437483
0.7000067512827437
0.7010869565217391
0.7022009181744532
0.7030448285174183
0.7036524439643532
0.7044288414798812
0.7055090467188766
0.7067917904401836
0.7076019443694302
0.7082770726438024
0.7091884958142047
0.7098973805022954
0.7108425600864164
0.7116864704293816
0.7123278422900351
0.7132730218741561
0.7147245476640561
0.7155684580070213
0.7165811504185795
0.7178638941398866
0.7188765865514448
0.7198892789630029
0.7207331893059681
0.7215095868214961
0.7221847150958682
0.7228598433702403
0.7236362408857683
0.7246489332973265
0.7255603564677289
0.7265730488792871
0.7271469079125034
0.728125843910343
0.7287334593572778
0.7297123953551174
0.7306575749392384
0.731636510937078
0.7326154469349176
0.7334256008641642
0.7346070753443155
0.7356197677558736
0.736362408857683
0.7371388063732109
0.7381177423710505
0.7390291655414529
0.7400756143667296
0.740987037537132
0.7421685120172833
0.7434512557385903
0.7443964353227113
0.7452065892519578
0.7459154739400486
0.7468606535241696
0.7474682689711045
0.7483121793140697
0.7490885768295976
0.7500675128274372
0.751113961652714
0.7517553335133675
0.7531055900621118
0.7539157439913584
0.7546583850931677
0.755671077504726
0.7565149878476911
0.757122603294626
0.7580002700513098
0.7588779368079935
0.7595868214960843
0.7602619497704564
0.7611733729408587
0.7622198217661356
0.7628274372130704
0.7639413988657845
0.7650216041047799
0.7660342965163381
0.7669119632730219
0.7680934377531731
0.7687348096138267
0.7696124763705104
0.7706589251957872
0.7714015662975966
0.7722792330542804
0.7728868485012153
0.7735282203618687
0.7744058871185525
0.7755198487712666
0.7762624898730759
0.7769038617337294
0.7782878746961923
0.7791992978665947
0.7802457466918714
0.7815960032406157
0.7828112341344855
0.7835538752362949
0.7843640291655415
0.7853767215770997
0.786119362678909
0.7869632730218742
0.7875033756413718
0.7884147988117742
0.7892587091547394
0.7905752092897651
0.7916216581150418
0.7923305428031326
0.7930056710775047
0.7938495814204699
0.7944909532811234
0.7951998379692141
0.7960775047258979
0.7968539022414258
0.7974615176883608
0.7981028895490143
0.7987780178233864
0.7999257358898191
0.8008709154739401
0.8013097488522819
0.8019511207129355
0.8026937618147448
0.8036389413988658
0.8043815825006752
0.8050567107750473
0.8056305698082635
0.8065757493923845
0.8072846340804752
0.8081960572508776
0.8088374291115312
0.8098838779368079
0.8108628139346475
0.8114029165541453
0.8120105320010802
0.8127869295166081
0.8135970834458547
0.8142046988927897
0.8151836348906292
0.8159937888198758
0.8166014042668107
0.8173778017823387
0.8179516608155549
0.8190993788819876
0.8200445584661086
0.8207534431541993
0.8218674048069133
0.8229476100459088
0.8237915203888739
0.8244328922495274
0.8251417769376181
0.8258169052119902
0.8265933027275182
0.8272684310018904
0.8281798541722928
0.8290575209289766
0.8297326492033487
0.8306778287874697
0.8318930596813394
0.8327369700243046
0.8331758034026465
0.8336821496084256
0.8343572778827977
0.8351336753983257
0.8358425600864164
0.8370240345665676
0.8378679449095328
0.8385093167701864
0.8390831758034026
0.839825816905212
0.8402984066972725
0.8407372400756143
0.8415473940048609
0.842222522279233
0.8428976505536052
0.8435390224142587
0.8441803942749122
0.845226843100189
0.8462395355117472
0.8469146637861193
0.8479273561976776
0.8484674588171752
0.849176343505266
0.8498852281933568
0.8506278692951661
0.8509991898460707
0.8514717796381313
0.8522819335673778
0.8528220361868755
0.8534634080475291
0.8543073183904942
0.855184985147178
0.8561976775587362
0.8571091007291385
0.8574466648663246
0.8581893059681339
0.8591007291385363
0.8599446394815015
0.8608560626519038
0.861531190926276
0.8621388063732109
0.8630164731298947
0.863759114231704
0.8645017553335134
0.8653794220901971
0.8660207939508506
0.8666959222252227
0.8677423710504996
0.8684174993248718
0.868991358358088
0.8697339994598974
0.8704428841479881
0.8710167431812045
0.871826897110451
0.8724682689711045
0.8733796921415069
0.8739197947610046
0.8744261409667837
0.8749324871725628
0.8758439103429652
0.8765865514447745
0.877227923305428
0.8780380772346746
0.8788819875776398
0.8794896030245747
0.8801309748852282
0.8812111801242236
0.8818187955711585
0.8825951930866864
0.8833715906022144
0.8842830137726168
0.8852619497704564
0.8858020523899541
0.8863759114231704
0.8867809883877937
0.8873886038347286
0.8881987577639752
0.8890764245206589
0.8897177963813124
0.8903591682419659
0.8910005401026195
0.8919794761004591
0.89292465568458
0.8934647583040778
0.8941398865784499
0.8947137456116662
0.8954901431271942
0.8962327842290035
0.896874156089657
0.8973467458817175
0.8980556305698083
0.898595733189306
0.8991695922225222
0.9000135025654874
0.9009249257358898
0.9015325411828248
0.9019713745611666
0.9027477720766945
0.9033891439373481
0.9039630029705644
0.9047056440723737
0.9053132595193086
0.9061909262759924
0.907001080205239
0.907777477720767
0.9085538752362949
0.9091614906832298
0.9099041317850391
0.910950580610316
0.9114231704023764
0.9117944909532811
0.9124696192276532
0.9129422090197138
0.9137186065352417
0.9144950040507697
0.9151701323251418
0.9160815554955442
0.916689170942479
0.9175668376991628
0.9178368890089117
0.9183094788009721
0.9188158250067513
0.9195922225222792
0.9204023764515258
0.9211450175533351
0.921583850931677
0.9220901971374561
0.9227653254118282
0.923474210099919
0.9239805563056981
0.9245206589251957
0.9252295436132866
0.9259384283013773
0.9264447745071563
0.9273561976775587
0.9281325951930867
0.9287739670537402
0.9294490953281124
0.9302592492573589
0.9304955441533892
0.9305293005671077
0.9310694031866055
0.931879557115852
0.9325546853902241
0.9332298136645962
0.9336348906292196
0.9343100189035917
0.935052660005401
0.9356940318660546
0.9362341344855523
0.9368079935187685
0.9370780448285174
0.9376181474480151
0.9381920064812315
0.9389008911693222
0.9394409937888198
0.9400486092357548
0.9406224682689711
0.941398865784499
0.9419052119902781
0.9422427761274642
0.9428503915743991
0.9433229813664596
0.9438968403996759
0.9444369430191737
0.9450445584661086
0.9455846610856062
0.945955981636511
0.94646232784229
0.9470361868755064
0.947407507426411
0.9479476100459088
0.9484539562516878
0.9490615716986227
0.9498379692141506
0.950243046178774
0.9508506616257089
0.9512557385903322
0.9517958412098299
0.9525047258979206
0.9530110721036997
0.9533486362408857
0.953584931136916
0.9539224952741021
0.9545976235484742
0.9552052389954091
0.9559141236834998
0.9563867134755604
0.9570280853362139
0.9576694571968674
0.9582770726438024
0.9590197137456117
0.959593572778828
0.9600324061571699
0.9608425600864164
0.961652714015663
0.9620577909802862
0.9626316500135026
0.9632730218741561
0.9636443424250608
0.9641506886308399
0.9647245476640561
0.9653321631109911
0.965939778557926
0.9665136375911423
0.9669524709694842
0.9675263300027005
0.9679314069673238
0.968336483931947
0.9686402916554145
0.9693154199297866
0.9696529840669728
0.9699905482041588
0.970226843100189
0.970665676478531
0.9713745611666217
0.9717121253038077
0.9722522279233055
0.9727923305428031
0.9732311639211451
0.9739400486092358
0.9744801512287334
0.9748514717796382
0.975459087226573
0.9758304077774778
0.9765392924655685
0.9770793950850661
0.9775857412908453
0.9781933567377802
0.9789359978395895
0.9796786389413988
0.9802187415608966
0.9809276262489873
0.9815689981096408
0.9821091007291385
0.9825141776937618
0.9828517418309479
0.9833918444504456
0.9837631650013503
0.9843370240345666
0.9849446394815015
0.9854509856872806
0.9858560626519038
0.9861598703753713
0.9864974345125573
0.9867337294085876
0.987307588441804
0.9874763705103969
0.9879489603024575
0.988590332163111
0.9886240885768296
0.9890291655414529
0.9893667296786389
0.9897718066432623
0.9901768836078855
0.9905819605725088
0.9908857682959762
0.9911895760194437
0.9915271401566298
0.9918647042938158
0.9924723197407508
0.9926748582230623
0.9930461787739671
0.993316230083716
0.9936537942209019
0.9940588711855253
0.9944977045638671
0.9948690251147718
0.9950715635970835
0.9955779098028625
0.9957804482851742
0.9961855252497974
0.9963880637321091
0.9969281663516069
0.9969619227653254
0.9972657304887929
0.9977383202808534
0.9980758844180394
0.9982109100729138
0.9983121793140697
0.9984809613826627
0.9986159870375372
0.9987172562786929
0.9988522819335673
0.998886038347286
0.998886038347286
0.998886038347286
0.9989535511747232
0.9989873075884418
0.9990210640021604
0.9990885768295976
0.9990885768295976
