0.001012692411558196
0.0020591412368349987
0.003038077234674588
0.004118282473669997
0.005130974885228194
0.005974885228193357
0.006447475020253848
0.007966513637591143
0.008979206049149339
0.00992438563327032
0.011240885768295976
0.012354847421009991
0.013468809073724008
0.01431271941668917
0.016506886308398597
0.018059681339454497
0.018768566027545234
0.01988252768025925
0.021097758574129086
0.022549284364029167
0.024237105049959493
0.026026194977045638
0.02717391304347826
0.02865919524709695
0.029773156899810964
0.03220361868755064
0.03439778557926006
0.035984337024034564
0.03679449095328113
0.03878611936267891
0.040001350256548746
0.04094652984066973
0.041857953011072105
0.04246556845800702
0.04378206859303268
0.04503105590062112
0.04600999189846071
0.04692141506886308
0.04800162030785849
0.048946799891979476
0.05026330002700513
0.05157980016203079
0.052558736159870376
0.0547529030515798
0.056541992978665946
0.05833108290575209
0.059748852281933565
0.06086281393464758
0.06177423710504996
0.06261814744801512
0.06400216041047799
0.06596003240615717
0.06754658385093168
0.06859303267620848
0.06947069943289225
0.07051714825816906
0.07217121253038077
0.07365649473399946
0.07436537942209019
0.07514177693761814
0.07612071293545773
0.07706589251957872
0.07797731568998109
0.0790237645152579
0.07969889278963004
0.08067782878746962
0.0815554955441534
0.0831758034026465
0.08466108560626519
0.08594382932757223
0.0878341884958142
0.08911693221712125
0.08972454766405617
0.0903996759384283
0.09164866324601674
0.09249257358898191
0.09414663786119362
0.09563192006481232
0.0975897920604915
0.09948015122873347
0.10083040777747772
0.10184310018903592
0.1027882797731569
0.10447610045908723
0.10592762624898731
0.10731163921145018
0.1079530110721037
0.10876316500135026
0.10977585741290845
0.11045098568728058
0.11142992168512017
0.1120375371320551
0.11332028085336214
0.11497434512557386
0.11612206319200648
0.1173035376721577
0.11855252497974615
0.12000405076964624
0.12054415338914394
0.12142182014582771
0.12226573048879287
0.12327842290035107
0.12489873075884418
0.1260802052389954
0.12695787199567918
0.12874696192276533
0.12975965433432352
0.13107615446934917
0.13212260329462597
0.13367539832568187
0.13526194977045639
0.13640966783688901
0.13830002700513097
0.13965028355387524
0.14083175803402648
0.14224952741020794
0.14343100189035918
0.1446124763705104
0.14538887388603836
0.14589522009181743
0.1466716176073454
0.14748177153659195
0.14913583580880369
0.15058736159870376
0.1519038617337294
0.1529503105590062
0.15382797731568998
0.1549081825546854
0.15568458007021335
0.15662975965433432
0.15794625978935997
0.15943154199297865
0.16098433702403456
0.16189576019443694
0.16290845260599515
0.16385363219011612
0.1647650553605185
0.16594652984066974
0.1673305428031326
0.16864704293815824
0.1699972994869025
0.17114501755333514
0.1720226843100189
0.17374426140966784
0.1756346205779098
0.17627599243856332
0.1771536591952471
0.1776937618147448
0.17847015933027274
0.1797191466378612
0.18083310829057522
0.18208209559816366
0.18370240345665675
0.1849176343505266
0.1854914933837429
0.18680799351876856
0.18782068593032678
0.18930596813394546
0.19052119902781528
0.19177018633540371
0.19278287874696193
0.19386308398595734
0.19450445584661086
0.1952808533621388
0.19666486632460167
0.19821766135565758
0.1993653794220902
0.20024304617877398
0.20115446934917636
0.20220091817445315
0.20355117472319742
0.2051039697542533
0.2060829057520929
0.20699432892249528
0.20787199567917905
0.20935727788279773
0.21094382932757225
0.21158520118822577
0.21242911153119093
0.21350931677018634
0.21431947069943288
0.21519713745611666
0.2159060221442074
0.21681744531460978
0.2174588171752633
0.21860653524169593
0.220058061031596
0.2216108560626519
0.22225222792330543
0.2231298946799892
0.22431136916014044
0.2256953821226033
0.22704563867134755
0.22795706184174994
0.22886848501215232
0.2297461517688361
0.23079260059411288
0.23207534431541993
0.2329530110721037
0.23396570348366189
0.23518093437753174
0.2366324601674318
0.23801647312989468
0.23886038347285984
0.24034566567647853
0.2412233324331623
0.24176343505266001
0.2426748582230624
0.24345125573859033
0.24439643532271133
0.2453416149068323
0.24655684580070214
0.24760329462597894
0.24868349986497434
0.24956116662165811
0.25010126924115583
0.25084391034296516
0.2521604104779908
0.2535781798541723
0.2549621928166352
0.2559411288144747
0.25695382122603294
0.2582028085336214
0.26009316770186336
0.26194977045638673
0.2629962192816635
0.2639076424520659
0.2649878476910613
0.26620307858493114
0.2682622198217661
0.26947745071563595
0.27072643802322444
0.27190791250337565
0.2732244126384013
0.27450715635970835
0.275823656494734
0.2769038617337294
0.27822036186875504
0.27903051579800164
0.2798744261409668
0.28065082365649474
0.28112341344855524
0.28206859303267623
0.28372265730488794
0.2846340804752903
0.28588306778287875
0.28635565757493925
0.28743586281393463
0.28848231163921145
0.28963002970564405
0.2908115041857953
0.2921617607345396
0.29361328652443963
0.29486227383202807
0.29624628679449094
0.2979678638941399
0.29884553065082364
0.29979071023494464
0.30134350526600057
0.3026600054010262
0.3042128004320821
0.3051917364299217
0.3061369160140427
0.30745341614906835
0.3087024034566568
0.30974885228193355
0.3105927626248987
0.31187550634620576
0.31322576289495
0.31423845530650824
0.3156562246826897
0.31710775047258977
0.3184242506076154
0.3193694301917364
0.3202808533621388
0.32088846880907373
0.3217661355657575
0.322407507426411
0.32325141776937616
0.32396030245746693
0.325411828247367
0.32655954631379963
0.3271671617607345
0.3278422900351067
0.3291250337564137
0.33081285444234404
0.33196057250877664
0.33293950850661624
0.3340534701593303
0.33536997029435595
0.3366864704293816
0.33763165001350254
0.3388131244936538
0.33958952200918174
0.34080475290305157
0.34215500945179583
0.3435727788279773
0.34505806103159603
0.34623953551174724
0.3472522279233054
0.34843370240345667
0.35005401026194977
0.3508641641911963
0.352518228463408
0.35407102349446395
0.3560964083175803
0.35758169052119904
0.3590669727248177
0.36072103699702945
0.3620375371320551
0.3625101269241156
0.3629489603024575
0.3636916014042668
0.36446799891979476
0.36537942209019714
0.36612206319200646
0.36686470429381585
0.3676073453956252
0.3683837429111531
0.36949770456386716
0.37084796111261137
0.37182689711045097
0.37273832028085335
0.3738185255198488
0.3749662435862814
0.3762152308938698
0.3771266540642722
0.37837564137186064
0.379287064542263
0.38033351336753984
0.38144747502025383
0.38289900081015393
0.3842830137726168
0.38559951390764247
0.38674723197407507
0.3877599243856333
0.3890426681069403
0.39079800162030787
0.39214825816905213
0.39332973264920335
0.3946124763705104
0.39538887388603833
0.3960302457466919
0.3966041047799082
0.39744801512287337
0.39812314339724547
0.3993721307048339
0.4003848231163921
0.4012962462867945
0.401937618147448
0.4029503105590062
0.4041317850391574
0.40541452876046447
0.4064947339994599
0.40706859303267623
0.4079800162030786
0.40936402916554143
0.4103092087496624
0.41135565757493925
0.4128746961922765
0.41415743991358356
0.4152038887388604
0.4164528760464488
0.41800567107750475
0.4192546583850932
0.4203686200378072
0.42121253038077233
0.42225897920604916
0.4236092357547934
0.4251957871995679
0.42627599243856334
0.4277950310559006
0.4292465568458007
0.4301579800162031
0.4311369160140427
0.432048339184445
0.432824736699973
0.43407372400756145
0.4349513907642452
0.43552524979746154
0.4365716986227383
0.43731433972454764
0.43809073724007563
0.43879962192816635
0.43994733999459895
0.4410275452335944
0.4417026735079665
0.4426478530920875
0.44335673778017826
0.444234404536862
0.44565217391304346
0.4474750202538482
0.4486227383202809
0.44963543073183904
0.4508169052119903
0.45213340534701596
0.45328112341344856
0.454530110721037
0.455475290305158
0.45638671347556037
0.457703213610586
0.45895220091817446
0.45996489332973267
0.46057250877666756
0.4613489062921955
0.46256413718606537
0.46367809883877936
0.4647920604914934
0.46573724007561434
0.4670874966243586
0.4679651633810424
0.4690453686200378
0.47005806103159603
0.4711382662705914
0.47198217661355657
0.47265730488792873
0.47431136916014044
0.47552660005401026
0.47697812584391036
0.4778220361868755
0.4786997029435593
0.47974615176883606
0.4809276262489873
0.4822778827977316
0.48356062651903864
0.4843370240345666
0.4855184985147178
0.4867337294085876
0.48801647312989466
0.4893329732649203
0.4905144477450716
0.49156089657034835
0.49233729408587634
0.4933162300837159
0.4943964353227113
0.4955103969754253
0.4969281663516068
0.4979071023494464
0.4985484742100999
0.4994598973805023
0.5004388333783418
0.5011477180664327
0.5020928976505536
0.5030718336483931
0.5040170132325141
0.505063462057791
0.5062449365379422
0.5075951930866864
0.508405347015933
0.5095530650823656
0.5107345395625169
0.5118147448015122
0.5129962192816635
0.5135363219011613
0.5146165271401566
0.5159330272751823
0.5171482581690521
0.5184310018903592
0.5191061301647313
0.5206589251957872
0.5218403996759384
0.522819335673778
0.523595733189306
0.5243721307048339
0.5256211180124224
0.5263300027005131
0.5275114771806644
0.5284904131785039
0.5294355927626249
0.5300432082095599
0.531055900621118
0.5323386443424251
0.5335538752362949
0.5345328112341344
0.5354779908182554
0.5362543883337835
0.5375371320550905
0.5387186065352417
0.5395962732919255
0.5404739400486093
0.5419254658385093
0.5431069403186606
0.544355927626249
0.5458074534161491
0.5466851201728329
0.547360248447205
0.5485079665136376
0.549250607615447
0.5499932487172563
0.5509721847150959
0.5521536591952471
0.5526262489873076
0.5534364029165542
0.5542803132595193
0.5548541722927356
0.555934377531731
0.5572508776667567
0.5584661085606265
0.5594112881447475
0.5600864164191196
0.5617404806913313
0.5631244936537942
0.5644747502025385
0.5651161220631921
0.5659600324061572
0.567175263300027
0.5685592762624899
0.569234404536862
0.5703146097758575
0.5713948150148528
0.572069943289225
0.5730826357007831
0.5741290845260599
0.5753105590062112
0.5762894950040508
0.5774034566567647
0.5787537132055091
0.5798676748582231
0.5807453416149069
0.581589251957872
0.5825006751282744
0.5832770726438024
0.5843235214690792
0.5856400216041048
0.5863826627059141
0.5871253038077234
0.5882730218741561
0.5888131244936538
0.5899270861463678
0.5909060221442074
0.5920874966243587
0.5929314069673238
0.593775317310289
0.5950918174453146
0.5965095868214961
0.5973197407507427
0.5982311639211451
0.599345125573859
0.6008304077774778
0.6017418309478801
0.6027207669457196
0.6035984337024034
0.6042735619767756
0.6050837159060222
0.6062314339724547
0.6071428571428571
0.6078179854172293
0.6086281393464759
0.6097758574129084
0.6106535241695922
0.6113286524439644
0.6124763705103969
0.613590332163111
0.6149743451255738
0.6156157169862274
0.6170334863624088
0.6179449095328112
0.6187213070483392
0.6197339994598974
0.6206791790440184
0.6218606535241696
0.6231771536591952
0.6239197947610046
0.6246286794490953
0.6252362948960303
0.6264177693761814
0.627227923305428
0.6282743721307048
0.62911828247367
0.6298609235754793
0.6309748852281933
0.6318525519848771
0.6331352957061842
0.6338104239805563
0.6346205779098029
0.635295706184175
0.6358358088036727
0.6369497704563867
0.6378274372130704
0.6386713475560356
0.6396165271401566
0.6404604374831218
0.6413718606535241
0.6421145017553335
0.6427558736159871
0.643869835268701
0.6446462327842291
0.6454901431271942
0.6460977585741291
0.6468066432622198
0.6476843100189036
0.6483256818795571
0.6493721307048339
0.6502835538752363
0.6511612206319201
0.6517350796651363
0.6526802592492573
0.6539292465568458
0.6549756953821226
0.6560221442073995
0.6571361058601134
0.6583850931677019
0.6593302727518229
0.6604442344045368
0.6613556575749392
0.6618620037807184
0.6624696192276532
0.6631109910883067
0.6639211450175533
0.665237645152579
0.6663178503915744
0.667296786389414
0.668241965973535
0.6689846070753444
0.6701323251417769
0.671415068863084
0.6724615176883608
0.6733729408587632
0.6737442614096678
0.6746894409937888
0.6758034026465028
0.6766810694031866
0.6777950310559007
0.6783351336753983
0.6793478260869565
0.680428031325952
0.6812044288414799
0.6820145827707265
0.6835673778017823
0.6844112881447475
0.6852551984877127
0.6860653524169592
0.6870780448285174
0.6883607885498245
0.689339724547664
0.6903861733729408
0.6909262759924386
0.6917364299216852
0.6924453146097759
0.693120442884148
0.6939981096408318
0.6947407507426411
0.6957534431541993
0.6969686740480692
0.6983189305968134
0.6990615716986227
0.700243046178774
0.7010532001080205
0.7018633540372671
0.702639751552795
0.703584931136916
0.7039224952741021
0.7049014312719417
0.7057115852011883
0.7065217391304348
0.7072306238185255
0.7081758034026465
0.709256008641642
0.7104712395355117
0.7117877396705374
0.7126316500135026
0.7135093167701864
0.714488252768026
0.7156022144207399
0.7161760734539563
0.7169524709694842
0.7178638941398866
0.7183702403456657
0.7193491763435053
0.7199567917904401
0.7210707534431542
0.7220834458547124
0.7227248177153659
0.7238725357817986
0.7252565487442614
0.7263705103969754
0.7273156899810964
0.7284971644612477
0.7292735619767756
0.7303537672157709
0.7308263570078315
0.7314339724547664
0.7321428571428571
0.7328854982446665
0.73352687010532
0.7338981906562246
0.7350121523089387
0.7361261139616527
0.7368349986497434
0.7382190116122063
0.7390629219551715
0.7398055630569809
0.7405482041587902
0.7415608965703484
0.7422022684310019
0.7428436402916554
0.7432487172562787
0.7438900891169322
0.7450715635970835
0.7456116662165811
0.7464218201458277
0.7470969484201998
0.7480758844180394
0.7484809613826627
0.7494598973805023
0.7506413718606535
0.7514515257899
0.7525317310288955
0.7534431541992979
0.7540845260599514
0.7551984877126654
0.7563124493653794
0.7573588981906563
0.7579327572238725
0.7589792060491494
0.7597218471509587
0.7601944369430191
0.7611733729408587
0.7618485012152308
0.7628949500405077
0.7636038347285984
0.7644815014852822
0.765527950310559
0.7667431812044289
0.7673845530650824
0.7680934377531731
0.7690386173372941
0.7702200918174453
0.7711315149878477
0.7719416689170943
0.7729206049149339
0.7735619767755874
0.7743721307048339
0.7748784769106131
0.7755198487712666
0.7765325411828248
0.7777140156629759
0.7784229003510666
0.779334323521469
0.7801782338644342
0.7810221442073995
0.7817647853092088
0.7828787469619227
0.7836213880637322
0.7842627599243857
0.785005401026195
0.7858493113691601
0.7867607345395625
0.7875033756413718
0.7881109910883067
0.7889549014312719
0.7897650553605186
0.7903389143937348
0.7910140426681069
0.7918579530110721
0.7923980556305698
0.7929381582500675
0.7936470429381582
0.794355927626249
0.7951998379692141
0.7962800432082096
0.7971577099648933
0.7981028895490143
0.798811774237105
0.7996894409937888
0.8005671077504726
0.8014110180934377
0.8021874156089657
0.8028287874696193
0.8037739670537402
0.8049216851201728
0.8057993518768566
0.8064069673237915
0.8074871725627869
0.8083648393194707
0.8094112881447475
0.8104239805563057
0.8110653524169592
0.8118417499324871
0.8126181474480151
0.8135633270321361
0.8144072373751012
0.8151498784769106
0.8156562246826897
0.8163313529570618
0.8173102889549014
0.8178166351606805
0.8184242506076155
0.8191668917094248
0.8198420199837969
0.8206521739130435
0.8212597893599783
0.822238725357818
0.8232851741830948
0.8237577639751553
0.8243653794220902
0.8253105590062112
0.8261207129354577
0.826694571968674
0.8273359438293276
0.8282473669997299
0.8287199567917904
0.8295976235484742
0.8303402646502835
0.8309478800972184
0.8316230083715906
0.8322981366459627
0.832871995679179
0.8337834188495814
0.8344585471239535
0.8355387523629489
0.8366189576019444
0.8370577909802862
0.8379017013232514
0.8387793680799351
0.8394544963543074
0.8400283553875236
0.8407034836618957
0.841716176073454
0.8428976505536052
0.8439103429651634
0.8448892789630029
0.8452943559276263
0.8462395355117472
0.8470159330272752
0.8475560356467728
0.8484337024034566
0.8489738050229544
0.849952741020794
0.8505266000540103
0.8512692411558196
0.8521131514987847
0.8532608695652174
0.854239805563057
0.8549149338374291
0.8558263570078315
0.856467728868485
0.8568728058331083
0.8573116392114501
0.8580542803132595
0.8589319470699432
0.8595058061031596
0.8599446394815015
0.8611598703753713
0.8620375371320551
0.8624763705103969
0.8630839859573319
0.8642654604374831
0.8652443964353227
0.8658520118822576
0.8666959222252227
0.8674723197407508
0.8682824736699973
0.8690251147718067
0.8697339994598974
0.8704766405617067
0.8710167431812045
0.8717931406967324
0.8726708074534162
0.8732784229003511
0.8738522819335673
0.875
0.8757763975155279
0.8764852822036187
0.8771941668917094
0.8778017823386444
0.8785781798541723
0.8788482311639212
0.8793883337834189
0.8800972184715096
0.8807048339184445
0.8812786929516608
0.8825614366729678
0.883405347015933
0.884012962462868
0.8844517958412098
0.8850931677018633
0.8855320010802052
0.8860721036997029
0.8867472319740751
0.8872873345935728
0.8876586551444775
0.8885700783148798
0.8895152578990008
0.890190386173373
0.890696732379152
0.891641911963273
0.8923170402376451
0.8931271941668917
0.8939035916824196
0.8949162840939778
0.8952876046448826
0.8958614636780988
0.8967391304347826
0.8973467458817175
0.8980893869835269
0.898764515257899
0.8993383742911153
0.8997772076694572
0.900486092357548
0.9011612206319201
0.9016675668376991
0.9023089386983527
0.9033891439373481
0.9041992978665947
0.9046718876586551
0.9052457466918714
0.9059546313799622
0.9066297596543343
0.9073048879287064
0.9077099648933298
0.9081487982716716
0.9089927086146368
0.9096003240615717
0.9106805293005671
0.9116257088846881
0.9125708884688091
0.9133810423980556
0.9142249527410208
0.9150351066702673
0.9163853632190117
0.9173305428031326
0.9183094788009721
0.9189846070753444
0.9195584661085606
0.9201660815554955
0.9207399405887119
0.9212462867944909
0.9218201458277072
0.922360248447205
0.9229341074804213
0.923305428031326
0.9238792870645423
0.9246219281663516
0.9252633000270051
0.9256683769916284
0.9261409667836888
0.9264110180934377
0.9272886848501215
0.9281663516068053
0.9289765055360518
0.9295166081555496
0.929820415879017
0.9305293005671077
0.9310018903591682
0.9315419929786659
0.9321833648393195
0.9331960572508776
0.9337361598703754
0.9345125573859033
0.9352551984877127
0.9357615446934917
0.936166621658115
0.9368079935187685
0.9376519038617337
0.938394544963543
0.939002160410478
0.9395760194436943
0.9400486092357548
0.9405211990278153
0.9409937888198758
0.9414663786119363
0.9420739940588712
0.9426478530920875
0.9433229813664596
0.944065622468269
0.9445382122603294
0.945179584120983
0.9457196867404807
0.9463948150148528
0.9469349176343506
0.947238725357818
0.9476438023224413
0.9481839049419389
0.9488252768025925
0.9497029435592763
0.950411828247367
0.9506481231433972
0.9512557385903322
0.9518633540372671
0.9523697002430461
0.9528422900351067
0.9534499054820416
0.9538887388603835
0.9543950850661626
0.9550027005130974
0.9557115852011883
0.9563529570618418
0.9568593032676208
0.9573994058871186
0.9583445854712396
0.9588846880907372
0.9594923035376721
0.9600661625708885
0.9606737780178234
0.9611463678098838
0.9614164191196327
0.9619565217391305
0.9623615987037537
0.963104239805563
0.9638468809073724
0.9645557655954632
0.9650621118012422
0.9656697272481771
0.9663786119362678
0.9670199837969214
0.9674925735889819
0.9678638941398866
0.9682689711045098
0.9687415608965704
0.9694842019983797
0.9700243046178774
0.9705644072373751
0.9709694842019984
0.9714420739940589
0.9720496894409938
0.9727923305428031
0.9733661895760194
0.9740750742641102
0.9745814204698893
0.9753578179854172
0.9759654334323521
0.9763029975695382
0.9767080745341615
0.977180664326222
0.9778557926005941
0.9784634080475291
0.9788009721847151
0.979239805563057
0.9797461517688361
0.9804887928706454
0.9808601134215501
0.9813664596273292
0.9818052930056711
0.9824466648663246
0.9829867674858223
0.9835943829327572
0.9839994598973805
0.9845395625168782
0.9851134215500945
0.9858223062381852
0.9861261139616527
0.9865987037537132
0.9869362678908993
0.9874088576829597
0.9878476910613017
0.9881177423710505
0.9884890629219552
0.9888266270591413
0.9894679989197948
0.9896705374021064
0.9900081015392924
0.9905144477450716
0.9909532811234134
0.9912908452605995
0.9913921145017554
0.991594652984067
0.9920672427761275
0.9924048069133136
0.9927423710504996
0.9929786659465298
0.9934174993248718
0.993822576289495
0.9942276532541183
0.9943626789089927
0.9944301917364299
0.9949027815284904
0.9953078584931137
0.9957466918714556
0.9959829867674859
0.9962530380772346
0.996658115041858
0.9967931406967324
0.9972319740750742
0.9975020253848231
0.9976708074534162
0.9978733459357277
0.9979071023494464
0.9980758844180394
0.9982109100729138
0.9983121793140697
0.9985822306238186
0.9986834998649744
0.9986834998649744
0.9987847691061301
0.9988185255198487
0.9988185255198487
0.998886038347286
0.998886038347286
0.998886038347286
0.9990210640021604
0.999054820415879
0.9990885768295976
0.9990885768295976
