0.0008776667566837699
0.002160410477990818
0.0033756413718606534
0.004658385093167702
0.005671077504725898
0.006244936537942209
0.007156359708344585
0.008236564947339995
0.009181744531460978
0.0103294625978936
0.01100459087226573
0.012523629489603024
0.013401296246286795
0.014447745071563597
0.015764245206589252
0.017182014582770726
0.018566027545233593
0.01988252768025925
0.02133405347015933
0.022718066432622197
0.023595733189305967
0.024912233324331623
0.0268701053200108
0.027545233594382934
0.0284229003510667
0.029469349176343505
0.030313259519308668
0.03125843910342965
0.032034836618957604
0.03284499054820416
0.033891439373480964
0.03456656764785309
0.03554550364569268
0.0366932217121253
0.037874696192276534
0.039967593842830135
0.04192546583850932
0.04293815825006751
0.04432217121253038
0.045571158520118824
0.04661760734539563
0.047562786929516605
0.048440453686200376
0.049554415338914394
0.051208479611126116
0.05245746691871456
0.05448285174183095
0.05573183904941939
0.056271941668917094
0.05698082635700783
0.05772346745881717
0.058904941938968405
0.05985012152308939
0.06069403186605455
0.061537942209019716
0.06255063462057792
0.06430596813394544
0.06555495544153389
0.06700648123143398
0.06835673778017823
0.06950445584661086
0.0713273021874156
0.07247502025384824
0.07355522549284364
0.07446664866324601
0.07537807183364839
0.07652578990008102
0.07780853362138807
0.07875371320550904
0.08020523899540913
0.08175803402646503
0.08280448285174183
0.08354712395355117
0.08428976505536052
0.08509991898460707
0.08618012422360248
0.08688900891169322
0.08820550904671888
0.08972454766405617
0.0904334323521469
0.09171617607345396
0.09306643262219821
0.09421415068863084
0.09563192006481232
0.09674588171752634
0.09752227923305427
0.09843370240345665
0.09958142046988928
0.1012692411558196
0.10258574129084526
0.10353092087496624
0.10484742100999189
0.10650148528220361
0.10764920334863624
0.1095058061031596
0.1110248447204969
0.11169997299486903
0.1126113961652714
0.11345530650823657
0.11423170402376452
0.11521064002160411
0.11588576829597623
0.11656089657034836
0.11791115311909263
0.11946394815014853
0.12064542263029976
0.12213070483391844
0.12391979476100459
0.12537132055090466
0.12638401296246288
0.1270928976505536
0.12800432082095597
0.12898325681879558
0.12996219281663515
0.13090737240075614
0.13188630839859572
0.1333040777747772
0.13475560356467728
0.13667971914663787
0.13809748852281933
0.139413988657845
0.14019038617337293
0.14147312989468
0.14268836078854982
0.1441736429921685
0.14498379692141508
0.1456589251957872
0.14613151498784768
0.14700918174453145
0.14896705374021063
0.15075614366729678
0.15200513097488522
0.1535241695922225
0.15473940048609236
0.15575209289765055
0.15720361868755064
0.15818255468539022
0.15936402916554146
0.15990413178503915
0.1607480421280043
0.16236834998649743
0.16385363219011612
0.165237645152579
0.1662840939778558
0.16773561976775586
0.16864704293815824
0.169524709694842
0.17040237645152578
0.17192141506886308
0.173642992168512
0.17529705644072374
0.1761409667836889
0.1766135565757494
0.17745746691871456
0.17911153119092627
0.18059681339454497
0.1813732109100729
0.18255468539022415
0.183938698352687
0.18478260869565216
0.18616662165811504
0.18768566027545233
0.18866459627329193
0.18957601944369432
0.19045368620037806
0.1911963273021874
0.19264785309208748
0.1937618147448015
0.19494328922495274
0.19615852011882257
0.19764380232244128
0.19923035376721576
0.2005130974885228
0.20139076424520658
0.20226843100189035
0.20415879017013233
0.20493518768566027
0.20601539292465568
0.20699432892249528
0.20787199567917905
0.2091547394004861
0.20979611126113962
0.21057250877666756
0.2117877396705374
0.21259789359978395
0.21421820145827708
0.2159060221442074
0.21722252227923305
0.21877531731028896
0.2200918174453146
0.22164461247637052
0.22238725357817984
0.22302862543883337
0.22431136916014044
0.2251552795031056
0.2263367539832568
0.22795706184174994
0.22903726708074534
0.2304550364569268
0.231298946799892
0.2318728058331083
0.2334256008641642
0.23477585741290846
0.23585606265190387
0.23734134485552255
0.2386240885768296
0.23980556305698084
0.24135835808803674
0.24233729408587631
0.24318120442884147
0.24466648663246016
0.24571293545773698
0.24713070483391844
0.2479071023494464
0.2483459357277883
0.2494936537942209
0.2511477180664326
0.25243046178773965
0.2530380772346746
0.25415203888738863
0.25556980826357006
0.25631244936537945
0.25692006481231433
0.25810153929246554
0.25982311639211453
0.26107210369970296
0.2622873345935728
0.26380637321091005
0.26434647583040777
0.26481906562246826
0.26569673237915203
0.26677693761814747
0.26829597623548473
0.26984877126654067
0.27136780988387793
0.2727855792600594
0.27396705374021063
0.2750810153929247
0.27639751552795033
0.2776802592492574
0.2793680799351877
0.28088711855252496
0.2824399135835809
0.28382392654604377
0.28466783688900893
0.2856130164731299
0.2864906832298137
0.28743586281393463
0.2883810423980556
0.28963002970564405
0.29084526059951393
0.29202673507966515
0.29256683769916286
0.29411963273021874
0.2953686200378072
0.29668512017283283
0.2978328382392655
0.2989805563056981
0.2997231974075074
0.3004658385093168
0.30134350526600057
0.30242371050499595
0.30411153119092627
0.3052930056710775
0.30644072373751013
0.3075209289765055
0.3084998649743451
0.3099176343505266
0.3110991088306778
0.31238185255198486
0.3131920064812314
0.3141034296516338
0.3155549554415339
0.31619632730218744
0.3172090197137456
0.3186943019173643
0.3193019173642992
0.32065217391304346
0.3223737510126924
0.32365649473399943
0.3247704563867135
0.32568187955711586
0.32676208479611124
0.3274372130704834
0.32871995679179045
0.32986767485822305
0.331589251957872
0.3321968674048069
0.3328382392654604
0.3337159060221442
0.33493113691601406
0.3363489062921955
0.3378341884958142
0.3393194706994329
0.34053470159330274
0.34107480421280045
0.3421212530380772
0.3434377531731029
0.34458547123953553
0.3455981636510937
0.3465770996489333
0.34718471509586823
0.3484674588171753
0.3496151768836079
0.3507966513637591
0.35164056170672425
0.35285579260059413
0.35400351066702673
0.35474615176883606
0.3559276262489873
0.3567715365919525
0.35761544693491765
0.3586618957601944
0.359640831758034
0.3610586011342155
0.36227383202808533
0.363590332163111
0.36440048609235753
0.3652443964353227
0.3664933837429111
0.3677761274642182
0.3690588711855253
0.37017283283823926
0.37111801242236025
0.37223197407507425
0.3733796921415069
0.37439238455306506
0.3754050769646233
0.375945179584121
0.3769578719956792
0.378341884958142
0.37992843640291657
0.3816500135025655
0.3826289495004051
0.3842492573588982
0.3856332703213611
0.38701728328382395
0.38857007831487983
0.39002160410477993
0.39120307858493114
0.39224952741020797
0.3934310018903592
0.3942073994058871
0.3953551174723197
0.3963002970564407
0.39707669457196865
0.3984607075344315
0.398933297326492
0.3999122333243316
0.40092492573588984
0.4022414258709155
0.40328787469619226
0.4044018363489063
0.4050432082095598
0.40571833648393196
0.407169862273832
0.4085538752362949
0.4095665676478531
0.41037672157709965
0.4116257088846881
0.4127059141236835
0.4136510937078045
0.41439373480961383
0.4156764785309209
0.41702673507966515
0.4183094788009722
0.41918714555765596
0.4204023764515258
0.4211787739670537
0.42273156899810965
0.42384553065082364
0.42489197947610047
0.42583715906022146
0.4270861463678099
0.42813259519308666
0.42863894139886577
0.4297529030515798
0.4306305698082636
0.4318120442884148
0.43268971104509857
0.4334323521469079
0.4343775317310289
0.4353227113151499
0.43620037807183365
0.4374156089657035
0.43883337834188496
0.43994733999459895
0.4405887118552525
0.4418039427491223
0.44291790440183637
0.4436605455036457
0.4447069943289225
0.4458547123953551
0.44703618687550634
0.448352687010532
0.44912908452605993
0.45020928976505536
0.4514245206589252
0.4525047258979206
0.45415879017013233
0.45540777747772077
0.4568930596813395
0.45824331623008374
0.45959357277882795
0.46104509856872805
0.4623615987037537
0.46317175263300026
0.4644544963543073
0.4655009451795841
0.4661423170402376
0.4668512017283284
0.46769511207129355
0.4684715095868215
0.46934917634350526
0.47032811234134486
0.47144207399405885
0.4720834458547124
0.4732649203348636
0.47458142046988927
0.47552660005401026
0.4767755873615987
0.4778220361868755
0.4789022414258709
0.4798474210099919
0.4808938698352687
0.4820415879017013
0.4827167161760735
0.48426951120712936
0.4853159600324062
0.4862611396165271
0.487476370510397
0.48845530650823654
0.48997434512557386
0.49088576829597624
0.49210099918984607
0.4932824736699973
0.49419389684039966
0.49537537132055093
0.4964555765595463
0.49729948690251147
0.4978058331082906
0.49827842290035107
0.49891979476100456
0.4995274102079395
0.5002700513097489
0.5009114231704024
0.5018566027545234
0.502835538752363
0.5037132055090467
0.5048946799891979
0.506008641641912
0.506683769916284
0.5075614366729678
0.5089454496354308
0.5103632190116122
0.5112746421820146
0.5125573859033217
0.5136713475560356
0.5145152578990008
0.515696732379152
0.5168106940318661
0.5182284634080475
0.5196124763705104
0.5207939508506616
0.5216378611936268
0.5227855792600594
0.5241695922225222
0.5253510667026735
0.5264650283553876
0.5272076694571969
0.5278490413178504
0.5282541182824737
0.5291992978665947
0.5298069133135296
0.5305157980016203
0.5314272211720227
0.5323724007561437
0.5335538752362949
0.5344652984066973
0.5353767215770997
0.5363219011612206
0.537233324331623
0.5388873886038348
0.5395625168782069
0.5410815554955442
0.5421617607345396
0.5432757223872535
0.5442209019713745
0.545469889278963
0.5462125303807723
0.5474615176883608
0.5487442614096678
0.5499594923035377
0.5514110180934377
0.5523224412638401
0.5532001080205239
0.5540102619497704
0.5542803132595193
0.5550567107750473
0.5556980826357008
0.5564407237375101
0.5573183904941938
0.558162300837159
0.55910748042128
0.5596475830407778
0.5608290575209289
0.5619767755873616
0.5630907372400756
0.5642384553065083
0.5651498784769106
0.5662638401296246
0.5672427761274642
0.5683229813664596
0.5689981096408318
0.5700783148798272
0.571293545773697
0.5727450715635971
0.5737577639751553
0.5747704563867134
0.5760869565217391
0.5769983796921415
0.577639751552795
0.5785174183094788
0.5794625978935998
0.5804077774777208
0.5814879827167162
0.5823994058871186
0.5832433162300837
0.5839859573318931
0.5846273291925466
0.5858425600864164
0.586821496084256
0.5880704833918444
0.588880637321091
0.5897245476640561
0.5906697272481771
0.591884958142047
0.593336483931947
0.5948555225492843
0.5959357277882797
0.597117202268431
0.5984674588171752
0.5995476640561707
0.6004253308128544
0.601235484742101
0.6022144207399406
0.6032608695652174
0.6042735619767756
0.6050499594923036
0.6060288954901432
0.6069065622468269
0.607581690521199
0.6088981906562246
0.6094045368620038
0.610248447204969
0.6110923575479341
0.611699972994869
0.6125101269241155
0.6138266270591413
0.6146030245746692
0.6154469349176344
0.6163921145017554
0.6171009991898461
0.6180461787739671
0.6190251147718067
0.6202065892519578
0.6217593842830138
0.6224007561436673
0.6235822306238186
0.6250337564137186
0.6259114231704024
0.6267890899270862
0.6274304617877396
0.6285106670267351
0.6296583850931677
0.6301984877126654
0.6311099108830678
0.6317175263300027
0.6323926546043749
0.633067782878747
0.6337766675668377
0.6350931677018633
0.6357007831487983
0.6366122063192007
0.6377936807993518
0.6385025654874427
0.6390426681069403
0.6403591682419659
0.6411693221712126
0.6425533351336754
0.6436672967863895
0.6450850661625709
0.6459964893329733
0.6468403996759384
0.6477855792600594
0.6487307588441804
0.6496421820145828
0.6502835538752363
0.6511949770456387
0.6522414258709155
0.6535579260059411
0.6546381312449365
0.6554482851741831
0.6567310288954902
0.6575411828247367
0.6583175803402647
0.6594652984066973
0.6600391574399136
0.6606467728868485
0.6621320550904672
0.6630772346745881
0.6640224142587091
0.6651026194977046
0.6662165811504186
0.6672292735619768
0.6679381582500675
0.6691871455576559
0.6701660815554955
0.6710775047258979
0.6716851201728329
0.6724615176883608
0.6736092357547934
0.674588171752633
0.6754320820955981
0.6763097488522819
0.6773224412638401
0.6784701593302728
0.6790102619497704
0.6798541722927356
0.6808668647042938
0.6816770186335404
0.6825884418039427
0.6837024034566568
0.6843437753173103
0.6856940318660546
0.6865379422090198
0.6876181474480151
0.6882932757223873
0.6895422630299757
0.6905887118552525
0.6913313529570618
0.6921077504725898
0.6932217121253038
0.6941331352957062
0.695179584120983
0.6959897380502296
0.6967998919794761
0.6975087766675668
0.6983189305968134
0.6991628409397785
0.7001080205238995
0.7010194436943019
0.7014245206589252
0.702470969484202
0.7037537132055091
0.7046651363759114
0.7055765595463138
0.7065217391304348
0.7075681879557116
0.7082433162300837
0.7088846880907372
0.7098298676748582
0.7109100729138537
0.711652714015663
0.7125303807723468
0.7133405347015933
0.7141169322171212
0.7150621118012422
0.715939778557926
0.716884958142047
0.7175263300027005
0.7188765865514448
0.7199567917904401
0.720665676478531
0.7218133945449635
0.7224210099918985
0.723062381852552
0.7244801512287334
0.7253915743991358
0.7262692411558196
0.7274507156359709
0.7281933567377802
0.7288009721847151
0.7296448825276802
0.7306238185255198
0.731636510937078
0.7326829597623549
0.7332905752092898
0.7337969214150689
0.734303267620848
0.7354509856872806
0.736531190926276
0.7378476910613017
0.738759114231704
0.7395017553335134
0.7402443964353227
0.7411895760194437
0.7420672427761275
0.7428436402916554
0.743822576289495
0.7446664866324602
0.745274102079395
0.7463205509046719
0.7474007561436673
0.7484472049689441
0.749493653794221
0.7501350256548744
0.7507088846880907
0.7513502565487442
0.7523291925465838
0.7529705644072374
0.7537132055090467
0.7545908722657305
0.755232244126384
0.756008641641912
0.7567512827437213
0.7578652443964353
0.7591479881177424
0.7603632190116122
0.7614771806643262
0.7624561166621658
0.763637591142317
0.764582770726438
0.7652241425870916
0.7660005401026195
0.7671145017553335
0.7682622198217661
0.7691736429921685
0.7700513097488523
0.7706589251957872
0.7715365919524709
0.7724817715365919
0.7737307588441804
0.7747772076694572
0.7755873615987038
0.7765662975965434
0.7773426951120713
0.7782541182824737
0.7786929516608155
0.7795706184174993
0.7804145287604645
0.7812921955171482
0.7819673237915203
0.7825749392384553
0.7835201188225763
0.7843640291655415
0.7850391574399136
0.7859843370240346
0.7865581960572509
0.7871995679179044
0.7879422090197138
0.7892249527410208
0.7896637861193627
0.7902714015662976
0.7909802862543883
0.7917229273561976
0.7928706454226303
0.7940521199027816
0.7947610045908723
0.7955036456926816
0.7960775047258979
0.7967863894139886
0.7975965433432353
0.7984066972724818
0.7990480691331353
0.7997231974075074
0.8004320820955981
0.8014110180934377
0.8021199027815284
0.8028963002970564
0.803875236294896
0.8045503645692682
0.8051242236024845
0.8061031596003241
0.8066095058061031
0.8075546853902241
0.8082635700783148
0.8096475830407778
0.8106940318660546
0.8112678908992709
0.8118755063462058
0.8125506346205779
0.8132595193086687
0.8137658655144477
0.8144409937888198
0.814947339994599
0.8155549554415339
0.8164663786119363
0.81734404536862
0.8178166351606805
0.818626789089927
0.8192006481231434
0.82001080205239
0.8206521739130435
0.8215298406697272
0.8225087766675668
0.8230826357007831
0.8237577639751553
0.8246016743181205
0.8251080205238995
0.8260869565217391
0.8268295976235485
0.8276735079665136
0.8281798541722928
0.8288887388603835
0.829530110721037
0.830036456926816
0.8307790980286255
0.8315554955441534
0.8322981366459627
0.8330407777477721
0.8341884958142047
0.8349311369160141
0.8357750472589792
0.8366864704293816
0.8374291115311909
0.838104239805563
0.839049419389684
0.8397920604914934
0.8407372400756143
0.8413448555225493
0.8419524709694842
0.8423575479341074
0.8432352146907912
0.843944099378882
0.8450918174453146
0.8458344585471239
0.8467796381312449
0.8473534971644613
0.8480286254388334
0.8487375101269241
0.8493788819875776
0.8501215230893869
0.8514380232244126
0.8523156899810964
0.8530245746691871
0.8538347285984337
0.8548136645962733
0.8553875236294896
0.856130164731299
0.8572441263840129
0.8582568187955711
0.8590332163110991
0.8599783958952201
0.860754793410748
0.8614636780988387
0.8622400756143668
0.8629152038887389
0.8635228193356738
0.8644342425060761
0.8653456656764785
0.8662908452605995
0.8673372940858763
0.8680124223602484
0.8686200378071833
0.8692276532541183
0.8699027815284904
0.8705779098028625
0.8715230893869835
0.8721982176613556
0.8730421280043208
0.8736834998649744
0.8742911153119093
0.875506346205779
0.8762827437213071
0.876890359168242
0.8776667566837699
0.8783756413718606
0.8788482311639212
0.879287064542263
0.8801309748852282
0.8809411288144747
0.8819538212260329
0.882628949500405
0.8833715906022144
0.884012962462868
0.8846880907372401
0.8853632190116122
0.8860383472859843
0.8866122063192007
0.8873210910072914
0.8882325141776938
0.88880637321091
0.8893127194166892
0.8903591682419659
0.8909330272751823
0.8913718606535241
0.8917769376181475
0.892587091547394
0.893363489062922
0.8942749122333243
0.8952200918174453
0.8956926816095058
0.8964690791250337
0.8971442073994059
0.8976167971914664
0.8982919254658385
0.8991358358088036
0.8995746691871456
0.9002160410477991
0.9006211180124224
0.9011949770456387
0.9019038617337294
0.9024439643532272
0.9031190926275993
0.90382797731569
0.9045031055900621
0.9051782338644342
0.9062584391034296
0.9070348366189576
0.9073724007561437
0.9082163110991088
0.9089251957871995
0.9095328112341344
0.9102079395085066
0.9108155549554415
0.9115244396435322
0.9123008371590602
0.9129422090197138
0.9134823116392115
0.9139886578449905
0.9146637861193627
0.9152714015662976
0.9159802862543883
0.9167229273561976
0.9174318120442884
0.9178706454226303
0.918241965973535
0.9187145557655955
0.9193896840399676
0.9203348636240886
0.9208749662435863
0.9216513637591143
0.9221577099648933
0.9229678638941399
0.9238455306508236
0.9246556845800702
0.925195787199568
0.9254658385093167
0.9259384283013773
0.9267148258169052
0.9268836078854983
0.927423710504996
0.9282338644342425
0.928875236294896
0.9294490953281124
0.9295503645692682
0.92998919794761
0.9306643262219821
0.9312044288414799
0.9316095058061031
0.9322171212530381
0.9325546853902241
0.9329597623548475
0.9332298136645962
0.933601134215501
0.9341412368349986
0.9345800702133406
0.9349851471779638
0.9355252497974615
0.9360991088306778
0.9362678908992709
0.9367742371050499
0.9372130704833919
0.9379219551714826
0.9386983526870105
0.939339724547664
0.9401161220631921
0.9406224682689711
0.9409262759924386
0.9417026735079665
0.9424453146097759
0.9433567377801783
0.9441331352957062
0.9447069943289225
0.9451458277072644
0.9457534431541993
0.9466648663246017
0.947238725357818
0.9477113151498785
0.9483189305968134
0.9490953281123413
0.9495341614906833
0.950243046178774
0.9507156359708344
0.9513232514177694
0.9517958412098299
0.952302187415609
0.9531460977585742
0.9539562516878207
0.954530110721037
0.9552052389954091
0.9557115852011883
0.9563192006481231
0.956926816095058
0.9576694571968674
0.9583445854712396
0.9588509316770186
0.9593235214690792
0.9600324061571699
0.9605725087766676
0.961213880637321
0.9620240345665676
0.9626654064272212
0.963104239805563
0.9638131244936538
0.9643869835268701
0.9649608425600864
0.9655009451795841
0.9661423170402377
0.9667499324871726
0.9674250607615447
0.968167701863354
0.9684039967593843
0.9688090737240076
0.969281663516068
0.9696867404806914
0.9704631379962193
0.9712057790980286
0.9716783688900891
0.9722184715095868
0.9726573048879287
0.9729948690251148
0.9735349716446124
0.974007561436673
0.974513907642452
0.9751890359168242
0.9758641641911964
0.9765055360518499
0.9770793950850661
0.9776194977045639
0.9780245746691871
0.9786997029435592
0.979239805563057
0.9798474210099919
0.9804212800432082
0.9807926005941129
0.9813327032136105
0.9819065622468269
0.9823791520388874
0.9830542803132595
0.9834593572778828
0.9840332163110991
0.9846408317580341
0.9850796651363759
0.9854847421009992
0.9860586011342155
0.9865649473399946
0.9871050499594923
0.98764515257899
0.9877801782338644
0.9881177423710505
0.9883202808533621
0.9887928706454227
0.98909667836889
0.9896030245746692
0.9898055630569809
0.9900756143667296
0.9904469349176344
0.9908857682959762
0.9913246016743181
0.9916621658115042
0.9921685120172833
0.992539832568188
0.9927423710504996
0.9930461787739671
0.9932487172562787
0.9936875506346206
0.9940588711855253
0.9943964353227113
0.9948352687010532
0.9952065892519578
0.9953753713205509
0.9958142046988928
0.9959829867674859
0.9963205509046719
0.9965230893869835
0.9966918714555766
0.9969281663516069
0.9971982176613556
0.9974007561436673
0.9978395895220091
0.9980083715906022
0.9981771536591952
0.9982109100729138
0.9983459357277883
0.9985147177963813
0.9985822306238186
0.9987172562786929
0.9987847691061301
0.9988522819335673
0.9988522819335673
0.9989197947610046
0.9989873075884418
0.9990210640021604
0.999054820415879
0.9990885768295976
