0.0008776667566837699
0.0016540642722117202
0.0025317310288954903
0.0033081285444234404
0.004219551714825817
0.005198487712665407
0.005974885228193357
0.006616257088846881
0.007628949500405077
0.00867539832568188
0.009586821496084256
0.010700783148798272
0.011814744801512287
0.01275992438563327
0.013772616797191467
0.015730488792870645
0.017485822306238186
0.018633540372670808
0.019443694301917364
0.020321361058601134
0.021772886848501215
0.02258304077774777
0.02346070753443154
0.024203348636240886
0.025081015392924656
0.02612746421820146
0.027038887388603834
0.027815284904131786
0.028591682419659734
0.029401836348906293
0.030347015933027275
0.0314947339994599
0.0330475290305158
0.03446529840669727
0.035916824196597356
0.03733459357277883
0.03834728598433702
0.03956251687820686
0.040608965703483664
0.041722927356197675
0.04256683769916284
0.043106940318660546
0.04405211990278153
0.045436132865244394
0.04651633810423981
0.04746151768836079
0.04830542803132595
0.04928436402916554
0.0500945179584121
0.050938428301377264
0.05252497974615177
0.05384147988117742
0.05532676208479611
0.056643262219821765
0.057554685390224146
0.05866864704293816
0.05971509586821496
0.0604577369700243
0.06103159600324062
0.062246826897110454
0.0629894679989198
0.06393464758304078
0.06474480151228733
0.06518363489062921
0.06599378881987578
0.06677018633540373
0.0681879557115852
0.07007831487982717
0.07122603294625979
0.07298136645962733
0.07412908452605996
0.07524304617877396
0.07689711045098568
0.07831487982716716
0.07932757223872536
0.08067782878746962
0.08172427761274642
0.08243316230083717
0.08327707264380232
0.0841884958142047
0.08520118822576289
0.08672022684310018
0.08763165001350257
0.08844180394274913
0.08918444504455847
0.08999459897380502
0.09110856062651904
0.09225627869295167
0.0934715095868215
0.0955306508236565
0.09667836889008911
0.0981974075074264
0.0992100999189846
0.1001890359168242
0.10160680529300567
0.1027882797731569
0.10417229273561977
0.10575884418039427
0.1064339724547664
0.10704158790170132
0.10802052389954091
0.10937078044828517
0.11038347285984337
0.11136240885768296
0.1126113961652714
0.11325276802592493
0.11389413988657845
0.11450175533351337
0.11581825546853902
0.11683094788009722
0.11801242236024845
0.11949770456386713
0.12081420469889279
0.12179314069673237
0.12283958952200918
0.12405482041587902
0.12601269241155819
0.12736294896030245
0.12847691061301647
0.12935457736970024
0.1301984877126654
0.13097488522819337
0.1322238725357818
0.13296651363759115
0.1342155009451796
0.13536321901161222
0.13607210369970293
0.13728733459357279
0.13813124493653794
0.13880637321091008
0.13934647583040777
0.14069673237915203
0.14184445044558466
0.14319470699432893
0.14397110450985687
0.14484877126654064
0.14596273291925466
0.1471442073994059
0.14873075884418038
0.1498109640831758
0.15109370780448286
0.15203888738860383
0.15268025924925735
0.15359168241965973
0.15423305428031325
0.15585336213880638
0.1570685930326762
0.15845260599513908
0.1597015933027275
0.16044423440453687
0.16189576019443694
0.16351606805293006
0.16500135025654875
0.16560896570348366
0.1663178503915744
0.16766810694031867
0.1688833378341885
0.17013232514177692
0.1710099918984607
0.17171887658655144
0.1735417229273562
0.17479071023494464
0.1756346205779098
0.17732244126384014
0.1792128004320821
0.18036051849851473
0.18069808263570078
0.1813056980826357
0.18265595463137996
0.18434377531731028
0.18566027545233593
0.18677423710504995
0.18744936537942208
0.18819200648123144
0.18994733999459898
0.19123008371590602
0.19247907102349446
0.19396435322711314
0.19467323791520388
0.19514582770726438
0.1957871995679179
0.19659735349716445
0.198352687010532
0.19929786659465298
0.20122198217661355
0.20267350796651365
0.20341614906832298
0.20493518768566027
0.20621793140696731
0.20736564947339994
0.20878341884958143
0.20959357277882798
0.21030245746691872
0.21151768836078855
0.21266540642722118
0.21367809883877936
0.2149270861463678
0.2163786119362679
0.21762759924385633
0.21860653524169593
0.2205644072373751
0.22201593302727518
0.2231636510937078
0.2246489332973265
0.22535781798541724
0.22610045908722656
0.22721442073994058
0.22849716446124763
0.22913853632190115
0.22971239535511748
0.23167026735079665
0.23285174183094787
0.23396570348366189
0.2354509856872806
0.23693626789089928
0.2386578449905482
0.23940048609235756
0.2402781528490413
0.24118957601944369
0.24210099918984607
0.2426748582230624
0.2433837429111531
0.24412638401296247
0.2453416149068323
0.24648933297326492
0.24763705103969755
0.2489535511747232
0.2512152308938698
0.25243046178773965
0.2531055900621118
0.25388198757763975
0.25482716716176074
0.2556035646772887
0.25651498784769106
0.2576289495004051
0.2588441803942749
0.26049824466648663
0.2611396165271402
0.26269241155819606
0.26417769376181477
0.265527950310559
0.26670942479071025
0.26768836078854985
0.2686335403726708
0.2701863354037267
0.2713340534701593
0.2726843100189036
0.273764515257899
0.2744058871185525
0.2752835538752363
0.2772751822846341
0.2781866054550365
0.2795031055900621
0.2804820415879017
0.28135970834458546
0.28210234944639484
0.2834188495814205
0.2844990548204159
0.2855117472319741
0.28659195247096947
0.28730083715906024
0.28898865784499056
0.2902038887388604
0.2911828247367
0.29199297866594653
0.2932757223872536
0.2939846070753443
0.2949297866594653
0.2961450175533351
0.29682014582770727
0.29773156899810965
0.2992168512017283
0.30087091547394007
0.30222117202268434
0.30293005671077505
0.30438158250067515
0.305596813394545
0.3067445314609776
0.3077909802862544
0.3088711855252498
0.30968133945449633
0.31076154469349176
0.31221307048339186
0.31325951930866863
0.31386713475560357
0.3146097758574129
0.3160950580610316
0.3172090197137456
0.318120442884148
0.3193356737780178
0.3203146097758574
0.32163110991088306
0.32298136645962733
0.3242641101809344
0.32520928976505536
0.32635700783148797
0.32713340534701596
0.32828112341344856
0.3291250337564137
0.3305765595463138
0.331589251957872
0.33280448285174186
0.33391844450445585
0.33482986767485823
0.3359438293275722
0.33658520118822577
0.337597893599784
0.3387793680799352
0.34006211180124224
0.3413786119362679
0.3425938428301377
0.3435727788279773
0.34526059951390764
0.34620577909802863
0.34688090737240074
0.3479948690251148
0.34907507426411016
0.35002025384823116
0.3511004590872266
0.35238320280853364
0.35363219011612207
0.35471239535511745
0.3554212800432082
0.3564339724547664
0.35737915203888737
0.3586281393464758
0.35977585741290846
0.36122738320280856
0.3620712935457737
0.36328652443964354
0.36396165271401565
0.3648055630569808
0.36585201188225763
0.36642587091547396
0.3672360248447205
0.36824871725627867
0.36946394815014855
0.3710167431812044
0.37219821766135563
0.37324466648663246
0.37486497434512556
0.37584391034296516
0.37628274372130704
0.37699162840939776
0.3785444234404537
0.38002970564407235
0.3816162570888469
0.38269646232784227
0.38360788549824465
0.3849918984607075
0.3856670267350797
0.38627464218201457
0.38718606535241695
0.38836753983256816
0.3899878476910613
0.39120307858493114
0.3925195787199568
0.393532271131515
0.39447745071563595
0.39545638671347555
0.3963002970564407
0.3968403996759384
0.39798811774237103
0.3994058871185525
0.400823656494734
0.40214015662975966
0.40278152849041315
0.4036591952470969
0.40470564407237375
0.40581960572508774
0.4075074264110181
0.40845260599513905
0.4091614906832298
0.41017418309478804
0.41182824736699974
0.4126721577099649
0.41402241425870917
0.4150013502565487
0.4163178503915744
0.41770186335403725
0.41915338914393735
0.42073994058871184
0.4220226843100189
0.42290035106670265
0.42414933837429114
0.4251620307858493
0.42593842830137724
0.42701863354037267
0.4283013772616797
0.42998919794761004
0.43120442884147986
0.4322171212530381
0.4333985957331893
0.43458007021334055
0.43522144207399405
0.4364029165541453
0.4374156089657035
0.4389008911693222
0.43947475020253846
0.4400148528220362
0.4409937888198758
0.442175263300027
0.44305293005671076
0.44376181474480153
0.44494328922495274
0.44609100729138534
0.4472724817715366
0.44875776397515527
0.4498379692141507
0.45064812314339725
0.4519308668647043
0.4536186875506346
0.45469889278963005
0.45540777747772077
0.45608290575209287
0.45723062381852553
0.45820955981636513
0.45935727788279773
0.460707534431542
0.4618552524979746
0.46256413718606537
0.46367809883877936
0.4649608425600864
0.4659735349716446
0.46705374021064
0.46816770186335405
0.46907912503375643
0.47005806103159603
0.47096948420199836
0.47191466378611935
0.47292735619767756
0.4746826897110451
0.47542533081285443
0.4761004590872266
0.4772481771536592
0.47863219011612207
0.47971239535511745
0.4805563056980826
0.4810288954901431
0.48258169052119904
0.4836281393464758
0.48467458817175263
0.4854847421009992
0.4864636780988388
0.4876113961652714
0.4888603834728598
0.4896705374021064
0.4905819605725088
0.49135835808803674
0.4926748582230624
0.49412638401296244
0.4954428841479881
0.4964893329732649
0.4978058331082906
0.49942614096678367
0.5005401026194977
0.5014515257899
0.5026330002700513
0.503780718336484
0.5048271671617607
0.505671077504726
0.5062786929516608
0.5073588981906563
0.5081690521199028
0.509350526600054
0.5103969754253308
0.5116122063192007
0.51235484742101
0.5135025654874427
0.5148190656224683
0.5158317580340265
0.5166081555495544
0.5177221172022685
0.5189373480961382
0.5195112071293546
0.5205238995409128
0.5214015662975966
0.5225830407777478
0.5237982716716176
0.5246759384283014
0.5261949770456387
0.5272414258709155
0.5286929516608155
0.5298069133135296
0.5310221442073995
0.532169862273832
0.5334188495814205
0.5347015933027275
0.5356805293005671
0.5370982986767486
0.5384823116392115
0.5394274912233324
0.5406427221172023
0.5418579530110721
0.5427356197677559
0.5433432352146907
0.5439508506616257
0.5451998379692141
0.5464488252768026
0.5475965433432353
0.5482041587901701
0.5490480691331353
0.5501282743721307
0.5510059411288145
0.5514447745071563
0.5524574669187146
0.5534701593302728
0.5547529030515798
0.555765595463138
0.5567445314609776
0.5580610315960033
0.55910748042128
0.5602889549014313
0.5608965703483662
0.5620442884147988
0.5629557115852012
0.5641034296516338
0.5654199297866594
0.5668039427491224
0.5678841479881177
0.5690993788819876
0.5703821226032946
0.5717323791520389
0.5725087766675668
0.5734201998379692
0.5741628409397785
0.5748717256278693
0.5758506616257089
0.576694571968674
0.5775384823116392
0.578416149068323
0.5797326492033487
0.5805765595463138
0.581758034026465
0.582871995679179
0.5837834188495814
0.5852349446394814
0.5866189576019444
0.5874291115311909
0.5886443424250608
0.5898595733189306
0.5912773426951121
0.5919524709694842
0.5929314069673238
0.5938090737240076
0.5951593302727518
0.5964420739940589
0.5975222792330542
0.5983324331623009
0.5996826897110451
0.6011004590872265
0.6019781258439103
0.6034296516338105
0.6043748312179315
0.6055563056980826
0.6062314339724547
0.6068390494193897
0.60707534431542
0.6082230623818525
0.609303267620848
0.6103159600324062
0.610754793410748
0.6121725627869296
0.6131514987847692
0.6144679989197948
0.6152443964353227
0.6160545503645692
0.6172697812584391
0.618316230083716
0.6193626789089927
0.6203416149068323
0.6217256278692952
0.6230083715906022
0.6245274102079396
0.6257426411018093
0.6267553335133675
0.6279368079935188
0.6288819875776398
0.6296246286794491
0.6307385903321631
0.6317512827437213
0.6327639751552795
0.633405347015933
0.6338104239805563
0.6344855522549284
0.6351269241155819
0.6357345395625169
0.6366459627329193
0.6375236294896031
0.6385363219011613
0.639582770726438
0.6404941938968404
0.6413043478260869
0.6421820145827707
0.643363489062922
0.6446124763705104
0.6455914123683499
0.6464015662975966
0.6474480151228733
0.6485619767755874
0.6495071563597083
0.6503848231163921
0.6512287334593573
0.6529165541452876
0.6541655414528761
0.6556508236564947
0.6571361058601134
0.6583513367539833
0.6587901701323251
0.6594652984066973
0.6601066702673508
0.6608155549554415
0.6621658115041857
0.6630434782608695
0.6640899270861463
0.6650013502565487
0.6659802862543883
0.6671617607345396
0.6679044018363489
0.6689170942479071
0.6701660815554955
0.6712462867944909
0.6721577099648933
0.6729341074804213
0.6740480691331353
0.6751282743721307
0.6761409667836888
0.6772886848501215
0.6785039157439914
0.6794490953281124
0.6803942749122334
0.6810694031866055
0.6817782878746962
0.682824736699973
0.683601134215501
0.6846138266270592
0.6856940318660546
0.6863354037267081
0.686943019173643
0.6878544423440454
0.6890359168241966
0.6896435322711315
0.6908587631650014
0.6920064812314339
0.6929179044018363
0.6938630839859573
0.6948757763975155
0.695955981636511
0.6969349176343506
0.6976438023224413
0.6984877126654064
0.6998379692141506
0.7013232514177694
0.702470969484202
0.7031798541722928
0.7045638671347556
0.705475290305158
0.7061504185795301
0.7069943289224953
0.7077369700243046
0.7087496624358628
0.7094923035376721
0.7106737780178234
0.7117877396705374
0.7128341884958143
0.7135093167701864
0.7145895220091818
0.7153659195247097
0.7161423170402377
0.7170874966243587
0.7184715095868215
0.7192479071023494
0.7201930866864704
0.7216446124763705
0.7227248177153659
0.7236362408857683
0.7244126384012962
0.7250202538482312
0.7256953821226033
0.7265730488792871
0.7276532541182825
0.7285309208749663
0.729239805563057
0.7300499594923036
0.7313664596273292
0.7324804212800432
0.7332905752092898
0.7345733189305969
0.7353497164461248
0.7358223062381852
0.7369025114771807
0.7384215500945179
0.7392654604374831
0.7401093707804483
0.7411895760194437
0.7422022684310019
0.7430124223602484
0.7437888198757764
0.7445314609775857
0.7454766405617067
0.7465906022144208
0.7475695382122604
0.7488185255198487
0.749831217931407
0.7507426411018093
0.7515527950310559
0.7520928976505536
0.753004320820956
0.7537132055090467
0.7547934107480422
0.7552997569538212
0.7561436672967864
0.757122603294626
0.7578990008101539
0.7587091547394005
0.7593167701863354
0.7600256548744262
0.7610721036997029
0.7618485012152308
0.7628274372130704
0.7635700783148798
0.7647177963813124
0.7656629759654334
0.7662368349986497
0.7667769376181475
0.7675195787199568
0.7681271941668917
0.7689035916824196
0.7696462327842291
0.7704901431271942
0.7712327842290035
0.7721779638131245
0.7729881177423711
0.7740345665676479
0.77470969484202
0.7754185795301107
0.7764312719416689
0.7772751822846341
0.7786929516608155
0.7792668106940319
0.7798744261409668
0.7812584391034296
0.7822711315149878
0.7833175803402647
0.7839589522009182
0.7848028625438833
0.7856130164731299
0.7865919524709695
0.7875371320550905
0.7884485552254928
0.7892587091547394
0.7903051579800162
0.7911828247367
0.792128004320821
0.7930056710775047
0.7937820685930327
0.794355927626249
0.7949297866594653
0.7957399405887119
0.7968539022414258
0.7976640561706724
0.7984066972724818
0.7994869025114771
0.8003308128544423
0.8010734539562517
0.8018160950580611
0.8025587361598704
0.8034026465028355
0.8042465568458007
0.8051242236024845
0.805934377531731
0.8070483391844451
0.8080272751822847
0.8088036726978126
0.8096138266270592
0.8105927626248988
0.8114029165541453
0.8121455576559546
0.813056980826357
0.8139346475830408
0.8145085066162571
0.8154199297866594
0.8159937888198758
0.816837699162841
0.8176140966783689
0.8183229813664596
0.8190318660545504
0.8197745071563597
0.8206184174993248
0.8212597893599783
0.8218336483931947
0.822576289495004
0.8229813664596274
0.823521469079125
0.8241628409397785
0.8250405076964623
0.8258506616257089
0.8266608155549554
0.8277072643802322
0.828584931136916
0.8292600594112881
0.8299014312719417
0.8303402646502835
0.8314542263029976
0.8320955981636511
0.8327707264380232
0.8335133675398325
0.8343572778827977
0.8352687010532001
0.8361126113961652
0.836990278152849
0.837597893599784
0.8384080475290305
0.8390831758034026
0.839825816905212
0.8405347015933027
0.8410748042128005
0.8418512017283284
0.8425938428301377
0.8435052660005401
0.8446192276532541
0.8455306508236565
0.84617202268431
0.846948420199838
0.8480286254388334
0.8488725357817986
0.8494801512287334
0.8503915743991358
0.8513367539832568
0.8523156899810964
0.8529233054280313
0.8534971644612477
0.8543410748042128
0.8548136645962733
0.8555563056980826
0.856130164731299
0.856636510937078
0.8575479341074804
0.8581217931406967
0.8590332163110991
0.8596070753443155
0.8604509856872806
0.8609573318930597
0.8619700243046179
0.8624763705103969
0.8631177423710505
0.8641979476100459
0.8648730758844181
0.8657169862273832
0.8663921145017554
0.8669997299486902
0.867708614636781
0.8684174993248718
0.8688900891169322
0.8695314609775857
0.870274102079395
0.8709492303537673
0.8717256278692952
0.8725695382122604
0.8733121793140697
0.873886038347286
0.8749662435862814
0.8755738590332163
0.8761814744801513
0.8769578719956792
0.8777680259249258
0.8784093977855792
0.8790170132325141
0.879725897920605
0.8800972184715096
0.8807385903321631
0.8816500135025654
0.8823588981906563
0.8828314879827167
0.8836078854982446
0.8843167701863354
0.8849918984607076
0.8855657574939239
0.886409667836889
0.887186065352417
0.8879287064542263
0.8883675398325682
0.8891439373480962
0.8897177963813124
0.8904266810694031
0.8909667836889009
0.8919457196867405
0.892587091547394
0.8933297326492033
0.8940386173372941
0.8945112071293546
0.8952538482311639
0.8959964893329733
0.8967391304347826
0.8976167971914664
0.8981906562246826
0.898764515257899
0.8994733999459897
0.9002835538752363
0.900823656494734
0.901600054010262
0.9021739130434783
0.9026802592492573
0.9035241695922225
0.9044355927626249
0.9049756953821226
0.9056170672427761
0.9065960032406157
0.9073724007561437
0.9081487982716716
0.9087901701323251
0.9092965163381043
0.9097691061301647
0.9104104779908182
0.9112206319200649
0.9119295166081556
0.9128071833648393
0.9137186065352417
0.9145625168782069
0.9154401836348907
0.9159802862543883
0.9167229273561976
0.9173980556305698
0.9178706454226303
0.9182757223872535
0.9189170942479071
0.9197272481771537
0.9205036456926816
0.9210099918984607
0.9217188765865515
0.9222589792060492
0.9225965433432353
0.9232041587901701
0.9237780178233864
0.9243181204428842
0.9248244666486632
0.9253983256818795
0.9258709154739401
0.9263435052660005
0.9271536591952471
0.9276262489873076
0.9280313259519308
0.9286051849851472
0.929482851741831
0.9298541722927356
0.9305293005671077
0.9310356467728869
0.9314744801512287
0.9319133135295706
0.9325209289765055
0.9330610315960033
0.9334998649743451
0.9343100189035917
0.9346138266270592
0.9353227113151499
0.9357953011072103
0.9359640831758034
0.9368079935187685
0.9372130704833919
0.9378544423440454
0.9382932757223873
0.9389346475830408
0.9396097758574129
0.9400823656494735
0.9407912503375642
0.9415676478530921
0.9422090197137456
0.9426140966783689
0.9430191736429921
0.9435255198487713
0.943626789089927
0.9440318660545504
0.9444706994328923
0.9451458277072644
0.9456521739130435
0.9461585201188226
0.9469349176343506
0.947238725357818
0.9482176613556575
0.9488927896300297
0.9495679179044019
0.9503780718336484
0.9509856872805833
0.9517620847961112
0.952302187415609
0.9528085336213881
0.953416149068323
0.9540575209289766
0.9546651363759114
0.9551039697542533
0.9555765595463138
0.9562516878206859
0.956926816095058
0.9574331623008372
0.9580745341614907
0.9585133675398325
0.9591209829867675
0.9596610856062652
0.9599648933297327
0.9605387523629489
0.9613826627059141
0.9618890089116933
0.9623953551174723
0.9630704833918444
0.963543073183905
0.964049419389684
0.9646232784229003
0.9652646502835539
0.9658385093167702
0.9664461247637051
0.9669862273832028
0.9675600864164191
0.9679651633810424
0.9686402916554145
0.9692479071023494
0.9699230353767215
0.9702943559276263
0.9707669457196867
0.971003240615717
0.9714083175803403
0.9716446124763705
0.9721509586821496
0.9728598433702403
0.9734674588171752
0.9738725357817986
0.9746489332973265
0.97529030515798
0.9757966513637591
0.9763367539832568
0.9770456386713475
0.9778557926005941
0.9784296516338105
0.9789022414258709
0.9796786389413988
0.9804550364569268
0.9812314339724547
0.9817040237645153
0.9823116392114501
0.9826829597623549
0.9830880367269781
0.9834593572778828
0.9840669727248177
0.9846070753443155
0.9849108830677828
0.9853834728598434
0.9858560626519038
0.98619362678909
0.986531190926276
0.9869700243046179
0.9874088576829597
0.9877126654064272
0.9882865244396435
0.9887253578179854
0.9888941398865785
0.9893329732649203
0.9897380502295436
0.9901768836078855
0.9905144477450716
0.9910883067782879
0.9915271401566298
0.9918309478800972
0.9920334863624088
0.9924048069133136
0.992877396705374
0.9933837429111532
0.9936200378071833
0.9940926275992439
0.9943626789089927
0.9948352687010532
0.9951053200108021
0.9953753713205509
0.9955441533891439
0.9957804482851742
0.9960504995949231
0.9961180124223602
0.9961180124223602
0.9964893329732649
0.9966918714555766
0.9970969484201998
0.9972994869025115
0.997603294625979
0.9979071023494464
0.9980758844180394
0.9982446664866325
0.9985147177963813
0.9985822306238186
0.9987172562786929
0.9987510126924115
0.9988522819335673
0.9989535511747232
0.9989535511747232
0.9989873075884418
0.9990885768295976
0.9990885768295976
