0.0008776667566837699
0.0016540642722117202
0.0025317310288954903
0.0033081285444234404
0.004219551714825817
0.005198487712665407
0.005974885228193357
0.006616257088846881
0.007628949500405077
0.00867539832568188
0.009586821496084256
0.010700783148798272
0.011814744801512287
0.01275992438563327
0.013772616797191467
0.015662975965433434
0.0165406427221172
0.017519578719956793
0.018734809613826627
0.01967998919794761
0.020253848231163923
0.020996489332973264
0.021739130434782608
0.022549284364029167
0.023764515257899
0.024608425600864164
0.025654874426140967
0.026633810423980556
0.027815284904131786
0.028996759384283012
0.029941938968403997
0.0314947339994599
0.03294625978935998
0.03385768295976235
0.034769106130164734
0.03524169592222522
0.03595058061031596
0.03679449095328113
0.03743586281393465
0.038246016743181205
0.03885363219011612
0.03969754253308128
0.04057520928976505
0.04199297866594653
0.043106940318660546
0.04435592762624899
0.04614501755333513
0.04779908182554685
0.04935187685660276
0.05026330002700513
0.05124223602484472
0.05184985147177964
0.05272751822846341
0.05387523629489603
0.05495544153389144
0.056136916014042665
0.05698082635700783
0.057993518768566024
0.05910748042128004
0.05998514717796381
0.06109910883067783
0.06217931406967324
0.06319200648123144
0.06454226302997569
0.06582500675128275
0.06768160950580611
0.06889684039967593
0.06997704563867135
0.07102349446394815
0.07206994328922495
0.07315014852822037
0.0743316230083716
0.07507426411018094
0.07564812314339725
0.0764582770726438
0.07703213610586011
0.07824736699972995
0.07882122603294626
0.07946259789359979
0.08044153389143938
0.08138671347556035
0.0832095598163651
0.08486362408857683
0.0862476370510397
0.08739535511747232
0.08861058601134215
0.0898933297326492
0.09093977855792601
0.09161490683229814
0.09256008641641912
0.09364029165541453
0.09455171482581691
0.09532811234134486
0.09630704833918445
0.09745476640561707
0.09823116392114502
0.09883877936807993
0.09964893329732649
0.10130299756953821
0.10299081825546853
0.1043410748042128
0.10569133135295707
0.10673778017823386
0.10775047258979206
0.10906697272481772
0.10997839589522009
0.1110586011342155
0.11173372940858763
0.11321901161220632
0.11436672967863894
0.11531190926275993
0.1161895760194437
0.11767485822306238
0.11909262759924386
0.11976775587361599
0.12044288414798812
0.12172562786929517
0.12304212800432082
0.1244598973805023
0.12611396165271402
0.12729543613286523
0.12884823116392113
0.12992843640291654
0.13097488522819337
0.13192006481231433
0.13262894950040507
0.13333783418849582
0.13475560356467728
0.13654469349176343
0.13759114231704023
0.1383675398325682
0.13900891169322172
0.14035916824196598
0.14167566837699164
0.14292465568458007
0.1441061301647313
0.14457871995679178
0.1452200918174453
0.146705374021064
0.14805563056980825
0.149878476910613
0.150823656494734
0.15180259249257358
0.15264650283553874
0.15419929786659464
0.15565082365649474
0.15666351606805293
0.15747366999729948
0.158115041857953
0.15939778557926007
0.16041047799081826
0.1617269781258439
0.16233459357277882
0.16304347826086957
0.16449500405076964
0.16557520928976505
0.16695922225222792
0.1683094788009722
0.16932217121253038
0.17053740210640023
0.17107750472589792
0.17185390224142588
0.17296786389413987
0.1740480691331353
0.17475695382122602
0.17634350526600054
0.17762624898730758
0.17897650553605185
0.17988792870645423
0.18063056980826356
0.1813394544963543
0.1824196597353497
0.18353362138806373
0.1853902241425871
0.1865716986227383
0.18731433972454767
0.18839454496354308
0.18977855792600595
0.19072373751012692
0.19183769916284094
0.19332298136645962
0.19457196867404808
0.1958209559816365
0.1968336483931947
0.19794761004590872
0.19858898190656224
0.1994328922495274
0.20074939238455305
0.20169457196867405
0.20328112341344856
0.2040575209289765
0.204530110721037
0.20567782878746962
0.20645422630299756
0.20746691871455578
0.2091884958142047
0.21057250877666756
0.21138266270591413
0.21259789359978395
0.21307048339184445
0.21404941938968405
0.21526465028355388
0.21708749662435864
0.2185052660005401
0.2195854712395355
0.22029435592762625
0.22117202268431002
0.22231974075074265
0.22400756143667297
0.22539157439913585
0.22643802322441264
0.2271469079125034
0.2283283823926546
0.22954361328652445
0.23106265190386174
0.23204158790170132
0.23308803672697812
0.23430326762084797
0.23626113961652714
0.23794896030245746
0.23882662705914123
0.23950175533351337
0.2407169862273832
0.24237105049959493
0.2433499864974345
0.24392384553065083
0.24470024304617877
0.24551039697542534
0.24672562786929517
0.24817715365919524
0.24915608965703484
0.25
0.25135025654874427
0.25270051309748853
0.2540507696462328
0.2549621928166352
0.25604239805563056
0.25746016743181205
0.2578652443964353
0.2587091547394005
0.25951930866864703
0.26056575749392386
0.26167971914663785
0.2629962192816635
0.26411018093437755
0.26505536051849854
0.2665406427221172
0.26829597623548473
0.26886983526870106
0.2703551174723197
0.2711990278152849
0.27244801512287337
0.2732581690521199
0.27403456656764785
0.2751147718066433
0.27643127194166894
0.2779503105590062
0.27903051579800164
0.280110721036997
0.28129219551714824
0.2829800162030786
0.2840939778557926
0.2857480421280043
0.28652443964353225
0.28733459357277885
0.28844855522549284
0.28919119632730217
0.29006886308398594
0.2909465298406697
0.292296786389414
0.2929381582500675
0.2939508506616257
0.295469889278963
0.2970564407237375
0.2985754793410748
0.2996894409937888
0.30124223602484473
0.3020523899540913
0.3029975695382123
0.3042465568458007
0.30509046718876587
0.3058668647042938
0.3068120442884148
0.3081960572508777
0.3098501215230894
0.3108628139346476
0.31265190386173375
0.3135295706184175
0.31494733999459895
0.3165001350256549
0.31737780178233865
0.31801917364299215
0.31855927626248987
0.3196732379152039
0.3208547123953551
0.32261004590872266
0.3238252768025925
0.3247704563867135
0.3257493923845531
0.3271671617607345
0.3280785849311369
0.3288549824466649
0.3302389954091277
0.3312516878206859
0.33233189305968136
0.3337834188495814
0.33513367539832567
0.3364164191196327
0.33742911153119093
0.33796921415068865
0.3393194706994329
0.34107480421280045
0.3423237915203889
0.34340399675938427
0.34485552254928437
0.34583445854712397
0.34671212530380774
0.34785984337024034
0.34890629219551716
0.34981771536591955
0.3506278692951661
0.35147177963813125
0.353294625978936
0.35477990818255467
0.3559951390764245
0.3568390494193897
0.35775047258979203
0.3584931136916014
0.35970834458547124
0.36068728058331084
0.3620712935457737
0.36288144747502027
0.36399540912773426
0.36548069133135297
0.36686470429381585
0.3676073453956252
0.36892384553065083
0.3702403456656765
0.3712530380772347
0.3719281663516068
0.3730421280043208
0.3737847691061302
0.37442614096678367
0.3757426411018093
0.376890359168242
0.3780718336483932
0.3789832568187956
0.38002970564407235
0.38100864164191195
0.38195382122603294
0.3825951930866865
0.3837766675668377
0.3844517958412098
0.3853632190116122
0.38715230893869834
0.3885025654874426
0.38934647583040777
0.3899878476910613
0.39127059141236836
0.3927221172022684
0.3939035916824197
0.3950513097488523
0.3963002970564407
0.3970429381582501
0.3977855792600594
0.3992371050499595
0.400823656494734
0.4014987847691061
0.40207264380232244
0.40376046448825276
0.4050094517958412
0.4057858493113692
0.40676478530920873
0.4081825546853902
0.4093302727518228
0.4105792600594113
0.41135565757493925
0.4126046448825277
0.4138198757763975
0.4147988117742371
0.4161490683229814
0.41756683769916286
0.41871455576559546
0.4197947610045909
0.42063867134755606
0.42128004320820955
0.42276532541182826
0.4242506076154469
0.4249932487172563
0.42593842830137724
0.4271874156089657
0.4283351336753983
0.429651633810424
0.4307993518768566
0.43208209559816363
0.4333648393194707
0.4342087496624359
0.4348501215230894
0.435829057520929
0.43711180124223603
0.4379894679989198
0.4394409937888199
0.4406224682689711
0.44139886578449905
0.4421415068863084
0.442951660815555
0.444065622468269
0.4452470969484202
0.44642857142857145
0.44754253308128544
0.44872400756143666
0.45010802052389953
0.45061436672967864
0.4514582770726438
0.452639751552795
0.45375371320550906
0.4547664056170672
0.4562516878206859
0.45726438023224414
0.45824331623008374
0.4587496624358628
0.4592560086416419
0.4602011882257629
0.4611463678098839
0.46242911153119093
0.4633742911153119
0.4644882527680259
0.46577099648933296
0.466884958142047
0.46823521469079127
0.46928166351606804
0.4706994328922495
0.47167836889008913
0.47289359978395895
0.47383877936807994
0.475121523089387
0.4761679719146638
0.4778220361868755
0.4791385363219012
0.48015122873345933
0.4808601134215501
0.48187280583310826
0.48312179314069675
0.4839319470699433
0.4846070753443154
0.48585606265190384
0.4870037807183365
0.4880839859573319
0.48882662705914126
0.4900756143667297
0.49108830677828785
0.49189846070753446
0.49304617877396706
0.49416014042668105
0.49507156359708343
0.4960167431812044
0.49726573048879286
0.4983796921415069
0.4994598973805023
0.5007426411018093
0.5016540642722117
0.5025992438563327
0.5035106670267351
0.5043883337834189
0.5051309748852282
0.5061099108830678
0.5069538212260329
0.5083378341884958
0.5092830137726168
0.5101269241155819
0.5110045908722657
0.5119835268701053
0.512692411558196
0.51380637321091
0.514751552795031
0.5160342965163381
0.5169794761004591
0.5178571428571429
0.5191061301647313
0.5203213610586012
0.5214015662975966
0.5225830407777478
0.5236632460167432
0.5246421820145828
0.5257899000810153
0.5266675668376991
0.5278152849041318
0.5290642722117203
0.5296381312449365
0.5306170672427761
0.5318998109640832
0.5335201188225763
0.5346678368890089
0.535511747231974
0.536119362678909
0.5369632730218742
0.5382122603294626
0.5393937348096138
0.5403389143937348
0.5417229273561976
0.5426005941128814
0.5436132865244396
0.5444571968674048
0.5458412098298677
0.5470901971374561
0.5482379152038888
0.5497907102349446
0.5512084796111261
0.5520861463678098
0.5528625438833379
0.5539427491223332
0.5550904671887659
0.5563394544963544
0.5571496084256009
0.5577572238725358
0.5593437753173103
0.5605252497974615
0.5617404806913313
0.5623480961382663
0.5631244936537942
0.5641371860653525
0.564947339994599
0.5661963273021874
0.56734404536862
0.568289224952741
0.5697069943289225
0.5709222252227923
0.5716311099108831
0.5728125843910343
0.5738252768025925
0.5748379692141506
0.5757831487982716
0.5768971104509857
0.5781460977585742
0.5792938158250067
0.5803065082365649
0.5813192006481231
0.5822643802322441
0.5832770726438024
0.5842222522279233
0.5850661625708885
0.5862476370510397
0.5871928166351607
0.5885093167701864
0.5895557655954632
0.590433432352147
0.5916149068322981
0.5927963813124494
0.5937078044828518
0.5945517148258169
0.5950918174453146
0.5958344585471239
0.5966446124763705
0.5976910613016473
0.5985012152308938
0.5992100999189847
0.6000540102619498
0.6013029975695382
0.6024844720496895
0.6035984337024034
0.6045098568728058
0.6054887928706454
0.6063664596273292
0.6076154469349176
0.6089657034836619
0.6099446394815015
0.6110923575479341
0.6120037807183365
0.612813934647583
0.6137928706454227
0.614704293815825
0.6157169862273832
0.6172360248447205
0.6181136916014043
0.6188900891169322
0.6197002430461788
0.6206791790440184
0.6216243586281394
0.6227383202808534
0.6235147177963813
0.6243923845530651
0.6254388333783418
0.6261477180664327
0.6274642182014583
0.6284093977855792
0.6296246286794491
0.6306373210910073
0.6318863083985957
0.6326627059141237
0.6339454496354308
0.6351944369430191
0.6360383472859843
0.6369835268701053
0.6380299756953821
0.6389751552795031
0.6397853092087497
0.6411693221712126
0.6423170402376451
0.6431947069943289
0.6441398865784499
0.6451525789900081
0.6460977585741291
0.6472454766405618
0.6484944639481501
0.6495071563597083
0.6507561436672968
0.6515325411828248
0.6525789900081015
0.6534566567647853
0.653996759384283
0.6548069133135296
0.6555157980016203
0.6562921955171482
0.6576424520658926
0.6588914393734809
0.659566567647853
0.6605792600594113
0.6615919524709695
0.6623683499864974
0.6632460167431812
0.6639549014312719
0.6646975425330813
0.6659465298406697
0.6670942479071024
0.6682757223872535
0.6689846070753444
0.6697947610045909
0.6707061841749933
0.6716513637591143
0.672697812584391
0.6736092357547934
0.6749594923035377
0.6757358898190656
0.6771536591952471
0.6777950310559007
0.6784364029165542
0.6792465568458007
0.679482851741831
0.6802592492573589
0.681373210910073
0.6824196597353497
0.6836686470429382
0.6842087496624358
0.685052660005401
0.6858965703483662
0.6871793140696733
0.6885295706184175
0.6892722117202268
0.6903861733729408
0.6918039427491224
0.6928841479881177
0.6938968403996759
0.6949770456386714
0.6958884688090737
0.6970024304617878
0.6981163921145017
0.6991290845260599
0.699804212800432
0.700411828247367
0.7010532001080205
0.7015595463137996
0.7023359438293276
0.7032473669997299
0.7042263029975695
0.7051377261679719
0.7059141236834998
0.7068930596813394
0.7082433162300837
0.709256008641642
0.7104374831217931
0.7114501755333513
0.7120915473940048
0.71293545773697
0.7139481501485282
0.7147583040777747
0.7155009451795841
0.7165811504185795
0.717830137726168
0.719112881447475
0.720226843100189
0.7210707534431542
0.7218471509586821
0.7223197407507427
0.7229948690251148
0.7235687280583311
0.7244463948150148
0.7251215230893869
0.7261342155009451
0.7271131514987847
0.7280583310829057
0.7290035106670267
0.7298136645962733
0.7308601134215501
0.731467728868485
0.7325141776937618
0.73352687010532
0.7346745881717527
0.7359235754793411
0.7373751012692411
0.7384553065082365
0.7397718066432623
0.7405819605725088
0.7412570888468809
0.7419659735349716
0.7424723197407508
0.7432487172562787
0.7439238455306508
0.7448690251147718
0.7456791790440184
0.7469281663516069
0.7481771536591952
0.7486497434512558
0.7496624358628139
0.7503038077234675
0.7508776667566838
0.7522616797191466
0.7534093977855792
0.7545908722657305
0.7554685390224143
0.7563462057790981
0.7575614366729678
0.7590804752903052
0.7600594112881447
0.7607345395625169
0.7617134755603565
0.7624898730758845
0.7628274372130704
0.7637388603834728
0.7647853092087497
0.7656629759654334
0.7670807453416149
0.7678233864434243
0.768363489062922
0.7694099378881988
0.7702538482311639
0.7714015662975966
0.7722454766405618
0.7730218741560897
0.7739670537402107
0.77470969484202
0.7753848231163921
0.7762624898730759
0.776937618147448
0.7777140156629759
0.7786591952470969
0.7794355927626249
0.7803807723467459
0.7812584391034296
0.7820348366189576
0.7829462597893599
0.7837226573048879
0.7847353497164461
0.7857480421280043
0.7866932217121253
0.7878071833648393
0.7888198757763976
0.7896300297056441
0.7904739400486093
0.7911153119092628
0.7917566837699163
0.7926005941128814
0.7934782608695652
0.7943221712125303
0.7951998379692141
0.7962800432082096
0.7967863894139886
0.797697812584391
0.7984066972724818
0.799588171752633
0.8000945179584121
0.8009384283013773
0.8020861463678098
0.8024912233324332
0.8032001080205239
0.8039089927086146
0.8049554415338914
0.8057318390494194
0.8064407237375101
0.8071496084256009
0.8081285444234405
0.8090062111801242
0.8096813394544964
0.8104577369700243
0.8115041857953011
0.8122468268971105
0.8127869295166081
0.8139008911693222
0.8144072373751012
0.815284904131785
0.8163313529570618
0.8169727248177153
0.8180866864704294
0.8186605455036456
0.8195044558466108
0.8201458277072644
0.8208884688090737
0.8216986227383203
0.822576289495004
0.823521469079125
0.8246691871455577
0.8258169052119902
0.8266608155549554
0.8276735079665136
0.8287199567917904
0.8294963543073184
0.8301714825816905
0.8310491493383743
0.8320618417499325
0.8329057520928976
0.8334120982986768
0.8340534701593303
0.8348973805022954
0.8357750472589792
0.8367877396705374
0.8380029705644072
0.8387793680799351
0.8399270861463678
0.8406359708344585
0.8415811504185795
0.842391304347826
0.8431339454496354
0.8435727788279773
0.8441803942749122
0.8451255738590332
0.8457331893059681
0.8465770996489334
0.8473197407507427
0.8479611126113962
0.8487375101269241
0.8498514717796382
0.8508304077774778
0.8516405617067243
0.8526532541182825
0.8533283823926546
0.8541722927356198
0.8550837159060222
0.8559951390764245
0.8567715365919525
0.857581690521199
0.8580880367269781
0.8585606265190386
0.8590332163110991
0.8595733189305969
0.8601809343775317
0.8610248447204969
0.8617674858223062
0.8624426140966783
0.8633202808533621
0.8638603834728599
0.8646705374021064
0.8655482041587902
0.8661220631920065
0.8668647042938158
0.8676411018093437
0.8679449095328112
0.8685862813934647
0.8691263840129625
0.8698015122873346
0.8704091277342695
0.8710504995949231
0.8715230893869835
0.8719619227653254
0.8724007561436673
0.8731433972454766
0.8739197947610046
0.8749324871725628
0.8758776667566838
0.8768566027545234
0.8775654874426141
0.878173102889549
0.8791520388873886
0.8796583850931677
0.8804010261949771
0.8812111801242236
0.882291385363219
0.8826964623278423
0.883405347015933
0.884012962462868
0.8846543343235215
0.8852619497704564
0.8860721036997029
0.8868822576289495
0.8879962192816635
0.8889751552795031
0.889582770726438
0.8902578990008102
0.8909667836889009
0.891641911963273
0.8922832838239265
0.8928571428571429
0.8935660275452336
0.8943761814744802
0.894983796921415
0.8956589251957872
0.896367809883878
0.8970766945719687
0.8978868485012153
0.8984607075344315
0.8993046178773967
0.8998784769106131
0.900486092357548
0.9010937078044828
0.9018701053200108
0.9022751822846341
0.9034229003510666
0.9042668106940319
0.9049081825546854
0.9055833108290575
0.9059883877936808
0.9063934647583041
0.9070685930326762
0.9078787469619227
0.9086889008911693
0.9093640291655415
0.9100391574399136
0.9107142857142857
0.9111531190926276
0.9117607345395625
0.9124358628139346
0.9130772346745881
0.9135835808803673
0.9141574399135836
0.9149000810153929
0.915406427221172
0.9162165811504186
0.9169592222522279
0.917296786389414
0.9180056710775047
0.9190521199027816
0.9198622738320281
0.9206386713475561
0.9211450175533351
0.9219551714825817
0.922529030515798
0.9231028895490143
0.923474210099919
0.9243181204428842
0.9249594923035377
0.9256683769916284
0.9262422360248447
0.9269173642992169
0.9274912233324332
0.9279975695382122
0.9286051849851472
0.9291115311909263
0.9295503645692682
0.9300904671887659
0.9307318390494194
0.9311706724277613
0.9319808263570079
0.9327234674588172
0.9333985957331893
0.9340399675938428
0.9348163651093708
0.9353227113151499
0.9357953011072103
0.9364704293815825
0.9374156089657035
0.9380232244126384
0.9386308398595733
0.9394072373751012
0.9401836348906292
0.9410613016473129
0.9413651093707804
0.9419389684039967
0.9424790710234945
0.9430191736429921
0.9435255198487713
0.9438968403996759
0.9445382122603294
0.9449770456386714
0.9455509046718876
0.9460910072913854
0.9467998919794761
0.9472049689440993
0.947576289495004
0.948352687010532
0.9489603024574669
0.9493316230083716
0.9499729948690251
0.9506481231433972
0.951188225762895
0.9514920334863624
0.9519646232784229
0.9525047258979206
0.953078584931137
0.9533486362408857
0.9539224952741021
0.9547326492033487
0.9552389954091277
0.9559141236834998
0.9562516878206859
0.9568930596813394
0.9576019443694302
0.9581420469889279
0.9588846880907372
0.9593572778827977
0.959762354847421
0.9602349446394814
0.9608425600864164
0.9612476370510397
0.961990278152849
0.9626991628409398
0.9634080475290305
0.964049419389684
0.9645895220091818
0.9649608425600864
0.9656697272481771
0.9659735349716446
0.966716176073454
0.9671212530380773
0.9676275992438563
0.9682352146907912
0.9687078044828518
0.969112881447475
0.9696192276532541
0.9701255738590332
0.9704968944099379
0.9707669457196867
0.9712395355117472
0.9717121253038077
0.9724885228193356
0.9729611126113962
0.9733324331623009
0.9738050229543613
0.974345125573859
0.974952741020794
0.9754253308128544
0.9757291385363219
0.9764717796381313
0.9770118822576289
0.9774844720496895
0.9781933567377802
0.9789022414258709
0.9792735619767756
0.9798811774237105
0.9804212800432082
0.981130164731299
0.981636510937078
0.9823116392114501
0.9828517418309479
0.9832230623818525
0.983864434242506
0.9842695112071294
0.9847421009991898
0.9851809343775317
0.9857885498244666
0.986362408857683
0.9866662165811504
0.9875438833378342
0.9880839859573319
0.9884553065082365
0.9888266270591413
0.9892992168512017
0.989704293815825
0.990041857953011
0.9905819605725088
0.9910207939508506
0.9911895760194437
0.991594652984067
0.9919659735349716
0.9922697812584391
0.9926748582230623
0.9931136916014043
0.9931474480151229
0.9935187685660275
0.9941263840129625
0.9944977045638671
0.9946664866324602
0.9949027815284904
0.9951390764245207
0.9952403456656764
0.9955103969754253
0.9957466918714556
0.9959492303537673
0.9961855252497974
0.9964555765595463
0.996658115041858
0.996995679179044
0.9970969484201998
0.9973669997299487
0.9979071023494464
0.9982784229003511
0.9985484742101
0.9987172562786929
0.9987510126924115
0.9988185255198487
0.9988522819335673
0.9989197947610046
0.9989873075884418
0.9989873075884418
0.9989873075884418
0.9989873075884418
0.9989873075884418
0.9990885768295976
0.9990885768295976
0.9990885768295976
