0.0008776667566837699
0.001890359168241966
0.003105590062111801
0.004388333783418849
0.0054010261949770455
0.005974885228193357
0.0068863083985957335
0.007966513637591143
0.008911693221712126
0.010059411288144747
0.010734539562516878
0.012253578179854173
0.013131244936537943
0.014177693761814745
0.0154941938968404
0.016911963273021875
0.01822846340804753
0.01957871995679179
0.02076019443694302
0.021671617607345397
0.02298811774237105
0.024237105049959493
0.026633810423980556
0.027578990008101538
0.028591682419659734
0.02933432352146908
0.0304820415879017
0.03108965703483662
0.03206859303267621
0.03294625978935998
0.03348636240885768
0.034060221442074
0.035039157439913586
0.03618687550634621
0.03753713205509047
0.03956251687820686
0.040879017013232516
0.042364299216851205
0.04415338914393735
0.04513232514177694
0.046212530380772346
0.047191466378611935
0.04860923575479341
0.05026330002700513
0.05191736429921685
0.05259249257358898
0.05326762084796111
0.0542465568458007
0.05522549284364029
0.056643262219821765
0.05772346745881717
0.05846610856062652
0.059377531731028894
0.06028895490143127
0.06167296786389414
0.0630232244126384
0.06373210910072914
0.06548744261409668
0.06683769916284094
0.068120442884148
0.06916689170942479
0.07004455846610856
0.07085471239535512
0.0717323791520389
0.07308263570078315
0.0748717256278693
0.07608695652173914
0.07750472589792061
0.07841614906832298
0.07922630299756954
0.0800702133405347
0.08084661085606265
0.0816230083715906
0.08239940588711855
0.08385093167701864
0.08493113691601405
0.08584256008641641
0.08726032946259789
0.08854307318390495
0.08969079125033756
0.09171617607345396
0.092998919794761
0.09387658655144478
0.09434917634350527
0.0955644072373751
0.09701593302727518
0.09843370240345665
0.09941263840129624
0.10110045908722658
0.10272076694571969
0.10410477990818255
0.10559006211180125
0.10626519038617337
0.10714285714285714
0.10802052389954091
0.10866189576019444
0.10970834458547124
0.1105184985147178
0.11166621658115042
0.11281393464758305
0.11419794761004591
0.11588576829597623
0.1172360248447205
0.1183162300837159
0.11919389684039967
0.12000405076964624
0.1209154739400486
0.12189440993788819
0.12287334593572778
0.12368349986497434
0.12496624358628139
0.12648528220361868
0.12770051309748853
0.12905076964623277
0.13033351336753984
0.13141371860653525
0.13208884688090738
0.13286524439643532
0.13360788549824468
0.13441803942749123
0.13522819335673777
0.13671347556035646
0.1380299756953821
0.13907642452065894
0.14120307858493114
0.14319470699432893
0.1446799891979476
0.14653659195247096
0.14798811774237106
0.14896705374021063
0.1497434512557386
0.15068863083985956
0.15153254118282475
0.15305157980016204
0.15382797731568998
0.15517823386443425
0.15625843910342965
0.1575074264110181
0.15885768295976235
0.16030920874966242
0.1615919524709695
0.16243586281393466
0.16354982446664867
0.1647988117742371
0.16577774777207668
0.16645287604644882
0.16712800432082095
0.1679719146637861
0.16911963273021874
0.17067242776127464
0.1720226843100189
0.17371050499594923
0.17522954361328652
0.17593842830137726
0.17688360788549826
0.1782001080205239
0.17914528760464488
0.17992168512017284
0.180765595463138
0.18154199297866594
0.18316230083715906
0.18481636510937077
0.18650418579530112
0.1875168782068593
0.1885295706184175
0.19021739130434784
0.19092627599243855
0.19177018633540371
0.1926816095058061
0.19382932757223872
0.195179584120983
0.1967998919794761
0.19727248177153658
0.19788009721847152
0.19919659735349715
0.20115446934917636
0.20260599513907643
0.20382122603294625
0.20527275182284635
0.20598163651093707
0.20685930326762084
0.20780448285174183
0.2092560086416419
0.21033621388063733
0.21111261139616527
0.21192276532541182
0.21357682959762356
0.21479206049149338
0.21580475290305157
0.21715500945179583
0.21806643262219821
0.21904536862003782
0.2205306508236565
0.22130704833918444
0.2221509586821496
0.22296111261139617
0.2247839589522009
0.2267080745341615
0.22795706184174994
0.22903726708074534
0.22971239535511748
0.23028625438833378
0.23099513907642452
0.2324466648663246
0.23318930596813395
0.2339319470699433
0.23518093437753174
0.23619362678908992
0.2375776397515528
0.2381852551984877
0.23953551174723198
0.24091952470969485
0.24237105049959493
0.24345125573859033
0.24493653794220901
0.24615176883607887
0.24696192276532541
0.24827842290035107
0.24898730758844181
0.24966243586281395
0.2506751282743721
0.25199162840939776
0.25337564137186064
0.25482716716176074
0.25583985957331895
0.25692006481231433
0.2583040777747772
0.2597556035646773
0.2603294625978936
0.2609370780448285
0.2617809883877937
0.2628274372130705
0.2644815014852822
0.26576424520658926
0.26741830947880096
0.2692411558196057
0.27028760464488255
0.271705374021064
0.2722792330542803
0.2732581690521199
0.27457466918714557
0.2753510667026735
0.2764650283553875
0.277714015662976
0.2789630029705644
0.2800432082095598
0.28115716986227385
0.28223737510126923
0.28331758034026466
0.28439778557926004
0.28517418309478804
0.2864906832298137
0.2876384012962463
0.2888198757763975
0.29006886308398594
0.29060896570348366
0.2916891709424791
0.29246556845800703
0.29300567107750475
0.2947272481771537
0.29607750472589794
0.297529030515798
0.29881177423710503
0.2996556845800702
0.3002295436132865
0.30080340264650285
0.3013772616797191
0.30238995409127734
0.3033351336753983
0.30451660815554954
0.305934377531731
0.3075546853902241
0.3089724547664056
0.31025519848771266
0.310997839589522
0.3118417499324872
0.3125506346205779
0.3135970834458547
0.31521739130434784
0.3167026735079665
0.31781663516068054
0.31876181474480153
0.3198082635700783
0.32092222522279235
0.3219011612206319
0.32311639211450177
0.324297866594653
0.32608695652173914
0.327639751552795
0.32817985417229273
0.32895625168782067
0.32966513637591144
0.33037402106400215
0.331420469889279
0.33243316230083714
0.33398595733189307
0.33486362408857684
0.33587631650013505
0.3373278422900351
0.3387793680799352
0.3394882527680259
0.3408385093167702
0.3423237915203889
0.34320145827707266
0.34380907372400754
0.3451255738590332
0.3466446124763705
0.34812989467998917
0.34927761274642183
0.3503240615716986
0.3511004590872266
0.35187685660275453
0.35312584391034296
0.3543748312179314
0.35545503645692683
0.35660275452335943
0.35812179314069675
0.3594382932757224
0.3601471779638131
0.3609910883067783
0.3621725627869295
0.3631177423710505
0.36392789630029704
0.36494058871185525
0.3659870375371321
0.3667296786389414
0.3677761274642182
0.3688563327032136
0.36966648663246016
0.3710167431812044
0.371995679179044
0.3734809613826627
0.3745274102079395
0.37527005130974883
0.3759114231704024
0.37682284634080476
0.37797056440723736
0.37894950040507697
0.3802660005401026
0.38100864164191195
0.3818525519848771
0.3827302187415609
0.38414798811774237
0.3856332703213611
0.3870847961112611
0.3879962192816635
0.3889076424520659
0.3904266810694032
0.3913718606535242
0.3930259249257359
0.39451120712935456
0.3960302457466919
0.3970091817445315
0.39812314339724547
0.39900081015392924
0.4003510667026735
0.40139751552795033
0.4022751822846341
0.40322036186875504
0.4041317850391574
0.4049756953821226
0.40622468268971107
0.40686605455036456
0.408115041857953
0.40929651633810427
0.4105792600594113
0.41138941398865786
0.4121658115041858
0.4128746961922765
0.41442749122333244
0.4156764785309209
0.41662165811504187
0.4178031325951931
0.41918714555765596
0.4199635430731839
0.4211450175533351
0.4225965433432352
0.42384553065082364
0.42506076154469347
0.4259046718876587
0.42678233864434245
0.42793005671077505
0.4292128004320821
0.4306643262219822
0.43147448015122875
0.4322846340804753
0.4333648393194707
0.4344450445584661
0.4353564677288685
0.4363691601404267
0.43731433972454764
0.43873210910072913
0.43998109640831756
0.4411288144747502
0.4417364299216851
0.4426816095058061
0.4438630839859573
0.44490953281123413
0.4457534431541993
0.4469686740480691
0.44811639211450177
0.4490953281123413
0.4504793410748042
0.45128949500405074
0.4526059951390764
0.4538212260329463
0.45513772616797193
0.4561841749932487
0.4571293545773697
0.4587496624358628
0.46040372670807456
0.46195652173913043
0.4628004320820956
0.463711855252498
0.4649608425600864
0.4664461247637051
0.4672900351066703
0.46813394544963544
0.4695517148258169
0.4701930866864704
0.47080070213340536
0.4721509586821496
0.4731974075074264
0.4741088306778288
0.47458142046988927
0.4761679719146638
0.47697812584391036
0.4776870105320011
0.4784296516338104
0.4791385363219012
0.4803875236294896
0.48116392114501755
0.48214285714285715
0.48376316500135025
0.48568728058331084
0.4867337294085876
0.4877464218201458
0.48896165271401565
0.4901093707804483
0.4909870375371321
0.4916621658115042
0.492708614636781
0.4940588711855253
0.49513907642452065
0.4963543073183905
0.4978058331082906
0.499054820415879
0.5002025384823117
0.5014177693761814
0.5020928976505536
0.5036456926816095
0.5049621928166351
0.5057385903321631
0.5068187955711585
0.507460167431812
0.5080340264650284
0.5088779368079935
0.5096880907372401
0.5106670267350797
0.5116459627329193
0.5123210910072914
0.5138738860383473
0.5148528220361869
0.5158317580340265
0.5171482581690521
0.5182959762354847
0.5191061301647313
0.5201188225762895
0.5211990278152849
0.5222117202268431
0.5228530920874966
0.5241358358088036
0.5254185795301107
0.5261274642182014
0.5276127464218201
0.5289630029705644
0.5301782338644342
0.5308533621388064
0.5321361058601134
0.5335201188225763
0.5344652984066973
0.5354442344045368
0.5359843370240346
0.5366594652984067
0.5373008371590602
0.5378746961922766
0.5384147988117742
0.5391911963273022
0.5402714015662976
0.5410815554955442
0.5417229273561976
0.5428031325951931
0.5434782608695652
0.5444571968674048
0.5457399405887119
0.5465500945179584
0.5474615176883608
0.5489130434782609
0.5498919794761005
0.5512084796111261
0.552423710504996
0.553706454226303
0.5550904671887659
0.5563056980826357
0.5574534161490683
0.5588374291115312
0.5601201728328382
0.560997839589522
0.5625506346205779
0.564002160410478
0.5654199297866594
0.5661288144747502
0.5666014042668107
0.5672090197137456
0.5677828787469619
0.5684580070213341
0.5690993788819876
0.5703146097758575
0.5712260329462598
0.572238725357818
0.5732514177693762
0.5741628409397785
0.5752768025924926
0.5762894950040508
0.5770321361058601
0.5781798541722928
0.5794963543073184
0.5805090467188766
0.5814542263029976
0.5827707264380232
0.5840197137456117
0.5849986497434513
0.5861801242236024
0.5873953551174723
0.5886105860113422
0.589825816905212
0.5906359708344585
0.5915811504185795
0.5922900351066702
0.592830137726168
0.5938765865514448
0.5949905482041588
0.5955981636510937
0.5965095868214961
0.5975560356467728
0.5981974075074264
0.5988050229543613
0.5995814204698893
0.6006278692951661
0.6015392924655685
0.602180664326222
0.6029570618417499
0.6042735619767756
0.6053875236294896
0.6069740750742642
0.6085606265190386
0.6097758574129084
0.6107210369970294
0.611531190926276
0.6124426140966783
0.6136916014042668
0.6143329732649203
0.6152106400216041
0.6158857682959762
0.6164596273291926
0.6173372940858763
0.6180799351876857
0.6186200378071833
0.6193964353227113
0.6203416149068323
0.6211517688360788
0.6218944099378882
0.6226370510396976
0.6241560896570348
0.6254725897920604
0.6262489873075885
0.6271941668917094
0.628173102889549
0.6293208209559816
0.630232244126384
0.6313124493653794
0.6326964623278423
0.6341817445314609
0.6351606805293005
0.6366797191466379
0.6379624628679449
0.6390764245206589
0.640190386173373
0.6407642452065893
0.6421145017553335
0.64292465568458
0.6437685660275453
0.6445449635430732
0.6455576559546313
0.6461652714015663
0.6472792330542804
0.6483594382932757
0.6488657844990549
0.6498109640831758
0.6506886308398596
0.6516675668376991
0.6523089386983527
0.6534229003510666
0.6544355927626249
0.6553807723467459
0.6563934647583041
0.6574399135835809
0.6584526059951391
0.6589927086146368
0.6599378881987578
0.6610180934377532
0.6619970294355928
0.6627396705374021
0.6632122603294626
0.6643599783958952
0.6659802862543883
0.666689170942479
0.6673305428031326
0.6678706454226303
0.668579530110721
0.669355927626249
0.6700985687280583
0.6708412098298677
0.6716513637591143
0.6724615176883608
0.6732041587901701
0.6739467998919795
0.6752295436132866
0.6765122873345936
0.6775249797461518
0.6781663516068053
0.6794490953281124
0.6803267620847961
0.6811031596003241
0.6820820955981637
0.6831285444234405
0.6841412368349986
0.6849851471779638
0.6860991088306778
0.6871455576559546
0.6879219551714826
0.6887321091007291
0.6896097758574129
0.6902511477180664
0.6912975965433432
0.69234404536862
0.6930529300567108
0.6940993788819876
0.694571968674048
0.6953483661895761
0.6957871995679179
0.6971712125303807
0.6981163921145017
0.6995004050769646
0.7004793410748043
0.7012219821766136
0.702133405347016
0.7030448285174183
0.7040575209289766
0.7049351876856603
0.7058803672697812
0.706589251957872
0.7078382392654604
0.708648393194707
0.7097285984337024
0.7105725087766676
0.7114164191196327
0.7126991628409398
0.7134418039427491
0.7143532271131515
0.7152984066972725
0.7166486632460167
0.7176613556575749
0.7185727788279773
0.7194504455846611
0.7203618687550635
0.721003240615717
0.7217458817175263
0.7229273561976776
0.7236024844720497
0.7245476640561707
0.7255603564677289
0.726404266810694
0.7275519848771267
0.7280245746691871
0.7286659465298406
0.7295098568728058
0.7301174723197408
0.7309276262489873
0.7317377801782339
0.732412908452606
0.7334256008641642
0.7343707804482852
0.735417229273562
0.7366324601674318
0.7373751012692411
0.7381852551984878
0.7391641911963273
0.7399405887118553
0.7412233324331623
0.7422360248447205
0.7431474480151229
0.7440251147718067
0.7449702943559277
0.7459829867674859
0.7470294355927626
0.7480083715906022
0.7490885768295976
0.7502025384823117
0.7508439103429652
0.7517553335133675
0.7527005130974885
0.7538144747502026
0.7547934107480422
0.755671077504726
0.7567512827437213
0.7574939238455306
0.7583040777747773
0.7595868214960843
0.7604982446664866
0.7611058601134215
0.7619497704563867
0.7626586551444775
0.7635700783148798
0.7643464758304078
0.7653929246556845
0.7662030785849311
0.7667769376181475
0.7677221172022685
0.768532271131515
0.7696124763705104
0.7704901431271942
0.7716041047799082
0.7723129894679989
0.7729881177423711
0.7738995409127735
0.7748784769106131
0.7757223872535782
0.7770388873886038
0.7781528490413179
0.7791992978665947
0.779773156899811
0.7804145287604645
0.7811234134485552
0.782001080205239
0.7826424520658926
0.7833513367539833
0.7841614906832298
0.7847015933027275
0.7855455036456926
0.7863556575749392
0.7873345935727788
0.7881447475020253
0.7889211450175533
0.7899338374291115
0.7907102349446394
0.7912165811504186
0.7920267350796651
0.7928368890089117
0.7935120172832838
0.7939846070753444
0.7946934917634351
0.7958074534161491
0.7965163381042398
0.7975627869295167
0.7985417229273561
0.7994531460977585
0.8006346205779098
0.8010059411288145
0.8017485822306238
0.8026937618147448
0.8036051849851472
0.8043140696732379
0.8052592492573589
0.8061369160140427
0.8066432622198217
0.8071496084256009
0.8079260059411288
0.8086686470429382
0.8094112881447475
0.8101539292465568
0.8110991088306778
0.8117742371050499
0.8125843910342965
0.8131920064812315
0.8139008911693222
0.8151836348906292
0.8157912503375642
0.8166351606805293
0.8174115581960573
0.8179854172292735
0.8187955711585201
0.8197745071563597
0.8206859303267621
0.8215298406697272
0.8227788279773157
0.8237915203888739
0.8243653794220902
0.8254455846610856
0.8260532001080205
0.8269308668647043
0.8281798541722928
0.8290575209289766
0.829530110721037
0.8301039697542533
0.830644072373751
0.8315554955441534
0.8321968674048069
0.8328382392654604
0.8337496624358628
0.8345260599513907
0.8353024574669187
0.8361126113961652
0.8366189576019444
0.8373278422900351
0.8378679449095328
0.8386780988387794
0.8396570348366189
0.8403659195247097
0.8415136375911423
0.8423237915203888
0.8430326762084797
0.8438428301377262
0.8446192276532541
0.8454293815825007
0.8462732919254659
0.847117202268431
0.8477585741290845
0.8486024844720497
0.8495476640561707
0.8505266000540103
0.8511004590872265
0.8518768566027545
0.8523832028085336
0.853294625978936
0.8541385363219012
0.8551512287334594
0.8555900621118012
0.8562989467998919
0.8569065622468269
0.8578179854172293
0.8587294085876317
0.8593707804482852
0.8600796651363759
0.8606197677558736
0.8614974345125573
0.862307588441804
0.8628476910613017
0.8636240885768296
0.8641304347826086
0.8646705374021064
0.8652106400216041
0.8658520118822576
0.8668984607075344
0.8677761274642182
0.8686875506346206
0.8696327302187415
0.8704428841479881
0.87088171752633
0.871658115041858
0.8724007561436673
0.8729746151768836
0.8736159870375372
0.8743923845530651
0.8751012692411558
0.8757763975155279
0.8762489873075885
0.8770928976505536
0.8779705644072374
0.8786456926816095
0.8795571158520119
0.8801984877126654
0.8811436672967864
0.8818863083985957
0.882460167431812
0.8833040777747773
0.8846205779098029
0.8854307318390494
0.8861396165271401
0.8865784499054821
0.8871523089386983
0.8878949500405077
0.8883675398325682
0.8892114501755334
0.8897177963813124
0.890527950310559
0.8914393734809614
0.8921145017553335
0.8928571428571429
0.8937010532001081
0.8944436943019174
0.8950175533351337
0.8961315149878477
0.8967728868485012
0.8972792330542804
0.8980218741560897
0.8987982716716176
0.8994396435322711
0.9003173102889549
0.9010937078044828
0.9018363489062922
0.9026465028355387
0.9031528490413179
0.9038617337294086
0.9046718876586551
0.9053132595193086
0.9060896570348366
0.9066972724817716
0.9075074264110181
0.9086213880637322
0.9089927086146368
0.9096340804752903
0.910174183094788
0.9108155549554415
0.9113894139886578
0.9119632730218742
0.9126384012962463
0.9130772346745881
0.9135160680529301
0.9141574399135836
0.9147650553605186
0.9152038887388604
0.9157102349446394
0.9162503375641372
0.9169254658385093
0.9178031325951931
0.9185120172832838
0.9192884147988117
0.9199972994869026
0.9209087226573048
0.9216851201728329
0.9222589792060492
0.9230016203078585
0.9234404536862004
0.9240143127194167
0.9250607615446935
0.925702133405347
0.9264110180934377
0.9270523899540912
0.9278625438833379
0.9281325951930867
0.9289089927086146
0.929482851741831
0.9297866594652984
0.9303942749122334
0.9308668647042938
0.931373210910073
0.9318458007021334
0.9324871725627869
0.9330610315960033
0.9336686470429382
0.9343100189035917
0.9351539292465568
0.9354577369700243
0.936166621658115
0.9367067242776127
0.9371455576559546
0.9375843910342965
0.9379219551714826
0.9385970834458547
0.9394072373751012
0.9399135835808804
0.9406562246826897
0.9413651093707804
0.941837699162841
0.942175263300027
0.9426140966783689
0.9431541992978666
0.9434917634350527
0.9439981096408318
0.9443019173642992
0.9448082635700783
0.9454496354307318
0.9460910072913854
0.9466648663246017
0.9474750202538482
0.9480488792870645
0.9487577639751553
0.9496354307318391
0.950411828247367
0.9508506616257089
0.9512557385903322
0.9520321361058601
0.9523359438293276
0.9528760464488253
0.9533823926546043
0.9536524439643532
0.9542600594112881
0.9551377261679719
0.9558803672697812
0.9566905211990279
0.9571631109910883
0.957703213610586
0.958310829057521
0.9591209829867675
0.9601674318120443
0.9608088036726978
0.9614164191196327
0.9618890089116933
0.9622940858763165
0.9626991628409398
0.9632055090467189
0.9638468809073724
0.9644207399405887
0.9648595733189306
0.965433432352147
0.9660410477990818
0.9664123683499865
0.9668174453146098
0.9673237915203888
0.9677288684850122
0.9683702403456657
0.9689778557926005
0.9694504455846611
0.9698892789630029
0.9703281123413449
0.9707331893059681
0.9712057790980286
0.9717121253038077
0.9722859843370241
0.9730286254388334
0.9733661895760194
0.9737037537132055
0.9743113691601404
0.974952741020794
0.9753578179854172
0.9758641641911964
0.9763705103969754
0.9767418309478801
0.9773832028085336
0.9782271131514988
0.9786997029435592
0.9792060491493384
0.9799486902511477
0.9805563056980826
0.9810626519038618
0.9813327032136105
0.98207534431542
0.982581690521199
0.9832230623818525
0.9835943829327572
0.9839657034836619
0.9849446394815015
0.985417229273562
0.9859910883067783
0.9862948960302458
0.9867337294085876
0.9872738320280854
0.9877464218201458
0.9881177423710505
0.9883202808533621
0.9889616527140157
0.9892654604374831
0.9895692681609506
0.9897380502295436
0.9902781528490413
0.990649473399946
0.9910545503645692
0.9915271401566298
0.9918647042938158
0.9924048069133136
0.9928436402916554
0.9932824736699973
0.9937888198757764
0.9940926275992439
0.9942276532541183
0.9944639481501485
0.9944977045638671
0.9948690251147718
0.9953416149068323
0.9955779098028625
0.9957804482851742
0.9961855252497974
0.9965230893869835
0.996826897110451
0.9972319740750742
0.9975357817985417
0.9978395895220091
0.9982446664866325
0.9984809613826627
0.9986159870375372
0.9986834998649744
0.9987172562786929
0.9987510126924115
0.9988185255198487
0.9989197947610046
0.9989197947610046
0.9989535511747232
0.999054820415879
0.9990885768295976
0.9990885768295976
