0.0008776667566837699
0.001890359168241966
0.003105590062111801
0.004388333783418849
0.005367269781258439
0.00594112881447475
0.0069538212260329465
0.007966513637591143
0.008979206049149339
0.010025654874426141
0.010700783148798272
0.011814744801512287
0.012523629489603024
0.013570078314879826
0.014852822036186876
0.016000540102619497
0.01772211720226843
0.018768566027545234
0.020186335403726708
0.02096273291925466
0.0222117202268431
0.023224412638401297
0.024304617877396704
0.025182284634080475
0.02622873345935728
0.02707264380232244
0.027815284904131786
0.02872670807453416
0.029705644072373753
0.03017823386443424
0.031123413448555227
0.032406157169862275
0.03345260599513908
0.03490413178503916
0.03642317040237645
0.03790845260599514
0.03905617067242776
0.04054145287604645
0.04121658115041858
0.04216176073453956
0.043208209559816364
0.044558466108560624
0.04540237645152579
0.045841209829867675
0.04685390224142587
0.047529030515798
0.04837294085876317
0.049419389684039965
0.050297056440723735
0.051208479611126116
0.052795031055900624
0.054516608155549554
0.055664326221982176
0.05708209559816365
0.05846610856062652
0.05934377531731029
0.061267890899270865
0.062483121793140695
0.06329327572238726
0.0641034296516338
0.06501485282203619
0.06623008371590602
0.06727653254118282
0.06825546853902241
0.06896435322711315
0.06994328922495274
0.07075344315419929
0.07166486632460167
0.07308263570078315
0.07460167431812044
0.0759519308668647
0.07787604644882527
0.07929381582500675
0.08077909802862544
0.08185930326762085
0.0832095598163651
0.0842222522279233
0.08557250877666757
0.08688900891169322
0.08759789359978395
0.08834053470159331
0.08915068863083986
0.09077099648933297
0.09225627869295167
0.09310018903591682
0.09370780448285174
0.09488927896300298
0.09580070213340534
0.09627329192546584
0.09755603564677288
0.0992100999189846
0.10039157439913583
0.10197812584391035
0.10319335673778018
0.10390224142587091
0.10467863894139887
0.10609640831758034
0.10775047258979206
0.1089657034836619
0.1095395625168782
0.1105184985147178
0.11099108830677828
0.11197002430461787
0.11355657574939239
0.11490683229813664
0.11608830677828788
0.11683094788009722
0.1177761274642182
0.11858628139346476
0.12027410207939508
0.12175938428301378
0.12253578179854173
0.12435862813934648
0.12631650013502566
0.1276330002700513
0.12827437213070483
0.12948960302457466
0.1307048339184445
0.13235889819065622
0.13391169322171212
0.1348568728058331
0.13546448825276802
0.1364771806643262
0.13711855252497976
0.13853632190116122
0.1399540912773427
0.1411018093437753
0.1425195787199568
0.14366729678638943
0.14501755333513366
0.14589522009181743
0.1466378611936268
0.14734674588171753
0.14808938698352686
0.14940588711855252
0.15072238725357817
0.1518701053200108
0.15254523359438293
0.15322036186875507
0.15419929786659464
0.15581960572508777
0.1569673237915204
0.15818255468539022
0.15919524709694843
0.1600729138536322
0.1606130164731299
0.1616594652984067
0.1632122603294626
0.16405617067242775
0.16510261949770455
0.16598028625438832
0.16756683769916283
0.16864704293815824
0.16915338914393735
0.16972724817715365
0.1709424790710235
0.17192141506886308
0.17340669727248176
0.17438563327032136
0.17546583850931677
0.17647853092087495
0.1777950310559006
0.17890899270861463
0.18002295436132865
0.18093437753173103
0.1824196597353497
0.1838711855252498
0.18515392924655685
0.18579530110721038
0.1865379422090197
0.18741560896570347
0.1896097758574129
0.1906899810964083
0.1915338914393735
0.19227653254118282
0.19372805833108292
0.1948420199837969
0.19666486632460167
0.19798136645962733
0.20004050769646234
0.2009856872805833
0.20155954631379963
0.2024372130704834
0.20338239265460437
0.20412503375641372
0.20493518768566027
0.20645422630299756
0.2076019443694302
0.20888468809073724
0.21016743181204428
0.21134890629219552
0.21276667566837698
0.21448825276802594
0.21560221442073993
0.21671617607345395
0.21752633000270052
0.21813394544963544
0.21894409937888198
0.21951795841209829
0.22086821496084255
0.2220834458547124
0.22339994598973806
0.22491898460707535
0.22579665136375912
0.2273156899810964
0.22923980556305698
0.23099513907642452
0.23146772886848502
0.23231163921145018
0.23302052389954092
0.23352687010532
0.23406697272481772
0.23524844720496896
0.23666621658115042
0.23764515257899002
0.23882662705914123
0.24048069133135297
0.24213475560356468
0.2432824736699973
0.24399135835808802
0.24510532001080204
0.2463205509046719
0.24716446124763705
0.247940858763165
0.24922360248447206
0.2506751282743721
0.2521266540642722
0.25340939778557925
0.2551309748852282
0.25644747502025383
0.2578314879827167
0.25894544963543076
0.2598568728058331
0.2607007831487983
0.26154469349176346
0.2623886038347286
0.2639751552795031
0.26529165541452876
0.26694571968674047
0.2677896300297056
0.2681947069943289
0.26934242506076156
0.2711315149878477
0.27261679719146636
0.2738657844990548
0.27518228463408045
0.27643127194166894
0.2774777207669457
0.2781866054550365
0.2795031055900621
0.28065082365649474
0.28139346475830407
0.28233864434242506
0.28328382392654605
0.2846340804752903
0.2859843370240346
0.28696327302187413
0.2880772346745882
0.28946124763705106
0.29040642722117205
0.29175668376991626
0.29273561976775586
0.2935457736970024
0.2944909532811234
0.2961450175533351
0.29746151768836077
0.29823791520388876
0.2991830947880097
0.3004320820955982
0.3015798001620308
0.30293005671077505
0.3042128004320821
0.3056305698082636
0.30644072373751013
0.3072508776667567
0.30863489062921956
0.3104577369700243
0.3120105320010802
0.31261814744801514
0.3136308398595733
0.3145422630299757
0.3155887118552525
0.3165676478530921
0.3177153659195247
0.31879557115852014
0.32001080205238996
0.32146232784229
0.3223737510126924
0.32372400756143666
0.3253443154199298
0.32672832838239263
0.32780853362138807
0.3290912773426951
0.3301039697542533
0.3312516878206859
0.3326357007831488
0.33337834188495813
0.3341884958142047
0.33503240615716984
0.3361463678098839
0.3371928166351607
0.3383405347015933
0.3394207399405887
0.34060221442073996
0.34171617607345395
0.34269511207129355
0.34370780448285176
0.3444504455846611
0.3456656764785309
0.34630704833918446
0.3475897920604915
0.34856872805833106
0.3501890359168242
0.35096543343235215
0.352518228463408
0.3531596003240616
0.35457736970024306
0.35521874156089656
0.3562651903861734
0.3574804212800432
0.35903321631109913
0.36028220361868757
0.361699972994869
0.3621388063732109
0.36328652443964354
0.36382662705914126
0.364535511747232
0.3657169862273832
0.3667296786389414
0.3677761274642182
0.36902511477180666
0.3703078584931137
0.37108425600864164
0.37206319200648125
0.37277207669457196
0.37364974345125573
0.37472994869025117
0.375945179584121
0.3773967053740211
0.3788144747502025
0.38029975695382123
0.38100864164191195
0.3817175263300027
0.3821563597083446
0.38316905211990276
0.38408047529030515
0.3854307318390494
0.3868485012152309
0.388300027005131
0.3896502835538752
0.3901903861733729
0.39116932217121253
0.39224952741020797
0.3935660275452336
0.3946124763705104
0.39576019443694305
0.39663786119362676
0.397481771536592
0.39805563056980825
0.39900081015392924
0.39994598973805023
0.400823656494734
0.40166756683769916
0.40301782338644343
0.40426681069403186
0.4054482851741831
0.40666351606805295
0.4075074264110181
0.40882392654604377
0.40966783688900893
0.4106467728868485
0.4121995679179044
0.4133810423980556
0.414292465568458
0.4153389143937348
0.4164866324601674
0.41756683769916286
0.4183094788009722
0.41965973534971646
0.4205374021064002
0.42182014582770727
0.42273156899810965
0.4235417229273562
0.4246219281663516
0.42580340264650285
0.42678233864434245
0.4276937618147448
0.4287402106400216
0.42998919794761004
0.430934377531731
0.43191331352957063
0.43268971104509857
0.43353362138806373
0.43474885228193355
0.4363016473129895
0.4377531731028895
0.4384620577909803
0.4394409937888199
0.44031866054550367
0.4410950580610316
0.4422765325411828
0.4438968403996759
0.4451120712935458
0.4462260329462598
0.4466986227383203
0.44804887928706455
0.44906157169862276
0.45014177693761814
0.45135700783148797
0.4529773156899811
0.45419254658385094
0.4551039697542533
0.4559816365109371
0.45675803402646503
0.4578382392654604
0.4593235214690791
0.4602011882257629
0.4613826627059141
0.4623615987037537
0.46367809883877936
0.46482581690521196
0.46604104779908184
0.46678368890089117
0.46776262489873077
0.4690116122063192
0.46958547123953553
0.4704968944099379
0.47120577909802863
0.4720834458547124
0.47312989467998917
0.47407507426411016
0.4747502025384823
0.4761342155009452
0.4767755873615987
0.47802457466918713
0.4794423440453686
0.4804212800432082
0.48160275452335943
0.48275047258979203
0.48372940858763164
0.4846070753443154
0.48615987037537134
0.48798271671617605
0.4891641911963273
0.4902443964353227
0.49095328112341347
0.49176343505266
0.49301242236024845
0.49449770456386716
0.49605049959492303
0.49679314069673236
0.4974682689711045
0.4984134485552255
0.49942614096678367
0.5008439103429652
0.5018566027545234
0.5031393464758304
0.5041520388873886
0.505063462057791
0.5059411288144747
0.5074939238455306
0.5085403726708074
0.5094855522549284
0.5102619497704564
0.5108358088036727
0.5119835268701053
0.5134012962462868
0.514751552795031
0.5157980016203079
0.5165406427221172
0.5174858223062382
0.5183297326492033
0.519308668647043
0.5200850661625709
0.5215703483661895
0.5231906562246826
0.5243383742911153
0.5253173102889549
0.5264987847691062
0.528051579800162
0.5291317850391575
0.5301107210369971
0.5313597083445855
0.5325749392384553
0.5338576829597623
0.535005401026195
0.5356467728868485
0.5364231704023764
0.5374358628139346
0.538178503915744
0.5390899270861463
0.5402714015662976
0.5409802862543883
0.5413178503915744
0.5424318120442884
0.543579530110721
0.5444909532811234
0.545469889278963
0.5463813124493654
0.5476640561706724
0.5485754793410748
0.5493856332703214
0.5503645692681609
0.5514110180934377
0.5522886848501215
0.5532338644342425
0.5542803132595193
0.5558668647042938
0.5570820955981637
0.5577572238725358
0.5593437753173103
0.5605252497974615
0.5616729678638941
0.5629219551714826
0.5637658655144477
0.5651836348906292
0.5660950580610316
0.5667026735079665
0.5673778017823387
0.568120442884148
0.5688293275722387
0.5696057250877666
0.5706184174993248
0.5716311099108831
0.5727450715635971
0.573352687010532
0.5741965973534972
0.5751417769376181
0.5760869565217391
0.5769646232784229
0.5784836618957602
0.5791587901701323
0.5804077774777208
0.5812516878206859
0.5823656494734
0.5831082905752093
0.5840197137456117
0.5847961112611396
0.5856737780178234
0.586821496084256
0.5876991628409398
0.5885768295976236
0.5897920604914934
0.590939778557926
0.5919524709694842
0.5930664326221983
0.5936402916554145
0.5946192276532541
0.5949905482041588
0.595665676478531
0.5966446124763705
0.5972859843370241
0.5981298946799892
0.5987375101269241
0.5994801512287334
0.6005266000540103
0.6019443694301917
0.6029908182554685
0.6043073183904942
0.6052187415608966
0.6060626519038618
0.6075141776937618
0.6084256008641642
0.6096745881717527
0.6110248447204969
0.6119025114771807
0.6129489603024575
0.6139278963002971
0.6152443964353227
0.6165608965703484
0.6179786659465298
0.618822576289495
0.6201053200108021
0.6211855252497974
0.6220969484201998
0.6227383202808534
0.623109640831758
0.6239873075884418
0.6247299486902511
0.6254388333783418
0.6261814744801513
0.6271941668917094
0.6280380772346746
0.6290170132325141
0.6301984877126654
0.631177423710505
0.6322576289495004
0.6333715906022144
0.6347893599783959
0.6357007831487983
0.6371523089386983
0.6380974885228193
0.6393464758304078
0.640527950310559
0.6417094247907102
0.6430259249257358
0.6439035916824196
0.6450850661625709
0.6465703483661895
0.6473467458817175
0.6480556305698083
0.6487982716716176
0.6493383742911153
0.6502160410477991
0.650992438563327
0.6518363489062922
0.6527815284904132
0.6534229003510666
0.6544693491763435
0.6553132595193086
0.6564272211720227
0.6572711315149878
0.6583513367539833
0.6596003240615717
0.6606805293005671
0.6617607345395625
0.6627734269511207
0.6638198757763976
0.6646637861193627
0.6661490683229814
0.667296786389414
0.6682757223872535
0.6696934917634351
0.6708749662435863
0.671921415068863
0.6727990818255468
0.6733729408587632
0.6739805563056981
0.6748244666486632
0.6754658385093167
0.6763097488522819
0.6768836078854983
0.6780650823656494
0.6793140696732379
0.679820415879017
0.6807993518768566
0.6815757493923845
0.6823859033216311
0.6835673778017823
0.6843100189035917
0.6851539292465568
0.6860991088306778
0.687111801242236
0.6884620577909802
0.6893734809613826
0.6904536862003781
0.6915676478530921
0.6922765325411828
0.6929854172292735
0.6937955711585201
0.6945044558466108
0.6950445584661086
0.6957871995679179
0.6971374561166621
0.6978800972184716
0.6986902511477181
0.6995341614906833
0.7001417769376181
0.701188225762895
0.7025384823116392
0.7037199567917904
0.7048676748582231
0.7057790980286255
0.7067917904401836
0.7081758034026465
0.7090872265730489
0.710201188225763
0.7113151498784769
0.7122265730488793
0.7131717526330003
0.7137793680799351
0.7145557655954632
0.7152984066972725
0.7166149068322981
0.7172562786929516
0.7179651633810424
0.7184715095868215
0.7196529840669728
0.7206319200648124
0.7216783688900891
0.7224210099918985
0.723399945989738
0.724345125573859
0.7249189846070754
0.7260667026735079
0.7269781258439103
0.7276870105320011
0.728632190116122
0.7294761004590872
0.7302524979746152
0.7309951390764245
0.7319065622468269
0.7329530110721038
0.7336618957601945
0.7345733189305969
0.7356197677558736
0.7364636780988387
0.7374426140966783
0.7383202808533621
0.7389954091277343
0.7400081015392924
0.7404469349176344
0.7413921145017554
0.7425735889819065
0.743316230083716
0.7445314609775857
0.7453753713205509
0.7464555765595463
0.7474345125573859
0.7483121793140697
0.7491560896570348
0.7502025384823117
0.751113961652714
0.7517215770996489
0.7525317310288955
0.7532068593032676
0.7539157439913584
0.7547596543343236
0.7557048339184445
0.7567512827437213
0.758067782878747
0.7588441803942749
0.7598906292195517
0.7606332703213611
0.7621523089386983
0.7632662705914124
0.7642114501755334
0.7654604374831218
0.7661018093437754
0.7670469889278962
0.7680596813394545
0.7689711045098568
0.7697812584391034
0.7705576559546313
0.7716041047799082
0.7723129894679989
0.7730893869835269
0.7739332973264921
0.7749797461517688
0.775823656494734
0.7769713745611666
0.7776127464218201
0.7784566567647853
0.779334323521469
0.78027950310559
0.7813934647583041
0.7822373751012692
0.7828112341344855
0.7836551444774507
0.7845328112341344
0.7852079395085066
0.7857817985417229
0.7865581960572509
0.7875708884688091
0.7884485552254928
0.7893262219821766
0.7901363759114232
0.7910477990818255
0.7917904401836349
0.7923980556305698
0.7931744531460978
0.7942546583850931
0.7949297866594653
0.7956386713475561
0.7963475560356468
0.7972252227923305
0.797866594652984
0.7986767485822306
0.799756953821226
0.8003983256818795
0.8013097488522819
0.8019848771266541
0.8029638131244936
0.8037739670537402
0.8043140696732379
0.8051242236024845
0.8058668647042938
0.8070483391844451
0.8077909802862544
0.8084661085606265
0.8091749932487172
0.8099176343505265
0.8105927626248988
0.8110991088306778
0.811943019173643
0.8128206859303267
0.813833378341885
0.8150148528220362
0.8160613016473129
0.8166689170942479
0.8176140966783689
0.8184917634350527
0.8194706994328923
0.8201458277072644
0.8207534431541993
0.821293545773697
0.822069943289225
0.8226775587361599
0.823521469079125
0.8247029435592763
0.825749392384553
0.8265595463137996
0.827302187415609
0.8278085336213881
0.8283823926546043
0.8291587901701323
0.8301377261679719
0.8307453416149069
0.8316230083715906
0.8323656494734
0.8330745341614907
0.8339522009181745
0.8350324061571699
0.8359438293275723
0.8368890089116933
0.8374966243586282
0.8382392654604375
0.8391506886308399
0.839488252768026
0.8401971374561167
0.8410748042128005
0.8419862273832028
0.8427626248987308
0.8435390224142587
0.8444842019983797
0.8449567917904401
0.8455306508236565
0.84617202268431
0.8468809073724007
0.8477585741290845
0.849007561436673
0.8498177153659195
0.8503240615716986
0.8511004590872265
0.8519443694301917
0.8526194977045639
0.8533621388063732
0.854239805563057
0.8549486902511477
0.8559613826627059
0.8568052930056711
0.8574466648663246
0.8579192546583851
0.8587631650013503
0.8597421009991898
0.8605184985147178
0.8614299216851202
0.861868755063462
0.8626113961652714
0.8631177423710505
0.8635565757493924
0.8644679989197948
0.8652781528490413
0.8660883067782879
0.8668984607075344
0.867708614636781
0.8684850121523089
0.8690926275992439
0.8698015122873346
0.8704766405617067
0.8711517688360788
0.8720294355927626
0.8726708074534162
0.8735822306238186
0.8743248717256279
0.8750337564137186
0.8757426411018093
0.8764177693761814
0.877059141236835
0.8777342695112071
0.8783756413718606
0.8789832568187955
0.8798271671617607
0.8803335133675398
0.8812111801242236
0.8818863083985957
0.8827302187415609
0.8833040777747773
0.8840804752903052
0.8847218471509587
0.8857345395625169
0.8865446934917635
0.8873210910072914
0.8882325141776938
0.8888401296246287
0.889582770726438
0.8901228733459358
0.8908317580340265
0.8914056170672428
0.8922832838239265
0.8926546043748312
0.8933972454766406
0.8941398865784499
0.8948825276802592
0.8955238995409128
0.8961315149878477
0.8966378611936268
0.8974142587091547
0.8978868485012153
0.8986970024304618
0.8992371050499595
0.900047258979206
0.900823656494734
0.9017688360788549
0.9021401566297597
0.9029840669727248
0.90382797731569
0.9042330542803133
0.9050094517958412
0.9054820415879017
0.9062584391034296
0.907001080205239
0.9077437213070484
0.9081487982716716
0.9087901701323251
0.909566567647853
0.9101066702673508
0.9109843370240346
0.911456926816095
0.9121320550904672
0.9128071833648393
0.9135160680529301
0.9141911963273022
0.9148325681879557
0.9154739400486093
0.9159465298406697
0.9165879017013232
0.9174318120442884
0.9180394274912234
0.9188495814204699
0.9197610045908723
0.9203686200378072
0.9208074534161491
0.9216851201728329
0.9222927356197678
0.9227653254118282
0.9231366459627329
0.9236767485822306
0.9243518768566028
0.9248244666486632
0.9254320820955981
0.9260396975425331
0.9266135565757494
0.9273224412638401
0.9280650823656494
0.9286726978125844
0.9293815825006752
0.9300229543613286
0.930765595463138
0.9315419929786659
0.9318458007021334
0.9324871725627869
0.9330947880097219
0.9335673778017823
0.9341749932487172
0.9348163651093708
0.935221442073994
0.9358628139346475
0.9366729678638941
0.9373143397245477
0.9381244936537942
0.9388671347556036
0.9392046988927897
0.9395760194436943
0.9403186605455036
0.9406899810964083
0.9412638401296246
0.9413651093707804
0.9418714555765595
0.9425465838509317
0.9430866864704294
0.9437280583310829
0.9442006481231434
0.9445044558466108
0.9449432892249527
0.9455846610856062
0.946293545773697
0.9468674048069133
0.9474750202538482
0.9482514177693762
0.9486564947339995
0.9491628409397785
0.9497029435592763
0.9505468539022415
0.951188225762895
0.9518633540372671
0.9523697002430461
0.9529773156899811
0.9537199567917904
0.9540575209289766
0.95469889278963
0.9553065082365649
0.9558466108560627
0.956420469889279
0.9569943289224953
0.957534431541993
0.958310829057521
0.9590534701593303
0.9594585471239535
0.9599648933297327
0.9606737780178234
0.961213880637321
0.9617202268431002
0.9625303807723468
0.963104239805563
0.9636780988387794
0.9641506886308399
0.9648933297326492
0.965433432352147
0.9661085606265191
0.9665811504185795
0.9672562786929516
0.9676951120712936
0.968336483931947
0.968944099378882
0.9694166891709425
0.9701593302727518
0.9709357277882797
0.9713408047529031
0.9718809073724007
0.9724210099918985
0.9732649203348637
0.9739738050229544
0.9747164461247637
0.9752565487442614
0.9756278692951661
0.9763367539832568
0.9771131514987847
0.9774844720496895
0.9780245746691871
0.9785646772886849
0.9791722927356198
0.9795098568728058
0.9798811774237105
0.9802862543883338
0.9807588441803943
0.9810288954901432
0.9815352416959222
0.9821091007291385
0.9827167161760735
0.9832568187955711
0.9836956521739131
0.9843707804482852
0.9846408317580341
0.9853834728598434
0.9856197677558736
0.9860923575479341
0.9864974345125573
0.9869700243046179
0.9874763705103969
0.9881514987847692
0.9886916014042668
0.9891304347826086
0.9895017553335134
0.9899068322981367
0.9903119092627599
0.9908182554685391
0.9912570888468809
0.9915271401566298
0.9921009991898461
0.9922697812584391
0.9926411018093437
0.9928436402916554
0.9931136916014043
0.9932487172562787
0.9935862813934647
0.993822576289495
0.9941601404266811
0.9944977045638671
0.9949027815284904
0.9952403456656764
0.99588171752633
0.9962867944909533
0.9966243586281394
0.9970294355927626
0.9972657304887929
0.997603294625979
0.9976708074534162
0.9978395895220091
0.9980083715906022
0.9982446664866325
0.9984472049689441
0.9985147177963813
0.9986834998649744
0.9986834998649744
0.9987172562786929
0.9987510126924115
0.9988522819335673
0.9989197947610046
0.9989535511747232
0.9990210640021604
0.9990885768295976
0.9990885768295976
