0.0009114231704023764
0.002160410477990818
0.003038077234674588
0.003949500405076965
0.004928436402916554
0.005671077504725898
0.006244936537942209
0.006987577639751553
0.008169052119902782
0.00935052660005401
0.010498244666486632
0.011173372940858763
0.0134350526600054
0.014886578449905482
0.015764245206589252
0.016979476100459086
0.018160950580610315
0.01957871995679179
0.021266540642722116
0.022380502295436134
0.024270861463678097
0.025654874426140967
0.02670132325141777
0.02798406697272482
0.029165541452876045
0.03017823386443424
0.03088711855252498
0.03162975965433432
0.03264245206589252
0.03382392654604375
0.03456656764785309
0.035511747231974075
0.03608560626519038
0.036895760194436945
0.037874696192276534
0.03885363219011612
0.03993383742911153
0.041486632460167434
0.04263435052660006
0.04415338914393735
0.04550364569268161
0.04688765865514448
0.048440453686200376
0.04935187685660276
0.05049959492303538
0.052052389954091276
0.05286254388333783
0.054280313259519306
0.05596813394544964
0.05687955711585201
0.05822981366459627
0.05944504455846611
0.059883877936807994
0.060390224142587094
0.06106535241695922
0.06167296786389414
0.06231433972454766
0.06366459627329192
0.06491358358088037
0.06602754523359439
0.06801917364299216
0.06960572508776668
0.07142857142857142
0.07244126384012962
0.073352687010532
0.0743316230083716
0.07507426411018094
0.0764245206589252
0.07730218741560897
0.07797731568998109
0.0790575209289765
0.0795638671347556
0.08067782878746962
0.08172427761274642
0.0826357007831488
0.08354712395355117
0.0841547394004861
0.08547123953551175
0.08655144477450716
0.0873615987037537
0.08867809883877936
0.08975830407777478
0.09127734269511208
0.09259384283013773
0.09367404806913314
0.09465298406697273
0.09546313799621928
0.0966108560626519
0.09785984337024034
0.09897380502295436
0.1002227923305428
0.10153929246556846
0.10241695922225223
0.10356467728868485
0.10440858763165001
0.10501620307858493
0.1058938698352687
0.10677153659195247
0.10764920334863624
0.10862813934647583
0.10974210099918985
0.11186875506346206
0.11379287064542264
0.11500810153929246
0.11659465298406697
0.11801242236024845
0.11916014042668106
0.12017283283823926
0.12098298676748583
0.12162435862813935
0.12260329462597894
0.12364974345125573
0.12489873075884418
0.1265190386173373
0.128173102889549
0.1295908722657305
0.1306710775047259
0.13134620577909803
0.13192006481231433
0.13249392384553066
0.13337159060221443
0.13445179584120984
0.13526194977045639
0.13640966783688901
0.13752362948960303
0.13867134755603563
0.1399878476910613
0.14120307858493114
0.14363354037267081
0.1456251687820686
0.1466716176073454
0.1476167971914664
0.1483256818795571
0.14957466918714557
0.1502160410477991
0.15122873345935728
0.15220766945719685
0.15325411828247368
0.15460437483121794
0.15632595193086687
0.15838509316770186
0.15993788819875776
0.161119362678909
0.16223332433162302
0.16307723467458818
0.16388738860383473
0.16469754253308128
0.16550769646232785
0.16601404266810693
0.16662165811504187
0.16810694031866055
0.16928841479881176
0.17107750472589792
0.1729341074804213
0.17499324871725627
0.17573588981906563
0.176647312989468
0.17806508236564947
0.17938158250067512
0.18002295436132865
0.18093437753173103
0.18214960842560085
0.18360113421550095
0.1853564677288685
0.18721307048339184
0.18910342965163382
0.19031866054550364
0.19126384012962463
0.19231028895490143
0.1936605455036457
0.19463948150148527
0.1957534431541993
0.1963948150148528
0.19815014852822035
0.20000675128274373
0.20074939238455305
0.20118822576289494
0.20199837969214152
0.20382122603294625
0.20530650823656496
0.2060829057520929
0.20753443154199297
0.20847961112611396
0.20935727788279773
0.2107750472589792
0.2118890089116932
0.21266540642722118
0.2133405347015933
0.21472454766405616
0.21634485552254928
0.217998919794761
0.21931541992978665
0.22059816365109372
0.22181339454496354
0.2231298946799892
0.22491898460707535
0.22593167701863354
0.22660680529300567
0.2271469079125034
0.22856467728868485
0.22957736970024303
0.23015122873345936
0.23099513907642452
0.2318728058331083
0.2329192546583851
0.23379692141506886
0.23518093437753174
0.2364974345125574
0.23690251147718067
0.23794896030245746
0.23926546043748312
0.23990683229813664
0.2407844990548204
0.24189846070753443
0.24284364029165542
0.24399135835808802
0.24513907642452065
0.24669187145557656
0.24756953821226033
0.24888603834728598
0.24966243586281395
0.25030380772346744
0.2513840129624629
0.25243046178773965
0.253341884958142
0.25432082095598163
0.2554347826086957
0.2562111801242236
0.25675128274372133
0.2583040777747772
0.259181744531461
0.2603294625978936
0.261409667836889
0.2629287064542263
0.2642114501755333
0.26522414258709154
0.2666081555495544
0.2671145017553335
0.2680934377531731
0.2691061301647313
0.27022009181744533
0.27197542533081287
0.27305563056980825
0.2744396435322711
0.275823656494734
0.27666756683769916
0.277882797731569
0.2788617337294086
0.2796381312449365
0.28092087496624357
0.2819673237915204
0.28328382392654605
0.2844990548204159
0.2855792600594113
0.2869295166081556
0.287402106400216
0.288178503915744
0.2887861193626789
0.28996759384283016
0.2918241965973535
0.2931069403186605
0.2944909532811234
0.2953686200378072
0.29604374831217933
0.29668512017283283
0.29742776127464216
0.2987780178233864
0.2999932487172563
0.3016135565757494
0.3033013772616797
0.30498919794761004
0.3061369160140427
0.3068458007021334
0.3079260059411288
0.30924250607615444
0.31049149338374293
0.31177423710505
0.31288819875776397
0.3139346475830408
0.31498109640831756
0.31619632730218744
0.31734404536862004
0.31839049419389687
0.3193694301917364
0.3203146097758574
0.32163110991088306
0.3233864434242506
0.3243991358358088
0.3257493923845531
0.32676208479611124
0.32780853362138807
0.3294963543073184
0.33030650823656493
0.33088036726978126
0.33202808533621386
0.3336146367809884
0.33509991898460706
0.3361463678098839
0.33695652173913043
0.33813799621928164
0.33911693221712125
0.33962327842290035
0.3411423170402376
0.34289765055360516
0.34428166351606804
0.3449567917904402
0.3456656764785309
0.34694842019983796
0.3476235484742101
0.3486362408857683
0.3500877666756684
0.3513029975695382
0.35288954901431274
0.3536659465298407
0.35461112611396167
0.3553200108020524
0.3559276262489873
0.35717661355657576
0.3589657034836619
0.3605184985147178
0.36166621658115045
0.36335403726708076
0.36440048609235753
0.3652443964353227
0.36645962732919257
0.36730353767215773
0.3686200378071834
0.36963273021874155
0.3709829867674858
0.37179314069673236
0.37273832028085335
0.37324466648663246
0.3743248717256279
0.37516878206859305
0.37628274372130704
0.3773967053740211
0.3781393464758304
0.3792195517148258
0.38036726978125845
0.38127869295166084
0.3823926546043748
0.3835066162570889
0.38435052660005403
0.3852281933567378
0.3863759114231704
0.38718606535241695
0.388300027005131
0.38917769376181477
0.39025789900081015
0.39127059141236836
0.3920132325141777
0.39289089927086146
0.39454496354307317
0.39549014312719416
0.39697542533081287
0.39785309208749664
0.3986294896030246
0.39954091277342696
0.40014852822036184
0.4012624898730759
0.40234269511207127
0.40355792600594115
0.4048069133135296
0.4059883877936808
0.40706859303267623
0.4083513367539833
0.40946529840669726
0.4106805293005671
0.4116594652984067
0.41277342695112074
0.41395490143127195
0.4147988117742371
0.4158115041857953
0.4173305428031326
0.41861328652443963
0.41982851741830945
0.42124628679449094
0.422529030515798
0.4239805563056981
0.42529705644072374
0.42634350526600057
0.427592492573589
0.42901026194977043
0.4299216851201728
0.4307993518768566
0.4317445314609776
0.43268971104509857
0.433938698352687
0.434883877936808
0.435829057520929
0.4363016473129895
0.43738185255198486
0.4383945449635431
0.43971104509856873
0.44089251957871994
0.44190521199027816
0.44298541722927354
0.4440993788819876
0.4453146097758574
0.4466986227383203
0.44808263570078316
0.449297866594653
0.4499729948690251
0.4512557385903322
0.4522009181744531
0.453584931136916
0.45426005941128816
0.4551039697542533
0.45581285444234404
0.45699432892249525
0.45793950850661624
0.4590872265730489
0.45989738050229545
0.46050499594923033
0.46222657304887926
0.4632730218741561
0.4644207399405887
0.46516338104239807
0.46651363759114234
0.4672900351066703
0.46820145827707266
0.46931541992978665
0.47022684310018903
0.47140831758034024
0.4727248177153659
0.4735349716446125
0.47431136916014044
0.4756616257088847
0.47687685660275453
0.47812584391034296
0.47903726708074534
0.4803200108020524
0.4812651903861734
0.4825141776937618
0.4840669727248177
0.4848096138266271
0.48622738320280856
0.4872400756143667
0.4886240885768296
0.4903456656764785
0.49112206319200646
0.4923710504995949
0.49392384553065083
0.49517283283823926
0.4962192816635161
0.49706319200648125
0.4978733459357278
0.49918984607075345
0.49986497434512556
0.5008776667566838
0.5022616797191466
0.5029705644072374
0.503780718336484
0.5048946799891979
0.5058736159870375
0.5071901161220632
0.5081690521199028
0.5092830137726168
0.5101944369430191
0.51090332163111
0.5117809883877937
0.5128949500405077
0.5138401296246287
0.5146502835538752
0.5157642452065893
0.5168106940318661
0.5176208479611126
0.518869835268701
0.5201525789900081
0.5208952200918174
0.5219416689170943
0.5233931947069943
0.5246421820145828
0.5256886308398596
0.5264987847691062
0.5273426951120713
0.5281866054550365
0.5289630029705644
0.5296381312449365
0.5300432082095599
0.5309546313799622
0.5321023494463948
0.5331825546853902
0.5344315419929787
0.5354779908182554
0.5362543883337835
0.538009721847151
0.5390561706724277
0.5400351066702673
0.5413853632190117
0.5424318120442884
0.5434782608695652
0.5445584661085606
0.5457061841749933
0.5466851201728329
0.547697812584391
0.5489805563056981
0.5499594923035377
0.5508034026465028
0.5522886848501215
0.5531663516068053
0.5541790440183635
0.5553942749122334
0.5562719416689171
0.5570483391844451
0.5577909802862544
0.5586686470429382
0.5594450445584661
0.5601876856602754
0.5614029165541453
0.562111801242236
0.5630232244126384
0.564002160410478
0.5649135835808804
0.565723737510127
0.5666014042668107
0.5677153659195248
0.5689305968133945
0.5704158790170132
0.5714960842560086
0.5725087766675668
0.5739265460437483
0.5746691871455577
0.5756818795571158
0.5765595463137996
0.5778085336213881
0.5787537132055091
0.5798001620307859
0.5813867134755604
0.582534431541993
0.583648393194707
0.5843572778827977
0.5850661625708885
0.5862813934647583
0.5871253038077234
0.5879017013232514
0.5887456116662165
0.5894544963543074
0.5903659195247097
0.5915136375911423
0.5927288684850122
0.5935390224142587
0.5946529840669728
0.5954293815825007
0.5970496894409938
0.5980961382662706
0.5990750742641102
0.6001215230893869
0.6009654334323521
0.6019781258439103
0.6029233054280313
0.604071023494464
0.6051174723197408
0.6059276262489873
0.6072441263840129
0.6081893059681339
0.6092357547934107
0.6100459087226573
0.610586011342155
0.611362408857683
0.6121725627869296
0.6127801782338644
0.6135228193356738
0.6140291655414529
0.6147380502295436
0.6157169862273832
0.616594652984067
0.6173035376721577
0.618316230083716
0.6191263840129625
0.6201390764245207
0.621658115041858
0.6223332433162301
0.6235822306238186
0.6250337564137186
0.6262152308938699
0.6272616797191466
0.6283756413718606
0.629287064542263
0.6301647312989468
0.6309073724007561
0.6317850391574399
0.6323926546043749
0.6331690521199028
0.634012962462868
0.6346543343235215
0.6351606805293005
0.6360045908722657
0.6368147448015122
0.6376248987307589
0.6384012962462868
0.639582770726438
0.640696732379152
0.6415068863083986
0.6428571428571429
0.6437348096138267
0.644815014852822
0.6456589251957872
0.6469416689170943
0.6481231433972455
0.6492708614636781
0.6502835538752363
0.6513300027005131
0.6520051309748852
0.652882797731569
0.6534566567647853
0.6544355927626249
0.65527950310559
0.6558196057250878
0.6568660545503646
0.6577099648933298
0.6590939778557926
0.660005401026195
0.661119362678909
0.6618620037807184
0.6626384012962463
0.6639886578449905
0.6647650553605186
0.6659802862543883
0.6668917094247907
0.6681069403186606
0.6693221712125303
0.670469889278963
0.6715163381042398
0.6725965433432353
0.6735079665136376
0.674588171752633
0.6753645692681609
0.6759046718876587
0.6764447745071563
0.6774912233324332
0.6783013772616797
0.6794490953281124
0.6801917364299217
0.6811706724277613
0.6824534161490683
0.6834661085606265
0.684276262489873
0.6856940318660546
0.6863016473129895
0.6872130704833919
0.6879557115852012
0.6895760194436943
0.6906899810964083
0.6913651093707804
0.6925803402646503
0.6937618147448015
0.6945382122603294
0.6954496354307318
0.6964285714285714
0.6970024304617878
0.6979138536321902
0.6987915203888739
0.6996354307318391
0.7006818795571158
0.7018633540372671
0.7029098028625439
0.7039224952741021
0.7042938158250067
0.7053402646502835
0.7062516878206859
0.7072306238185255
0.7080407777477721
0.7088846880907372
0.7098973805022954
0.7110450985687281
0.711990278152849
0.7128004320820956
0.7137793680799351
0.7149270861463678
0.7160410477990818
0.7168174453146098
0.7174925735889819
0.7181001890359168
0.7189103429651634
0.7198892789630029
0.7205644072373751
0.7215095868214961
0.7223197407507427
0.7235012152308938
0.7245814204698893
0.7253578179854172
0.725897920604915
0.7267418309478801
0.7274169592222522
0.7284296516338105
0.7292735619767756
0.7299486902511477
0.7308601134215501
0.7317377801782339
0.7324466648663246
0.7335943829327572
0.7342695112071294
0.7347421009991898
0.7354847421009992
0.7362948960302458
0.7372063192006482
0.7381514987847692
0.7392317040237645
0.7406157169862274
0.741594652984067
0.7422697812584391
0.7432824736699973
0.7445652173913043
0.7456454226302998
0.7464555765595463
0.7474682689711045
0.7484472049689441
0.7493248717256279
0.750168782068593
0.7509789359978396
0.7515527950310559
0.7524304617877396
0.7530380772346746
0.7537469619227654
0.7545233594382933
0.7554347826086957
0.756683769916284
0.7576964623278423
0.7588779368079935
0.7596880907372401
0.760464488252768
0.7613421550094518
0.7626586551444775
0.7635700783148798
0.764751552795031
0.7656629759654334
0.7667431812044289
0.767587091547394
0.7683972454766406
0.7695787199567918
0.7702200918174453
0.7707939508506616
0.7714015662975966
0.7721442073994059
0.7732581690521199
0.7743046178773967
0.7750810153929246
0.7761612206319201
0.7775114771806644
0.7784904131785039
0.7796718876586551
0.7805833108290575
0.7814272211720227
0.7822711315149878
0.7833175803402647
0.7839589522009182
0.7846003240615717
0.785174183094788
0.7861868755063462
0.78706454226303
0.7875708884688091
0.7883810423980556
0.789123683499865
0.7900351066702673
0.7915541452876046
0.7922292735619768
0.7927693761814745
0.7937483121793141
0.7949297866594653
0.7956724277612747
0.7966513637591143
0.7977653254118282
0.7985417229273561
0.7991830947880098
0.8000607615446935
0.8012084796111261
0.8019173642992169
0.8029638131244936
0.8033351336753983
0.8041790440183635
0.8047191466378611
0.8053267620847961
0.8059681339454496
0.8066770186335404
0.8073859033216311
0.8083648393194707
0.8092087496624358
0.810052660005401
0.8108290575209289
0.8114704293815825
0.8127194166891709
0.8135633270321361
0.814002160410478
0.8145085066162571
0.8151836348906292
0.816230083715906
0.8168714555765595
0.8176140966783689
0.8185592762624899
0.8195382122603294
0.8204833918444504
0.8213273021874156
0.8217323791520389
0.8223737510126924
0.8230488792870645
0.8237577639751553
0.8245679179044019
0.8256481231433972
0.8265933027275182
0.827639751552795
0.8285511747231974
0.8291925465838509
0.8296651363759114
0.8305765595463138
0.8314879827167162
0.8320618417499325
0.8327707264380232
0.8334796111261139
0.8340534701593303
0.8347285984337024
0.8355049959492303
0.8361801242236024
0.8370240345665676
0.8375303807723468
0.8383405347015933
0.8391506886308399
0.8399608425600864
0.8410072913853632
0.8418174453146098
0.8424925735889819
0.8434039967593843
0.8441803942749122
0.8449567917904401
0.8456994328922496
0.8460707534431542
0.8466783688900891
0.8476573048879287
0.8489400486092358
0.8495476640561707
0.8501215230893869
0.8507628949500405
0.8515055360518499
0.8522481771536592
0.8528220361868755
0.8538347285984337
0.8544423440453687
0.8549486902511477
0.8554887928706454
0.8565689981096408
0.8571766135565757
0.8576492033486363
0.8583918444504456
0.8590332163110991
0.8599783958952201
0.860586011342155
0.8612611396165272
0.8620375371320551
0.8628814474750203
0.8635228193356738
0.8642654604374831
0.8651093707804483
0.8658182554685391
0.8667296786389413
0.867539832568188
0.8679786659465298
0.8685187685660275
0.8690251147718067
0.8696664866324602
0.870274102079395
0.8711855252497974
0.8716918714555766
0.8722319740750742
0.8728395895220091
0.8734472049689441
0.8744598973805023
0.8751350256548744
0.8759114231704024
0.8765865514447745
0.877227923305428
0.8778692951660816
0.8785444234404537
0.8794896030245747
0.8799959492303537
0.8808398595733189
0.8814474750202539
0.8821901161220632
0.8827302187415609
0.8833378341884958
0.8839116932217121
0.8846880907372401
0.8857007831487983
0.8865446934917635
0.8872873345935728
0.8880974885228193
0.8885700783148798
0.889582770726438
0.8905954631379962
0.8913043478260869
0.8919457196867405
0.8926883607885499
0.8932959762354847
0.8940386173372941
0.894815014852822
0.8957939508506616
0.8966041047799082
0.8971104509856873
0.8979206049149339
0.8985619767755874
0.8994396435322711
0.9001147718066432
0.900823656494734
0.9017350796651363
0.9023426951120713
0.9030853362138807
0.9036591952470969
0.9041655414528761
0.9048406697272482
0.9054482851741831
0.9060221442073995
0.9067310288954902
0.9073386443424251
0.9081487982716716
0.9086889008911693
0.909229003510667
0.9102079395085066
0.9107480421280043
0.9115581960572509
0.9123345935727788
0.9129084526059952
0.9139549014312719
0.9145962732919255
0.9152038887388604
0.9162165811504186
0.9172292735619768
0.9179381582500675
0.918579530110721
0.919355927626249
0.9201998379692141
0.9210437483121793
0.9214825816905212
0.9220564407237375
0.9225627869295167
0.9235417229273561
0.9240143127194167
0.924756953821226
0.9253308128544423
0.9257696462327842
0.926478530920875
0.9271536591952471
0.9277275182284634
0.9284026465028355
0.928875236294896
0.9292803132595193
0.9297866594652984
0.930428031325952
0.9309006211180124
0.9313394544963544
0.9321158520118823
0.9324534161490683
0.9329935187685661
0.9334998649743451
0.933601134215501
0.9343100189035917
0.935052660005401
0.9355252497974615
0.9362341344855523
0.9368079935187685
0.9374831217931408
0.9379557115852012
0.9382257628949501
0.939002160410478
0.9394409937888198
0.9402511477180664
0.9406899810964083
0.9411288144747502
0.9419389684039967
0.9426478530920875
0.943120442884148
0.9436943019173643
0.9442006481231434
0.9445382122603294
0.9449095328112341
0.9453821226032946
0.9460910072913854
0.9464285714285714
0.9467661355657575
0.9474750202538482
0.9481501485282203
0.9486227383202809
0.9491628409397785
0.9497704563867134
0.950411828247367
0.9510869565217391
0.9517958412098299
0.9523697002430461
0.9531123413448556
0.9537874696192277
0.9542600594112881
0.9549014312719417
0.9555765595463138
0.955981636510937
0.9565217391304348
0.9576019443694302
0.9583445854712396
0.9589184445044558
0.9594923035376721
0.9599986497434513
0.9604712395355117
0.960876316500135
0.9613489062921955
0.961821496084256
0.9625303807723468
0.9632055090467189
0.9635093167701864
0.9639819065622468
0.9643869835268701
0.9648933297326492
0.9655684580070213
0.9661085606265191
0.9668512017283284
0.9674588171752633
0.9680664326221983
0.9685727788279773
0.9689778557926005
0.969281663516068
0.9697542533081286
0.970226843100189
0.9708007021334053
0.9713070483391845
0.9716783688900891
0.9722522279233055
0.9727923305428031
0.9734674588171752
0.9740413178503916
0.9744801512287334
0.9750540102619498
0.9754253308128544
0.9759654334323521
0.976235484742101
0.9767080745341615
0.977349446394815
0.9781933567377802
0.9789022414258709
0.9797123953551174
0.9800499594923036
0.9804550364569268
0.9809276262489873
0.9813327032136105
0.9819740750742642
0.982412908452606
0.9830205238995409
0.9836618957601945
0.9841682419659735
0.9847083445854712
0.9851134215500945
0.9852822036186876
0.9857210369970294
0.9861598703753713
0.9865987037537132
0.9870375371320551
0.9875438833378342
0.9878476910613017
0.9884890629219552
0.9888603834728599
0.9893329732649203
0.9896705374021064
0.9902443964353227
0.990649473399946
0.9911558196057251
0.9916621658115042
0.9923035376721577
0.9926411018093437
0.9931812044288415
0.9934850121523089
0.9939238455306508
0.9940588711855253
0.9944639481501485
0.9948352687010532
0.9951053200108021
0.9956791790440184
0.9959829867674859
0.9961855252497974
0.9963543073183905
0.9965230893869835
0.9967931406967324
0.9972994869025115
0.997772076694572
0.9981771536591952
0.9983121793140697
0.9983796921415069
0.9985147177963813
0.9986497434512558
0.9987510126924115
0.9989197947610046
0.9989535511747232
0.9989535511747232
0.9990210640021604
0.9990885768295976
0.9990885768295976
0.9990885768295976
0.9990885768295976
