0.0008776667566837699
0.001890359168241966
0.003105590062111801
0.004388333783418849
0.005367269781258439
0.00594112881447475
0.0069538212260329465
0.007966513637591143
0.008911693221712126
0.009958142046988928
0.010633270321361058
0.011645962732919254
0.012354847421009991
0.013401296246286795
0.014717796381312449
0.015831758034026464
0.017553335133675397
0.018566027545233593
0.019983796921415067
0.02076019443694302
0.02200918174453146
0.022954361328652445
0.024034566567647853
0.024912233324331623
0.025958682149608427
0.02680259249257359
0.027545233594382934
0.02845665676478531
0.029435592762624897
0.02990818255468539
0.030853362138806375
0.03213610586011342
0.03318255468539023
0.03480286254388334
0.03642317040237645
0.0377059141236835
0.038988657844990546
0.04040642722117202
0.04168917094247907
0.04263435052660006
0.04351201728328383
0.044490953281123416
0.04519983796921415
0.04651633810423981
0.04742776127464218
0.04840669727248177
0.04928436402916554
0.04972319740750743
0.050432082095598164
0.052153659195247094
0.05411153119092628
0.05522549284364029
0.0563056980826357
0.05748717256278693
0.05856737780178234
0.05968133945449636
0.06035646772886848
0.06140291655414529
0.06234809613826627
0.06366459627329192
0.06447475020253848
0.06531866054550364
0.06596003240615717
0.06670267350796652
0.06761409667836889
0.06842425060761545
0.06943694301917365
0.07119227653254118
0.0728463408047529
0.07423035376721578
0.07537807183364839
0.07679584120982987
0.0779435592762625
0.07895625168782068
0.08064407237375101
0.08158925195787199
0.08239940588711855
0.08341209829867675
0.08428976505536052
0.0852349446394815
0.08655144477450716
0.08753038077234675
0.0883742911153119
0.08877936807993518
0.0893532271131515
0.0904334323521469
0.0919524709694842
0.09303267620847962
0.09482176613556575
0.09617202268431002
0.09755603564677288
0.0991425870915474
0.10012152308938699
0.10089792060491494
0.10211315149878476
0.10373345935727789
0.10450985687280584
0.10565757493923846
0.10667026735079665
0.10764920334863624
0.10903321631109911
0.11075479341074804
0.11217256278692951
0.11284769106130164
0.11352281933567378
0.11423170402376452
0.11541317850391575
0.11686470429381582
0.11821496084256009
0.11922765325411828
0.12054415338914394
0.12175938428301378
0.1224007561436673
0.12317715365919525
0.12422360248447205
0.12577639751552794
0.12722792330542804
0.12797056440723736
0.12840939778557925
0.12932082095598163
0.12992843640291654
0.13110991088306778
0.13242641101809344
0.13340534701593304
0.1343167701863354
0.13489062921955172
0.13563327032136105
0.1373210910072914
0.1383675398325682
0.13968403996759385
0.1410680529300567
0.14248582230623819
0.1434647583040778
0.14397110450985687
0.14495004050769647
0.14640156629759654
0.14778557926005942
0.14913583580880369
0.15045233594382934
0.1513975155279503
0.15241020793950852
0.15325411828247368
0.15426681069403186
0.15524574669187147
0.15662975965433432
0.1584863624088577
0.16020793950850662
0.16135565757493925
0.16223332433162302
0.16290845260599515
0.16338104239805562
0.16459627329192547
0.16614906832298137
0.1679719146637861
0.16918714555765596
0.17013232514177692
0.17134755603564678
0.17236024844720496
0.1735754793410748
0.17546583850931677
0.1765798001620308
0.17735619767755872
0.17836889008911694
0.17901026194977046
0.1797191466378612
0.1807318390494194
0.1822846340804753
0.18322981366459629
0.1839724547664056
0.18498514717796383
0.18603159600324062
0.18785444234404536
0.18920469889278962
0.1896435322711315
0.19052119902781528
0.19197272481771538
0.19332298136645962
0.1948420199837969
0.19615852011882257
0.19706994328922495
0.19774507156359708
0.19929786659465298
0.20081690521199028
0.20182959762354846
0.20294355927626248
0.20422630299756953
0.2055765595463138
0.20618417499324873
0.20685930326762084
0.2080745341614907
0.20922225222792332
0.21036997029435592
0.21107885498244666
0.21192276532541182
0.2137793680799352
0.2149608425600864
0.21620982986767487
0.21735754793410747
0.2179651633810424
0.21918039427491223
0.22036186875506347
0.2211045098568728
0.2221509586821496
0.22339994598973806
0.2246489332973265
0.226235484742101
0.22684310018903592
0.22886848501215232
0.230353767215771
0.2314002160410478
0.23258169052119904
0.23335808803672697
0.23386443424250608
0.23541722927356198
0.2364974345125574
0.23703753713205508
0.23872535781798543
0.23987307588441803
0.24081825546853902
0.2418309478800972
0.24311369160140428
0.24456521739130435
0.24578044828517417
0.24621928166351606
0.24716446124763705
0.2480083715906022
0.249054820415879
0.25060761544693494
0.2515865514447745
0.2530380772346746
0.2539832568187956
0.2549959492303538
0.2564137186065352
0.25800027005130977
0.259181744531461
0.2599918984607075
0.2608020523899541
0.2618822576289495
0.2628611936267891
0.26360383472859844
0.2649540912773427
0.26616932217121253
0.26714825816905213
0.26880232244126384
0.2701863354037267
0.2715028355387524
0.2727518228463408
0.2742033486362409
0.27494598973805023
0.2757561436672968
0.27599243856332706
0.27734269511207127
0.2781528490413179
0.2790980286254388
0.2800094517958412
0.28129219551714824
0.2824399135835809
0.2836213880637321
0.28487037537132054
0.2861868755063462
0.28679449095328113
0.287402106400216
0.2878746961922765
0.2888873886038347
0.28966378611936267
0.29064272211720227
0.29202673507966515
0.29317445314609775
0.2949635430731839
0.296415068863084
0.29776532541182826
0.2994869025114772
0.30026330002700513
0.30100594112881446
0.301647312989468
0.3028287874696192
0.3039765055360519
0.3052592492573589
0.30647448015122875
0.30806103159600323
0.30931001890359167
0.310997839589522
0.31214555765595464
0.3129219551714826
0.31423845530650824
0.31498109640831756
0.3161288144747502
0.3171415068863084
0.3182554685390224
0.3187280583310829
0.319403186605455
0.32044963543073185
0.32156359708344584
0.32301512287334594
0.32396030245746693
0.32514177693761814
0.3258169052119903
0.32679584120982985
0.32780853362138807
0.3290912773426951
0.3297664056170672
0.3305428031325952
0.33199432892249525
0.33297326492033485
0.3336146367809884
0.33486362408857684
0.3366189576019444
0.33766540642722115
0.3385093167701863
0.3395220091817445
0.34110856062651906
0.3418174453146098
0.34313394544963544
0.34438293275722387
0.34573318930596814
0.34644207399405885
0.34785984337024034
0.3491088306778288
0.34985147177963816
0.3508641641911963
0.35258574129084524
0.3533958952200918
0.35410477990818257
0.3559276262489873
0.35714285714285715
0.35775047258979203
0.3591007291385363
0.36028220361868757
0.3614974345125574
0.36264515257899
0.36375911423170404
0.3648393194706994
0.3655482041587902
0.36642587091547396
0.36710099918984607
0.3679111531190926
0.3687550634620578
0.37010532001080204
0.37105049959492303
0.372164461247637
0.3730421280043208
0.375
0.37587766675668377
0.37675533351336754
0.3776667566837699
0.3789832568187956
0.3797596543343235
0.381177423710505
0.38249392384553066
0.3837091547394005
0.38482311639211453
0.3861396165271402
0.3872535781798542
0.3878274372130705
0.3884350526600054
0.38978530920874965
0.390527950310559
0.3915743991358358
0.3930259249257359
0.3942073994058871
0.39532136105860116
0.3961990278152849
0.39711045098568726
0.39781933567377803
0.3988320280853362
0.3994396435322711
0.40109370780448284
0.4022414258709155
0.40379422090197137
0.4048069133135296
0.40585336213880635
0.40659600324061573
0.40723737510126923
0.4085538752362949
0.40993788819875776
0.410950580610316
0.4120982986767486
0.4135498244666487
0.41506886308398594
0.41655414528760465
0.41709424790710237
0.41797191466378614
0.4187820685930327
0.4197272481771537
0.42067242776127467
0.4220226843100189
0.42333918444504454
0.4244869025114772
0.42624223602484473
0.42722117202268434
0.42796381312449366
0.4291790440183635
0.43002295436132865
0.4308331082905752
0.4317445314609776
0.43289224952741023
0.43424250607615444
0.4353902241425871
0.4365716986227383
0.43731433972454764
0.43836078854982446
0.4395422630299757
0.43998109640831756
0.4412975965433432
0.44258034026465026
0.4438630839859573
0.44517958412098296
0.44656359708344584
0.4473062381852552
0.4483189305968134
0.44902781528490415
0.4495679179044018
0.4505468539022414
0.45162705914123685
0.4525047258979206
0.4536524439643532
0.454530110721037
0.4556778287874696
0.45652173913043476
0.45746691871455575
0.45898595733189307
0.4602349446394815
0.4612138806373211
0.4622603294625979
0.46317175263300026
0.4643869835268701
0.46502835538752363
0.46610856062651906
0.4673575479341075
0.46870780448285176
0.4697204968944099
0.4706994328922495
0.4716446124763705
0.4723197407507426
0.473062381852552
0.47441263840129627
0.4758641641911963
0.4772819335673778
0.4779908182554685
0.47903726708074534
0.4798136645962733
0.4807588441803943
0.48210910072913854
0.48315554955441536
0.4845058061031596
0.48524844720496896
0.48710504995949233
0.48832028085336215
0.48923170402376454
0.49064947339994597
0.4917971914663786
0.4931474480151229
0.49355252497974617
0.4945652173913043
0.49588171752633
0.4974007561436673
0.49875101269241157
0.49962867944909534
0.5011477180664327
0.5019241155819606
0.5033081285444234
0.5048271671617607
0.5055698082635701
0.5071563597083446
0.5082703213610587
0.5092830137726168
0.5105320010802052
0.5112071293545773
0.5116797191466379
0.5126586551444775
0.5140426681069403
0.5153929246556845
0.5161693221712126
0.5171145017553335
0.5180596813394545
0.5188023224412638
0.5202538482311639
0.5214353227113151
0.5223129894679989
0.5231231433972455
0.5241695922225222
0.5249122333243317
0.5259249257358898
0.5270726438023224
0.5282878746961923
0.5293005671077504
0.5299081825546854
0.5309883877936808
0.5319673237915203
0.5328787469619227
0.534060221442074
0.5348028625438833
0.5359168241965974
0.5369970294355928
0.5379759654334324
0.5389886578449905
0.5397650553605186
0.5410140426681069
0.5422292735619768
0.5432757223872535
0.5439170942479071
0.5444234404536862
0.5453686200378072
0.5468201458277072
0.5479341074804213
0.5487105049959492
0.5493518768566028
0.5504995949230354
0.551478530920875
0.5530313259519308
0.5539427491223332
0.5546853902241425
0.5555630569808263
0.5567782878746962
0.5583648393194707
0.5595125573859033
0.5600189035916824
0.5607953011072103
0.5620105320010802
0.5627869295166081
0.564002160410478
0.5651498784769106
0.5661625708884688
0.5671077504725898
0.5678166351606805
0.5692006481231434
0.5708209559816365
0.5714960842560086
0.5721712125303807
0.5731501485282203
0.5745004050769646
0.5755806103159601
0.5764245206589252
0.5778422900351067
0.5789224952741021
0.5798339184445045
0.5812179314069673
0.5823994058871186
0.5833445854712396
0.5844923035376721
0.5858425600864164
0.5870915473940048
0.5884080475290305
0.5889819065622468
0.5899608425600864
0.5912098298676749
0.5924250607615447
0.5932689711045098
0.5940453686200378
0.5951593302727518
0.5960707534431542
0.5968809073724007
0.5975222792330542
0.5982986767485823
0.599513907642452
0.6007966513637591
0.6012017283283824
0.6024169592222522
0.6032608695652174
0.6042735619767756
0.6051174723197408
0.6063327032136105
0.6073791520388874
0.60852687010532
0.6097083445854712
0.6106872805833108
0.6121050499594923
0.6131514987847692
0.6138603834728599
0.6148393194706995
0.6158182554685391
0.6169659735349716
0.6179786659465298
0.6190588711855253
0.6204091277342695
0.621219281663516
0.6225020253848231
0.6234809613826627
0.6241898460707535
0.6249324871725628
0.6257763975155279
0.6269241155819606
0.6275654874426141
0.628780718336484
0.6296921415068863
0.6301309748852282
0.6313799621928167
0.6328652443964353
0.6338441803942749
0.6346205779098029
0.635464488252768
0.6363083985957332
0.6372198217661356
0.6386713475560356
0.6396502835538752
0.640190386173373
0.6413718606535241
0.6427896300297057
0.643869835268701
0.6450850661625709
0.6460302457466919
0.6469079125033756
0.6476167971914664
0.6487982716716176
0.6497772076694572
0.6504523359438293
0.6509586821496084
0.6517350796651363
0.6524102079395085
0.6531190926275993
0.6539630029705644
0.6550432082095599
0.6560221442073995
0.6568660545503646
0.6575074264110181
0.6587901701323251
0.6597353497164461
0.6605792600594113
0.6616932217121253
0.6629422090197138
0.6637186065352417
0.6649000810153929
0.666351606805293
0.6671617607345396
0.6688495814204699
0.6698960302457467
0.6707061841749933
0.6720564407237375
0.6734404536862004
0.6744193896840399
0.6756683769916284
0.6770186335403726
0.6784026465028355
0.6791115311909263
0.6795503645692682
0.6802254928436403
0.6808668647042938
0.6815419929786659
0.6823521469079125
0.6837024034566568
0.6844788009721847
0.6851876856602754
0.6863691601404267
0.6875506346205779
0.688394544963543
0.6889008911693222
0.6896435322711315
0.6905887118552525
0.6911625708884688
0.6920064812314339
0.6926478530920875
0.6939305968133945
0.6949770456386714
0.6957534431541993
0.6965298406697272
0.6972724817715366
0.6978463408047529
0.6982514177693762
0.6990278152849041
0.6995004050769646
0.7001080205238995
0.7007831487982716
0.7016270591412368
0.7031460977585742
0.7037874696192277
0.7047664056170673
0.705475290305158
0.706589251957872
0.7074331623008372
0.7087496624358628
0.7099311369160141
0.7110113421550095
0.7120577909802862
0.7130029705644072
0.7138468809073724
0.7148595733189306
0.7161423170402377
0.7170537402106401
0.7182689711045098
0.7194166891709425
0.7205306508236565
0.7210707534431542
0.7217121253038077
0.7224547664056171
0.7233324331623009
0.7241088306778288
0.7249189846070754
0.7255603564677289
0.7265392924655685
0.7274169592222522
0.7282271131514988
0.7292735619767756
0.730184985147178
0.7310288954901432
0.7319740750742642
0.7330880367269781
0.7340669727248177
0.7349446394815015
0.7360248447204969
0.7371388063732109
0.737813934647583
0.7385228193356738
0.73909667836889
0.7396705374021064
0.7405819605725088
0.7413921145017554
0.7422022684310019
0.7428098838779368
0.7438563327032136
0.7448352687010532
0.7458142046988928
0.7469281663516069
0.7475357817985417
0.7489197947610046
0.7499662435862814
0.7508776667566838
0.7521604104779909
0.753173102889549
0.75411828247367
0.7554010261949771
0.7563124493653794
0.7569538212260329
0.7577639751552795
0.7582703213610587
0.7592155009451795
0.7603294625978936
0.7610045908722657
0.7620172832838239
0.7629962192816635
0.7638738860383473
0.7647177963813124
0.7657304887928706
0.7667769376181475
0.7676208479611126
0.7688360788549824
0.7701863354037267
0.7713002970564408
0.7724480151228733
0.7731231433972455
0.7738657844990549
0.7746084256008642
0.7755198487712666
0.7765662975965434
0.7775789900081015
0.7781866054550365
0.77882797731569
0.7795368620037807
0.7802457466918714
0.7814272211720227
0.7824061571698623
0.7834863624088577
0.7841277342695112
0.7849041317850391
0.785950580610316
0.7867607345395625
0.7874696192276532
0.7882460167431812
0.7890224142587091
0.7898663246016743
0.7909127734269511
0.7918917094247907
0.7924993248717256
0.793579530110721
0.7944234404536862
0.7955036456926816
0.7959087226573048
0.7967526330002701
0.7977315689981096
0.798811774237105
0.799756953821226
0.800702133405347
0.8013772616797191
0.8020186335403726
0.8027950310559007
0.8037739670537402
0.8044490953281124
0.8052254928436403
0.8056305698082635
0.8067445314609776
0.8074871725627869
0.8083648393194707
0.8094112881447475
0.8104239805563057
0.8111328652443964
0.8120442884147988
0.8126519038617337
0.8135970834458547
0.8143734809613826
0.8150823656494735
0.8156899810964083
0.816398865784499
0.8174790710234945
0.818120442884148
0.8187955711585201
0.8197745071563597
0.8203483661895761
0.8209222252227923
0.8220024304617878
0.8227113151498785
0.8237240075614367
0.8247366999729949
0.8256481231433972
0.8261207129354577
0.8269646232784229
0.8278422900351067
0.8286862003780718
0.8295638671347556
0.830644072373751
0.8314879827167162
0.8322981366459627
0.8329057520928976
0.833648393194707
0.8345260599513907
0.8354037267080745
0.8363489062921955
0.8374291115311909
0.8383067782878747
0.8394207399405887
0.8402646502835539
0.8413110991088307
0.8422562786929516
0.842998919794761
0.8435727788279773
0.8442141506886308
0.8449905482041588
0.8459019713745611
0.8469146637861193
0.8477923305428031
0.8486699972994869
0.8494126384012962
0.8500202538482312
0.8508304077774778
0.851404266810694
0.8521131514987847
0.8526870105320011
0.8534971644612477
0.8546111261139616
0.8554550364569268
0.8560626519038618
0.8568728058331083
0.8577167161760735
0.8582230623818525
0.8587969214150689
0.8593707804482852
0.8598771266540642
0.860586011342155
0.861362408857683
0.8620712935457737
0.8626789089927086
0.8636578449905482
0.8644342425060761
0.865041857953011
0.8658182554685391
0.8665271401566298
0.8670334863624088
0.867877396705374
0.868822576289495
0.8698015122873346
0.8703753713205509
0.8712867944909533
0.8720969484201998
0.8727383202808534
0.8733459357277883
0.8738185255198487
0.8746961922765325
0.8751012692411558
0.8756413718606535
0.8763840129624628
0.8770253848231164
0.8776330002700513
0.8782406157169862
0.8788144747502026
0.8794896030245747
0.8801984877126654
0.8810423980556306
0.8817512827437213
0.8826627059141237
0.8838104239805563
0.8842492573588981
0.8848906292195517
0.8853294625978936
0.886240885768296
0.8868822576289495
0.8878611936267891
0.8886713475560356
0.8892114501755334
0.8899878476910613
0.890527950310559
0.8910342965163381
0.8918782068593033
0.8926883607885499
0.8932622198217661
0.8939035916824196
0.894308668647043
0.8950513097488523
0.8954901431271942
0.8961652714015663
0.8969416689170943
0.8975830407777478
0.8985282203618687
0.8994058871185525
0.9000135025654874
0.9007561436672968
0.9013300027005131
0.9020388873886038
0.9025789900081015
0.9033553875236295
0.9037942209019714
0.9046043748312179
0.9050769646232785
0.9055495544153389
0.906055900621118
0.9071023494463948
0.9076762084796112
0.9085201188225763
0.9093640291655415
0.9098366189576019
0.9106130164731299
0.9112543883337835
0.9117269781258439
0.9121320550904672
0.913009721847151
0.9138536321901162
0.9145625168782069
0.9153726708074534
0.9161828247367
0.9169592222522279
0.9177356197677559
0.9182082095598164
0.9185120172832838
0.919524709694842
0.9200310559006211
0.9207736970024305
0.921415068863084
0.9219889278963003
0.9225627869295167
0.9232379152038888
0.9239130434782609
0.9244531460977585
0.9249257358898191
0.925533351336754
0.9258371590602215
0.926478530920875
0.9271874156089657
0.9278963002970564
0.9284701593302728
0.9289427491223332
0.9293478260869565
0.9300567107750473
0.9307993518768566
0.9316095058061031
0.9323859033216311
0.9331285444234405
0.9338711855252498
0.9343775317310289
0.9346813394544964
0.9355252497974615
0.9360991088306778
0.9367067242776127
0.9376181474480151
0.9380232244126384
0.9382257628949501
0.9390696732379152
0.9396435322711315
0.9402511477180664
0.9409600324061572
0.9415338914393735
0.9419389684039967
0.9426478530920875
0.9433904941938969
0.944234404536862
0.9447069943289225
0.9452808533621389
0.9458547123953551
0.9464285714285714
0.9471036997029436
0.9479138536321902
0.9485889819065623
0.9490278152849041
0.949466648663246
0.9501755333513368
0.9509519308668647
0.951694571968674
0.9522346745881718
0.9528085336213881
0.953078584931137
0.953416149068323
0.9539224952741021
0.9545638671347556
0.9551377261679719
0.955644072373751
0.9558803672697812
0.9565554955441534
0.9571293545773697
0.9575006751282744
0.9580745341614907
0.958648393194707
0.9592222522279233
0.9598636240885768
0.9606062651903862
0.9611801242236024
0.9616864704293816
0.9623278422900351
0.9628341884958143
0.9633405347015933
0.9636105860113422
0.963880637321091
0.9646232784229003
0.9650621118012422
0.9656359708344585
0.9663110991088307
0.9668512017283284
0.9674925735889819
0.9680664326221983
0.9687078044828518
0.969281663516068
0.9699230353767215
0.9705306508236565
0.9710369970294356
0.9716783688900891
0.9722184715095868
0.9725560356467728
0.9732311639211451
0.9739400486092358
0.974513907642452
0.9751890359168242
0.9757291385363219
0.9761004590872265
0.9766743181204429
0.9769443694301917
0.9773832028085336
0.9779233054280313
0.9784634080475291
0.979071023494464
0.9794423440453687
0.980184985147178
0.9806575749392384
0.981130164731299
0.981636510937078
0.9821091007291385
0.9827504725897921
0.9831217931406967
0.9837294085876317
0.9842019983796921
0.9846745881717527
0.9853834728598434
0.9858223062381852
0.98619362678909
0.9868012422360248
0.9870375371320551
0.9876113961652714
0.9879489603024575
0.9885228193356738
0.9891979476100459
0.9896030245746692
0.9901768836078855
0.9909195247096948
0.9914933837429112
0.99176343505266
0.9921009991898461
0.9926411018093437
0.9932149608425601
0.9936875506346206
0.993991358358088
0.9941601404266811
0.9945314609775857
0.994936537942209
0.9953078584931137
0.9954766405617067
0.9958142046988928
0.9961180124223602
0.9964218201458277
0.9965906022144208
0.996658115041858
0.9971307048339184
0.9973669997299487
0.9973669997299487
0.997603294625979
0.9978395895220091
0.9981771536591952
0.9983459357277883
0.9986159870375372
0.9987172562786929
0.9988185255198487
0.9989873075884418
0.9990210640021604
0.9990210640021604
0.999054820415879
0.9990885768295976
0.9990885768295976
