0.0008776667566837699
0.0016540642722117202
0.0025317310288954903
0.0033081285444234404
0.004219551714825817
0.005198487712665407
0.005974885228193357
0.006616257088846881
0.007628949500405077
0.00867539832568188
0.009586821496084256
0.010700783148798272
0.011814744801512287
0.01275992438563327
0.013772616797191467
0.015730488792870645
0.01684445044558466
0.01772211720226843
0.0185997839589522
0.01920739940588712
0.0201525789900081
0.020793950850661626
0.021401566297596545
0.022346745881717527
0.023426951120712934
0.024270861463678097
0.025148528220361867
0.02599243856332703
0.027275182284634082
0.028389143937348097
0.029739400486092357
0.030954631379962193
0.032271131514987846
0.033250067512827435
0.034060221442074
0.03487037537132055
0.035511747231974075
0.03645692681609506
0.03709829867674858
0.03817850391574399
0.03919119632730219
0.0402714015662976
0.04128409397785579
0.04229678638941399
0.0433769916284094
0.04479476100459087
0.04590872265730489
0.0470226843100189
0.04830542803132595
0.04925060761544694
0.04999324871725628
0.05100594112881447
0.051647312989468
0.052423710504995946
0.05326762084796111
0.05397650553605185
0.05465163381042398
0.05556305698082636
0.056643262219821765
0.05806103159600324
0.05893869835268701
0.06012017283283824
0.0609640831758034
0.06217931406967324
0.06376586551444774
0.06514987847691062
0.06677018633540373
0.06798541722927356
0.06906562246826897
0.07034836618957602
0.07136105860113422
0.07220496894409938
0.07379152038887389
0.07483796921415069
0.07554685390224143
0.07608695652173914
0.0769646232784229
0.07787604644882527
0.07871995679179045
0.0795638671347556
0.08013772616797192
0.08111666216581151
0.08233189305968133
0.08439103429651634
0.08618012422360248
0.08732784229003511
0.08877936807993518
0.09033216311099108
0.09158115041857953
0.09262759924385633
0.09360653524169592
0.09431541992978666
0.09526059951390764
0.09593572778827977
0.0965770996489333
0.09738725357817986
0.09833243316230084
0.09924385633270322
0.10002025384823117
0.10153929246556846
0.10322711315149878
0.1048811774237105
0.10629894679989198
0.10737915203888738
0.1084256008641642
0.10920199837969215
0.11011342155009451
0.1110248447204969
0.11200378071833648
0.11325276802592493
0.1146705374021064
0.11544693491763434
0.1162233324331623
0.11706724277612747
0.11868755063462058
0.11973399945989738
0.12024034566567648
0.12105049959492303
0.12297461517688361
0.12429111531190926
0.12540507696462327
0.1270253848231164
0.12827437213070483
0.12942209019713746
0.1300972184715096
0.13134620577909803
0.13266270591412369
0.13394544963543073
0.13462057790980286
0.13671347556035646
0.13806373210910072
0.13900891169322172
0.13958277072643802
0.14073048879287064
0.14191196327302188
0.1431271941668917
0.14380232244126384
0.14420739940588712
0.14552389954091277
0.14704293815825006
0.14842695112071294
0.14950715635970835
0.15085741290845261
0.15156629759654333
0.1528490413178504
0.15416554145287606
0.15514447745071563
0.1560221442073994
0.15693356737780179
0.15831758034026466
0.15939778557926007
0.1601404266810694
0.16071428571428573
0.16155819605725089
0.16287469619227654
0.16415743991358359
0.16544018363489063
0.1663178503915744
0.16756683769916283
0.16884958142046988
0.1698960302457467
0.171415068863084
0.17229273561976777
0.17317040237645154
0.1746219281663516
0.17627599243856332
0.1777950310559006
0.17850391574399135
0.17941533891439373
0.1807993518768566
0.1817782878746962
0.18299351876856604
0.18360113421550095
0.18461382662705914
0.18579530110721038
0.18721307048339184
0.18883337834188496
0.1899810964083176
0.191061301647313
0.1921415068863084
0.19295166081555495
0.1937955711585201
0.19490953281123413
0.19615852011882257
0.19727248177153658
0.19845395625168782
0.19939913583580882
0.200411828247367
0.20122198217661355
0.20216716176073454
0.20274102079395084
0.20419254658385094
0.20517148258169052
0.20631920064812315
0.20723062381852553
0.2077369700243046
0.2082433162300837
0.2092897650553605
0.21060626519038617
0.21145017553335133
0.21300297056440723
0.21472454766405616
0.21577099648933298
0.216884958142047
0.21752633000270052
0.21860653524169593
0.21934917634350526
0.22086821496084255
0.22177963813124493
0.22326492033486361
0.22498649743451254
0.22593167701863354
0.22707939508506617
0.2289359978395895
0.2298811774237105
0.231298946799892
0.23261544693491765
0.23413448555225494
0.2350121523089387
0.23592357547934106
0.23666621658115042
0.23737510126924116
0.23886038347285984
0.23983931947069942
0.24132460167431813
0.24270861463678098
0.2432824736699973
0.24399135835808802
0.24497029435592763
0.24621928166351606
0.24675938428301378
0.2479071023494464
0.24966243586281395
0.25077639751552794
0.2519241155819606
0.25290305157980014
0.2535781798541723
0.2545233594382933
0.25604239805563056
0.2573251417769376
0.25837159060221443
0.25955306508236564
0.2609370780448285
0.2623210910072914
0.2627936807993519
0.26407642452065894
0.2654604374831218
0.2665068863083986
0.26765460437483124
0.26883607885498245
0.26954496354307317
0.27025384823116394
0.27214420739940587
0.27359573318930597
0.2744058871185525
0.2753510667026735
0.2760599513907642
0.27734269511207127
0.27852416959222254
0.2794018363489063
0.28065082365649474
0.2816972724817715
0.2829125033756414
0.28375641371860655
0.28466783688900893
0.285950580610316
0.2876721577099649
0.2888536321901161
0.2896975425330813
0.2903389143937348
0.29155414528760465
0.29219551714825814
0.2933094788009722
0.29411963273021874
0.2947272481771537
0.2959762354847421
0.2973264920334864
0.2987442614096678
0.29979071023494464
0.30103969754253307
0.30238995409127734
0.3038077234674588
0.3044153389143937
0.3053267620847961
0.30596813394544964
0.3072846340804753
0.30863489062921956
0.30958007021334055
0.31076154469349176
0.311943019173643
0.31322576289495
0.3146435322711315
0.31633135295706183
0.3177153659195247
0.319065622468269
0.3197745071563597
0.3207534431541993
0.32146232784229
0.32250877666756683
0.32372400756143666
0.32463543073183904
0.32612071293545775
0.32730218741560896
0.328416149068323
0.32969889278963005
0.3307115852011882
0.33199432892249525
0.3333108290575209
0.33415473940048607
0.33540372670807456
0.336652714015663
0.3373615987037537
0.33844180394274914
0.3396907912503376
0.34070348366189573
0.3423575479341075
0.3434377531731029
0.34461922765325415
0.3459019713745612
0.34694842019983796
0.3479611126113962
0.34860248447204967
0.3491088306778288
0.3497164461247637
0.3505941128814475
0.35191061301647314
0.35309208749662435
0.35467863894139884
0.3558938698352687
0.3567715365919525
0.3580205238995409
0.359640831758034
0.36068728058331084
0.3614974345125574
0.36264515257899
0.3636240885768296
0.3647718066432622
0.3660207939508507
0.3671347556035647
0.367877396705374
0.36895760194436944
0.3698015122873346
0.37115176883607887
0.37253578179854174
0.373886038347286
0.3752362948960302
0.3761814744801512
0.3769578719956792
0.37780178233864437
0.3785781798541723
0.37942209019713746
0.38029975695382123
0.3813799621928166
0.3823926546043748
0.38387793680799354
0.3852281933567378
0.38657844990548207
0.38769241155819606
0.3889413988657845
0.3898865784499055
0.39076424520658926
0.39140561706724275
0.3927221172022684
0.3936335403726708
0.39501755333513366
0.3961315149878477
0.3968403996759384
0.3982581690521199
0.3993046178773967
0.40041857953011073
0.4014650283553875
0.40210640021604105
0.4034904131785039
0.4045706184174993
0.405110721036997
0.40615716986227385
0.4076086956521739
0.40882392654604377
0.4096003240615717
0.4107817985417229
0.41206454226302996
0.4133135295706184
0.41398865784499056
0.41490008101539294
0.41601404266810693
0.41675668376991626
0.41746556845800703
0.41864704293815824
0.41986227383202807
0.42057115852011884
0.42168512017283283
0.42293410748042126
0.4237780178233864
0.4246556845800702
0.4254658385093168
0.42644477450715634
0.4278287874696192
0.4286726978125844
0.4294490953281123
0.430596813394545
0.43120442884147986
0.4322846340804753
0.43306103159600323
0.4342087496624359
0.43572778827977315
0.43663921145017554
0.4377194166891709
0.4384958142046989
0.43947475020253846
0.4410275452335944
0.4417701863354037
0.44288414798811776
0.444065622468269
0.4452133405347016
0.44609100729138534
0.4474750202538482
0.4486227383202809
0.44912908452605993
0.45020928976505536
0.45162705914123685
0.4524034566567648
0.45378746961922767
0.45483391844450444
0.4559478800972185
0.4570955981636511
0.4581758034026465
0.45942479071023495
0.4601674318120443
0.4607412908452606
0.4621253038077235
0.46347556035646775
0.46465703483661897
0.4659735349716446
0.4673913043478261
0.46907912503375643
0.4704631379962193
0.47117202268431
0.4716446124763705
0.47292735619767756
0.4742100999189846
0.4755941128814475
0.4765392924655685
0.47809208749662435
0.47950985687280584
0.48045503645692683
0.4812651903861734
0.4822778827977316
0.48308803672697814
0.4839319470699433
0.48528220361868757
0.486699972994869
0.4879152038887389
0.4890629219551715
0.4902781528490413
0.490818255468539
0.4921347556035647
0.4932824736699973
0.4940588711855253
0.4948690251147718
0.4959154739400486
0.49723197407507425
0.4985484742100999
0.49918984607075345
0.5001350256548744
0.500945179584121
0.5013840129624628
0.5027342695112071
0.5042533081285444
0.5058061031596003
0.5072576289495004
0.5083040777747773
0.5094517958412098
0.5101606805293005
0.5109708344585471
0.5118822576289495
0.5130299756953821
0.5137051039697542
0.5149540912773427
0.5164393734809614
0.5176208479611126
0.518363489062922
0.519477450715636
0.5205914123683499
0.5218403996759384
0.5234269511207129
0.5248109640831758
0.5261949770456387
0.527106400216041
0.5277477720766945
0.5286591952470969
0.5296718876586551
0.5305833108290575
0.5318998109640832
0.5328787469619227
0.5342627599243857
0.5351066702673508
0.5359168241965974
0.5370982986767486
0.5381447475020253
0.5393599783958952
0.5397650553605186
0.5407777477720767
0.5419254658385093
0.5430056710775047
0.5440521199027816
0.5448285174183095
0.5457736970024305
0.5466513637591143
0.547360248447205
0.5489467998919795
0.5500945179584121
0.5515798001620308
0.5531325951930867
0.554044018363489
0.5549554415338914
0.5556643262219821
0.5568458007021334
0.5576221982176613
0.5587361598703754
0.5598838779368079
0.5611328652443964
0.5618079935187685
0.5625168782068592
0.5631920064812315
0.5639684039967594
0.5653861733729408
0.5666014042668107
0.5680191736429921
0.5689643532271131
0.5699770456386714
0.5704833918444504
0.5713948150148528
0.5725087766675668
0.5738252768025925
0.5752768025924926
0.576188225762895
0.576694571968674
0.5778085336213881
0.5786524439643532
0.579530110721037
0.5809141236834998
0.581758034026465
0.5827369700243046
0.5836146367809883
0.5854037267080745
0.5863151498784769
0.5874966243586282
0.5883067782878747
0.5890156629759654
0.5901296246286795
0.5912098298676749
0.5920874966243587
0.593336483931947
0.5940791250337564
0.595058061031596
0.5956994328922496
0.5963408047529031
0.5977585741290845
0.5982986767485823
0.5994126384012962
0.6001890359168242
0.6016743181204429
0.6026870105320011
0.6038347285984337
0.6047799081825547
0.6059951390764245
0.6069403186605455
0.6081217931406967
0.6089994598973805
0.6097421009991898
0.6109910883067783
0.6122400756143668
0.6135228193356738
0.6145017553335134
0.6150756143667296
0.6160883067782879
0.6175060761544694
0.6184512557385903
0.6192614096678369
0.6203078584931137
0.6211180124223602
0.6222994869025115
0.6231771536591952
0.6241223332433162
0.624831217931407
0.6258439103429652
0.6265865514447745
0.6277342695112071
0.6285106670267351
0.6295908722657305
0.6300972184715096
0.6314812314339725
0.6326964623278423
0.6335403726708074
0.6343167701863354
0.6353969754253308
0.6365784499054821
0.6375573859033217
0.6385363219011613
0.6392789630029706
0.6402241425870916
0.6410342965163381
0.6420132325141777
0.6435997839589522
0.6443761814744802
0.6450175533351337
0.6462665406427222
0.6476843100189036
0.6485619767755874
0.6493046178773967
0.6502835538752363
0.6511612206319201
0.6525452335943829
0.6538617337294086
0.654941938968404
0.6560221442073995
0.6567310288954902
0.657608695652174
0.6582163110991088
0.659229003510667
0.6599716446124764
0.6605792600594113
0.6617944909532811
0.6627059141236835
0.6635498244666487
0.6645625168782069
0.6657102349446394
0.6665541452876046
0.6677693761814745
0.6685120172832838
0.6697610045908723
0.6709087226573048
0.6717863894139886
0.672360248447205
0.673305428031326
0.6739467998919795
0.6748244666486632
0.675702133405347
0.6768836078854983
0.6778963002970564
0.6785714285714286
0.6795166081555496
0.6805968133945449
0.6814069673237915
0.6825884418039427
0.6835336213880637
0.6846813394544964
0.6857953011072103
0.6867742371050499
0.6876856602754523
0.6887996219281664
0.6901161220631921
0.6908587631650014
0.6916014042668107
0.6928166351606805
0.693626789089927
0.6943019173642992
0.6953821226032946
0.6962597893599783
0.6970361868755064
0.6976775587361599
0.6980488792870645
0.6990953281123413
0.6999729948690251
0.7010194436943019
0.7025047258979206
0.7035511747231974
0.7044963543073184
0.7057115852011883
0.7068255468539022
0.707871995679179
0.7087159060221442
0.709593572778828
0.7104037267080745
0.7116864704293816
0.7125303807723468
0.7139819065622468
0.714994598973805
0.7165136375911423
0.7172562786929516
0.7179314069673238
0.7191466378611936
0.7200243046178774
0.7209019713745611
0.7217458817175263
0.7232311639211451
0.7238050229543613
0.7246151768836079
0.7252565487442614
0.726235484742101
0.7269781258439103
0.7276532541182825
0.7285984337024034
0.7292060491493384
0.7302187415608966
0.7313664596273292
0.7325141776937618
0.7337631650013503
0.7347758574129084
0.7356872805833108
0.7363961652714016
0.7377126654064272
0.7386240885768296
0.7396030245746692
0.7403456656764785
0.7414933837429112
0.742708614636781
0.7437550634620578
0.7443626789089927
0.744767755873616
0.7455441533891439
0.7464893329732649
0.7475695382122604
0.7482784229003511
0.749054820415879
0.7496624358628139
0.7504050769646233
0.7514852822036187
0.7525992438563327
0.7533081285444234
0.7544896030245747
0.7554685390224143
0.7568525519848771
0.7576964623278423
0.7589454496354308
0.7596543343235215
0.7604982446664866
0.7617134755603565
0.7627936807993518
0.763637591142317
0.7640764245206589
0.7643127194166892
0.765190386173373
0.7658317580340265
0.7668782068593033
0.7676546043748312
0.7683972454766406
0.7692411558196057
0.7699162840939778
0.7709964893329733
0.7715365919524709
0.7723129894679989
0.7731568998109641
0.7741695922225222
0.7753510667026735
0.7762624898730759
0.7771401566297597
0.7780178233864434
0.7787604644882528
0.7791317850391575
0.7798744261409668
0.7805157980016203
0.7812921955171482
0.7822711315149878
0.7834863624088577
0.7843640291655415
0.7850729138536322
0.7858155549554415
0.7868282473669997
0.7878071833648393
0.789123683499865
0.7901363759114232
0.7909127734269511
0.7917229273561976
0.7926343505266
0.7937483121793141
0.794524709694842
0.7951660815554955
0.7961450175533351
0.7971914663786119
0.7977315689981096
0.7984066972724818
0.799250607615447
0.7998919794761005
0.8008034026465028
0.8019511207129355
0.8028625438833379
0.8039427491223332
0.8046516338104239
0.8057318390494194
0.806710775047259
0.80765595463138
0.8084323521469079
0.80910748042128
0.8099513907642452
0.8105927626248988
0.8117404806913313
0.8126519038617337
0.8133607885498245
0.8144072373751012
0.8153186605455036
0.8159262759924386
0.8170739940588712
0.8179179044018363
0.8191331352957062
0.8199770456386714
0.8210572508776668
0.8222049689440993
0.8231163921145017
0.8239265460437483
0.8247366999729949
0.8258844180394275
0.8265933027275182
0.8274034566567647
0.8281460977585742
0.8290575209289766
0.8298676748582231
0.8306778287874697
0.8313867134755604
0.8322643802322441
0.8328382392654604
0.8337834188495814
0.8344247907102349
0.8353024574669187
0.8359438293275723
0.836821496084256
0.8376654064272212
0.8384755603564678
0.8392857142857143
0.8402646502835539
0.8407372400756143
0.8414798811774237
0.8421212530380773
0.8428638941398866
0.8438765865514448
0.8448217661355658
0.8458344585471239
0.8463745611666217
0.847117202268431
0.8478260869565217
0.8485349716446124
0.8492100999189847
0.8500540102619498
0.8508641641911964
0.8515730488792871
0.8522481771536592
0.8527882797731569
0.8534296516338105
0.8542060491493384
0.8549149338374291
0.8560964083175804
0.8565352416959222
0.8571766135565757
0.8583243316230084
0.8588981906562246
0.8599783958952201
0.8608560626519038
0.8616662165811504
0.8623413448555225
0.8630502295436133
0.863590332163111
0.8644004860923575
0.8652443964353227
0.8663583580880367
0.8675060761544694
0.8682487172562787
0.8690251147718067
0.8698015122873346
0.8703753713205509
0.870712935457737
0.8713543073183905
0.871995679179044
0.8725695382122604
0.8732446664866325
0.8740885768295976
0.8751350256548744
0.875945179584121
0.8769241155819606
0.8775992438563327
0.8782406157169862
0.8793208209559816
0.8798271671617607
0.8804347826086957
0.8809411288144747
0.8815487442614097
0.8826627059141237
0.8835066162570888
0.8842155009451795
0.8849243856332704
0.8856332703213611
0.8863083985957332
0.8867809883877937
0.8877936807993518
0.8886038347285984
0.889582770726438
0.8903254118282473
0.8911018093437754
0.8919119632730219
0.8926546043748312
0.8931947069943289
0.893532271131515
0.8941398865784499
0.894477450715636
0.8952876046448826
0.8960977585741291
0.8966378611936268
0.8972117202268431
0.8982581690521199
0.898764515257899
0.8994733999459897
0.9000135025654874
0.9005536051849852
0.9013637591142317
0.9023764515257899
0.9034904131785039
0.9040642722117203
0.904773156899811
0.9053470159330272
0.9061234134485552
0.9070348366189576
0.9077437213070484
0.908115041857953
0.9089251957871995
0.9098028625438833
0.9104104779908182
0.9108155549554415
0.9114231704023764
0.9119295166081556
0.9125033756413718
0.913178503915744
0.9140561706724277
0.9145287604644883
0.9150688630839859
0.9157777477720767
0.9163853632190117
0.9168241965973535
0.9174993248717256
0.9179044018363489
0.9186132865244396
0.9192884147988117
0.9198622738320281
0.9206386713475561
0.9212125303807723
0.9218201458277072
0.9222252227923305
0.9227653254118282
0.9233391844450446
0.923811774237105
0.9248919794761005
0.9256346205779098
0.9263772616797191
0.9268836078854983
0.9273899540912773
0.9279638131244936
0.9287739670537402
0.9293478260869565
0.9298879287064542
0.9306980826357008
0.9316095058061031
0.9322508776667567
0.9329935187685661
0.9333310829057521
0.9338711855252498
0.9346813394544964
0.9354239805563057
0.935997839589522
0.9367067242776127
0.9369767755873616
0.9377531731028895
0.9380232244126384
0.9386308398595733
0.9388671347556036
0.9389346475830408
0.939339724547664
0.939778557926006
0.9403186605455036
0.9410275452335943
0.9417364299216852
0.9424453146097759
0.9429854172292735
0.9433904941938969
0.9440993788819876
0.9444706994328923
0.9451458277072644
0.9457534431541993
0.9459897380502296
0.9466311099108831
0.9473399945989738
0.9478463408047529
0.9483189305968134
0.9491290845260599
0.9501080205238995
0.9506818795571158
0.9515933027275182
0.952133405347016
0.952639751552795
0.9534499054820416
0.9539224952741021
0.9545638671347556
0.9551039697542533
0.9555428031325952
0.9562854442344045
0.9567917904401836
0.9571968674048069
0.9580407777477721
0.9585808803672697
0.9592222522279233
0.9596273291925466
0.9601336753983257
0.9609100729138537
0.9612476370510397
0.9617539832568188
0.9623615987037537
0.9627329192546584
0.9630704833918444
0.9634755603564678
0.9639819065622468
0.9645557655954632
0.964994598973805
0.9655347015933027
0.9661423170402377
0.9666824196597353
0.967391304347826
0.9680326762084797
0.968775317310289
0.9694166891709425
0.9702943559276263
0.9706319200648124
0.971003240615717
0.9718133945449635
0.9723872535781799
0.9727248177153659
0.9732986767485823
0.9737712665406427
0.974176343505266
0.9747839589522009
0.975459087226573
0.975897920604915
0.9762692411558196
0.9768768566027545
0.9774169592222522
0.9778557926005941
0.9784296516338105
0.9791722927356198
0.9798474210099919
0.9804550364569268
0.9810288954901432
0.9814339724547664
0.9817715365919525
0.9821766135565757
0.9826829597623549
0.9832905752092898
0.9836956521739131
0.984472049689441
0.9851471779638131
0.9856872805833108
0.9862948960302458
0.9868012422360248
0.9871388063732109
0.9876113961652714
0.9880839859573319
0.9885228193356738
0.9889616527140157
0.9894004860923575
0.9898055630569809
0.9902106400216041
0.990480691331353
0.9909532811234134
0.9914596273291926
0.991932217121253
0.9923372940858763
0.9927423710504996
0.9933837429111532
0.9936875506346206
0.9938900891169322
0.9941601404266811
0.9943626789089927
0.9948352687010532
0.9950715635970835
0.9954091277342695
0.9958142046988928
0.9959829867674859
0.9962530380772346
0.9965906022144208
0.9969281663516069
0.9974007561436673
0.997772076694572
0.9978395895220091
0.9980758844180394
0.9982446664866325
0.9984134485552255
0.9985484742101
0.9985822306238186
0.9986497434512558
0.9987847691061301
0.9988185255198487
0.9988522819335673
0.998886038347286
0.9989535511747232
0.9990210640021604
0.9990885768295976
0.9990885768295976
0.9990885768295976
