0.0008776667566837699
0.0016540642722117202
0.0025317310288954903
0.0033081285444234404
0.004219551714825817
0.005198487712665407
0.005974885228193357
0.006616257088846881
0.007628949500405077
0.00867539832568188
0.009586821496084256
0.010700783148798272
0.011814744801512287
0.01275992438563327
0.013772616797191467
0.015730488792870645
0.01684445044558466
0.01772211720226843
0.0185997839589522
0.01920739940588712
0.0201525789900081
0.020793950850661626
0.021401566297596545
0.022346745881717527
0.023426951120712934
0.024270861463678097
0.025148528220361867
0.02599243856332703
0.027275182284634082
0.028389143937348097
0.029739400486092357
0.030954631379962193
0.03223737510126924
0.03321631109910883
0.034026465028355386
0.03483661895760194
0.03547799081825547
0.03642317040237645
0.0371995679179044
0.03827977315689981
0.03929246556845801
0.040372670807453416
0.04138536321901161
0.042600594112881446
0.04368079935187685
0.045064812314339724
0.04624628679449096
0.04773156899810964
0.049081825546853905
0.05016203078584931
0.05087091547394005
0.05151228733459357
0.05201863354037267
0.0526937618147448
0.05360518498514718
0.054415338914393735
0.055293005671077505
0.05586686470429381
0.05671077504725898
0.057892249527410206
0.058904941938968405
0.0599176343505266
0.06116662165811504
0.06214555765595463
0.0635633270321361
0.06467728868485012
0.0655887118552525
0.06660140426681069
0.0677153659195247
0.0686943019173643
0.06953821226032947
0.07065217391304347
0.0717323791520389
0.07264380232244126
0.07358898190656225
0.07436537942209019
0.07564812314339725
0.07628949500405077
0.07679584120982987
0.07743721307048339
0.07814609775857413
0.08010396975425331
0.08192681609505806
0.0831758034026465
0.08449230353767216
0.0857412908452606
0.0867539832568188
0.08769916284093977
0.08861058601134215
0.08948825276802592
0.09046718876586551
0.09151363759114231
0.09249257358898191
0.0935052660005401
0.09428166351606805
0.09485552254928437
0.09532811234134486
0.09664461247637052
0.09809613826627059
0.09964893329732649
0.10079665136375912
0.10191061301647313
0.10272076694571969
0.10373345935727789
0.10511747231974075
0.10633270321361059
0.1074804212800432
0.10866189576019444
0.10920199837969215
0.10991088306778288
0.1110923575479341
0.11240885768295976
0.11325276802592493
0.11399540912773427
0.11524439643532271
0.11693221712125304
0.11845125573859033
0.11956521739130435
0.12078044828517419
0.1219281663516068
0.12314339724547664
0.12418984607075344
0.12554010261949772
0.12689035916824196
0.12773426951120712
0.1286119362678909
0.13006346205779099
0.13090737240075614
0.13148123143397245
0.1328314879827167
0.13414798811774237
0.13519443694301916
0.13597083445854713
0.1368147448015123
0.13796246286794492
0.1394815014852822
0.14073048879287064
0.14241830947880096
0.14390359168241965
0.1451188225762895
0.14613151498784768
0.14781933567377803
0.1493046178773967
0.1503173102889549
0.15116122063192006
0.15251147718066432
0.15355792600594112
0.1545031055900621
0.1554145287604645
0.15615716986227382
0.15730488792870645
0.1581487982716716
0.15875641371860655
0.15949905482041588
0.16081555495544153
0.16240210640021605
0.16331352957061843
0.1642587091547394
0.1657102349446395
0.16716176073453956
0.16847826086956522
0.16922090197137457
0.17067242776127464
0.17192141506886308
0.17263029975695382
0.17323791520388873
0.17421685120172833
0.17549959492303538
0.17651228733459357
0.1771536591952471
0.1781663516068053
0.17988792870645423
0.18110315960032405
0.1823183904941939
0.18312854442344045
0.183938698352687
0.184883877936808
0.18620037807183365
0.18819200648123144
0.18920469889278962
0.1899810964083176
0.19052119902781528
0.1922427761274642
0.19349176343505267
0.19487577639751552
0.1957534431541993
0.19700243046178775
0.19831893059681338
0.19997299486902512
0.2008506616257089
0.20199837969214152
0.20277477720766945
0.20388873886038347
0.205475290305158
0.20645422630299756
0.20753443154199297
0.20851336753983257
0.20996489332973264
0.210707534431542
0.2122940858763165
0.21371185525249797
0.2148933297326492
0.21550094517958412
0.2168512017283284
0.21843775317310288
0.21928166351606806
0.22039562516878206
0.22154334323521468
0.2225560356467729
0.22397380502295436
0.22495274102079396
0.2263029975695382
0.22755198487712666
0.228294625978936
0.22910477990818257
0.2308263570078315
0.2319065622468269
0.23322306238185256
0.23467458817175263
0.23572103699702943
0.23781393464758305
0.23886038347285984
0.239704293815825
0.24041317850391575
0.24132460167431813
0.24260734539562517
0.24362003780718336
0.24503780718336485
0.24648933297326492
0.24780583310829057
0.2485822306238185
0.24979746151768836
0.25057385903321633
0.25202538482311637
0.25324061571698625
0.25486092357547935
0.25550229543613284
0.2563799621928166
0.2573588981906562
0.25793275722387254
0.25911423170402376
0.2607007831487983
0.26151093707804485
0.2629624628679449
0.26407642452065894
0.2653929246556846
0.2665743991358358
0.26829597623548473
0.26947745071563595
0.26998379692141505
0.27136780988387793
0.27251552795031053
0.2737307588441804
0.2748109640831758
0.2757899000810154
0.27656629759654333
0.2779503105590062
0.2793005671077505
0.2805495544153389
0.2815622468268971
0.28230488792870645
0.28328382392654605
0.2847691061301647
0.28544423440453687
0.2867607345395625
0.28797596543343235
0.28946124763705106
0.29064272211720227
0.2911828247367
0.29226302997569537
0.29371455576559546
0.29462597893599785
0.29580745341614906
0.29678638941398866
0.29837294085876315
0.29928436402916553
0.30083715906022146
0.3015460437483122
0.3023561976775587
0.30343640291655416
0.30455036456926815
0.30620442884147986
0.3067782878746962
0.3077909802862544
0.30914123683499867
0.3104577369700243
0.3119767755873616
0.3129219551714826
0.3139008911693222
0.3144072373751013
0.3160950580610316
0.31710775047258977
0.31788414798811776
0.3193019173642992
0.32038212260329463
0.3219349176343505
0.3229476100459087
0.3240953281123413
0.3254455846610856
0.3269983796921415
0.3281460977585741
0.32875371320550906
0.3298001620307858
0.3307115852011882
0.3318930596813395
0.3331082905752093
0.33435727788279773
0.33496489332973267
0.335707534431542
0.3372603294625979
0.3383405347015933
0.3392519578719957
0.3404334323521469
0.34205374021064
0.3425600864164191
0.34323521469079127
0.34428166351606804
0.3451593302727518
0.3465433432352147
0.3476910613016473
0.34839994598973806
0.34998649743451254
0.351066702673508
0.35207939508506614
0.3537334593572779
0.35508371590602217
0.3563664596273292
0.3575479341074804
0.35879692141506886
0.3595733189305968
0.36045098568728057
0.36115987037537134
0.3620712935457737
0.36301647312989466
0.36440048609235753
0.3657507426411018
0.3669659735349716
0.3681474480151229
0.369767755873616
0.3707466918714556
0.3724345125573859
0.3734134485552255
0.37435862813934645
0.3750675128274372
0.37608020523899544
0.3768566027545234
0.37827437213070486
0.37932082095598163
0.38046853902241423
0.3816500135025655
0.38296651363759115
0.3840129624628679
0.3852619497704564
0.3864434242506076
0.387523629489603
0.38833378341884955
0.38914393734809616
0.39002160410477993
0.3910005401026195
0.3915406427221172
0.39265460437483124
0.3939373480961383
0.39498379692141505
0.3960977585741291
0.39761679719146636
0.39896705374021063
0.40004725897920607
0.40072238725357817
0.40166756683769916
0.4028490413178504
0.40359168241965976
0.40426681069403186
0.4049756953821226
0.4060896570348366
0.4071361058601134
0.4086889008911693
0.41017418309478804
0.410950580610316
0.41179449095328113
0.41257088846880907
0.4133135295706184
0.4142587091547394
0.4158115041857953
0.416351606805293
0.41746556845800703
0.4185457736970024
0.4194234404536862
0.42057115852011884
0.42178638941398866
0.4227990818255469
0.4236092357547934
0.4245544153389144
0.42553335133675396
0.4261747231974075
0.4270861463678099
0.4282676208479611
0.4297529030515798
0.43073183904941936
0.4318458007021334
0.4332635700783149
0.4346475830407778
0.4353564677288685
0.43616662165811504
0.4370442884147988
0.4381582500675128
0.43947475020253846
0.4403524169592222
0.4415338914393735
0.44298541722927354
0.44355927626248987
0.44490953281123413
0.44639481501485284
0.4473737510126924
0.4483864434242506
0.44899405887118554
0.4499054820415879
0.4507831487982717
0.45172832838239263
0.4528422900351067
0.45415879017013233
0.4551039697542533
0.4561841749932487
0.4571293545773697
0.4581758034026465
0.45888468809073724
0.46003240615716984
0.46080880367269783
0.46155144477450716
0.46296921415068865
0.4643194706994329
0.4654334323521469
0.46617607345395623
0.4675263300027005
0.4685390224142587
0.4697204968944099
0.47083445854712397
0.4720159330272752
0.4725222792330543
0.47343370240345667
0.4746151768836079
0.4755603564677289
0.4767080745341615
0.47792330542803135
0.4788009721847151
0.4796448825276803
0.48048879287064544
0.4813327032136106
0.4825479341074804
0.4834931136916014
0.4848096138266271
0.4855184985147178
0.486699972994869
0.48778017823386444
0.4888603834728598
0.4892992168512017
0.49044693491763436
0.49112206319200646
0.4922022684310019
0.49348501215230894
0.49463273021874155
0.49605049959492303
0.49713070483391847
0.49821091007291385
0.4989535511747232
0.49986497434512556
0.501113961652714
0.5021266540642723
0.503173102889549
0.5044220901971375
0.5053335133675398
0.5067850391574399
0.5083715906022144
0.5092155009451795
0.5105320010802052
0.5111058601134215
0.5119497704563867
0.5131987577639752
0.5143802322441264
0.5155617067242776
0.5169119632730219
0.5180596813394545
0.5188360788549824
0.5201188225762895
0.5206251687820685
0.5218403996759384
0.5227518228463408
0.5237307588441804
0.5247434512557386
0.5253173102889549
0.5263975155279503
0.5271739130434783
0.5277477720766945
0.5282878746961923
0.5291317850391575
0.5304145287604645
0.5322373751012692
0.5334188495814205
0.5346340804752903
0.5354104779908182
0.5360856062651904
0.5367269781258439
0.5376384012962463
0.5386848501215231
0.5396975425330813
0.5412165811504186
0.5420604914933838
0.5430056710775047
0.5437820685930327
0.5446934917634351
0.5457736970024305
0.5464488252768026
0.5470564407237375
0.5482716716176074
0.5493518768566028
0.550195787199568
0.5511409667836888
0.5520861463678098
0.5528963002970564
0.5540777747772077
0.5550904671887659
0.5562044288414799
0.5569808263570079
0.5577909802862544
0.5586348906292196
0.5594450445584661
0.5607615446934917
0.561943019173643
0.5634283013772616
0.5650486092357548
0.5660275452335943
0.5667026735079665
0.5678166351606805
0.5685930326762085
0.5695382122603294
0.5705509046718876
0.5717998919794761
0.5724750202538482
0.5729138536321902
0.5736227383202809
0.5745679179044019
0.5760194436943019
0.5772346745881718
0.5783486362408857
0.5791250337564137
0.5798676748582231
0.5806103159600324
0.5816230083715906
0.5825681879557116
0.5839859573318931
0.5855387523629489
0.5867202268431002
0.5881717526330003
0.5892519578719957
0.5902984066972725
0.5914798811774237
0.592830137726168
0.5938765865514448
0.5944166891709425
0.5953618687550635
0.5964083175803403
0.5973872535781799
0.5982311639211451
0.5993113691601404
0.6006278692951661
0.6014717796381313
0.602349446394815
0.6030245746691871
0.6039359978395895
0.6050837159060222
0.6060964083175804
0.6069740750742642
0.6078854982446665
0.6090332163110991
0.6100121523089387
0.6110586011342155
0.6122400756143668
0.6133202808533621
0.6139954091277343
0.615041857953011
0.6160545503645692
0.6170672427761275
0.6181136916014043
0.6189576019443694
0.6194639481501485
0.6207804482851742
0.6219619227653254
0.6228733459357277
0.624054820415879
0.6250337564137186
0.6256413718606535
0.6267215770996489
0.6280718336483931
0.629287064542263
0.6304010261949771
0.6312111801242236
0.632122603294626
0.6329327572238725
0.6339792060491494
0.6350931677018633
0.6365784499054821
0.6376586551444775
0.6388738860383473
0.6398865784499055
0.6410680529300568
0.6420132325141777
0.6432622198217661
0.6440386173372941
0.6451188225762895
0.6460302457466919
0.6469416689170943
0.6476843100189036
0.648595733189306
0.650047258979206
0.6512624898730759
0.6520726438023224
0.6531866054550365
0.6544018363489063
0.6551107210369971
0.6556845800702134
0.6566972724817716
0.6574399135835809
0.6585538752362949
0.659229003510667
0.6600729138536322
0.6611868755063462
0.6620307858493114
0.6628071833648393
0.6635835808803673
0.6645962732919255
0.6651026194977046
0.6660140426681069
0.6669929786659465
0.6673305428031326
0.6681069403186606
0.6693221712125303
0.6705374021064002
0.6716176073453957
0.6727653254118282
0.6736092357547934
0.6749257358898191
0.6755671077504726
0.6767148258169052
0.6775249797461518
0.6786051849851472
0.6796516338104239
0.6807993518768566
0.6815419929786659
0.682824736699973
0.6836348906292196
0.6843437753173103
0.6855252497974615
0.6867404806913313
0.6874156089657035
0.6882595193086687
0.6889684039967594
0.6896097758574129
0.6908587631650014
0.692175263300027
0.6925128274372131
0.6935592762624899
0.6943694301917365
0.6953146097758575
0.6966648663246017
0.6978463408047529
0.6991290845260599
0.6998717256278693
0.7012219821766136
0.7024034566567647
0.7029773156899811
0.703416149068323
0.7044288414798812
0.7056103159600324
0.7063192006481231
0.7074669187145558
0.708310829057521
0.7091209829867675
0.7102349446394814
0.7113826627059141
0.712159060221442
0.7128679449095328
0.7139481501485282
0.7151971374561167
0.7161760734539563
0.7169524709694842
0.7177288684850122
0.7188090737240076
0.7194842019983797
0.7204631379962193
0.7212395355117472
0.7219821766135566
0.7228260869565217
0.7238050229543613
0.7249864974345126
0.7261004590872265
0.7269443694301917
0.7279570618417499
0.7291722927356198
0.7304212800432082
0.7314339724547664
0.7324804212800432
0.7334931136916014
0.7341344855522549
0.7347758574129084
0.7353497164461248
0.7364636780988387
0.7374088576829597
0.7387253578179854
0.7397380502295436
0.7407507426411019
0.7419659735349716
0.7430461787739671
0.7439576019443694
0.7446664866324602
0.7456454226302998
0.7466243586281394
0.7479071023494464
0.7488185255198487
0.7501012692411558
0.7509789359978396
0.752059141236835
0.753173102889549
0.7541520388873886
0.7551984877126654
0.7561436672967864
0.7568863083985957
0.7578314879827167
0.7588104239805563
0.7595868214960843
0.7605657574939239
0.7616797191466379
0.7628949500405077
0.7637388603834728
0.764413988657845
0.7652241425870916
0.7660005401026195
0.7667769376181475
0.7677896300297057
0.768869835268701
0.7696462327842291
0.7705576559546313
0.7716378611936268
0.7725155279503105
0.7734607075344315
0.7746084256008642
0.775654874426141
0.7765662975965434
0.7772751822846341
0.7781528490413179
0.7787604644882528
0.7793005671077504
0.7803470159330272
0.781055900621118
0.7814272211720227
0.7824736699972995
0.7832500675128274
0.7841952470969484
0.785174183094788
0.7860518498514718
0.7869295166081556
0.788178503915744
0.7894274912233324
0.7904401836348907
0.7913178503915744
0.792296786389414
0.7935120172832838
0.7943896840399676
0.7951998379692141
0.7958074534161491
0.7964825816905212
0.7973940048609236
0.7983729408587632
0.7990480691331353
0.7996556845800702
0.8006346205779098
0.801478530920875
0.8021874156089657
0.802930056710775
0.8043140696732379
0.8056643262219821
0.8063056980826357
0.8073859033216311
0.8087024034566568
0.8094788009721847
0.8103227113151499
0.8106940318660546
0.8110315960032406
0.8120442884147988
0.812888198757764
0.8131244936537942
0.8136983526870105
0.8142722117202268
0.814947339994599
0.8158250067512828
0.8169389684039967
0.8179854172292735
0.8190318660545504
0.8201120712935458
0.8210910072913854
0.8223062381852552
0.8230826357007831
0.8240278152849041
0.8245679179044019
0.825411828247367
0.8259181744531461
0.8264920334863624
0.8274372130704833
0.8282136105860114
0.8289224952741021
0.8296651363759114
0.8307115852011883
0.8314879827167162
0.8322306238185255
0.8329395085066162
0.8335808803672697
0.834593572778828
0.8358425600864164
0.8365514447745072
0.8369565217391305
0.8380704833918444
0.8388468809073724
0.8393869835268701
0.8401633810423981
0.8411085606265191
0.841716176073454
0.8423575479341074
0.842998919794761
0.8438428301377262
0.8449230353767215
0.8454293815825007
0.84617202268431
0.8469146637861193
0.8475897920604915
0.8483324331623009
0.8490750742641102
0.8498514717796382
0.8503915743991358
0.8509316770186336
0.8517418309478801
0.8522819335673778
0.8530245746691871
0.8538684850121523
0.8544423440453687
0.8550837159060222
0.8557588441803943
0.8568728058331083
0.8577504725897921
0.85852687010532
0.8589319470699432
0.8597083445854712
0.8604847421009992
0.8613286524439644
0.8617674858223062
0.8628476910613017
0.8638266270591413
0.8645692681609506
0.8652443964353227
0.8659532811234134
0.8666284093977856
0.8672697812584391
0.8682149608425601
0.8686200378071833
0.8691601404266811
0.8699702943559277
0.8708142046988928
0.8714893329732649
0.8723669997299487
0.8731433972454766
0.8736834998649744
0.8742911153119093
0.8748987307588442
0.8757426411018093
0.8764515257899
0.8769916284093978
0.877396705374021
0.8779368079935188
0.8787469619227654
0.8793883337834189
0.880232244126384
0.8812449365379422
0.8821901161220632
0.8830002700513098
0.8838104239805563
0.8842830137726168
0.8848231163921145
0.88590332163111
0.8863759114231704
0.8870510396975425
0.8880637321091007
0.8893464758304078
0.8898865784499055
0.8904604374831218
0.8912030785849311
0.8918106940318661
0.8923845530650824
0.8928908992708615
0.8935660275452336
0.894477450715636
0.8952538482311639
0.8960302457466919
0.8965365919524709
0.8971104509856873
0.8979206049149339
0.8986970024304618
0.8991358358088036
0.8998447204968945
0.9002835538752363
0.9009249257358898
0.9015662975965434
0.9023764515257899
0.9029840669727248
0.9036591952470969
0.9044355927626249
0.9053132595193086
0.9061571698622738
0.906832298136646
0.9075074264110181
0.9086551444774507
0.9092627599243857
0.9097353497164461
0.9106805293005671
0.9113219011612206
0.9121995679179044
0.912840939778558
0.9134485552254928
0.9140899270861463
0.9148325681879557
0.9155752092897651
0.9163853632190117
0.9169254658385093
0.9175330812854442
0.9181744531460978
0.9188495814204699
0.9195922225222792
0.9202673507966513
0.9206724277612747
0.9213475560356468
0.9220226843100189
0.9229341074804213
0.923642992168512
0.9242843640291656
0.924756953821226
0.9255671077504726
0.9263435052660005
0.9268836078854983
0.9277275182284634
0.928098838779368
0.92853767215771
0.929482851741831
0.930428031325952
0.9310018903591682
0.9319470699432892
0.9324871725627869
0.9334323521469079
0.9342087496624358
0.9349176343505265
0.9354914933837429
0.9359640831758034
0.9368079935187685
0.9373480961382663
0.9377194166891709
0.9384620577909802
0.9392384553065083
0.9395422630299757
0.9403524169592222
0.940723737510127
0.9410950580610316
0.941398865784499
0.9420402376451525
0.9426816095058062
0.943120442884148
0.943626789089927
0.9439643532271131
0.9445044558466108
0.9448420199837969
0.9452470969484202
0.9458884688090737
0.9465635970834458
0.9471712125303807
0.9477113151498785
0.9484877126654064
0.9489265460437483
0.9493316230083716
0.9498717256278693
0.9502768025924926
0.9507156359708344
0.9510869565217391
0.9515933027275182
0.9522009181744532
0.9527410207939508
0.9535174183094788
0.9536862003780718
0.9543275722387253
0.9546313799621928
0.9552052389954091
0.9558466108560627
0.9562516878206859
0.9567917904401836
0.9571293545773697
0.957534431541993
0.9580070213340535
0.9585808803672697
0.9590197137456117
0.9593235214690792
0.9601674318120443
0.9610113421550095
0.9617539832568188
0.9622940858763165
0.9628004320820956
0.9636105860113422
0.9642857142857143
0.9647245476640561
0.9653996759384283
0.9659060221442074
0.9663110991088307
0.9669862273832028
0.9675263300027005
0.9682014582770726
0.9685727788279773
0.9689103429651634
0.9693829327572239
0.9698555225492843
0.9705644072373751
0.9708007021334053
0.9714083175803403
0.9720159330272752
0.9724885228193356
0.9730961382662706
0.9736699972994869
0.974176343505266
0.9748514717796382
0.9754928436402917
0.9759991898460707
0.9764380232244126
0.9769443694301917
0.9774507156359709
0.9777882797731569
0.9784296516338105
0.9788347285984337
0.979239805563057
0.9797123953551174
0.9802187415608966
0.9806575749392384
0.9810288954901432
0.9814339724547664
0.9821428571428571
0.982581690521199
0.9831217931406967
0.983864434242506
0.9842695112071294
0.9845733189305969
0.9851809343775317
0.9859235754793411
0.9863961652714016
0.9871050499594923
0.9876789089927086
0.9879489603024575
0.9885565757493924
0.9890629219551715
0.9897718066432623
0.9902106400216041
0.9906157169862274
0.9911558196057251
0.9913921145017554
0.9914933837429112
0.9917296786389413
0.9923372940858763
0.9926073453956251
0.9929786659465298
0.9934174993248718
0.993822576289495
0.9942276532541183
0.9944301917364299
0.9949027815284904
0.9950040507696463
0.9951390764245207
0.9954766405617067
0.9959154739400486
0.9963543073183905
0.9967256278692952
0.9970631920064812
0.9972994869025115
0.9975695382122604
0.997940858763165
0.9983121793140697
0.9985147177963813
0.9986159870375372
0.9986497434512558
0.9986834998649744
0.9986834998649744
0.9987172562786929
0.9987847691061301
0.9989873075884418
0.9990885768295976
0.9990885768295976
