0.0008776667566837699
0.0016540642722117202
0.0025317310288954903
0.0033081285444234404
0.004219551714825817
0.005198487712665407
0.005974885228193357
0.006616257088846881
0.007628949500405077
0.00867539832568188
0.009586821496084256
0.010700783148798272
0.011814744801512287
0.01275992438563327
0.013772616797191467
0.015730488792870645
0.016945719686740482
0.01822846340804753
0.019038617337294086
0.01988252768025925
0.020928976505536052
0.021975425330812856
0.023021874156089656
0.023899540912773427
0.02467593842830138
0.02541857953011072
0.025958682149608427
0.02717391304347826
0.028591682419659734
0.029739400486092357
0.030650823656494734
0.03193356737780178
0.033520118822576286
0.035039157439913586
0.036018093437753175
0.03706454226302998
0.03841479881177424
0.03932622198217661
0.040372670807453416
0.04111531190926276
0.042330542803132594
0.043478260869565216
0.043984607075344316
0.04516608155549554
0.04567242776127464
0.04628004320820956
0.0469889278963003
0.04786659465298407
0.048676748582230624
0.05039832568187956
0.05211990278152849
0.05313259519308668
0.05411153119092628
0.05546178773967054
0.05671077504725898
0.057655954631379965
0.05843235214690791
0.05910748042128004
0.06018768566027545
0.06089657034836619
0.061537942209019716
0.06231433972454766
0.06315825006751283
0.06383337834188496
0.06464353227113151
0.06518363489062921
0.0671077504725898
0.06886308398595734
0.07028085336213881
0.07176613556575749
0.07261004590872265
0.0738590332163111
0.07500675128274373
0.0759181744531461
0.0769646232784229
0.07784229003510668
0.0785174183094788
0.07946259789359979
0.0806103159600324
0.08179179044018363
0.08233189305968133
0.0831420469889279
0.08374966243586282
0.084762354847421
0.08641641911963273
0.08780043208209559
0.08911693221712125
0.09060221442073994
0.09168241965973535
0.09242506076154469
0.09333648393194707
0.0945854712395355
0.09566567647853091
0.09681339454496354
0.0976573048879287
0.09829867674858223
0.0991425870915474
0.10032406157169863
0.10180934377531731
0.10251822846340805
0.10305833108290575
0.10390224142587091
0.10555630569808264
0.10677153659195247
0.10802052389954091
0.10926951120712936
0.11065352416959222
0.11207129354577369
0.11305022954361328
0.11429921685120173
0.11541317850391575
0.11686470429381582
0.11787739670537402
0.11892384553065083
0.11973399945989738
0.12030785849311369
0.12115176883607885
0.1224345125573859
0.12391979476100459
0.12543883337834189
0.12618147448015124
0.1269916284093978
0.12840939778557925
0.12921955171482583
0.1308061031596003
0.13141371860653525
0.13252768025924927
0.13381042398055631
0.13492438563327033
0.1358695652173913
0.13664596273291926
0.13765865514447745
0.13927896300297057
0.14046043748312179
0.14133810423980556
0.14211450175533352
0.14275587361598704
0.14383607885498245
0.14528760464488252
0.14657034836618957
0.14788684850121522
0.1487982716716176
0.1493046178773967
0.1503510667026735
0.15180259249257358
0.152882797731569
0.1538617337294086
0.1555157980016203
0.15716986227383203
0.15841884958142047
0.15936402916554146
0.1600391574399136
0.16135565757493925
0.16280718336483932
0.16392114501755334
0.1653726708074534
0.16614906832298137
0.1669254658385093
0.1678706454226303
0.16911963273021874
0.17030110721036998
0.17158385093167702
0.17337294085876317
0.17485822306238186
0.17546583850931677
0.176647312989468
0.17752497974615178
0.1787739670537402
0.17985417229273562
0.18127194166891708
0.18225087766675668
0.18343235214690792
0.18407372400756145
0.1849176343505266
0.18636916014042668
0.18782068593032678
0.18839454496354308
0.18920469889278962
0.1905887118552525
0.19126384012962463
0.19227653254118282
0.19359303267620848
0.19460572508776666
0.1963610586011342
0.19798136645962733
0.19899405887118551
0.2003780718336484
0.20125573859033216
0.20213340534701593
0.20257223872535782
0.2040575209289765
0.2050364569268161
0.206589251957872
0.20777072643802322
0.20837834188495813
0.20905347015933026
0.20993113691601403
0.2113151498784769
0.2122940858763165
0.2137793680799352
0.214825816905212
0.21577099648933298
0.2164123683499865
0.2173237915203889
0.21857277882797732
0.21995679179044017
0.22194842019983796
0.22346745881717525
0.2247839589522009
0.22586416419119631
0.22691061301647314
0.2283621388063732
0.2289359978395895
0.23065757493923847
0.23150148528220363
0.23275047258979206
0.2339994598973805
0.23470834458547124
0.2355184985147178
0.23666621658115042
0.23825276802592493
0.23929921685120173
0.24031190926275992
0.24139211450175532
0.24304617877396706
0.24426140966783688
0.2448015122873346
0.24591547394004862
0.24669187145557656
0.2479746151768836
0.249054820415879
0.2500675128274372
0.2510126924115582
0.2520928976505536
0.25320685930326764
0.2542195517148258
0.25540102619497707
0.25604239805563056
0.2572238725357818
0.25789900081015393
0.259181744531461
0.2603632190116122
0.26171347556035646
0.2629287064542263
0.2640089116932217
0.2648865784499055
0.2663718606535242
0.2675533351336754
0.2684985147177964
0.2694436943019174
0.27022009181744533
0.2710302457466919
0.2726843100189036
0.2738320280853362
0.2746084256008642
0.2755536051849852
0.27666756683769916
0.27781528490413177
0.27882797731569
0.28021199027815286
0.28176478530920873
0.2830475290305158
0.2844990548204159
0.28487037537132054
0.28534296516338103
0.2861531190926276
0.28730083715906024
0.2888536321901161
0.28993383742911155
0.2909127734269511
0.2923305428031326
0.29320820955981636
0.2942546583850932
0.29573994058871184
0.2969214150688631
0.2978328382392655
0.29871050499594926
0.29985822306238186
0.30053335133675396
0.30178233864434245
0.30293005671077505
0.3037402106400216
0.30498919794761004
0.3061369160140427
0.30789224952741023
0.3093437753173103
0.3110991088306778
0.31234809613826625
0.3129894679989198
0.3134620577909803
0.3139684039967594
0.3150486092357548
0.31646637861193627
0.31758034026465026
0.3182217121253038
0.3193694301917364
0.32088846880907373
0.3224750202538482
0.3234539562516878
0.3243653794220902
0.32588441803942747
0.326525789900081
0.32770726438023223
0.3283823926546044
0.3295638671347556
0.3307115852011882
0.33196057250877664
0.3330745341614907
0.3343235214690791
0.33587631650013505
0.3372603294625979
0.33911693221712125
0.3404334323521469
0.3414461247637051
0.3419524709694842
0.34266135565757494
0.34337024034566566
0.3444166891709425
0.3451930866864704
0.34630704833918446
0.34738725357817984
0.34833243316230084
0.3498852281933567
0.3508304077774777
0.352349446394815
0.3532608695652174
0.35427356197677556
0.35525249797461517
0.3558938698352687
0.35734539562516876
0.35815554955441536
0.35879692141506886
0.3600121523089387
0.36136240885768295
0.36234134485552255
0.3635565757493924
0.36470429381582503
0.36564947339994597
0.36652714015662974
0.3672697812584391
0.3681812044288415
0.36943019173642994
0.3704428841479881
0.37108425600864164
0.37253578179854174
0.3744598973805023
0.3759789359978396
0.37699162840939776
0.37867944909532814
0.3797258979206049
0.3809073724007561
0.38192006481231433
0.383067782878747
0.384181744531461
0.38559951390764247
0.3866122063192006
0.38765865514447745
0.3889413988657845
0.39029165541452876
0.39116932217121253
0.3924858223062382
0.39336348906292196
0.39454496354307317
0.39552389954091277
0.396536591952471
0.3983931947069943
0.3991695922225223
0.3999122333243316
0.40092492573588984
0.4022414258709155
0.40281528490413177
0.4038617337294086
0.4050432082095598
0.4060221442073994
0.40733864434242506
0.40794625978936
0.4088576829597624
0.40993788819875776
0.41091682419659736
0.41189576019443697
0.4133135295706184
0.414292465568458
0.41510261949770455
0.41652038887388604
0.4173980556305698
0.4187820685930327
0.4199635430731839
0.42128004320820955
0.4219551714825817
0.4227990818255469
0.4240143127194167
0.42485822306238186
0.4257358898190656
0.4270523899540913
0.4282338644342425
0.4294153389143937
0.43046178773967053
0.43144072373751013
0.4323183904941939
0.43316230083715906
0.4343775317310289
0.43528895490143127
0.4365716986227383
0.43778692951660814
0.4389346475830408
0.4401498784769106
0.44119632730218744
0.4417701863354037
0.4427491223332433
0.44426816095058064
0.445348366189576
0.4464960842560086
0.44808263570078316
0.4495679179044018
0.4505468539022414
0.4516945719686741
0.4530785849311369
0.4538212260329463
0.4547664056170672
0.4556778287874696
0.4570618417499325
0.45793950850661624
0.4592222522279233
0.46087631650013505
0.4618890089116932
0.46249662435862815
0.46391439373480964
0.4647920604914934
0.46563597083445857
0.46668241965973534
0.46769511207129355
0.46880907372400754
0.469889278963003
0.4708682149608426
0.47167836889008913
0.4727585741290845
0.4737037537132055
0.4746151768836079
0.47552660005401026
0.4765392924655685
0.4781596003240616
0.4796448825276803
0.48069133135295705
0.48160275452335943
0.48258169052119904
0.4834256008641642
0.4844045368620038
0.4859573318930597
0.4874088576829598
0.48848906292195515
0.48946799891979476
0.4907169862273832
0.4912570888468809
0.49257358898190656
0.49301242236024845
0.4940588711855253
0.4952065892519579
0.496658115041858
0.4978733459357278
0.499054820415879
0.5002362948960303
0.5009789359978396
0.5016540642722117
0.5028692951660816
0.5040170132325141
0.5053672697812585
0.5073926546043749
0.5083715906022144
0.5097218471509587
0.5109708344585471
0.5115784499054821
0.5123210910072914
0.5136038347285984
0.5144477450715635
0.5158317580340265
0.5167431812044289
0.5177896300297057
0.5189711045098568
0.5203888738860384
0.5210977585741291
0.5220766945719687
0.5236632460167432
0.5248784769106131
0.5255198487712666
0.5268363489062922
0.5276802592492573
0.52882797731569
0.529773156899811
0.5304482851741831
0.5311234134485552
0.5319335673778017
0.5334526059951391
0.5348028625438833
0.5357480421280043
0.5366932217121253
0.5376721577099649
0.5382122603294626
0.5392249527410208
0.540406427221172
0.5420942479071024
0.5434782608695652
0.5448285174183095
0.5453686200378072
0.5463137996219282
0.5472589792060492
0.5485417229273561
0.5494193896840399
0.5513097488522819
0.5526600054010262
0.5536726978125844
0.5544153389143938
0.5552930056710775
0.5560018903591682
0.5569133135295706
0.5577234674588172
0.5587024034566568
0.5595125573859033
0.5605927626248988
0.5622805833108291
0.5630907372400756
0.5644409937888198
0.5660613016473129
0.5666351606805293
0.5678166351606805
0.5688968403996759
0.5699432892249527
0.5708547123953551
0.5721036997029436
0.5728463408047529
0.5739603024574669
0.5746691871455577
0.5756481231433972
0.5768971104509857
0.5776735079665136
0.5786862003780718
0.5798339184445045
0.580644072373751
0.5813529570618418
0.5822643802322441
0.5832433162300837
0.5841547394004861
0.5853699702943559
0.5863151498784769
0.5871253038077234
0.5885768295976236
0.5895895220091818
0.5906697272481771
0.5916149068322981
0.592391304347826
0.5933702403456657
0.5945179584120983
0.5955644072373751
0.5964420739940589
0.5975897920604915
0.5983661895760194
0.5993788819875776
0.6006616257088847
0.6019781258439103
0.6029908182554685
0.6039697542533081
0.6047461517688361
0.6056575749392384
0.6067040237645153
0.6080205238995409
0.6085606265190386
0.6094045368620038
0.6102146907912503
0.6114299216851202
0.6126113961652714
0.6135565757493924
0.6144679989197948
0.6151431271941669
0.6163921145017554
0.6176748582230623
0.6186200378071833
0.6195989738050229
0.6205779098028625
0.621995679179044
0.6232446664866325
0.6242911153119093
0.6254388333783418
0.6264177693761814
0.6275992438563327
0.6286456926816095
0.6290845260599514
0.630063462057791
0.6312111801242236
0.6318525519848771
0.6325276802592492
0.6337429111531191
0.6350931677018633
0.6361058601134215
0.6371185525249797
0.6381650013502566
0.6390764245206589
0.6398528220361869
0.6410005401026195
0.6416081555495544
0.6423170402376451
0.643363489062922
0.6445112071293546
0.6455238995409128
0.6464353227113151
0.6471442073994059
0.6482919254658385
0.6496084256008642
0.6508574129084526
0.6519713745611666
0.6530178233864434
0.6539630029705644
0.6551444774507157
0.6562921955171482
0.6574061571698623
0.6583513367539833
0.6593640291655415
0.6600729138536322
0.6612543883337835
0.6622670807453416
0.6632122603294626
0.6639211450175533
0.6647312989467999
0.6655076964623279
0.6664866324601675
0.667296786389414
0.6682757223872535
0.6692546583850931
0.6704023764515258
0.6718201458277072
0.672866594652984
0.6732716716176074
0.6740818255468539
0.6753308128544423
0.6761409667836888
0.6768836078854983
0.6775587361598704
0.678706454226303
0.6796516338104239
0.6806980826357008
0.6816432622198217
0.68265595463138
0.6832973264920335
0.683769916284094
0.6848838779368079
0.6855927626248988
0.6867404806913313
0.6875843910342965
0.6880907372400756
0.6891371860653525
0.6899810964083176
0.6916351606805293
0.6926140966783689
0.6938293275722387
0.6944369430191737
0.695179584120983
0.696293545773697
0.6973062381852552
0.6981163921145017
0.6992303537672158
0.7000405076964623
0.7012557385903322
0.7025384823116392
0.7034499054820416
0.7043275722387253
0.705644072373751
0.7064542263029976
0.7073318930596814
0.7080407777477721
0.7090872265730489
0.7096948420199838
0.7103362138806373
0.711213880637321
0.7122940858763165
0.7129692141506886
0.7136443424250608
0.7145557655954632
0.7153659195247097
0.7162773426951121
0.7172562786929516
0.718336483931947
0.7190791250337564
0.7198892789630029
0.7209019713745611
0.7216783688900891
0.7225222792330542
0.7231298946799892
0.7242100999189847
0.7248852281933568
0.7261004590872265
0.7269106130164731
0.728125843910343
0.7290035106670267
0.7295098568728058
0.7304887928706454
0.7313327032136105
0.7321766135565757
0.7329530110721038
0.7340332163110991
0.7351134215500945
0.7356872805833108
0.7369362678908993
0.7378476910613017
0.7389954091277343
0.7396030245746692
0.740649473399946
0.7415608965703484
0.7426073453956251
0.7436200378071833
0.744936537942209
0.7459829867674859
0.7469281663516069
0.7480083715906022
0.7489197947610046
0.7497299486902511
0.7504725897920604
0.7511477180664327
0.7516540642722117
0.7524642182014583
0.7536119362678909
0.7544558466108561
0.7553672697812585
0.7559073724007561
0.7569200648123143
0.7576627059141237
0.7583040777747773
0.7592830137726168
0.7598906292195517
0.7608695652173914
0.7618822576289495
0.7631987577639752
0.7642789630029706
0.7652578990008102
0.7664056170672428
0.767587091547394
0.7685660275452336
0.7692749122333243
0.7697812584391034
0.7701188225762895
0.770928976505536
0.7717728868485012
0.7729206049149339
0.7740683229813664
0.7744733999459897
0.7751485282203618
0.7764650283553876
0.7775114771806644
0.7781866054550365
0.7789630029705644
0.7802119902781528
0.7810896570348366
0.7822711315149878
0.7830812854442344
0.7838239265460437
0.7843640291655415
0.7848366189576019
0.7856467728868485
0.7869295166081556
0.7876384012962463
0.7884485552254928
0.7892587091547394
0.7904739400486093
0.7911153119092628
0.7924318120442884
0.793410748042128
0.7946259789359978
0.7958074534161491
0.7964825816905212
0.7976640561706724
0.7986092357547934
0.7998919794761005
0.8012422360248447
0.8022211720226843
0.8027950310559007
0.8033351336753983
0.8041115311909263
0.8046516338104239
0.8055293005671077
0.8062044288414799
0.8069133135295706
0.8077572238725358
0.8082973264920335
0.8095125573859033
0.8104239805563057
0.8113016473129895
0.8120442884147988
0.8130907372400756
0.814002160410478
0.8149810964083176
0.8160275452335943
0.8168039427491224
0.8177828787469619
0.818626789089927
0.8194706994328923
0.8201120712935458
0.8211585201188226
0.8219686740480692
0.8226100459087227
0.8233864434242506
0.8241628409397785
0.8250405076964623
0.8259519308668647
0.8269308668647043
0.8277747772076695
0.828584931136916
0.8294963543073184
0.8301714825816905
0.8310153929246556
0.8314879827167162
0.8320618417499325
0.8330070213340535
0.8335471239535511
0.8341209829867675
0.8350661625708885
0.8363151498784769
0.8369565217391305
0.8379692141506886
0.838543073183905
0.8390156629759654
0.8402308938698353
0.840939778557926
0.8416824196597353
0.8424925735889819
0.8434377531731029
0.844281663516068
0.8451593302727518
0.8460707534431542
0.8469146637861193
0.8479273561976776
0.8487375101269241
0.849345125573859
0.8500540102619498
0.8508304077774778
0.8515392924655685
0.8526194977045639
0.8536659465298406
0.8544423440453687
0.8549149338374291
0.8555563056980826
0.8563327032136105
0.8572441263840129
0.8581555495544153
0.8585943829327572
0.8595058061031596
0.8598771266540642
0.8607210369970294
0.8613961652714016
0.8622063192006482
0.8630164731298947
0.8636578449905482
0.8643667296786389
0.8652781528490413
0.8661895760194437
0.8666621658115042
0.8674385633270322
0.8680461787739671
0.8689238455306508
0.869767755873616
0.870274102079395
0.8712867944909533
0.8719281663516069
0.8725020253848231
0.8730083715906022
0.873886038347286
0.8745274102079396
0.8752700513097489
0.8758776667566838
0.876890359168242
0.8779705644072374
0.8788144747502026
0.879287064542263
0.8798609235754793
0.8804685390224143
0.8808061031596003
0.8811099108830678
0.8818187955711585
0.8827302187415609
0.883574129084526
0.8842492573588981
0.8850931677018633
0.8859708344585471
0.8869497704563867
0.8877936807993518
0.8885363219011613
0.8890764245206589
0.8898865784499055
0.8908655144477451
0.8918106940318661
0.8922832838239265
0.8926208479611126
0.8932622198217661
0.893869835268701
0.8946462327842291
0.8956589251957872
0.8964690791250337
0.8972117202268431
0.8978868485012153
0.898595733189306
0.8991695922225222
0.8997772076694572
0.9005873615987038
0.9010937078044828
0.9017350796651363
0.9024102079395085
0.903051579800162
0.9039292465568458
0.9047056440723737
0.9054482851741831
0.9061571698622738
0.9067310288954902
0.9072373751012692
0.9078112341344855
0.9082500675128274
0.9087226573048879
0.909229003510667
0.9099041317850391
0.910511747231974
0.9111868755063462
0.9120307858493114
0.9127396705374021
0.9132460167431812
0.9140224142587091
0.9146975425330813
0.9153051579800162
0.9159465298406697
0.9165541452876046
0.9170267350796651
0.918073183904942
0.9189846070753444
0.9196934917634351
0.9204023764515258
0.9212125303807723
0.9221239535511747
0.9230016203078585
0.9235079665136376
0.924250607615447
0.9248919794761005
0.9255671077504726
0.9262422360248447
0.9269173642992169
0.9275587361598704
0.9284026465028355
0.9289765055360518
0.9295503645692682
0.930428031325952
0.9310356467728869
0.9315419929786659
0.9323183904941938
0.933162300837159
0.9337024034566568
0.934276262489873
0.9347826086956522
0.9354577369700243
0.9360991088306778
0.9365379422090198
0.936943019173643
0.9374831217931408
0.9379557115852012
0.9384620577909802
0.939002160410478
0.9394747502025385
0.9399135835808804
0.9405211990278153
0.9411963273021874
0.9419389684039967
0.9425803402646503
0.943120442884148
0.9435592762624899
0.9442006481231434
0.9446057250877666
0.9452808533621389
0.9458884688090737
0.946293545773697
0.946901161220632
0.947238725357818
0.9477788279773157
0.9484201998379692
0.9489265460437483
0.9496354307318391
0.9501755333513368
0.9508169052119902
0.9514582770726439
0.9518971104509857
0.952302187415609
0.9529435592762625
0.953416149068323
0.9540575209289766
0.9544288414798812
0.9549351876856603
0.9553065082365649
0.9560153929246556
0.956589251957872
0.9569943289224953
0.9576019443694302
0.9580070213340535
0.9587496624358628
0.9594247907102349
0.9599986497434513
0.9600661625708885
0.9606737780178234
0.961213880637321
0.961990278152849
0.962597893599784
0.9630367269781258
0.9634080475290305
0.9639819065622468
0.964488252768026
0.9650283553875236
0.9657372400756143
0.9665136375911423
0.9668512017283284
0.967222522279233
0.9675600864164191
0.9680664326221983
0.9687078044828518
0.9693154199297866
0.9698555225492843
0.9702943559276263
0.9709357277882797
0.9715095868214961
0.9720496894409938
0.9723872535781799
0.9732649203348637
0.9736024844720497
0.9742438563327032
0.9747839589522009
0.9752227923305428
0.9756616257088847
0.9763029975695382
0.9770793950850661
0.9775182284634081
0.9780920874966244
0.9785309208749663
0.9788009721847151
0.9792735619767756
0.9800499594923036
0.9804887928706454
0.9808938698352687
0.9813327032136105
0.9818728058331083
0.982581690521199
0.9828179854172293
0.983358088036727
0.9840332163110991
0.9844045368620038
0.9850121523089387
0.9854509856872806
0.9858223062381852
0.9864974345125573
0.9868349986497434
0.9870375371320551
0.9871050499594923
0.9875438833378342
0.9880839859573319
0.9886578449905482
0.9889278963002971
0.9891641911963273
0.9895692681609506
0.9901431271941669
0.9904469349176344
0.9907169862273832
0.9911558196057251
0.9914596273291926
0.9918647042938158
0.9922360248447205
0.9926411018093437
0.9930799351876857
0.9931474480151229
0.9938563327032136
0.9941938968403997
0.9945314609775857
0.9947339994598974
0.9950378071833649
0.9952065892519578
0.9954766405617067
0.99588171752633
0.9963543073183905
0.9967593842830138
0.9970294355927626
0.997164461247637
0.9972319740750742
0.9974007561436673
0.9974682689711045
0.997772076694572
0.9979071023494464
0.9981771536591952
0.9982446664866325
0.9983796921415069
0.9984472049689441
0.9985484742101
0.9986159870375372
0.9987847691061301
0.9988185255198487
0.9988522819335673
0.9989873075884418
0.9990210640021604
0.999054820415879
0.9990885768295976
0.9990885768295976
