4.2398340892351825e-05
0.00021441446679846494
0.0002628697135325813
0.00037552816218940186
0.00047970694266775206
0.0006420320192270419
0.0013058688994844361
0.001333730666356553
0.0014379094468349033
0.001520283366282901
0.0019527464433848898
0.002018161026475947
0.002232575493274412
0.002564493933403109
0.0027958677365585148
0.0028443229832926307
0.0029860545799899212
0.0031314203201922705
0.0031362658448656822
0.003150802418885917
0.0031944121409466218
0.0032137942396402684
0.0034948346706981433
0.003932143272473544
0.003955159514672249
0.004004826142574718
0.004088411443191069
0.004199858510679537
0.004557215955343644
0.005515418459510796
0.006012084738535489
0.006186523626778307
0.0066032387486917084
0.006975132767376052
0.006999360390743109
0.007022376632941815
0.007033279063456991
0.007253750436097221
0.007300994301662984
0.00816592045586696
0.008370643873318604
0.00838154630383378
0.008382757685002133
0.008394871496685661
0.008433635694072954
0.008469977129123542
0.008545082761561422
0.008625033918672713
0.009437870682637515
0.009601407140365158
0.00971406558902198
0.01225069775555297
0.013126526340272124
0.013237973407760593
0.013573525991394348
0.014043541884715276
0.014293086405395975
0.01431973679109974
0.014334273365119976
0.014426338333914795
0.014769159204558669
0.015165280846610072
0.015449955421173004
0.015569882156839942
0.015595321161375355
0.016549889522037446
0.018042311121448232
0.0185910667907121
0.018614083032910803
0.01864194479978292
0.018654058611466448
0.019848480443462418
0.020084699771291237
0.020168285071907585
0.02022400860565182
0.020276097995890995
0.020747325270380278
0.020815162615808038
0.021131333100748148
0.02216100709384812
0.022383901228825057
0.022566819785246345
0.022645559561189285
0.022759429391014458
0.022968998333139513
0.023849672442532076
0.02414646082877854
0.024173111214482304
0.024198550219017716
0.0242554851339303
0.024261542039772068
0.024307574524169477
0.024385102918944062
0.02445415164554018
0.024633436058456408
0.024680679924022172
0.024771533511648642
0.024884191960305464
0.025010175601814164
0.025372378571151686
0.025767288832034732
0.026114955227352018
0.026749718959568944
0.02714341783928364
0.027285149435980927
0.02732270225219987
0.027454742799550336
0.02779029538318409
0.02782784819940303
0.027895685544830795
0.027987750513625616
0.0282530429894949
0.029299676318951817
0.03005921231150909
0.03032571616854673
0.030512268868473077
0.03095321161375354
0.031497121758343995
0.03168004031476528
0.03198651975035857
0.03249045431639338
0.03272303950071714
0.03275453541109431
0.032767860603946194
0.03351649416598829
0.0339356320502384
0.03454495677791991
0.034692745280458966
0.0350416230569446
0.03523907818738613
0.035277842384773425
0.03572726479823235
0.03621787417141528
0.03638746753498469
0.036399581346668215
0.036410483777183394
0.036595825095941385
0.03672180873745009
0.03676299569717409
0.03692774353607008
0.03702101988603326
0.03705009303407373
0.03706826375159902
0.03711671899833314
0.037202727061286196
0.037236645734000075
0.03724512540217855
0.037277832693724075
0.03842258789781758
0.03913245726247238
0.0392451157111292
0.039288725433189904
0.03929235957669496
0.039384424545489786
0.03951161956816684
0.039578245532426254
0.03984838353296895
0.04163880489979455
0.042471023762453
0.042502519672830176
0.04254612939489088
0.042776291816877934
0.04339409621273792
0.04369694150482614
0.04383382757685002
0.044055510330658604
0.04412213629491801
0.04420329883319766
0.044297786564329186
0.044538851416831414
0.04515059890684963
0.045570948172268096
0.04576234639686785
0.0462214598596736
0.04651461410241501
0.04681261386982982
0.047402556498817694
0.04767632864286545
0.048123328293987674
0.04825536884133814
0.04826021436601155
0.048515815792534014
0.04860545799899213
0.04872417335349072
0.04901732759623212
0.04929836802728999
0.04940860371361011
0.04972477419855022
0.05002277396596504
0.05012937550878009
0.05055578168004032
0.050708415707252784
0.05142191921541264
0.05156243943094158
0.05177564251657169
0.05184105709966275
0.05185922781718805
0.05186407334186146
0.05204456913594604
0.05318447881536613
0.053321364887390005
0.05360119393727953
0.053630267085319996
0.05364601504050859
0.05368962476256929
0.05412814474551304
0.055039103384114434
0.05510451796720549
0.05541342016513548
0.05585194014807923
0.05666477691204404
0.05803484901345118
0.058463677947048105
0.05847336899639493
0.058529092530139167
0.058601775400240336
0.05874714114044269
0.05918202697988138
0.059344352056440675
0.059400075590184905
0.0595648234290809
0.05986282319649572
0.06055209908128852
0.061857967980772956
0.06299182075435128
0.06347637322169244
0.06358055200217079
0.06359993410086444
0.06392579563515137
0.06420199054153584
0.06422500678373454
0.06429405551033066
0.0658494689304958
0.06655570415164554
0.06676042756909718
0.06683916734504013
0.06742305306818622
0.0676398902973214
0.06765927239601505
0.06791850796604257
0.06808688994844361
0.06826254021785479
0.06834127999379773
0.06835823933015467
0.06836550761716478
0.06860414970733031
0.06878464550141489
0.06967743342249098
0.06970529518936311
0.06996574214055898
0.07003236810481839
0.07017046555801063
0.07025283947745863
0.07107536729077024
0.07131885490560919
0.07142061092375082
0.07150783036787223
0.07151994417955576
0.071555074233438
0.07158778152498353
0.071596261193162
0.07165683025157964
0.0717222448346707
0.07177796836841493
0.07187124471837811
0.07193181377679575
0.07205174051246269
0.0721619761987828
0.07225888669225104
0.0724090979571268
0.0729748129627476
0.07388456022018064
0.0743666899251851
0.07457625886731015
0.07475554328022638
0.07484155134317944
0.07484518548668449
0.07520738845602201
0.07532852657285731
0.07535033143388765
0.075989940690778
0.07721585843315114
0.07755262239795326
0.07821403651587394
0.078382418498275
0.0796991898282746
0.07997901887816412
0.08004079931775013
0.08031820560530294
0.08169675737488856
0.08211831802147536
0.08252170795053689
0.08262830949335194
0.08265132573555065
0.08265859402256076
0.08285241500949724
0.0839620401597085
0.08400201573826414
0.08414980424080319
0.08415464976547661
0.08421279606155754
0.08442599914718765
0.08480273869054542
0.08488511260999342
0.08490812885219212
0.085024421444354
0.08526306353451951
0.08538420165135481
0.08577911191223786
0.08593174593945033
0.08594022560762879
0.08594385975113385
0.08598020118618444
0.08613404659456526
0.08660527386905455
0.0866706884521456
0.08692628987866806
0.08694203783385665
0.08696263131371865
0.08703531418381982
0.0875041186959724
0.08820429701128038
0.08845263015079273
0.08873003643834554
0.0890655890219793
0.08907891421483118
0.08910193045702988
0.08913342636740706
0.08947140171337753
0.08991476722099469
0.09002742566965151
0.09008557196573246
0.09019338488971586
0.09045140907857503
0.09068762840640385
0.09103287203938443
0.09127757103539172
0.0928729600341125
0.0941255281621894
0.09436659301469164
0.09437628406403846
0.09447925146334846
0.0945010563243788
0.09535992557274102
0.09540838081947513
0.09546410435321936
0.09549075473892313
0.09595229096406559
0.09612309570880335
0.09666579447222545
0.09668881071442416
0.09670698143194945
0.09673120905531651
0.09686809512734039
0.09697711943249215
0.09712975345970462
0.09719759080513238
0.09757917587316355
0.09765912703027484
0.09777420824126837
0.09792320812497578
0.09815942745280459
0.09833265495987906
0.09840897197348529
0.09848286622475481
0.09875906113113928
0.0990849226654262
0.0994992150250029
0.09990745047873784
0.10000072682870101
0.100021320308563
0.10030236073962089
0.10079054735046711
0.10101101872310733
0.10103645772764275
0.10124844943210451
0.10133930301973097
0.102352017676474
0.10313456991122999
0.10325934217157033
0.10346406558902198
0.10351615497926116
0.10464152808466101
0.10500009691049347
0.10529567391557158
0.10544346241811063
0.10546163313563593
0.10570390936930651
0.10635078691320696
0.10647192503004226
0.1064913071287359
0.1065555103306586
0.10665968911113695
0.10685835562274683
0.10702794898631623
0.10712849362328954
0.10717452610768693
0.10761304609063069
0.10817149280924139
0.10847797224483467
0.10901703686475171
0.10942527231848664
0.10944828856068535
0.10947493894638911
0.10951370314377641
0.10964695507229523
0.10988075163778734
0.10989771097414427
0.11013877582664651
0.11076627127185332
0.1115258072644106
0.11184076636818234
0.11201399387525682
0.1121738961894794
0.11222477419855022
0.11222961972322364
0.1122611156336008
0.11227322944528434
0.11257365197503585
0.1129019362716595
0.11294191185021514
0.11305941582354537
0.11365420397720666
0.11401156142187076
0.11445008140481451
0.11477109741442804
0.11488375586308486
0.11491040624878862
0.11520477187269837
0.11544220258169555
0.11645370585727023
0.11682802263829127
0.11697702252199868
0.11717447765244021
0.11723020118618444
0.11742281079195255
0.11805878590533783
0.118296216614335
0.11841372058766524
0.11860148466875993
0.11871777726092181
0.11897337868744427
0.1192556304996705
0.1195281912625499
0.11981771136178626
0.11983830484164826
0.1199630771019886
0.12003333720975307
0.12013388184672637
0.12028651587393883
0.12058936116602706
0.12076016591076481
0.1212107997053921
0.12143127107803232
0.12149305151761833
0.12175955537465596
0.12182496995774703
0.12226348994069078
0.12238583943869442
0.122483961313331
0.12251061169903477
0.12288129433655076
0.12299879830988099
0.1234203589564678
0.12348335077722215
0.12350636701942086
0.12358389541419545
0.12410115517308214
0.12417626080552002
0.12442701670736907
0.12611689343722138
0.12727255107183005
0.12727618521533512
0.12730162421987054
0.12753784354769934
0.12839429003372485
0.12842094041942861
0.12855903787262085
0.12887036283288755
0.12889580183742297
0.12926406171260224
0.13081584098926233
0.13241486413148815
0.13245362832887544
0.13252873396131334
0.13325677404349343
0.13425252936387952
0.1345880819475133
0.13509201651354807
0.1353900162809629
0.13583338178858007
0.13602478001317983
0.13613986122417335
0.13666438927007016
0.13737789277823004
0.13782125828584718
0.13827552622397954
0.13891634686203821
0.13965892351823855
0.13974372020002326
0.14001870372523936
0.14029005310695042
0.14031670349265418
0.1403494107841997
0.1403809066945769
0.1413245726247238
0.14229004341590107
0.14256260417878047
0.14270918130015117
0.14347356281738186
0.14408288754506338
0.1444450905144009
0.14470069194092336
0.14471159437143855
0.14485574873047252
0.14494054541225723
0.14495750474861419
0.1450132282823584
0.14515859402256076
0.14566131720742723
0.1459702194053572
0.14607318680466722
0.14646204015970848
0.14695264953289142
0.14707499903089508
0.1471997712912354
0.147812730162422
0.1481955266116215
0.14868855874714115
0.14895990812885218
0.1493354362910416
0.14948322479358064
0.15003924874985464
0.15019067139589876
0.15032634608675427
0.15045475249059967
0.15054318331588945
0.15056135403341475
0.1505855816567818
0.15067401248207155
0.1514832151025313
0.1517145889056867
0.1517630441524208
0.1521470519827887
0.15220156413536456
0.15254923053068187
0.1531197910609761
0.15330997790440748
0.1534020428732023
0.15350137612900724
0.153898709152227
0.15405740008528124
0.1541276601930457
0.15421851378067217
0.15424516416637593
0.15426333488390123
0.15467278171880453
0.15487508237391945
0.1549174807148118
0.15493807419467379
0.15495987905570416
0.15504467573748887
0.1550870740783812
0.1551100903205799
0.1551306838004419
0.15528089506531767
0.1553039113075164
0.15553286234833508
0.15557041516455403
0.15559343140675272
0.1556346183664767
0.15564188665348683
0.15569639880606273
0.15588900841183084
0.15619791060976082
0.15632147148893283
0.15648864209016553
0.15685932472768152
0.15694896693413962
0.1571754952126216
0.15754860061247433
0.15764066558126913
0.15768669806566654
0.15779572237081832
0.15798712059541808
0.15920213590727603
0.16087747606310812
0.16104585804550917
0.16116093925650268
0.1611766872116913
0.16118274411753306
0.16193380044191186
0.1621130848548281
0.16233840175214173
0.16252858859557312
0.16257704384230726
0.16263155599488313
0.16264851533124006
0.16265093809357678
0.16267395433577547
0.16274058030003488
0.16282416560065124
0.16288836880257393
0.1632808563011203
0.1638926037911385
0.16398103461642827
0.16400889638330038
0.16401737605147884
0.16412761173779897
0.16428751405202155
0.16448618056363143
0.16502282242121177
0.16524450517502035
0.16526509865488234
0.16529296042175448
0.16538502539054928
0.16579810636895764
0.1665758130790402
0.16663274799395278
0.1667151219134008
0.16675994301662983
0.16682172345621585
0.166832625886731
0.16693559328604102
0.16696830057758655
0.1670264468736675
0.16714637360933443
0.16718392642555335
0.1673656336008063
0.16748313757413652
0.1676042756909718
0.1677484300500058
0.16819300693879133
0.16874055122688686
0.16881565685932473
0.16902280303911307
0.16937410357793542
0.17057458231577316
0.17097433810132961
0.17130504516028996
0.1720597356281738
0.17233471915338994
0.17300824708299414
0.17456366050315927
0.17497310733806257
0.17522265185874328
0.17523839981393186
0.1752505136256154
0.1752807981548242
0.17554972477419856
0.17577383029034385
0.17577625305268055
0.17586710664030702
0.17631774043493428
0.17659999224716053
0.17693917897429934
0.17737891033841144
0.1775933248052099
0.17809241384657132
0.1782910803581812
0.17838799085164941
0.17883499050277163
0.17884710431445516
0.17885073845796023
0.17969991665697563
0.18063873706244912
0.18089797263247664
0.1809173547311703
0.18102880179865877
0.18153031360235686
0.18213237004302826
0.18232255688645965
0.18236495522735202
0.1823782804202039
0.18238554870721402
0.18238554870721402
0.18242310152343297
0.18252606892274295
0.18270050781098576
0.18296943443036012
0.1830602880179866
0.1839215800286855
0.18640127728030392
0.1871038783579486
0.18782465015311858
0.1883079912392914
0.18844730007365199
0.18847152769701903
0.19012869713532582
0.1905793309299531
0.19087854207853627
0.19134976935302556
0.19179676900414777
0.1919736306547273
0.19223650036825987
0.19229101252083575
0.19230676047602435
0.19337519866651162
0.19368531224560995
0.19372771058650232
0.1938512714656743
0.19391910881110205
0.19421589719734852
0.19432007597782688
0.194389124704423
0.1944145637089584
0.1944351571888204
0.19443879133232547
0.19450905144008993
0.19453206768228865
0.19462413265108347
0.1946822789471644
0.19471377485754157
0.19473557971857192
0.1951837907508625
0.1954951157111292
0.19556658720006204
0.1956235221149746
0.19597239989146026
0.19740061828894834
0.19915227545838662
0.19938122649920534
0.19951690119006085
0.1996913400783037
0.1999917626080552
0.20031156723650037
0.20093785130053882
0.20116801372252588
0.20130974531922316
0.2015326394542001
0.2019287610962515
0.20198933015466916
0.20204868783191843
0.2021165251773462
0.20223645191301315
0.2022679478233903
0.2023018664961042
0.20237091522270031
0.20241331356359266
0.202785207582277
0.20322493894638913
0.2033303291080358
0.2033775729736016
0.20345267860603947
0.20351445904562546
0.20400870256231346
0.2043721169128193
0.20608500988487033
0.20810195953017793
0.20864708105593674
0.20878517850912898
0.20951685273481413
0.20968644609838352
0.20970582819707717
0.2101346571306741
0.21021581966895375
0.2104799007636547
0.2105077625305268
0.21086390859402257
0.2109474938946389
0.2113775342094042
0.2114756560840408
0.21160285110671784
0.21161738768073807
0.21166947707097725
0.21171793231771135
0.21222428964608286
0.2129620207776098
0.21359920727216342
0.21415401984726906
0.21428242625111446
0.21432845873551187
0.21437449121990929
0.2144689789510408
0.2145053203860914
0.21474759661976198
0.2149559541807187
0.215015311857968
0.21518490522153738
0.21522245803775633
0.21523699461177656
0.21524547427995502
0.21534238477342327
0.21558950653176726
0.21570579912392915
0.21576515680117844
0.21585843315114162
0.21635388804899794
0.21654044074892428
0.21674274140403924
0.21708192813117805
0.21742596038299028
0.21755678954917237
0.21780269992634801
0.21897531689731364
0.21918488583943868
0.21939082063805868
0.2198693161995581
0.21992140558979725
0.2199565356436795
0.22011280381439702
0.22036477109741442
0.22041564910648526
0.22050165716943831
0.22055980346551923
0.22059614490056983
0.22066519362716594
0.22077421793231772
0.22081298212970502
0.22106131526921735
0.221307225646393
0.2214332092879017
0.22148287591580415
0.2215822091716091
0.22177603015854558
0.22202920882273133
0.22262641973872932
0.2227887448152886
0.22313035430476413
0.22328419971314495
0.22397226421676938
0.22413095514982362
0.2241551827731907
0.2242424022173121
0.22432477613676008
0.225639124704423
0.22611035197891227
0.22616001860681476
0.22620605109121217
0.22685050587277591
0.22764032639454201
0.2279540741171454
0.22802433422490986
0.22808126913982246
0.22853432569678644
0.22871724425320775
0.22883717098887468
0.22889774004729233
0.22893892700701632
0.22900797573361242
0.22902735783230607
0.22937260146528665
0.22972753614761407
0.229806275923557
0.22981475559173548
0.22981717835407217
0.2298426173586076
0.23035139744931582
0.23119330736132107
0.23160154281505602
0.2316996646896926
0.23181595728185447
0.2318983312013025
0.23197101407140366
0.23201462379346435
0.23207155870837695
0.2322472089777881
0.2323453308524247
0.23236229018878163
0.23278869636004187
0.2330370294995542
0.23318239523975656
0.2332223708183122
0.23400855719657324
0.23463241849827499
0.2349025564988177
0.23504065395200993
0.2350878978175757
0.2352441659882932
0.2352829301856805
0.2352986781408691
0.2353471333876032
0.23542102763887274
0.23546100321742838
0.23562090553165096
0.23576021436601155
0.23582320618676592
0.23595888087762143
0.23618662053727177
0.23624355545218437
0.23628231964957166
0.236407091909912
0.23690496957010504
0.23749854634259798
0.2379915784781176
0.23826292785982867
0.23915329301856805
0.24159422607279915
0.2427947048106369
0.24281893243400396
0.24282498933984573
0.24291584292747218
0.24410178509128969
0.2444312807690817
0.2444688335853006
0.24478136992673566
0.24489402837539248
0.24502970306624802
0.24503333720975307
0.24509754041167578
0.24544278404465636
0.24561237740822575
0.24594792999185952
0.24606785672752646
0.24740158739388302
0.24965960189169284
0.24975893514749778
0.24994791060976082
0.25010417878047836
0.2501586909330542
0.2501720161259061
0.2517346978330814
0.25338096484087297
0.2537044036128232
0.2538739969763926
0.2555626623250766
0.2564954258247083
0.2567473931077257
0.25691456370895843
0.25714957165561886
0.2573397584990503
0.25742334379966664
0.25745605109121217
0.25771770942357636
0.25789578245532424
0.25806416443772534
0.2587970500445788
0.2590865701438152
0.2591095863860139
0.2591144319106873
0.2591301798658759
0.25915440748924295
0.2591919603054619
0.25934701709501107
0.2594996511222235
0.2604723902004109
0.26290242082412685
0.26372010311276506
0.26403627359770515
0.2641622572392139
0.2642664360196922
0.26432458231577316
0.26452324882738304
0.26475219986820175
0.2655807845873551
0.26713135248284686
0.2683124491219909
0.2686056033647323
0.2688769527464434
0.26914345660348105
0.2692597491956429
0.2693481800209327
0.2693917897429934
0.26980365934023337
0.2711640403922937
0.2719817226809319
0.27201200721014074
0.2721040721789355
0.27215010466333295
0.2723935922781719
0.27257408807225647
0.27275700662867775
0.2727872911578866
0.2729944373376749
0.2733651199751909
0.2736073962088615
0.27413919254176844
0.27507680156607356
0.275081647090747
0.2752621428848316
0.2755468174593945
0.27632815831298213
0.2769229464666434
0.2769350602783269
0.2775831492033957
0.27794050664805986
0.2779732139396054
0.277988961894794
0.27802045780517115
0.2785461972322363
0.27876545722370816
0.27888053843470173
0.27909616428266854
0.27995018800635735
0.2799804725355661
0.28003377330697365
0.28080905725471955
0.28137234949800366
0.2814038454083808
0.28157101600961354
0.2815831298212971
0.28160372330115907
0.28179391014459043
0.28194048726596116
0.2821815521184634
0.2822687715625848
0.2827339419312323
0.28311068147459006
0.28352376245299843
0.28403133116253826
0.2847048590921425
0.28492775322711944
0.28559037872620846
0.2858375004845525
0.2859162402604954
0.2860628173818661
0.2860894677675699
0.2862433131759507
0.2862966139473582
0.2866212641004768
0.2867654184595108
0.28729115788657594
0.28733234484629994
0.2874498488196302
0.2875346455014149
0.287747848587045
0.28810399465054076
0.28831840911733925
0.2889580183742296
0.289028278481994
0.28934929449160757
0.28982052176609685
0.2898713997751677
0.28990289568554484
0.2901584971120673
0.2903256677133
0.2903414156684886
0.2906600089157654
0.2908114315618095
0.29091439896111954
0.2910355370779548
0.29124874016358493
0.2917999185951855
0.2919331705237043
0.29218392642555335
0.29235957669496454
0.2925424952513858
0.2926951292785983
0.2931288037368686
0.29325357599720897
0.29326447842772413
0.29328264914524943
0.2934304376477885
0.2935019091367213
0.2935818602938326
0.2941475752994534
0.2943741035779354
0.29446616854673024
0.29465877815249836
0.2953928751405202
0.2956920862891034
0.29582897236112726
0.29627718339341785
0.2962892972051014
0.2963474435011823
0.2965000775283948
0.29655458968097065
0.29668541884715277
0.29676294724192737
0.2969010446951196
0.29690710160096134
0.29729353219366594
0.2979064910648525
0.29803732023103463
0.2982359867426445
0.2983559134783114
0.2985679051827732
0.29880049036709694
0.29889255533589176
0.2989664495871613
0.299010059309222
0.2992414331123774
0.29953337597395047
0.29978776601930457
0.3000724405938675
0.3006744970345389
0.30078957824553243
0.3008901228825057
0.3011856998875838
0.30183378881265266
0.3020687967593131
0.3024879346435632
0.3027665523122844
0.3031033162770865
0.30377078730084894
0.3039718765747955
0.30398520176764743
0.304021543202698
0.30448792495251387
0.30476654262123504
0.30490706283676394
0.3051081521107106
0.30523655851455594
0.30533468038919254
0.3053976722099469
0.30571989960072876
0.30614993991549405
0.30715296352289023
0.3083485967360546
0.30935283172461914
0.30966052254138077
0.310725326588363
0.31093247276815134
0.3112534887777649
0.3118737159359615
0.31408933209287904
0.31442246191417605
0.31463445361863784
0.3153140384540838
0.3154012578982052
0.31562899755785556
0.31576588362987945
0.3163097937744699
0.31707417529170057
0.3172013703143776
0.31727041904097375
0.3173370450052332
0.3173745978214521
0.31738428887079895
0.31738550025196727
0.3174557603597318
0.3175696301895569
0.3178058495173857
0.3188234096988022
0.3193443036011939
0.3203073516300345
0.32047088808776214
0.3204817905182773
0.32064048145133156
0.321122611156336
0.3212716110400434
0.32159504981199366
0.3216035294801721
0.32164108229639105
0.3217077082606505
0.3217888707989301
0.32206506570531457
0.3225375043609722
0.3227785692134744
0.3228512520835756
0.3228803252316161
0.3229081869984882
0.3230705120750475
0.32363501569949993
0.3244151451719192
0.32445512075047483
0.32452416947707097
0.3245980637283405
0.3249263480249641
0.3252255591735473
0.3252740144202814
0.32530429894949026
0.3253152013800054
0.3253236810481839
0.3257476644571074
0.3261207698569601
0.32623585106795366
0.32631822498740165
0.3270486878319184
0.32813408535876265
0.3282867193859751
0.3284696379423964
0.3285532232430127
0.328650133736481
0.32904988952203745
0.32908986510059307
0.3291819300693879
0.32921221459859673
0.3293079137108966
0.3295489785633988
0.32964104353219364
0.32979246617823776
0.3301546691475753
0.3309105709966275
0.33192086289103384
0.33205896034422605
0.33229396829088653
0.33234848044346244
0.3323981470713649
0.3325737973407761
0.3329420572159553
0.3329965693685312
0.33302443113540336
0.3332558049385587
0.3335101949839129
0.3339196418188161
0.3340577392720084
0.3341316335232779
0.33557075435128114
0.33584089235182385
0.3360201767647401
0.3360795344419894
0.33625033918672714
0.33629394890878783
0.3365652982904989
0.3367082412683645
0.33673368027289996
0.33677486723262395
0.33701229794162113
0.3373902488661472
0.33832301236577894
0.33835693103849285
0.33852410163972557
0.3387518412993759
0.33878333720975307
0.33888509322789473
0.339335727022522
0.33984329573206185
0.33993172655735165
0.34001167771446295
0.3400504419118502
0.3401485637864868
0.3402721246656588
0.3403702465402954
0.34044535217273325
0.34052530332984454
0.34064159592200643
0.3411346280575261
0.3414120343450789
0.3414665464976548
0.341645830910571
0.34191960305461877
0.3420443753149591
0.3421085785168818
0.34218489553048803
0.34221881420320194
0.3422272938713804
0.342246675970074
0.3423678140869093
0.3424586676745358
0.3430679924022173
0.34526422646044114
0.34594744543939215
0.3460697949373958
0.3463375101756018
0.34641624995154474
0.3464465344807536
0.34645259138659534
0.34647076210412064
0.34654465635539017
0.3466730627592356
0.3469104934682327
0.34717457456293366
0.3472351436213513
0.34739141179206884
0.3479256308873125
0.34806736248400977
0.3482599720897779
0.34834355739039424
0.3484501589332093
0.3485313214714889
0.3485918905299066
0.34882447571423036
0.34941078419971316
0.34966759700740396
0.3496990929177811
0.3501666860487654
0.3510861243555452
0.3515537174865294
0.35172088808776214
0.3520334244291972
0.35218726983757803
0.35221149746094504
0.35225026165833234
0.3523495949141373
0.35239683877970307
0.3532496511222235
0.3533865371942474
0.35342045586696125
0.3538395937512114
0.3538880489979455
0.35390016280962905
0.3542805364964918
0.3546136663177889
0.35468634918789005
0.35469725161840526
0.35513940574485403
0.3553138446330969
0.3557862832887545
0.35605520990812883
0.35643316083265497
0.35653855099430165
0.3568874287707873
0.35700614412528586
0.357325948753731
0.35741801372252585
0.359138174981587
0.35981654843586464
0.360291409853859
0.3603483447687716
0.36038710896615883
0.3606693607783851
0.361015815792534
0.3611660270574098
0.3612459782145211
0.36152701864557896
0.3623568147459007
0.3624125382796449
0.36245251385820054
0.3624949121990929
0.36254821297050044
0.36274082257626855
0.36299278985928596
0.363943724076443
0.3639897565608404
0.364190845834787
0.36461240648137383
0.36469599178199014
0.3647747315579331
0.3650085281234252
0.3650703085630112
0.36523384502073886
0.3653222758460286
0.36545431639337905
0.36551367407062835
0.36562512113811685
0.36568932434003953
0.36572203163158507
0.3664512830949335
0.3670969492576656
0.36711148583168585
0.3673089409621274
0.36761784316005736
0.3685978505252549
0.3692628987866806
0.3693416385626236
0.36942885800674496
0.3694761018723107
0.3695463619800752
0.3697329146800015
0.3698116544559445
0.3698807031825406
0.3703398166453464
0.37066083265495986
0.37089584060162034
0.3709479299918595
0.3710206128619607
0.3710399949606543
0.37107149087103153
0.37111146644958715
0.37126410047679964
0.3713367833469008
0.37163357173314726
0.37194489669341396
0.37198608365313796
0.3719969860836531
0.37202242508818856
0.37206845757258594
0.37216657944722253
0.3725566441834322
0.3733222370818312
0.3737898302128154
0.373846765127728
0.373987285343257
0.3741035779354189
0.3744912199092918
0.3756892758847928
0.37619926735666936
0.37629738923130596
0.3763603810520603
0.37659296623638405
0.3766959336356941
0.3767346978330814
0.3770557138426949
0.377807981548242
0.37846455014148933
0.3787480133348839
0.3794082160716362
0.37961657363259294
0.37970379307671437
0.38000300422529754
0.3801326220103113
0.3802246869791061
0.38052632089002597
0.38079161336589523
0.3817679865875877
0.3834869364654805
0.38400177346203046
0.3847903826026282
0.38566621118734734
0.3858043086405396
0.3861204791254797
0.38673586075900296
0.38764681939760437
0.38773040469822073
0.3877824940884599
0.3878079330929953
0.3878321607163624
0.3878551769585611
0.3880465751831608
0.38813379462728226
0.3881459084389658
0.38819557506686825
0.3883058107531884
0.3885226479823235
0.3887334283056169
0.38879763150753965
0.3888497208977788
0.3891259158041633
0.38952446020855136
0.389790964065589
0.3901931426134822
0.39021737023684927
0.39040028879327054
0.3907237275652208
0.39084971120672946
0.3910132476644571
0.3912700604721479
0.3912894425708416
0.3914784180331046
0.3916988894057449
0.3923990677210528
0.39332819707717953
0.39394479009187117
0.3945262530526805
0.39456744001240457
0.39496840717912934
0.3951489029732139
0.39515980540372914
0.39528215490173274
0.39537179710819087
0.395914495871613
0.3963566499980618
0.3964584060162034
0.3965008043570958
0.3965371457921464
0.3965722758460286
0.39658923518238554
0.39660982866224753
0.3966728204830019
0.3967079505368841
0.39676125130829165
0.3967733651199752
0.3985274450517502
0.39996414311741674
0.40013373648098616
0.40056256541458307
0.4007830367872233
0.40150501996356164
0.4015873938830096
0.40163584912974376
0.4017048978563399
0.40175941000891574
0.4019217350854751
0.40212040159708495
0.4027188238942513
0.4032469860836531
0.4032990754738923
0.4033451079582897
0.40337296972516185
0.4038696360041865
0.40452499321626545
0.4046897410551615
0.40473577353955886
0.40477453773694616
0.4049998546342598
0.4053305616932201
0.40609978873512426
0.4066013005388223
0.40667277202775515
0.40673212970500444
0.406871438539365
0.4069465441718029
0.40707737333798505
0.40803194169864715
0.40867518509904255
0.40873817691979686
0.40879390045354114
0.4088229736015816
0.40892957514439665
0.40931721711826957
0.41123119936426716
0.4146230666356553
0.41471997712912356
0.4147345137031438
0.414831424196612
0.41491864364073344
0.41499253789200297
0.41571573244950966
0.41682899174322596
0.4172941621118735
0.4187344943210451
0.4205442977865643
0.42109184207465983
0.42138257355506453
0.4215279392952669
0.4215994107841997
0.4216563456991123
0.42169389851533123
0.4217568903360856
0.4218743943094158
0.42292102763887274
0.42329292165755705
0.4234007345815405
0.4245624491219909
0.4254116273210063
0.425619984881963
0.4256648059851921
0.4257920010078691
0.4258307652052564
0.42642676474008606
0.42657091909912004
0.42664844749389463
0.4268895123463969
0.4270990812885219
0.427435845253324
0.42750368259875177
0.4278840562856146
0.42862663294181497
0.4286666085203706
0.42873202310346165
0.4288786002248323
0.4291535837500485
0.4292916812032407
0.4293243884947862
0.4293837461720355
0.4295593964414467
0.4300863472496802
0.4304776233670582
0.4311426716284839
0.4317628987866806
0.43180045160289954
0.4320596871729271
0.43227894716439896
0.4323516300345001
0.4326035973175175
0.43275744272589833
0.4327840931116021
0.43332073496918244
0.43373260456642243
0.4339167345040121
0.43415295383184094
0.43474289646082875
0.4349258150172501
0.4360717816025119
0.4364848625809203
0.43651514711012906
0.4377313738031554
0.4381069019653448
0.43857691785866576
0.43893912082800324
0.43903724270263983
0.44012021746714736
0.4404266969027406
0.4405066480598519
0.4407150056208086
0.44159083420552775
0.4417519479009187
0.44199301275342096
0.44208992324688917
0.44227526456564714
0.44244849207272163
0.4425078497499709
0.44354358064891264
0.4437216536806605
0.44420741752917003
0.4442934255921231
0.4443842791797496
0.44457810016668603
0.4446180757452417
0.444656839942629
0.4446956041400163
0.4448191650191883
0.44483249021204013
0.44487125440942743
0.4452601077644687
0.445418798697523
0.4454381807962166
0.445999050277164
0.44624859479784473
0.4465986839554987
0.4469766348800248
0.4470408380819475
0.4470771795169981
0.4472491956429042
0.44755446369732915
0.4477846261193162
0.4478161220296934
0.44798450401209444
0.4481964957165562
0.4483987963716711
0.44866772299104546
0.4487561538163352
0.4488966740318642
0.44899479590650077
0.4490553649649184
0.44921163313563595
0.4494236248400977
0.4499832829398767
0.4512007210140714
0.45128188355235105
0.4513896964763345
0.45174705392099856
0.451858500988487
0.45196146838779705
0.4523042892584409
0.4528578904523782
0.4530274838159476
0.45318011784316004
0.4532867193859751
0.4533848412606117
0.4534175485521572
0.4534829631352483
0.45352172733263557
0.45365982478582784
0.4537300848935923
0.45377732875915805
0.4546252955770051
0.4547379540256619
0.4558439450323681
0.45622068457572584
0.4563418226925611
0.4564011803698104
0.45651141605613055
0.4566567817963329
0.4566761638950266
0.4566979687560569
0.45672704190409735
0.457446602318099
0.457590756677133
0.4579602279334806
0.45879365817730744
0.45882999961235804
0.45885301585455673
0.45896567430321356
0.45907106446486023
0.45939692599914717
0.4598717874171415
0.4599238768073807
0.46003774663720587
0.46050897391169515
0.4611425262627437
0.46143810326782186
0.4615762007210141
0.4616464608287785
0.46181120866767456
0.46181363143001125
0.46183301352870487
0.4618645094390821
0.46212980191495134
0.46236359848044345
0.46248231383494204
0.462605874714114
0.462725801449781
0.4627766794588518
0.4628021184633872
0.4628227119432492
0.46318249215025004
0.46403772725510717
0.46442415784781177
0.46447140171337753
0.46464584060162034
0.46472336899639494
0.46476455595611893
0.46497412489824397
0.4651170678761096
0.4651618889793387
0.46571670155444433
0.4658693355816568
0.4658996201108656
0.46603044927704773
0.46626182308020314
0.46661191223785714
0.46718247276815134
0.4673242043648486
0.467716691863395
0.46801832577431485
0.46807889483273246
0.468296943443036
0.46858888630460904
0.4689123250765593
0.468997121758344
0.46914854440438813
0.469433218978951
0.46973727565220763
0.47053436446098384
0.47182327402411134
0.47213702174671474
0.4724544036128232
0.4734707524130713
0.47517879986044886
0.47533143388766136
0.4754925475830523
0.4756730433771369
0.4757190758615343
0.4757723766329418
0.4757941814939722
0.4758535391712215
0.47589230336860877
0.47593106756599607
0.47595166104585807
0.47632234368337406
0.47685414001628096
0.4770927821064465
0.4771763674070628
0.4774658875062992
0.4782702446020855
0.47863244757142304
0.4791400162809629
0.48018907237275654
0.48066151102841415
0.48189106291429235
0.48232352599139433
0.48245435515757645
0.4825536884133814
0.48274750940031785
0.482898932046362
0.4830866961274567
0.4835542892584409
0.483788085823933
0.483829272783657
0.4840509555374656
0.4841418091250921
0.4841745164166376
0.4851726944993604
0.485645133155018
0.48589952320037216
0.48602792960421753
0.48615391324572627
0.4861660270574098
0.4867692948792495
0.48686862813505444
0.48799157847811764
0.4883525700662868
0.48849914718765747
0.4886469356901965
0.4886990250804357
0.4888032038609141
0.48893282164592783
0.48980865023064696
0.489853471333876
0.4904179749583285
0.4905160968329651
0.49125503934566034
0.4919382583246114
0.4920388029615847
0.492098160638834
0.49231742063030587
0.4927099081288522
0.49271475365352563
0.4928007617164787
0.49282862348335077
0.49290615187812536
0.4929824688917316
0.4930163875644455
0.49399760631081135
0.49575168624258636
0.49677166918633947
0.49690370973368997
0.49698123812846456
0.49720049811993644
0.4975057661743614
0.4975760262821258
0.4977032213048029
0.4979188471527697
0.4982640907857503
0.4984046110012792
0.49847002558437026
0.4986323506609296
0.4988067895491724
0.4989424642400279
0.4992465209132845
0.49961841493196885
0.49974924409815097
0.500119926735667
0.5006698937860992
0.5010429991859519
0.501239242935225
0.5015214947474512
0.5018946001473039
0.5021671609101833
0.5023706729464666
0.5025378435476994
0.5026032581307904
0.5026614044268713
0.502738932821646
0.5032876884909098
0.5033034364460984
0.5033167616389502
0.50339792417723
0.5036256638368802
0.5038243303484902
0.50412596425941
0.5043028259099895
0.5044203298833198
0.5052634511764934
0.5070114742024266
0.5079200100786914
0.5080120750474861
0.5084190991200527
0.5090356921347443
0.5092113424041556
0.5092670659378997
0.50928160251192
0.5093094642787921
0.509635325813079
0.509878813427918
0.5099963174012482
0.5103754797069426
0.5110078206768229
0.5112706903903554
0.5113336822111099
0.5113676008838237
0.5113930398883592
0.5114632999961236
0.5114802593324805
0.5114838934759856
0.5115674787766019
0.5119854052796837
0.512875770438423
0.5129872175059116
0.51330459937202
0.5136886072023878
0.513737062449122
0.5142155580106214
0.5148927200837307
0.514935118424623
0.5152270612861961
0.5152839962011087
0.5154111912237858
0.5154378416094895
0.5155626138698298
0.5155856301120285
0.5157079796100321
0.51598902004109
0.5163003450013568
0.5163924099701516
0.5164239058805288
0.5165898651005931
0.5171277183393418
0.5177636934527271
0.5196013586851185
0.5204529596464705
0.5204590165523123
0.5206649513509323
0.5209023820599294
0.5209629511183471
0.5210356339884483
0.5211470810559368
0.5212258208318796
0.5212718533162771
0.5217079505368841
0.5221779664302051
0.5225086734891654
0.5227158196689538
0.5227461041981626
0.5227654862968563
0.5227679090591929
0.5227933480637283
0.5229629414272977
0.5233287785401404
0.5236146644958716
0.5237212660386866
0.5239356805054851
0.5244614199325502
0.5245607531883553
0.5246128425785944
0.5246164767220994
0.5247642652246385
0.5253130208939024
0.525558931271078
0.5256800693879133
0.5259308252897624
0.5260628658371128
0.5260749796487963
0.5261973291468001
0.5265704345466528
0.5271313040276001
0.5275104663332946
0.5275649784858705
0.5275843605845641
0.5278823603519789
0.5279635228902586
0.5280071326123192
0.5280495309532116
0.5281549211148583
0.5282615226576733
0.5284953192231655
0.5286019207659806
0.5286237256270109
0.5289762375470016
0.5293820502383998
0.5295564891266427
0.529643708570764
0.5296994321045083
0.5297188142032019
0.5301282610381052
0.5301476431367989
0.530158545567314
0.5302166918633949
0.5303051226886847
0.5304831957204326
0.5305413420165136
0.5307945206806993
0.53125
0.5316194712563477
0.5331797302011861
0.5342687618715355
0.5344444121409466
0.5355491917664845
0.5357212078923906
0.5360531263325193
0.5384407586153429
0.5391203434507889
0.5399186436407334
0.5400797573361243
0.5402117978834748
0.5408695778578905
0.5409156103422879
0.5409967728805675
0.5410682443695003
0.5422335930534559
0.5427799259603829
0.54279688529674
0.5428053649649184
0.5433347385354886
0.5437599333255805
0.544595786331744
0.5453117126022405
0.546147565608404
0.5468659146412373
0.5472693045702989
0.5491069698026902
0.5503147168275381
0.550406781796333
0.5504976353839593
0.5506805539403806
0.5508077489630577
0.5508089603442261
0.5511311877350079
0.5515030817536923
0.551529732139396
0.551687211691282
0.551728398651006
0.5517562604178781
0.55187982129705
0.5520058049385588
0.5520663739969764
0.5521451137729193
0.5523062274683103
0.5524867232623949
0.5525836337558631
0.5528210644648602
0.552847714850564
0.5529446253440322
0.5532729096406559
0.5534243322867
0.5537174865294414
0.5546248110245378
0.5546587296972516
0.5547507946660465
0.5548355913478311
0.5549458270341513
0.555075444819165
0.5552414040392294
0.5553904039229368
0.5554570298871961
0.556060297709036
0.5570330367872233
0.5570415164554018
0.5570487847424119
0.557052418885917
0.5576811257122921
0.5576968736674807
0.5577077760979959
0.5577453289142148
0.5579536864751715
0.5581983854711788
0.5582141334263674
0.5582371496685661
0.5582747024847851
0.5583183122068458
0.55837403574059
0.5584103771756406
0.5584479299918595
0.5586902062255301
0.5589155231228438
0.5589615556072411
0.5590754254370663
0.5599173353490716
0.5620420979183626
0.5634182269256115
0.5635490560917936
0.5641402101019498
0.5645593479862
0.5646356649998062
0.5646744291971935
0.5652474124898244
0.5656835097104315
0.5659451680427957
0.5663497693530255
0.5665048261425747
0.5665326879094469
0.566560549676319
0.5668379559638718
0.5669372892196767
0.5670051265651045
0.5682274101639726
0.5694811896732178
0.5709627088421134
0.5721801469163081
0.5731250242276233
0.5732522192503005
0.5738542756909718
0.5748645675853782
0.5751334942047525
0.5751807380703182
0.5751976974066751
0.5752025429313486
0.5753030875683219
0.5755623231383494
0.5756337946272823
0.5758530546187541
0.5763315501802535
0.5765653467457457
0.5765895743691127
0.5767082897236113
0.5767967205489011
0.5768003546924061
0.5769227041904097
0.5770147691592046
0.5774654029538319
0.5775501996356165
0.5775707931154785
0.5775938093576772
0.5779657033763616
0.5780371748652944
0.5781292398340893
0.5783884754041168
0.5786985889832151
0.5788027677636934
0.5788500116292592
0.5788742392526263
0.578897255494825
0.5792073690739233
0.5795199054153584
0.5808160832654959
0.5812642942977866
0.5815186843431407
0.5824550819862775
0.5826997809822848
0.5828451467224871
0.583562284374152
0.5843678528511067
0.5852872911578866
0.5853805675078497
0.5855768112571229
0.5858457378764973
0.5877512404543164
0.5886004186533318
0.5888693452727062
0.5888863046090631
0.5892170116680234
0.5900504419118502
0.5900819378222274
0.5900916288715742
0.5901740027910222
0.5904514090785751
0.5911479532503779
0.5911879288289336
0.5916337170988875
0.5925689033608559
0.5927263829127418
0.5928705372717757
0.5931503663216653
0.5934689595689421
0.5935489107260534
0.5935925204481142
0.5947506008450595
0.5948499341008644
0.5953780962902663
0.5956773074388495
0.5958796080939645
0.5959559251075707
0.5961158274217933
0.5961194615652983
0.5961485347133387
0.5962309086327867
0.5963048028840563
0.59643442066907
0.596574940884599
0.5967760301585455
0.5969104934682328
0.5975597937744699
0.5984901345117649
0.5989359227817188
0.5994434914912586
0.5997548164515254
0.6000031495910377
0.6002963038337791
0.6006548726596116
0.6006681978524635
0.6010776446873668
0.6013090184905222
0.6013744330736132
0.6014144086521689
0.6014350021320308
0.6015270671008257
0.601747538473466
0.6018262782494088
0.6018408148234291
0.6022962941427298
0.6025712776679459
0.602702106834128
0.6030037407450479
0.6030970170950111
0.6031260902430515
0.6033417160910184
0.6034216672481296
0.6034434721091599
0.6035161549792611
0.6036881711051673
0.603817788890181
0.6040770244602085
0.6043629104159398
0.6043762356087917
0.6052799259603829
0.6058735027328759
0.6059352831724619
0.6060067546613948
0.606152120401597
0.6062090553165097
0.6064004535411094
0.6067142012637128
0.6068304938558747
0.607133339147963
0.6075548997945498
0.6077705256425165
0.6078638019924797
0.6078686475171532
0.6080988099391402
0.6081945090514401
0.6089310288017986
0.6100939547234174
0.6101605806876769
0.6108123037562507
0.6118480346551924
0.6121642051401326
0.6124355545218436
0.6125627495445207
0.6129891557157809
0.6133562042097919
0.6134955130441524
0.6136239194479979
0.6137547486141799
0.613943724076443
0.6139509923634531
0.6139933907043454
0.6140454800945846
0.6142926018529287
0.6145300325619258
0.6145603170911347
0.6146548048222662
0.6146972031631585
0.6148256095670039
0.6148643737643912
0.6149964143117417
0.6150012598364151
0.6150012598364151
0.6150327557467923
0.6161193646548048
0.6165554618754119
0.6168619413110051
0.6168934372213823
0.6169079737954025
0.6169491607551265
0.6169915590960189
0.6172641198588983
0.6177704771872699
0.6179594526495329
0.6180030623715936
0.6180563631430012
0.6181847695468465
0.6182489727487692
0.618296216614335
0.6183458832422375
0.618502151412955
0.6186547854401675
0.6187044520680699
0.6187516959336357
0.6188595088576191
0.6189733786874443
0.6190727119432492
0.6191914272977478
0.6192277687327984
0.6192410939256503
0.6193864596658526
0.6197244350118231
0.6198576869403419
0.6203192231654844
0.6205348490134511
0.620788027677637
0.620939450323681
0.6219158235453734
0.6229067333410861
0.6238964317556305
0.6241290169399543
0.6245336182501842
0.6252313738031554
0.625432463077102
0.6256735279296042
0.6261023568632011
0.6266438442454549
0.626836453851223
0.6269321529635229
0.6270108927394659
0.627104169089429
0.6276020467496221
0.6279678838624646
0.6280332984455557
0.628116883746172
0.6283179730201186
0.6285384443927589
0.6287940458192813
0.6289648505640191
0.6290653952009924
0.6293851998294375
0.6302767763693453
0.6304281990153894
0.6309696863976432
0.6315547835019576
0.6316359460402372
0.6317292223902005
0.6319763441485444
0.6323979047951312
0.6332919040973757
0.6341471392022329
0.634261009032058
0.6343288463774858
0.6343518626196845
0.634405163391092
0.6348630654727294
0.6356577315191689
0.6360756580222506
0.6361265360313215
0.6363978854130325
0.6365202349110362
0.6366086657363259
0.6366958851804473
0.6369696573244951
0.6372325270380277
0.6375717137651665
0.6376758925456448
0.6377752258014497
0.6381325832461139
0.6388933306198396
0.6412870198085049
0.6421095476218165
0.6422561247431872
0.6425456448424235
0.642698278869636
0.6427709617397371
0.6429817420630306
0.643402091328449
0.643443278288173
0.6435523025933249
0.6437776194906385
0.6438260747373725
0.6438612047912547
0.644040489204171
0.6455753091444741
0.6476358685118425
0.6488399813931852
0.6492264119858898
0.6493305907663682
0.6493657208202505
0.6493802573942706
0.6493838915377758
0.6494493061208668
0.6499592975927433
0.6500077528394774
0.6501737120595418
0.6503445168042795
0.6505128987866806
0.6506219230918324
0.65067522386324
0.6507139880606272
0.6508193782222739
0.6508569310384928
0.650864199325503
0.651180369810443
0.6518054424933132
0.6519677675698725
0.6522270031399
0.6526303930689615
0.6532118560297709
0.6533233030972594
0.6533959859673606
0.6535510427569097
0.6540355952242509
0.6541482536729077
0.6544692696825212
0.6555280168236617
0.6555401306353452
0.6556031224560995
0.6558635694072954
0.656188219560414
0.656246365856495
0.6565831298212971
0.6572724057060898
0.6573063243788038
0.6574565356436795
0.6576103810520603
0.6577436329805791
0.657842966236384
0.657921706012327
0.6581506570531457
0.6582766406946544
0.6582984455556847
0.6583444780400822
0.6584583478699073
0.658518916928325
0.6586061363724464
0.6586800306237159
0.6587478679691438
0.6588399329379385
0.6588641605613056
0.6589574369112687
0.658992566965151
0.659074940884599
0.6594395666162732
0.6604571267976896
0.6607793541884716
0.6607938907624917
0.6608605167267512
0.6608726305384347
0.6610700856688763
0.6618041826568981
0.6618829224328411
0.6624171415280846
0.6628435476993448
0.6652687327983874
0.6662438946389115
0.6662560084505951
0.6662971954103191
0.6666182114199326
0.667141528084661
0.6672105768112572
0.667330503546924
0.6682220800868318
0.6683819824010544
0.6693813718649455
0.6693886401519556
0.6695291603674846
0.669942241345893
0.6701421192386712
0.6706618017598945
0.6708750048455246
0.6709270942357638
0.6709355739039423
0.6711124355545218
0.671160890801256
0.6712032891421483
0.6718913536457728
0.6720827518703725
0.6721227274489282
0.6722886866689926
0.6723395646780633
0.6724764507500872
0.6726545237818351
0.6726799627863705
0.6727417432259565
0.6733656045276583
0.6734831085009885
0.6735037019808505
0.6736636042950731
0.6740706283676396
0.6742232623948521
0.6743407663681823
0.6745345873551188
0.6745757743148428
0.6749416114276854
0.6750421560646587
0.6751136275535915
0.6753231964957166
0.6759506919409234
0.6765333662829011
0.6775618288948327
0.6779482594875373
0.6781541942861573
0.6781675194790092
0.6782268771562585
0.6782886575958444
0.6785612183587238
0.6792856242973989
0.6797289898050161
0.6800693879133233
0.6807598751792844
0.6815036632166531
0.681644183432182
0.6817253459704616
0.6818537523743071
0.6822426057293484
0.6825490851649416
0.6829948734348955
0.6834261251308291
0.6835254583866341
0.6835448404853277
0.6835678567275264
0.68379317362484
0.6843346610070938
0.684530904756367
0.6847235143621351
0.6847501647478389
0.6847852948017211
0.6848180020932667
0.6850106116990348
0.685152343295732
0.6851886847307826
0.6854939527852075
0.6862074562933674
0.6866689925185099
0.68698516300345
0.6870978214521068
0.6873824960266698
0.6877035120362833
0.687747121758344
0.6878282842966237
0.6880439101445904
0.688244999418537
0.6883346416249951
0.6884339748808
0.6884981780827228
0.6887477226034034
0.6890336085591348
0.6890917548552157
0.6891014459045626
0.6892783075551421
0.6899070143815172
0.6901517133775246
0.6902074369112687
0.6903673392254913
0.6904048920417103
0.6904133717098887
0.6904569814319494
0.6904787862929798
0.690506648059852
0.690555103306586
0.6907743632980579
0.6908833876032097
0.6913558262588673
0.6917374113268985
0.6917507365197504
0.6918016145288212
0.6919251754079931
0.6929487924952514
0.6929972477419855
0.6930360119393728
0.6931147517153158
0.6931741093925651
0.6933485482808078
0.6937567837345427
0.6944230433771369
0.6948324902120402
0.694903961700973
0.6950735550645424
0.6956744001240455
0.6960232779005311
0.6962764565647168
0.6964436271659495
0.6965260010853975
0.6967561635073846
0.6972625208357561
0.6974357483428305
0.6975362929798039
0.6976283579485987
0.6977870488816529
0.6978960731868047
0.6980668779315424
0.6983866825599876
0.6986871050897391
0.6988118773500794
0.6988494301662984
0.6989390723727565
0.6990699015389387
0.6993024867232623
0.6994490638446331
0.6994854052796837
0.6994854052796837
0.6995459743381013
0.7005562662325077
0.7011740706283677
0.7014902411133077
0.7017119238671163
0.7017628018761871
0.7019953870605109
0.7022521998682018
0.702431484281118
0.7024496549986432
0.7024811509090204
0.7026870857076404
0.7032455324262511
0.7036779955033531
0.7043927103926814
0.7047234174516417
0.7052927666007676
0.7058487905570415
0.7059045140907857
0.7060401887816413
0.7062376439120828
0.7067742857696632
0.7073363666317789
0.7073533259681358
0.7074102608830484
0.7074381226499206
0.707628309493352
0.7081722196379424
0.7082654959879056
0.7084132844904446
0.7084302438268015
0.7084350893514749
0.7084496259254952
0.7086579834864519
0.7088263654688529
0.7089874791642439
0.7090274547427996
0.7094526495328914
0.7101600961352095
0.7104375024227624
0.7105004942435167
0.7105659088266078
0.7105865023064697
0.7106494941272241
0.7106979493739582
0.7108990386479048
0.7110892254913362
0.7112261115633601
0.7115459161918053
0.711572566577509
0.7116149649184014
0.7116646315463039
0.7116888591696708
0.7117639648021088
0.7117918265689809
0.7118063631430012
0.7119529402643718
0.7121637205876652
0.7122933383726789
0.7123466391440865
0.7124629317362484
0.7127185331627709
0.712869955808815
0.7128857037640036
0.7128966061945188
0.7129075086250339
0.7129184110555491
0.7130577198899096
0.7134187114780789
0.7135035081598635
0.713714288483157
0.7137821258285847
0.713906898088925
0.7143211904485017
0.7147136779470481
0.7147584990502772
0.7147621331937822
0.7151667345040121
0.7160413517075629
0.7170031883552351
0.7171134240415552
0.7172757491181145
0.7173847734232662
0.7176355293251153
0.7177566674419507
0.7177869519711595
0.7179117242314997
0.7181176590301198
0.7182569678644803
0.7185634473000736
0.7189038454083808
0.7192902760010854
0.7196779179749583
0.7197142594100089
0.7197396984145443
0.7197699829437532
0.7206615594836608
0.7212999573593829
0.7214731848664574
0.7215446563553901
0.7216112823196495
0.7217251521494747
0.7217578594410202
0.7217869325890608
0.7220195177733845
0.722302980966779
0.7224507694693182
0.7227536147614063
0.7233968581618018
0.7238874675349847
0.7246082393301547
0.7251400356630616
0.7253168973136411
0.7254150191882777
0.7255700759778269
0.7256233767492344
0.725680311664147
0.7266445710741559
0.7276681881614141
0.7279795131216809
0.7280679439469706
0.7280740008528124
0.7281127650501996
0.7284180331046246
0.728670000387642
0.7287705450246152
0.7289461952940265
0.7290116098771174
0.7297578206768229
0.7301478854130325
0.7304083323642284
0.7307996084816064
0.7319201360623329
0.7320933635694072
0.7323974202426639
0.7324579893010815
0.7325173469783308
0.7330830619839516
0.7331484765670426
0.7332381187735008
0.7334973543435284
0.7335336957785789
0.7337093460479901
0.7337287281466838
0.733743264720704
0.734361069116564
0.7352514342753034
0.7357456777919913
0.7357699054153584
0.7357917102763887
0.7358450110477962
0.7365948559910067
0.7368819533279063
0.7373507578400589
0.7375506357328372
0.7391920572159554
0.7396850893514749
0.7399067721052836
0.7399673411637012
0.7399867232623949
0.7400121622669302
0.7405645520796992
0.7413895026553475
0.7416305675078497
0.7416499496065434
0.7417432259565065
0.7417977381090824
0.7418994941272241
0.741933412799938
0.7421793231771137
0.7428019730976471
0.7429158429274721
0.7431508508741327
0.7432150540760554
0.7435009400317867
0.7438582974764507
0.7440654436562391
0.7443900938093577
0.744449451486607
0.7444639880606272
0.7445451505989068
0.7446226789936814
0.7449630771019886
0.7454197678024577
0.7457989301081521
0.7460097104314455
0.7461478078846377
0.7464494417955576
0.746763189518161
0.7468940186843431
0.7469533763615924
0.7477177578788231
0.7484857735395589
0.7486129685622359
0.7486662693336434
0.7488043667868357
0.7490042446796139
0.7490575454510214
0.7491750494243516
0.7492319843392643
0.749258634724968
0.7492925533976819
0.7493070899717021
0.7502786176687212
0.7505245280458968
0.750535430476412
0.7509073244950963
0.7517044133038725
0.7519612261115634
0.7519757626855836
0.7519927220219406
0.7520496569368531
0.7521477788114898
0.7523137380315541
0.7523282746055743
0.7523694615652983
0.7528649164631547
0.7552949470868706
0.7553143291855642
0.7553870120556654
0.7554802884056285
0.755509361553669
0.7560968814203202
0.7564009380935768
0.7571895472341745
0.7575008721944412
0.7585014730395007
0.759034480753576
0.7591132205295189
0.7591217001976974
0.7592876594177618
0.7600665775090126
0.760146528666124
0.7603779024692794
0.7607352599139435
0.7611786254215607
0.7614754138078071
0.7616898282746056
0.7619345272706128
0.7621816490289569
0.7624699577470249
0.7629654126448812
0.763156810869481
0.7633627456681009
0.7637830949335194
0.7638642574717991
0.763967224871109
0.7640847288444392
0.764173159669729
0.764207078342443
0.7643209481722681
0.7644735821994806
0.7650356630615963
0.7653566790712099
0.7653748497887352
0.7656377195022677
0.7658170039151839
0.7678145714617979
0.7683584816063883
0.768398457184944
0.7684275303329845
0.7686734407101601
0.7687303756250727
0.7697867000038764
0.7705123173237198
0.771024731557933
0.7711313331007481
0.7713614955227353
0.7714608287785402
0.7717188529673993
0.7719792999185952
0.7720229096406559
0.7721004380354305
0.7722409582509594
0.7724166085203706
0.7727206651936271
0.7729823235259914
0.7730428925844091
0.773183412799938
0.7733190874907935
0.7735649978679692
0.7736292010698919
0.774443249215025
0.7744747451254022
0.7746867368298639
0.7747424603636082
0.7752657770283367
0.775369955808815
0.7754438500600845
0.7754814028763034
0.7755686223204249
0.7759029635228902
0.7760955731286584
0.7766443287979222
0.7768538977400473
0.7772463852385937
0.7777612222351437
0.7779489863162383
0.7784856281738186
0.7785461972322363
0.7787182133581424
0.7791300829553824
0.7793784160948948
0.7796897410551614
0.7800446757374888
0.7804577567158972
0.7805583013528705
0.7806200817924565
0.7807412199092918
0.7807751385820056
0.7817321297050045
0.7820228611854092
0.7821815521184634
0.7823341861456758
0.782386275535915
0.7824117145404504
0.7824432104508277
0.7824722835988681
0.7830186165057953
0.7834002015738264
0.78393442066907
0.7840507132612319
0.7848138833972943
0.7849653060433384
0.7856824436950033
0.7860870450052332
0.7862336221266039
0.7867290770244602
0.7868029712757297
0.7868162964685816
0.7868841338140093
0.7876630519052603
0.7898641314881575
0.7901100418653332
0.7901863588789394
0.7904274237314416
0.7906309357677249
0.7907290576423616
0.7911772686746521
0.7915334147381479
0.791750251967283
0.7918229348373842
0.7918580648912664
0.7918786583711285
0.7919755688645966
0.7920761135015699
0.7921136663177889
0.7921718126138698
0.792450430282591
0.7937672016125906
0.7940094778462612
0.7945642904213668
0.794636973291468
0.7947423634531147
0.7947556886459666
0.7948586560452766
0.7955212815443656
0.795752655347521
0.7958047447377602
0.7959876632941815
0.7962275167655154
0.7962917199674381
0.7970585242470055
0.7972886866689926
0.7974195158351747
0.7979028569213474
0.7981717835407218
0.7985872872814669
0.7990003682598752
0.7990052137845486
0.7991239291390472
0.7993964899019266
0.7995152052564252
0.8004503915183936
0.800801692057216
0.8008077489630577
0.8008598383532969
0.8008695294026437
0.8008925456448425
0.8008949684071791
0.8008998139318525
0.8009143505058728
0.8012099275109509
0.8017114393146489
0.8017780652789084
0.8017889677094235
0.8020251870372523
0.8023813331007481
0.8029119180524867
0.8029615846803891
0.8029773326355778
0.8029955033531031
0.8030960479900764
0.8032850234523394
0.8033649746094507
0.8034497712912354
0.8035600069775555
0.8035999825561112
0.8037150637671047
0.8045000387641974
0.8048804124510602
0.8049967050432221
0.8050282009535993
0.8052728999496065
0.8053407372950343
0.8061208667674535
0.8062953056556964
0.8065642322750708
0.8070366709307284
0.8071517521417219
0.807200207388456
0.8072426057293484
0.8074570201961468
0.8077247354343529
0.8082395724309028
0.8088646451137729
0.8092486529441408
0.8097634899406908
0.8099585223087956
0.8105799608481606
0.8113455537465597
0.8117126022405706
0.8121159921696322
0.8122589351474978
0.8123328293987673
0.8126393088343605
0.8132559018490522
0.813430340737295
0.8144660716362367
0.814731364112106
0.8147907217893553
0.8148403884172578
0.8162298426173586
0.8167398340892352
0.8168100941969997
0.8170681183858588
0.8171383784936233
0.817181988215684
0.8173394677675698
0.8175744757142304
0.8178252316160793
0.8179512152575881
0.8183279548009459
0.8185884017521418
0.818688946389115
0.818936068147459
0.8190790111253247
0.8192001492421599
0.8200299453424816
0.8223133988448269
0.8231359266581385
0.8234266581385432
0.8240747470636121
0.8241874055122689
0.8243000639609257
0.8249408845989844
0.8256350060084506
0.8256943636856999
0.8257476644571075
0.8259136236771718
0.8264393631042369
0.8265859402256076
0.8268282164592782
0.8269105903787262
0.827085029266969
0.8271783056169322
0.8274581346668217
0.8278227603984959
0.8297924661782378
0.8320201961468388
0.8320734969182463
0.8322176512772803
0.8324732527038028
0.8327651955653759
0.8331407237275652
0.8334011706787611
0.8338493817110517
0.8352279334806373
0.8365241113307749
0.8367930379501493
0.837149184013645
0.8377245900686127
0.8382333701593209
0.8386379714695508
0.8398978078846377
0.8404102221188511
0.8404962301818041
0.8406270593479862
0.8412896848470752
0.8415355952242509
0.8415561887041129
0.8417269934488506
0.8424671473427142
0.8426355293251153
0.8440734387719502
0.8450546575183161
0.8452557467922627
0.8453575028104043
0.8454095922006435
0.8461000794666046
0.8466706399968988
0.8469710625266503
0.8494592394464473
0.850350815986355
0.8505313117804396
0.8505652304531535
0.8506124743187192
0.8506621409466217
0.850721498623871
0.8507614742024266
0.850807506686824
0.8513962379346436
0.8519510505097492
0.852180001550568
0.8522781234252045
0.8533635209520487
0.8534471062526651
0.8535852037058572
0.8550727797805946
0.8553513974493158
0.8556942183199597
0.8557632670465558
0.85612789277823
0.8561618114509439
0.8563774372989107
0.8564537543125169
0.8566778598286623
0.8567347947435748
0.8570558107531884
0.8573804609063069
0.8581751269527464
0.8593053455828197
0.8593780284529209
0.8595233941931232
0.8596990444625344
0.8598855971624607
0.8599473776020468
0.8600454994766833
0.8605227836570144
0.8610412547970694
0.8611006124743187
0.8612883765554135
0.8615766852734814
0.8621799530953211
0.8626475462263054
0.8637704965693686
0.8647953250377951
0.865574243129046
0.8663022832112262
0.8668255998759545
0.8670109411947126
0.8670981606388339
0.8676178431600574
0.867826200721014
0.8689661104004341
0.8695221343567081
0.8698698007520255
0.8700236461604063
0.870132670465558
0.870173857425282
0.870853442260728
0.8715972302980967
0.8719727584602861
0.8723955304880412
0.8724330833042602
0.8736347734232662
0.8737256270108927
0.874097521029577
0.874193220141877
0.8744052118463387
0.8748316180175989
0.8748921870760166
0.874921260224057
0.8749430650850875
0.874962447183781
0.8749866748071481
0.875041186959724
0.8754276175524286
0.8759012675892546
0.875909747257433
0.87592670659379
0.875988487033376
0.8762041128813428
0.8763288851416832
0.8764875760747374
0.8768085920843509
0.8769321529635229
0.87695638058689
0.8770133155018025
0.8771950226770555
0.8774978679691438
0.8775802418885917
0.8779533472884444
0.878652314222584
0.8789660619451874
0.8792180292282048
0.8795875004845525
0.879702581695546
0.8807443695003295
0.8816892468116447
0.8817570841570725
0.8818019052603016
0.8818091735473117
0.8818552060317091
0.8822610187231074
0.8839533182152963
0.8858430728379268
0.8863530643098034
0.8871077547776873
0.8873609334418731
0.8881761929681746
0.8887479648796371
0.8889175582432066
0.8895947203163158
0.8899375411869597
0.8901059231693608
0.8901725491336202
0.8903167034926542
0.8904753944257084
0.8905638252509982
0.8910047679962786
0.8912191824630771
0.8912712718533162
0.8916528569213474
0.8920756289491026
0.892492344071016
0.8925613927976122
0.893089554987014
0.8931743516687987
0.893995668100942
0.8940162615808039
0.8943736190254681
0.8951864557894329
0.8953499922471605
0.8953645288211808
0.8953766426328643
0.8956637399697639
0.8958066829476296
0.8971198201341242
0.8973160638833972
0.8974105516145289
0.8976479823235259
0.8978829902701865
0.898183412799938
0.8987321684692019
0.8988375586308486
0.8992397371787417
0.8995207776097995
0.8999823138349421
0.9000392487498546
0.9007963619800752
0.9008072644105903
0.9008472399891461
0.9010337926890724
0.9014105322324302
0.9016213125557235
0.9017436620537271
0.9017618327712524
0.9017654669147576
0.9022560762879405
0.9023202794898632
0.9023941737411327
0.9025165232391363
0.9027442628987867
0.9027648563786487
0.902865401015622
0.9029901732759623
0.9030228805675079
0.903194896693414
0.9034698802186301
0.9035377175640579
0.9036673353490716
0.903861156336008
0.9040901073768267
0.9043093673682986
0.9043142128929721
0.9043360177540024
0.9045092452610769
0.9047030662480133
0.9049162693336434
0.905199732527038
0.905278472302981
0.9054420087607086
0.9055801062139008
0.9059641140442687
0.9063214714889328
0.9063481218746365
0.9067539345660348
0.9070022677055471
0.9079071694383067
0.9092651277280304
0.9097848102492538
0.909840533782998
0.9099253304647827
0.9100234523394193
0.9117690526030159
0.9123686862813506
0.9124728650618289
0.9130458483544598
0.9132699538706051
0.9134177423731442
0.9134989049114238
0.9135207097724541
0.9135291894406327
0.9135522056828314
0.913674555180835
0.9139568069930613
0.9139919370469435
0.9141239775942939
0.9143105302942203
0.9145806682947629
0.9147042291739349
0.9149053184478816
0.9149198550219018
0.9151306353451952
0.9159071306741093
0.9168023413575221
0.9168822925146335
0.9169174225685157
0.9169683005775865
0.9170094875373105
0.9173244466410823
0.917879259216188
0.9180003973330232
0.9182463077101989
0.9183177791991317
0.9186993642671628
0.9188483641508702
0.9194455750668682
0.9196054773810908
0.9197266154979261
0.9197762821258286
0.9200258266465093
0.9200888184672636
0.9205237043067024
0.9206242489436757
0.921082151025313
0.9216127359770516
0.9222959549560026
0.9224885645617708
0.9225006783734543
0.9227768732798387
0.9235812303756251
0.9241311974260573
0.9257592937163236
0.9262159844167926
0.9264013257355507
0.9265769760049618
0.926587878435477
0.9265963581036555
0.9266448133503896
0.9267623173237198
0.9268992033957437
0.9269718862658448
0.9271148292437105
0.92728442260728
0.9275376012714657
0.9279955033531031
0.9284630964840873
0.9288059173547312
0.9288168197852463
0.9288616408884754
0.9291172423149978
0.9294079737954025
0.9295557622979416
0.9295872582083188
0.9296793231771137
0.9298852579757336
0.9300863472496802
0.9301129976353839
0.9301432821645927
0.9304739892235532
0.9306605419234795
0.9307053630267085
0.9307804686591464
0.9308131759506919
0.9311644764895143
0.9313013625615382
0.9313704112881342
0.9314661104004341
0.9318573865178121
0.9322365488235066
0.9322862154514091
0.9324134104740861
0.932673857425282
0.9327598654882351
0.9328846377485754
0.9329645889056867
0.9331160115517309
0.93337403574059
0.9334430844671862
0.9334879055704152
0.933665978602163
0.9338452630150793
0.9341250920649687
0.9346556770167074
0.9350142458425398
0.935193530255456
0.9353461642826685
0.935478204830019
0.9355206031709113
0.9355726925611505
0.9361432530914447
0.9367235046710858
0.9367804395859983
0.9377652924758693
0.938368560297709
0.9384218610691165
0.9385296739930999
0.9385866089080126
0.9385902430515176
0.9389633484513703
0.9397107706322441
0.9399227623367058
0.9401141605613056
0.9411147614063651
0.941279509245261
0.9427016707369074
0.9429596949257666
0.9443988157537698
0.9454902701864558
0.9456949936039074
0.9465720335697949
0.94678160251192
0.9468663991937047
0.9468966837229135
0.9468991064852502
0.9476210896615885
0.9488409504981199
0.9489245357987363
0.9492419176648448
0.9492697794317169
0.9492758363375586
0.9493158119161142
0.9495920068224988
0.9500995755320386
0.9503842501066015
0.9503951525371167
0.9506107783850836
0.9507198026902353
0.950849420475249
0.9518257936969415
0.95287121564523
0.9532600690002714
0.9541334748226538
0.9546022793348063
0.95554836802729
0.9558766523239136
0.9559723514362135
0.9560099042524325
0.9564435787107028
0.9565441233476761
0.95657804202039
0.9566083265495988
0.9569777978059464
0.9572067488467652
0.9572939682908865
0.9576791875024228
0.9577070492692948
0.9577191630809784
0.9578027483815947
0.9578487808659921
0.958126187153545
0.958517463270923
0.9586228534325697
0.9586773655851456
0.9586846338721556
0.9587161297825328
0.9588178858006745
0.9588530158545567
0.9588627069039035
0.9588687638097453
0.9588869345272706
0.959197048106369
0.9594853568244369
0.959633145326976
0.9597530720626429
0.9599905027716401
0.9603502829786409
0.960515030817537
0.9606119413110051
0.9607694208628911
0.9616767453579874
0.9626579641043532
0.9631703783385664
0.9633169554599372
0.9652939295266891
0.9659504981199364
0.9660716362367717
0.9663393514749777
0.9671315947590805
0.9679420087607086
0.9682642361514905
0.9683248052099082
0.9684810733806256
0.9685162034345078
0.9687245609954646
0.9696246172035508
0.9699383649261542
0.970075250998178
0.9701067469085553
0.9701152265767338
0.9701309745319223
0.9701842753033298
0.9702436329805791
0.9702533240299259
0.970315104469512
0.970565860371361
0.9708093479862
0.9713605264178006
0.971595534364461
0.9716924448579293
0.9717893553513974
0.9720158836298795
0.973431988215684
0.9734537930767143
0.9734646955072295
0.9735058824669536
0.9736766872116913
0.974218174593945
0.9752793444974222
0.9755519052603016
0.9757638969647634
0.9764277338450207
0.97648709152227
0.9765634085358763
0.9766978718455634
0.9769038066441834
0.9770830910570997
0.9771109528239718
0.9772999282862348
0.9776185215335117
0.9776475946815522
0.9779516513548087
0.9781818137767958
0.978776601930457
0.9789074310966391
0.9796294142729775
0.9812914292359577
0.981725103694228
0.9824592006822499
0.9825839729425903
0.9832211594371438
0.9832780943520565
0.9835191592045587
0.9838983215102531
0.9841757277978059
0.9841866302283211
0.9843743943094159
0.984426483699655
0.984447077179517
0.9845076462379346
0.9845585242470055
0.9848298736287165
0.9855336860875296
0.9855736616660852
0.9856015234329574
0.9856608811102067
0.9858086696127457
0.9859588808776214
0.9864192057215956
0.9867390103500407
0.9868662053727177
0.9870212621622669
0.9871944896693414
0.9872550587277591
0.9872901887816413
0.9873119936426716
0.9874222293289917
0.9878086599216963
0.9883477245416133
0.9883695294026437
0.9884252529363879
0.9884676512772803
0.9886941795557623
0.9890927239601504
0.9896657072527814
0.9901018044733884
0.9902241539713921
0.9906166414699383
0.990944925766562
0.9910321452106834
0.991706884521456
0.9918631526921735
0.9928855583982633
0.9943186223204249
0.9945705896034422
0.9946311586618599
0.9948588983215102
0.9957335155250611
0.9958437512113811
0.9959091657944722
0.9960739136333682
0.9968758479668178
0.9981974648214909
0.9983646354227236
0.9985657246966702
0.9990151471101291
0.9991496104198162
0.9992513664379579
0.9993979435593286
0.9995844962592549
0.9999491219909292
1.000061780439586
1.000236219327829
1.0003646257316743
1.0004893979920146
1.000535430476412
1.0005741946737994
1.0006165930146915
1.0006807962166144
1.0007413652750319
1.0007595359925572
1.0009812187463658
1.0011108365313797
1.0017625595999535
1.0022543803543047
1.0023488680854362
1.0024360875295577
1.002529363879521
1.002732875915804
1.0027352986781408
1.0027365100593093
1.0027474124898244
1.0029279082839089
1.0035953793076715
1.003597802070008
1.0036995580881498
1.0039115497926114
1.003957582277009
1.004019362716595
1.004307671434663
1.004483321704074
1.0047389231305965
1.0048067604760242
1.004833410861728
1.0052295325037794
1.0052937357057021
1.006151393572896
1.0062604178780479
1.0063524828468426
1.0063767104702097
1.0064506047214792
1.0069072954219482
1.0069727100050394
1.007105961933558
1.007156839942629
1.0074742218087374
1.00753842501066
1.007909107648176
1.008062953056557
1.0083246113889213
1.0087158875062991
1.008903651587394
1.0095517405124628
1.0105099430166298
1.0131313718649455
