0.0023885864302468206
0.0034394210009109625
0.0037490525752022167
0.0037765488153902434
0.004077811968754707
0.00505452623978156
0.005837571340788401
0.006343263062507322
0.008036075067126692
0.008311037469006955
0.009371435949301715
0.010063623908817685
0.010387601347554867
0.010735488560368593
0.013518586262878402
0.01440683436982204
0.016069759156845727
0.016822917040256888
0.017970586195931035
0.018133172659651538
0.02074770645492171
0.021738766590394486
0.022237285379890444
0.02281590191254283
0.02426961617639675
0.025769954499699932
0.026270864266603546
0.026774165010914813
0.02771860108693833
0.02829482664218306
0.02864869129851592
0.029343270235439544
0.02972104466584895
0.03007730029958947
0.03126202960508226
0.03226265365018566
0.033501179947350676
0.033895691219613666
0.03509357090084856
0.03572478893646934
0.03755508214202884
0.03840985656526531
0.038950217459395226
0.039332773844619945
0.04023178134989802
0.04205968357804987
0.042981405368700674
0.04393779633176246
0.044921683535012275
0.04687630756576981
0.047904427851061235
0.05092303682822501
0.05329010446180294
0.054234540537826455
0.05524114202644899
0.055572292397409136
0.056308713438966713
0.05716109688479554
0.05840440513677586
0.061212608102066045
0.06205542763826424
0.06380084114585201
0.06474766819928318
0.06605792381867784
0.0667453298233785
0.0680005929623971
0.06887808167100629
0.07028038992059564
0.07066772826063566
0.07092117186584704
0.07165161546388549
0.07215850267430823
0.07228761545432157
0.0729953447669873
0.0733862695731388
0.07579876577746217
0.07682808155145741
0.07714010410315633
0.07750472815782364
0.07846948754181221
0.07930035219097215
0.07955857775099882
0.08091904389595422
0.0816112318554702
0.08285454010745052
0.08336860025009624
0.08430227692778532
0.08498251000026301
0.08631308892762272
0.08675781072544646
0.08740576560292082
0.08811469040429037
0.08947993850406108
0.08996052496299962
0.09162344975002332
0.09270775800439461
0.092926532437195
0.09345135197817515
0.0944758857973551
0.094954081278886
0.09600850231566162
0.09781847221325606
0.09879040452946761
0.09951965263880222
0.10172532929736347
0.10285865258859168
0.1037803743792425
0.10418803602724758
0.10527234428161888
0.10589280291890522
0.10654434426249107
0.10708709613402863
0.10813912619339659
0.10854320137529021
0.11140281035484496
0.11263535920849084
0.11301911108241938
0.11373401332730806
0.11542443435451978
0.11667730651613073
0.11722244936507595
0.11811189296072341
0.11859726137447728
0.11948311850401326
0.12027333653724306
0.12074196810914334
0.120938028256571
0.12126081020660436
0.1222243741018891
0.12263562221600569
0.12285559213750989
0.12323814852273461
0.12359440415647513
0.12478152443937557
0.12574867480077181
0.1260738477282128
0.1262364341919333
0.1265783439612279
0.12741518605390698
0.12778817852950108
0.12792326875303356
0.12885455445331498
0.12984561458878774
0.13027599052216557
0.13106142660058004
0.13221029124495803
0.13290247920447398
0.13322167468839588
0.13360064460750912
0.13393418595587692
0.13460485511872397
0.13509978744210846
0.13613029870480753
0.13659295283318867
0.13725884004122044
0.1376641107118179
0.13868864453099783
0.13948364451904294
0.14131991516812156
0.14342397528685752
0.14411138129155818
0.1442357121167562
0.14482628353644686
0.14518732112500268
0.14562008803578816
0.14605524592398125
0.146333794791973
0.14655974215699635
0.14682394516054217
0.14721008801187838
0.14896386994039293
0.15133930599489764
0.153066787171928
0.15388569693404966
0.1541762006890797
0.15446550895540587
0.15458744880319625
0.1553083284916041
0.1558570578066608
0.1567357420039738
0.15791927582076276
0.15869873445565813
0.15973522316187636
0.16041904270046553
0.16087332840791987
0.16134793742333928
0.1618261329048702
0.16205327575859735
0.1621788020724992
0.16394932084286737
0.16500135090223533
0.16629486967977639
0.16724050124450374
0.16953344857844438
0.1712286515604714
0.171930403429618
0.17281865153656162
0.17309959138196104
0.17420183196688974
0.1764158770463778
0.17760897477279738
0.17785046349097047
0.1788439146038509
0.17988279428747678
0.18060726044199607
0.1810735010364887
0.18137356870114935
0.181438125091156
0.18273403484610473
0.18388887693400185
0.18482135812298708
0.18646754606815721
0.1881173204794388
0.18852139566133239
0.1891275084341728
0.19004205729260065
0.19105224524733466
0.19155793696905357
0.1925729068786029
0.19357472641241014
0.19474271887604935
0.19536317751333568
0.19548511736112606
0.19575768878559865
0.19610557599841238
0.19684199703996996
0.19838537295661093
0.19959640301358791
0.20070940299685108
0.2022731022214571
0.2049103503021
0.20523791420694865
0.20565872623069584
0.20610583900592724
0.20647644050411368
0.2067944404993317
0.2070395156836163
0.2074125081592104
0.207685079583683
0.20802579386427378
0.20850757581191615
0.20907304196882642
0.20957873369054536
0.21024581638728096
0.21123209456793843
0.21197090658690365
0.21296674867719176
0.2141670193358343
0.21500744789462484
0.21549042533097104
0.21604274111213922
0.21730876364949228
0.2189202824222514
0.2199388387979122
0.2207601395374415
0.2214618914065881
0.2218564026788511
0.22286061319006598
0.2240824026453774
0.2249563048878751
0.22635383118264915
0.22723610184607365
0.22781950033354134
0.22856548528472956
0.22921224467350007
0.23010288375785137
0.2316223499004158
0.23327810175521652
0.2336020791939537
0.2339057333247258
0.2343528460999572
0.2346158536147992
0.23475931225925847
0.23512752278003726
0.23650472576684622
0.23746231221861186
0.23807201145756374
0.23906426708174033
0.24026692871779054
0.2405108084133713
0.2408670640471118
0.24143970313624508
0.24187844749054965
0.24271528958322872
0.24423116925968166
0.2446938233880628
0.2448468459421527
0.2450189963155038
0.2454386128505472
0.2462467632143344
0.24708958275053258
0.247889364693393
0.2489031391142385
0.24931199625094744
0.2515057180224704
0.25311006386300655
0.2544992217368538
0.255674387132716
0.25719743974139186
0.25973665774832094
0.2603905900693144
0.26081140209306164
0.2613541539645992
0.261874191550764
0.26244802612860113
0.2628030862736378
0.2635777629537179
0.2648401990249594
0.2652598155600028
0.26616719148620765
0.26669081553848395
0.2672503042518751
0.2675814546228353
0.26817800348604504
0.26907222903650785
0.27023783052273936
0.27060125908870286
0.2706789658544516
0.2709993568270773
0.27161264253214074
0.2723287402657332
0.27337001092676677
0.2737190936282843
0.2742486951240798
0.27438737181372375
0.27447703346651076
0.2745666951192978
0.27495044699322635
0.2754334244295726
0.27766061988480273
0.27830259731875795
0.2786875446813903
0.27978978526631904
0.2812375220866538
0.2824891987595609
0.2838640107689622
0.2857170182598945
0.28715280019319095
0.2885539129540765
0.2903244317244446
0.2914374317077078
0.29280028883007087
0.29381764971702784
0.29491271736973357
0.2954925293910898
0.2959994166015125
0.29648478501526637
0.29696178500809345
0.29756670229223003
0.2980448977737609
0.2984920105489923
0.29936591279149005
0.29968989023022724
0.2997867248152372
0.3002816571386217
0.30077778495071
0.30104676990907114
0.3016122360659814
0.30283283003258904
0.3038896420467723
0.3048902660918757
0.30519870217746314
0.3056195142012103
0.30623997283849663
0.30686043147578296
0.3073481908669445
0.30761358935919414
0.3082400254399996
0.3094642058727187
0.310057168269817
0.31066925848617655
0.31118690509493374
0.3117117246359139
0.31234174718283086
0.31293351409122533
0.3132574915299625
0.3134702885192438
0.3139018599413254
0.31421029602691286
0.31441233361785964
0.31446971707564336
0.31561140878779836
0.3170615365855408
0.3181805140123231
0.31879260422868266
0.3194800102333833
0.31998092000028694
0.3202212132297562
0.3205296493153436
0.32099230344372476
0.3213473635887614
0.32170720568861344
0.3222738673342276
0.32284770191206463
0.3233462207015606
0.3239069049036556
0.3243301079048104
0.3247867845896724
0.32573122066569593
0.32671032591413046
0.3270546266608327
0.32808991987834707
0.3293738747462575
0.3301186642087419
0.33046774691025943
0.33099973938346255
0.3311599348697754
0.33132491231090355
0.33146837095536286
0.33192504764022485
0.33250127319546957
0.3330344611573765
0.33353178445816867
0.33398965663173447
0.33429450625121043
0.33485758143071304
0.33541467916669654
0.3364129122343923
0.3380220400297438
0.33831254378477377
0.3389031152044644
0.3392007918917174
0.33977343098085067
0.3402313031544165
0.34049191969185083
0.34134549862638347
0.34335152867140556
0.34416565647871195
0.34431987452150564
0.344711994816361
0.3452045361623378
0.34592661133944946
0.34606050607427813
0.3467993180932433
0.348434746640079
0.3496290398552024
0.34986813759596785
0.350226784207116
0.3505818443521527
0.3508974533699631
0.35239181424974714
0.3536446864113581
0.3542412352745679
0.35482343827333174
0.3560237089319743
0.35673622019945533
0.3576208818402875
0.35798789687236243
0.3583800171672178
0.359326844220649
0.36146915997790735
0.3626108516900624
0.36391871633204936
0.36488228022733415
0.3664340245649019
0.36684407719031464
0.3669480847075476
0.36722782906424317
0.3676522275541018
0.3687341448310655
0.3695494681270757
0.37024524255270314
0.370425761346981
0.3706301899153355
0.37096253577499944
0.37138334779874665
0.37155430268339396
0.37213650568215784
0.3733152575441315
0.37399070866179385
0.3749459041361518
0.3760421672775614
0.3775735883071641
0.37878342287543726
0.379359648430682
0.38075000179323304
0.3814397987753414
0.38260181379546143
0.38368970851594425
0.3843890694076832
0.38495931751940876
0.3853191596192608
0.38571486638022756
0.3860244979545188
0.3863496708819598
0.38705261823981024
0.3875140768794876
0.38793488890323474
0.38836048288179725
0.38923916707911027
0.38944479113616853
0.3911902046437563
0.3924359038731443
0.3935764000965955
0.39464397150911323
0.3958418511903481
0.3969213774899041
0.39741511432458476
0.39821728724485284
0.39848985866932546
0.39972838496649044
0.4003560165359997
0.4015192270448237
0.4017786480935542
0.4021576180126674
0.4029430540910819
0.4033064826570454
0.4041026781337943
0.4051642721027929
0.4054535803691191
0.4060788209612207
0.40726952771023267
0.40751579838322105
0.4077883698076937
0.4078935728136305
0.4084960991203594
0.40969995624511346
0.4098123321832732
0.41033715172425334
0.41078904645430003
0.4112564825374965
0.4120156178644268
0.41274008401894613
0.4144436554218999
0.41626797118394027
0.4163660012576541
0.4170151516238323
0.4175423621422201
0.41806957266060796
0.41835648994952646
0.41898292603033194
0.41915148993757156
0.4194838357972355
0.4199201891741325
0.4203027455593572
0.42109057261517935
0.4214468282489199
0.422366159062163
0.42323647483854926
0.4236178357350701
0.42401712896214844
0.42424905377069094
0.42455031692405537
0.4248216928598242
0.4254553018728526
0.4260829334423619
0.42739797101657184
0.42802082063126584
0.42897482061692
0.4293525950473294
0.42943747474530114
0.4299180612042397
0.43042136194855096
0.43098802359416505
0.4316359784716394
0.43261508372007396
0.4336814596438878
0.43549501600759377
0.43597321148912466
0.43625415133452405
0.43669409117753244
0.43681603102532285
0.43705632425479213
0.43729422650685373
0.4376743919146708
0.43787882048302523
0.43808564002878736
0.4388937903925746
0.43963379790024365
0.44041445202384283
0.4408340685588862
0.442939324166326
0.4432824294243244
0.44359803844213475
0.44364227152417635
0.4442316474551632
0.44444922639925977
0.44510435420895705
0.4458288203634764
0.44604639930757295
0.4467947752361688
0.4470099632028577
0.4482688128079878
0.4493292112882825
0.4499078278209349
0.45009193308132434
0.4506633766817537
0.45232869244618507
0.4524255270311951
0.45256779018695054
0.45280210597290066
0.4536066698705764
0.45398324881228197
0.45444351196325544
0.45470293301198594
0.4548105269953304
0.454965940526828
0.45511896308091787
0.45538197059575986
0.45581234652913766
0.4561064367502791
0.4564483465195737
0.4566001735849598
0.45665994802015114
0.4570998878631596
0.4585595795705326
0.4588799705431583
0.46158177501380787
0.46196672237644026
0.46297571484247046
0.46371811332754714
0.464307489258534
0.46521366969603506
0.46589031630240124
0.4675281358266446
0.4685873388182355
0.46878220347695937
0.4691217222688463
0.4694277673770261
0.4702670004471128
0.4707547598382743
0.4711480756218335
0.47161312072762224
0.4719359026776556
0.4725240831199386
0.47395388760971596
0.47440936880587414
0.47554627856321385
0.4759694815643687
0.47621455674865326
0.47679197779260185
0.47719963944060695
0.47767066198991487
0.4789713536996789
0.48041311307649454
0.48075621833449295
0.4808673987839489
0.4809953160752584
0.4817556468908925
0.4821370077874134
0.4825506468789376
0.48317827844844696
0.48365647392997785
0.484270955123745
0.4850862784197552
0.4856529400653693
0.48649336862415987
0.48707557162292375
0.48735770695702696
0.487516706954636
0.4877856919129971
0.4885053761127011
0.4886799174634599
0.4889572708427478
0.4892035415157362
0.48944263925650167
0.4897510753420891
0.4903045866119611
0.4911725114109397
0.4919161053847202
0.49426524068774075
0.49495145120373757
0.4950542632322667
0.4958504587090157
0.49667175944854497
0.4975253383830776
0.49828566919871176
0.49941062406901315
0.49986251879905985
0.5004985187894959
0.5012397217858688
0.5021160150057742
0.5029181879260423
0.5033437819046048
0.5040574886607897
0.5044041803848995
0.5046767518093721
0.5052123307486868
0.5074622404892896
0.5082644134095577
0.5085549171645877
0.5091897216663199
0.5094240374522702
0.5096822630122968
0.510227405861242
0.511065443442625
0.5124259095875803
0.5129411652189299
0.5131922178467335
0.5140039546766323
0.5150392478941467
0.5160255260748041
0.5165551275705996
0.5169448568880473
0.5176633455990475
0.5181331726596515
0.5184475861887581
0.5186340824265552
0.5196717666214772
0.520102142554855
0.5205133906689716
0.5206998869067686
0.5209365936701265
0.5210621199840283
0.5213323004310932
0.5223090147021201
0.5226724432680836
0.5237746838530123
0.5242433154249125
0.5244023154225216
0.5245935936151339
0.5247980221834884
0.5251112402238911
0.5257101800645085
0.5260210071275037
0.5260867590062142
0.5262732552440113
0.5267550371916536
0.5269403379407468
0.5272750747778184
0.5275440597361796
0.5276624131178584
0.5281693003282812
0.5284741499477571
0.528786172499456
0.530039044661067
0.5313791874980573
0.5320259468868279
0.5323822025205683
0.5327229168011591
0.5338203754312726
0.5344838716618967
0.5349931498497271
0.5354725408199618
0.5359650821659386
0.53641219494117
0.537449879136092
0.5383608415284084
0.538799585882713
0.539491773842229
0.5401732024034105
0.5406968264556868
0.5408916911144107
0.5415145407291047
0.5424027888360483
0.5429706459703663
0.5432456083722464
0.5433029918300302
0.5433854805505943
0.543768036935819
0.5446897587264697
0.5454512850308078
0.5459294805123387
0.5463706158440509
0.5466910068166766
0.5467268714777914
0.5472875556798864
0.5477358639438216
0.5478817135656885
0.548252315063875
0.5486109616750231
0.5488895105430148
0.5494203075275141
0.549960668421644
0.5506767661552366
0.5515422999768075
0.5520766834274183
0.5522978488376263
0.5525178187591305
0.5529206984523203
0.5531657736366049
0.5536619014486932
0.5541735706139312
0.5547282773725071
0.5550319315032792
0.5552817886423791
0.555386991648316
0.5554670893914724
0.5555794653296321
0.5557336833724258
0.5562082923878452
0.55701883372904
0.5574133450013031
0.5574599690607523
0.557926209655245
0.5586542622758758
0.5594361118881788
0.5604128261592056
0.5618366532054638
0.5630907208557786
0.5634182847606273
0.5636645554336157
0.5641594877570002
0.5646496381255693
0.564977202030418
0.5655366907438092
0.5665540516307661
0.5667620666652321
0.5670764801943387
0.5673287283108462
0.5675439162775351
0.5680519989766617
0.568928292196567
0.5691996681323358
0.5693443222654989
0.5698201267696221
0.5704083072119052
0.5713658936636707
0.5724143372569273
0.5726390891332468
0.5730132770975447
0.5733312770927628
0.5735620064126014
0.5738357733257778
0.5740055327217213
0.5743809161747231
0.574796946243655
0.5751567883435069
0.5753839311972341
0.5755835778107733
0.5758501717917267
0.5759756981056287
0.5766152845621761
0.5778310965739685
0.5780988860436258
0.578505352202927
0.579398382264686
0.5794760890304348
0.5796291115845247
0.5798849461671437
0.5800164499245647
0.5802686980410722
0.5803798784905282
0.5805066002931338
0.5807624348757529
0.5808520965285399
0.5808712243478011
0.5811019536676398
0.5813924574226698
0.5818084874916017
0.5822819010183172
0.5830219085259863
0.5834905400978866
0.5852216077410285
0.5857009987112631
0.5862042994555744
0.5867685701237809
0.5874655400381121
0.5880680663448411
0.5885223520522954
0.5892121490344038
0.5904781715717569
0.5914010888511114
0.5915086828344559
0.5916724647868802
0.5922773820710168
0.593169216644072
0.5933270211529771
0.5936677354335679
0.5942917805369657
0.5947986677473884
0.5955924722467297
0.5960622993073339
0.5966480887722092
0.5978268406341829
0.5988322466341015
0.5991944797113612
0.5995614947434361
0.599666697749373
0.6001460887196077
0.6011024796826695
0.6015639383223468
0.6019895323009092
0.6022429759061206
0.6027223668763554
0.6030248255184236
0.603312938296046
0.6035890961866301
0.6036691939297866
0.6039262240011094
0.6041031563292758
0.604357795423191
0.6048587051900947
0.6049376074445473
0.6050906299986372
0.6053632014231097
0.6061414645693013
0.6067093217036192
0.60685636681419
0.6071552389901468
0.6075927878557476
0.6085659156606629
0.6092282164025832
0.6094290585048262
0.6101822163882373
0.6107022539744021
0.6113872690016952
0.6118953517008218
0.6122994268827154
0.61293184040704
0.6141177652012366
0.6155487651797178
0.616267253890718
0.6168781486183738
0.6172583140261908
0.6177389004851294
0.6180270132627517
0.6184107651366803
0.6186116072389232
0.6187562613720863
0.6193683515884458
0.6198393741377538
0.620404840294664
0.6209332463017557
0.6214305696025478
0.6216254342612717
0.62177487034925
0.6220079906464964
0.6224359756024666
0.6227193064252736
0.6228424417617678
0.6233218327320025
0.6241861710648696
0.6252226597710878
0.6258813740468966
0.6263619605058351
0.6265663890741896
0.6271210958327654
0.6273446522203812
0.6281085695021268
0.6284911258873515
0.6286166522012534
0.6289884491881437
0.6293542687315148
0.6296627048171022
0.6309191634448246
0.6317273138086118
0.6323788551521977
0.6334990280676838
0.6337907273114176
0.6348284115063397
0.6349658927072798
0.6359342385573798
0.6359987949473865
0.6364482987000256
0.6374740280079093
0.6376820430423753
0.63796776484259
0.6392469377556852
0.63957330617183
0.639739479101662
0.6399630354892777
0.6401220354868867
0.6405966445023061
0.6408632384832595
0.6414920655414726
0.6416307422311167
0.6421794715461734
0.6426636444712234
0.6431035843142319
0.6439093437006114
0.6446648925614302
0.6458472308895153
0.6465119226088433
0.6468000353864657
0.6472316068085473
0.6475352609393193
0.6479835692032546
0.6486889075385127
0.6491647120426359
0.6494982533910038
0.6499023285728973
0.6504976819474033
0.6507893811911372
0.6508395917166979
0.6511205315620973
0.6513010503563752
0.6516035089984434
0.6518390202730975
0.6526292383063272
0.6538127721231162
0.6544870277520748
0.6550740127056539
0.6557482683346125
0.6558534713405493
0.6558953134451833
0.6559706292335243
0.6563950277233831
0.6569473435045512
0.6574111931216362
0.657724411162039
0.657889388603167
0.6581308773213402
0.6585325615258262
0.6591542156518163
0.6593514712879478
0.6594662382035152
0.6595690502320444
0.6597615239133605
0.6602468923271144
0.6604321930762076
0.6606258622462277
0.660775298334206
0.6614101028359383
0.6617316892972678
0.6619289449333994
0.6620987043293428
0.6621967344030566
0.6624657193614177
0.6630335764957357
0.663536877240047
0.6639959449023166
0.6649308170687095
0.6657413584099043
0.6662602005073655
0.6666116741862906
0.6667599147855652
0.6672058320720927
0.6677354335678882
0.6680797343145904
0.6683104636344291
0.6684814185190764
0.668649982426316
0.6691568696367388
0.669592027524932
0.6700606590968322
0.6708425087091352
0.6711258395319423
0.6713458094534465
0.6716315312536612
0.6721288545544534
0.672379907182257
0.6725221703380124
0.6727995237173003
0.6728198470252654
0.6731976214556749
0.6734809522784819
0.673943606406863
0.6741504259526252
0.674290298130973
0.674968140226043
0.6751630048847669
0.6757260800642695
0.6765820499762097
0.6773734634981434
0.6779735988274647
0.678407561226954
0.6785139597215946
0.6786681777643883
0.678968245429049
0.6793926439189076
0.6798792078213654
0.6801135236073155
0.680787779236274
0.6810483957737083
0.6812946664466968
0.6816772228319214
0.6823502829721761
0.6828727115357487
0.6834943656617388
0.6837238994928737
0.6843670724155327
0.684905042332255
0.6852935761609988
0.685645049839924
0.6858709972049474
0.6861495460729392
0.6862786588529525
0.6864304859183386
0.6866385009528045
0.6872446137256449
0.6883277264913124
0.6889983956541594
0.689429967076241
0.6901030272164959
0.6905740497658037
0.6911801625386442
0.691707373057032
0.6921508993661519
0.6927390798084349
0.693216079801262
0.6934539820533235
0.6936356963363053
0.6942310497108113
0.6945693730139944
0.6948156436869828
0.6953787188664854
0.6958891925430196
0.6961103579532277
0.6964175985501113
0.6967296211018102
0.6968539519270083
0.6972771549281631
0.6976202601861615
0.6978617489043346
0.6981211699530652
0.6982706060410435
0.6986579443810835
0.6991134255772418
0.6994385985046827
0.6996549819600755
0.6997709443643467
0.7000530796984499
0.7002933729279192
0.700453568414232
0.7007895007400075
0.7011302150205982
0.7013669217839561
0.7014757112560044
0.7017518691465884
0.7024584029705503
0.7027979217624373
0.7030537563450563
0.7035941172391862
0.7048266660928321
0.7057854480333016
0.706170395395934
0.7063891698287343
0.7065445833602318
0.7067239066658059
0.7072331848536363
0.708017425443347
0.7084298690461673
0.7084764931056167
0.7086450570128563
0.709020440465858
0.7093013803112574
0.7094878765490545
0.7096911096287051
0.709844132182795
0.7101238765394906
0.7104036208961861
0.7105327336761995
0.7106092449532444
0.7107909592362261
0.7109081171292012
0.7110993953218137
0.711477169752223
0.7121466434263662
0.7123080344013829
0.7126128840208589
0.7129535983014497
0.7132393201016644
0.7137689215974599
0.7143463426414084
0.7154007636781841
0.7159877486317632
0.7164492072714405
0.7167935080181428
0.7170971621489148
0.7175048237969199
0.7182364628836622
0.718487515511466
0.7188413801677987
0.7191916583580201
0.7194785756469387
0.719711695944185
0.7198372222580869
0.7200822974423715
0.7204218162342584
0.720964568105796
0.721406898926212
0.721532425240114
0.7217488086955066
0.7220691996681323
0.7224672974065068
0.7228641996561774
0.723074605668051
0.7234356432566069
0.7238492823481311
0.724112289862973
0.7242258612898367
0.7243047635442893
0.7245940718106154
0.7255361169092314
0.7265618462171151
0.7269396206475245
0.7275600792848108
0.7277358161242734
0.727918725895959
0.7280872898031987
0.7283263875439641
0.7286252597199209
0.7294142822644469
0.7297585830111492
0.730229605560457
0.7303360040550977
0.7305117408945603
0.7307520341240296
0.7308524551751511
0.7311489363737002
0.7314131393772461
0.7315601844878168
0.731676146892088
0.7318351468896971
0.7321662972606572
0.7326624250727455
0.7331095378479768
0.7343480641451419
0.7347724626350005
0.735177733305598
0.7355913723971222
0.7358603573554834
0.7363648535884985
0.7367127408013122
0.737932139279216
0.7381246129605321
0.7385537934052061
0.7387510490413376
0.7393834625656622
0.7397971016571865
0.7400134851125791
0.7404534249555876
0.7410141091576826
0.7417756354620205
0.7419226805725913
0.7424128309411604
0.7429304775499176
0.7433321617544035
0.7437171091170359
0.7438151391907498
0.7440685827959611
0.7442048685081974
0.7445551466984188
0.7447249060943623
0.7449520489480895
0.745079966239399
0.7451397406745903
0.7455211015711113
0.7455808760063026
0.7456669511929782
0.7457338985603925
0.7458355151002178
0.7462730639658186
0.7468887406482896
0.7470310038040451
0.7473454173331516
0.7481463947647159
0.7486544774638424
0.7492964548977977
0.7498093195517396
0.7500197255636132
0.7509223195350028
0.7520257556086353
0.7533372067167338
0.7536097781412063
0.7544131465501782
0.7548100487998489
0.7553504096939788
0.7556851465310505
0.7563773344905664
0.7565351389994716
0.7569607329780341
0.7575823871040243
0.7578728908590543
0.7582016502526068
0.7585363870896784
0.7587109284404372
0.7587300562596984
0.7587659209208132
0.7588472141526734
0.7592991088827201
0.7599004397007453
0.7609488832940018
0.761804853205942
0.7619375524520668
0.7620965524496759
0.7628054772510454
0.7632394396505348
0.7633362742355447
0.7633936576933285
0.7635084246088959
0.7636674246065049
0.7637893644542952
0.7638778306183784
0.7640272667063569
0.7641085599382171
0.7642101764780425
0.7642807103115683
0.7645999057954901
0.764960943384046
0.7652956802211176
0.7655443418715137
0.7659806952484106
0.7664708456169798
0.7666465824564423
0.7669861012483293
0.7674822290604176
0.767755995973594
0.7680333493528819
0.7681875673956757
0.7687088004705444
0.7690805974574346
0.769292198958012
0.7694225072267292
0.7696568230126793
0.7699365673693749
0.7702067478164398
0.7704829057070239
0.7706717929222286
0.7708176425440956
0.7710244620898578
0.771112928253941
0.7712743192289576
0.771582755314545
0.7718828229792056
0.7721673492907165
0.7723753643251825
0.7723980786105552
0.7724435071813006
0.7725522966533489
0.7728129131907833
0.7735732440064174
0.7739103718208966
0.7739737327221995
0.7742486951240798
0.7748583943630316
0.7751728078921383
0.7752648605223329
0.7754716800680951
0.7755458003677324
0.7760993116376044
0.7762116875757641
0.7765033868194979
0.7765284920822784
0.7766121762915462
0.7770126650073284
0.7773067552284698
0.777727567252217
0.7779606875494633
0.7781089281487379
0.7783695446861723
0.7785118078419277
0.7786743943056482
0.7788680634756682
0.7788895822723371
0.7789625070832705
0.7794430935422091
0.7795208003079579
0.7799320484220744
0.7805022965338001
0.7807354168310464
0.7808681160771712
0.7809996198345922
0.781181334117574
0.781437168700193
0.7817659280937455
0.7820408904956258
0.7822692288380567
0.782343349137694
0.782385191242328
0.782425837858258
0.783112048374255
0.7833714694229854
0.7834910182933681
0.7839728002410106
0.7844103491066113
0.784889740076846
0.7851551385690957
0.7855938829234003
0.7856668077343337
0.7857660332967514
0.7859776347973289
0.7860995746451191
0.7861641310351258
0.7862382513347631
0.7863996423097798
0.7865777701266501
0.7868336047092691
0.7869280483168715
0.7873560332728416
0.7875795896604573
0.7876596874036137
0.7878880257460448
0.7881032137127336
0.7887248678387238
0.7889854843761581
0.7896979956436392
0.7901738001477624
0.7903591008968556
0.7905252738266876
0.790992709909884
0.7915127474960489
0.7917458677932953
0.7922431910940874
0.7924834843235566
0.7926879128919111
0.7929808076243487
0.7931732813056649
0.793684950470903
0.7940184918192708
0.7942002061022525
0.7943257324161545
0.79470231135786
0.7952809278905124
0.7955511083375774
0.7956132737501763
0.7957053263803711
0.7957985744992696
0.795836830137792
0.796072341412446
0.7963616496787722
0.7966521534338022
0.7970980707203298
0.7972630481614579
0.7973694466560985
0.7977520030413232
0.7983198601756412
0.7984884240828808
0.79878490528143
0.799283424070926
0.7995273037665067
0.80009994285564
0.8005303187890178
0.8007646345749679
0.8009774315642492
0.8012559804322409
0.8014855142633758
0.8016086495998699
0.8018979578661961
0.8023725668816155
0.8028077247698087
0.8031089879231731
0.8032679879207821
0.8033349352881964
0.803510672127659
0.8035824014498887
0.8037270555830518
0.8039661533238173
0.8040964615925345
0.8041765593356909
0.8042327473047707
0.804361860084784
0.8046750781251868
0.8049679728576244
0.8051449051857908
0.8053074916495114
0.8055346345032386
0.8058729578064217
0.8059100179562403
0.8060498901345882
0.806202912688678
0.8062662735899808
0.8063810405055483
0.8065663412546414
0.8066715442605783
0.8068078299728146
0.8069058600465284
0.8072250555304503
0.8078000855969912
0.8080726570214638
0.8082914314542642
0.8087206118989382
0.8089250404672926
0.8090971908406438
0.8091808750499117
0.8094952885790182
0.8097296043649683
0.809843175791832
0.8100009803007371
0.8101671532305691
0.8102735517252098
0.8110314915634362
0.8117045517036909
0.8118874614753765
0.8123297922957926
0.8124768374063633
0.8125916043219308
0.8126585516893451
0.8129598148427095
0.8130805592017961
0.813109250930688
0.8134105140840524
0.8136842809972289
0.8138600178366915
0.8140297772326349
0.8143991832421176
0.8146681682004787
0.8148403185738298
0.8152085290946086
0.8155074012705654
0.8156652057794705
0.8157548674322577
0.8158827847235671
0.8161912208091546
0.8164422734369583
0.8165833411040099
0.816811679446441
0.8172157546283345
0.817447679436877
0.8182809350634446
0.8184004839338274
0.818928889940919
0.81900420572926
0.819392739558004
0.8196079275246928
0.8197047621097028
0.820174589170307
0.8204806342784867
0.8206133335246115
0.8209432884068678
0.8211405440429993
0.8214489801285868
0.8218207771154771
0.821931957564933
0.8220933485399496
0.8222523485375587
0.8223169049275654
0.8228058598074307
0.8228787846183642
0.8232888372437769
0.8236331379904791
0.8238949500166173
0.8241986041473894
0.8246289800807672
0.8247365740641117
0.8248083033863413
0.8249326342115393
0.8250952206752599
0.8254036567608473
0.8258627244231169
0.8262213710342651
0.8266816341852385
0.8269219274147078
0.8271132056073203
0.8272064537262187
0.8274575063540225
0.8277384461994218
0.82780658905554
0.8278926642422155
0.8280110176238945
0.8282620702516982
0.8284174837831957
0.8286207168628463
0.828768957462121
0.8290582657284471
0.8292232431695753
0.8295579800066469
0.8298532657164922
0.8299764010529864
0.8301856115761562
0.8303481980398767
0.8306673935237986
0.8309088822419717
0.8312639423870084
0.831350017573684
0.8314026190766524
0.8318222356116957
0.8320780701943147
0.8321354536520984
0.8324140025200902
0.8326722280801169
0.8328407919873565
0.8330093558945961
0.8334540776924199
0.8338724987387595
0.8341701754260124
0.8345216491049376
0.8347320551168113
0.8348241077470059
0.8349448521060925
0.8349890851881341
0.8350691829312905
0.8352066641322307
0.835321431047798
0.8356370400656085
0.8357972355519213
0.8359598220156418
0.8360470926910212
0.8363686791523507
0.8366532054638616
0.8369568595946337
0.8372007392902144
0.8373167016944857
0.8375067843983942
0.8376550249976688
0.8377972881534242
0.8379455287526988
0.8380830099536389
0.8387787843792665
0.8397495212067742
0.8399479723316094
0.8403197693184997
0.84059473172038
0.8407931828452153
0.84107890464543
0.8413215888523069
0.8415571001269609
0.8420568144051607
0.8422636339509229
0.8424465437226084
0.8425935888331791
0.8428554008593173
0.8433049046119563
0.8437520173871877
0.8442983557248368
0.8445673406831978
0.8447371000791414
0.8448841451897121
0.8449654384215723
0.8451041151112163
0.8454233105951382
0.8461011526902082
0.8462290699815177
0.8465661977959971
0.8470133105712284
0.847099385757904
0.8471878519219872
0.8474269496627527
0.8475967090586961
0.8477126714629674
0.8479804609326247
0.848226731605613
0.8484371376174866
0.8487647015223353
0.8488173030253037
0.8489583706923554
0.8495871977505685
0.8501789646589629
0.8512321902070348
0.8512907691535223
0.8514593330607619
0.8517115811772694
0.8519172052343278
0.8523344307919635
0.8526165661260666
0.8529429345422115
0.8530720473222249
0.8532537616052066
0.8533996112270735
0.8536124082163548
0.8539196488132383
0.8541730924184497
0.8544062127156961
0.8545628217358974
0.8546955209820223
0.8547768142138825
0.8551103555622503
0.8553111976644933
0.8554259645800607
0.8554594382637678
0.8555622502922969
0.8556853856287912
0.8559256788582604
0.8559950172030825
0.8561874908843986
0.8562771525371857
0.8564576713314636
0.8567780623040893
0.8569836863611475
0.857084107412269
0.8571414908700528
0.857347114927111
0.8576734833432559
0.8578970397308716
0.858108641231449
0.8585868367129799
0.859118829186183
0.8593160848223145
0.8594356336926973
0.8596424532384593
0.8597930848151416
0.8600034908270152
0.8602700848079686
0.8605354833002183
0.8607769720183914
0.8610686712621253
0.8612623404321452
0.8615145885486528
0.8616771750123733
0.8618027013262751
0.8622342727483568
0.8625391223678327
0.8630866561941857
0.86344410731663
0.8637752576875901
0.8639497990383489
0.8641183629455885
0.8646706787267567
0.8647746862439897
0.8648619569193691
0.8652923328527469
0.8653509117992344
0.8657788967552046
0.8659283328431829
0.8659773478800399
0.8661411298324642
0.8665200997515774
0.866648017042887
0.8667783253116041
0.8671656636516442
0.8672075057562781
0.8673796561296292
0.8674812726694545
0.8675840846979836
0.867755039582631
0.8678733929643099
0.8680335884506227
0.8682129117561969
0.8684197313019589
0.8685153703982651
0.8685584079916029
0.8686863252829125
0.8690509493375798
0.8691776711401854
0.8695805508333752
0.8697168365456115
0.8698626861674784
0.8700898290212056
0.8704891222482839
0.8706218214944087
0.8709637312637033
0.8710223102101908
0.8710796936679746
0.8712195658463223
0.8713976936631925
0.8715291974206135
0.8716523327571077
0.8717766635823058
0.872107813953266
0.8725393853753476
0.8726971898842528
0.8730307312326205
0.8734383928806256
0.8734742575417405
0.8737288966356557
0.8739500620458637
0.874155686102922
0.8743134906118272
0.8743816334679454
0.8745418289542582
0.8749470996248556
0.8750893627806111
0.8752579266878507
0.8754276860837942
0.8755257161575081
0.8755579943525114
0.8755998364571453
0.8756452650278908
0.8757146033727128
0.8757970920932768
0.8759501146473667
0.8760421672775613
0.876190407876836
0.8763517988518527
0.8764486334368626
0.8765107988494617
0.8766530620052171
0.8766925131324435
0.8770152950824768
0.8771097386900791
0.8771288665093403
0.8771599492156399
0.8773034078600991
0.87739426500159
0.8775042499623421
0.8776632499599512
0.8778676785283056
0.878134272509259
0.8784570544592925
0.8786459416744972
0.8787427762595071
0.8791480469301045
0.8796585206066387
0.8798641446636971
0.879982498045376
0.880168994283173
0.8803746183402313
0.880501340142837
0.8806818589371149
0.8808922649489885
0.880965189759922
0.8812078739667989
0.8813632874982964
0.8814505581736758
0.8815689115553547
0.8817972498977857
0.8821774153056028
0.8822467536504247
0.8823089190630238
0.8824021671819223
0.8826173551486112
0.8828791671747493
0.8834864754362936
0.8838415355813303
0.8839790167822704
0.8841535581330292
0.8842695205373005
0.8844093927156482
0.8849258438357016
0.8849939866918197
0.8850394152625651
0.8851171220283139
0.8857973551007916
0.8860950317880446
0.8862719641162111
0.8863568438141828
0.8866174603516171
0.8868087385442295
0.886951001699985
0.887026317488326
0.8871972723729733
0.8873634453028053
0.8874375656024426
0.8875654828937521
0.8878440317617439
0.8880950843895477
0.8886474001707158
0.8888769340018506
0.889019197157606
0.8891184227200237
0.8891961294857725
0.8893120918900437
0.8895117385035829
0.8898488663180621
0.8900281896236363
0.8900843775927161
0.8901704527793917
0.8906354978851805
0.8909379565272487
0.8911196708102305
0.891282257273951
0.8914795129100825
0.8918608738066034
0.8921513775616334
0.8922828813190544
0.8924430768053673
0.8925841444724189
0.8927825955972541
0.893178302358221
0.8933492572428683
0.8934974978421429
0.8936361745317869
0.8938023474616188
0.8939996030977503
0.894403678279644
0.8945913700061449
0.8947288512070849
0.8947706933117189
0.8948400316565409
0.8952273699965809
0.8956517684864396
0.8958370692355327
0.8960283474281452
0.8961909338918657
0.8963487384007709
0.8965459940369024
0.8967049940345113
0.8967552045600721
0.8968400842580438
0.8970182120749141
0.8972788286123484
0.8974760842484799
0.8975777007883052
0.8977295278536913
0.8979542797300109
0.8980272045409443
0.8981646857418845
0.8983033624315284
0.8985580015254436
0.8986225579154502
0.8986608135539728
0.8987253699439794
0.8988497007691775
0.8990003323458596
0.8990780391116084
0.8991736782079146
0.8993087684314471
0.899516783465913
0.8996458962459264
0.8998132646644622
0.8998993398511378
0.8999961744361478
0.9000690992470812
0.9001503924789415
0.9002603774396936
0.9003619939795189
0.9005723999913925
0.9007875879580813
0.9008186706643809
0.9008784450995723
0.9010290766762545
0.9010685278034808
0.9011617759223793
0.9013434902053611
0.9014295653920366
0.9015562871946423
0.9016985503503977
0.9019005879413445
0.902278362371754
0.9024517082338089
0.9025090916915927
0.9026441819151251
0.9027314525905045
0.9028713247688522
0.9030028285262732
0.9031379187498058
0.9032108435607392
0.903316046566676
0.9034164676177975
0.9035180841576228
0.9036579563359706
0.9038420615963599
0.9039771518198925
0.9040345352776762
0.9040608360291603
0.9041385427949091
0.9042066856510272
0.9042628736201072
0.9044398059482736
0.904775738274049
0.9049526706022155
0.9049789713536996
0.9050243999244452
0.9051188435320474
0.9053172946568828
0.9053890239791125
0.9056113848780243
0.9057942946497098
0.9059042796104619
0.906014264571214
0.9061278359980777
0.9062234750943838
0.9063621517840278
0.9065223472703406
0.9066335277197966
0.9068056780931477
0.9069025126781577
0.9069587006472376
0.9069993472631677
0.9071188961335505
0.907301805905236
0.9073448434985738
0.9076449111632344
0.9079401968730797
0.90802149010494
0.9080932194271696
0.9082187457410715
0.9083406855888618
0.9086084750585192
0.9090161367065243
0.9090615652772697
0.9091619863283912
0.9091954600120984
0.909411843467491
0.9095158509847241
0.9095983397052881
0.9098314600025345
0.910049038946631
0.9101661968396061
0.9102666178907276
0.910374211874072
0.9106264599905796
0.9108153472057843
0.9110532494578458
0.9112002945684167
0.9112851742663883
0.9113712494530639
0.9114752569702969
0.9115493772699341
0.9116366479453135
0.9116940314030972
0.9117239186206929
0.9117585877931039
0.9118028208751455
0.9120574599690607
0.9124149110915051
0.912609775750229
0.9126540088322705
0.9126910689820892
0.9127627983043188
0.9128703922876633
0.9131190539380594
0.9131788283732507
0.9133450013030827
0.9134848734814305
0.9136701742305237
0.9138626479118399
0.9140025200901877
0.9140670764801944
0.9141914073053924
0.9142715050485488
0.9143492118142975
0.9143910539189315
0.9145416854956138
0.9149589110532494
0.9152039862375341
0.9153868960092196
0.9156510990127654
0.9157192418688835
0.9159750764515026
0.9161065802089237
0.9161723320876342
0.9163098132885742
0.9164915275715559
0.916595535088789
0.9166541140352765
0.9167593170412133
0.916816700498997
0.9169015801969688
0.9170271065108706
0.91711437718625
0.9171741516214413
0.9172076253051485
0.9172673997403399
0.9173343471077542
0.917384557633315
0.9174646553764714
0.9175447531196278
0.9176391967272302
0.917757550108909
0.9179105726629989
0.9180384899543084
0.9181915125083983
0.9183588809269341
0.9184927756617628
0.9187916478377196
0.9189637982110707
0.9190403094881157
0.919196918508317
0.9194886177520508
0.9196870688768862
0.9197958583489345
0.9200230012026617
0.9202035199969395
0.9203553470623256
0.9204390312715935
0.9204605500682624
0.9205992267579064
0.9209865650979464
0.9211778432905587
0.9214551966698467
0.9216165876448633
0.9218234071906255
0.9219381741061928
0.9220947831263943
0.9221629259825124
0.9222956252286372
0.922656662817193
0.9228682643177705
0.9231133395020551
0.9232615801013296
0.923445685361719
0.923701519944338
0.9239179033997308
0.9241880838467957
0.9243482793331086
0.9244068582795961
0.9245574898562784
0.9248109334614897
0.9249424372189107
0.9250225349620671
0.9251050236826313
0.9252018582676412
0.9254158507456263
0.9255915875850889
0.9256489710428726
0.9258270988597429
0.925986098857352
0.9260219635184667
0.9261666176516298
0.9264093018585068
0.9265204823079627
0.9266436176444569
0.9267141514779826
0.9267595800487282
0.9268468507241076
0.926926948467264
0.9269568356848596
0.9270070462104204
0.927071602600427
0.927140940945249
0.9272521213947049
0.9273154822960078
0.9275569710141809
0.9275904446978881
0.9276765198845636
0.927888121385141
0.9280040837894122
0.9281188507049797
0.9281606928096137
0.9282156852899897
0.9283292567168533
0.9283543619796336
0.9284296777679748
0.9285958506978067
0.9286962717489282
0.9288206025741262
0.928912655204321
0.9289485198654358
0.9289592792637702
0.929106324374341
0.9294291063243744
0.9295964747429102
0.9296359258701364
0.929729173989035
0.9299300160912779
0.9299718581959119
0.9300495649616607
0.9301177078177788
0.9302097604479735
0.9302396476655692
0.9302527980413113
0.9302779033040917
0.9303161589426141
0.9303902792422515
0.9305146100674495
0.9305887303670868
0.9306401363813513
0.9306963243504313
0.9307835950258107
0.9309425950234196
0.9310501890067641
0.9311900611851118
0.931396880730874
0.9315857679460787
0.9316347829829356
0.9316742341101619
0.9318236701981403
0.931888226588147
0.9320926551565014
0.9322157904929956
0.9323209934989324
0.932531399510806
0.9326401889828543
0.9327310461243452
0.9328350536415781
0.9329797077747413
0.9331422942384617
0.933265429574956
0.9333156401005167
0.9334196476177496
0.9335726701718395
0.933618098742585
0.9336993919744452
0.9337926400933437
0.9338834972348347
0.933991091218179
0.9340460836985551
0.9340867303144853
0.9341799784333837
0.934427444595076
0.934538625044532
0.9346091588780577
0.934808805491597
0.9349415047377218
0.9349690009779098
0.9350036701503207
0.9350742039838466
0.9351734295462643
0.9352618957103475
0.9353240611229464
0.9353862265355455
0.9354471964594406
0.9355129483381511
0.9356994445759482
0.9358943092346721
0.9359791889326438
0.9360425498339466
0.9361513393059949
0.9362673017102662
0.9364227152417637
0.9365984520812263
0.9366857227566057
0.9367502791466124
0.936829181401065
0.9370730610966457
0.9372344520716623
0.9373838881596408
0.9375500610894728
0.9376289633439253
0.937700692666155
0.937770031010977
0.937811873115611
0.9378716475508023
0.9380091287517425
0.9382589858908423
0.9383833167160404
0.9384837377671619
0.9385482941571686
0.9385949182166178
0.9386702340049589
0.9387694595673766
0.9388674896410903
0.938966715203508
0.9390671362546296
0.9391591888848242
0.9392548279811304
0.9392954745970605
0.9393839407611437
0.9395632640667179
0.9397641061689608
0.9399003918811971
0.9399792941356497
0.9401478580428894
0.9402387151843802
0.940281752777718
0.9404347753318079
0.9405328054055218
0.9406164896147896
0.9407061512675766
0.9407826625446216
0.940862760287778
0.9409392715648229
0.9409715497598263
0.9410576249465019
0.9411580459976233
0.9412775948680061
0.9413971437383888
0.9415023467443256
0.9416434144113772
0.9418645798215852
0.9420427076384555
0.9421036775623507
0.9421933392151377
0.9422853918453324
0.9423953768060845
0.9426810986062992
0.9428114068750164
0.9429261737905839
0.9430074670224441
0.9431939632602412
0.94379648956697
0.9440881888107039
0.9441515497120068
0.9442962038451699
0.9444743316620401
0.9446022489533497
0.9448030910555926
0.9450481662398772
0.9452609632291584
0.9453864895430603
0.9454343090912134
0.9455311436762234
0.9457009030721669
0.9459208729936711
0.9459985797594198
0.9460428128414614
0.9463584218592719
0.9464887301279891
0.9465843692242952
0.9466106699757794
0.9466728353883784
0.9466919632076396
0.9467469556880157
0.9467923842587611
0.9468342263633951
0.9469059556856247
0.9469561662111855
0.9470613692171223
0.947215587259916
0.9473160083110375
0.9473793692123403
0.9475766248484718
0.9476555271029244
0.9477416022895999
0.9478228955214603
0.9478778880018363
0.9479484218353621
0.9480655797283372
0.9483417376189213
0.948454113557081
0.9485868128032058
0.9487625496426684
0.9488844894904588
0.948952632346577
0.9490685947508481
0.9490984819684439
0.9491140233215937
0.949173797756785
0.949263459409572
0.9493100834690213
0.9495085345938566
0.9496818804559116
0.9497189406057303
0.9497799105296254
0.9498432714309283
0.9499281511289
0.9500548729315057
0.950128993231143
0.9501672488696654
0.9503382037543128
0.9506143616448968
0.9509120383321498
0.9510877751716124
0.9512037375758836
0.9512742714094095
0.9513065496044127
0.9513615420847888
0.9514308804296108
0.9514619631359104
0.9515659706531433
0.9517560533570518
0.9519879781655943
0.9521505646293148
0.9521936022226526
0.9523717300395228
0.9525594217660237
0.9527148352975213
0.9528284067243848
0.9530125119847742
0.9530567450668158
0.9531368428099722
0.953194226267756
0.9532599781464665
0.9532862788979507
0.9533269255138809
0.953402241302222
0.9534345194972252
0.9535229856613084
0.9535947149835381
0.9536317751333567
0.953789579642262
0.9539318427980173
0.9539856397896896
0.9540836698634034
0.9541398578324833
0.9541960458015633
0.9542426698610125
0.9542582112141622
0.9542845119656465
0.9543143991832421
0.9543825420393602
0.9545534969240076
0.9546072939156798
0.9546670683508711
0.9547017375232821
0.9547256472973586
0.9547662939132888
0.9548117224840342
0.9548989931594136
0.954951594662382
0.9549946322557198
0.9551034217277681
0.9552385119513006
0.9552970908977881
0.9553162187170493
0.955331760070199
0.9554273991665053
0.9556019405172641
0.955747790139131
0.9558207149500645
0.9558852713400711
0.9559462412639663
0.956010797653973
0.9561470833662092
0.956286955544557
0.9563778126860479
0.9564399780986469
0.9565332262175454
0.9566862487716353
0.9568368803483176
0.9569121961366587
0.956965993128331
0.9570735871116753
0.9572325871092844
0.9573174668072562
0.9574370156776388
0.9576235119154359
0.9576892637941464
0.9578386998821248
0.9578709780771282
0.9579379254445425
0.9580514968714061
0.9581638728095658
0.9582583164171682
0.9584173164147772
0.9584663314516341
0.9585105645336757
0.9586755419748039
0.9587269479890684
0.9588931209189004
0.9589313765574229
0.9591298276822582
0.9591692788094845
0.9593211058748706
0.9597180081245412
0.9599080908284497
0.9600288351875363
0.9600910006001353
0.9601663163884765
0.9602894517249706
0.9605488727737012
0.9606433163813035
0.960750910364648
0.9607903614918742
0.9608931735204034
0.9609218652492952
0.960972075774856
0.9611262938176497
0.961165744944876
0.9611896547189526
0.9612219329139559
0.9612721434395166
0.9613689780245267
0.9614610306547213
0.9615387374204701
0.9615626471945466
0.9616248126071457
0.961649917869926
0.9617515344097514
0.9617909855369776
0.9618125043336465
0.9618878201219877
0.9619607449329212
0.9620205193681125
0.9620599704953388
0.962141263727199
0.9622046246285019
0.9622667900411009
0.962334932897219
0.9624592637224171
0.9625692486831692
0.9626601058246601
0.9627736772515236
0.9628489930398648
0.962944632136171
0.9630056020600661
0.9630402712324772
0.9630713539387766
0.9631036321337799
0.963172970478602
0.9632435043121278
0.9632961058150962
0.9633415343858416
0.9634048952871445
0.963498143406043
0.9635722637056803
0.9637288727258816
0.9637707148305156
0.9638711358816371
0.9639536246022011
0.9640253539244308
0.9640624140742494
0.9641174065546254
0.9641616396366671
0.9642501058007503
0.9642919479053842
0.9643242261003876
0.9643732411372445
0.9644282336176205
0.964543000533188
0.964667331358386
0.9647390606806157
0.9648083990254376
0.9649064290991515
0.9650223915034227
0.9650594516532414
0.9651407448851016
0.9652244290943695
0.9652531208232613
0.9653188727019718
0.9653786471371631
0.965407338866055
0.9654300531514278
0.9654683087899503
0.9655292787138454
0.9655591659314411
0.9655818802168138
0.9656392636745975
0.9657576170562764
0.9658257599123946
0.965905857655551
0.966176038102616
0.9663087373487408
0.9663374290776326
0.9663888350918972
0.9664438275722733
0.9666076095246976
0.9667701959884181
0.966833556889721
0.9668550756863898
0.9669112636554698
0.9669817974889955
0.9671037373367859
0.9671670982380888
0.9671969854556844
0.9672268726732801
0.9672627373343949
0.9672842561310638
0.9673153388373633
0.9673440305662552
0.9674671659027494
0.967504226052568
0.967518571917014
0.9675604140216479
0.9676345343212852
0.9677098501096263
0.9677995117624134
0.9678317899574167
0.9678676546185315
0.9679262335650191
0.9680386095031788
0.9681665267944883
0.9682274967183835
0.9682406470941256
0.9682824891987596
0.9683040079954285
0.9683338952130242
0.9683434591226547
0.9683853012272887
0.9684689854365566
0.9685550606232322
0.9685729929537896
0.9685992937052738
0.9686375493437962
0.9686913463354685
0.9687379703949177
0.9688240455815933
0.9688646921975235
0.9688993613699344
0.9690033688871674
0.969054774901432
0.9691073764044004
0.9691384591106998
0.969151609486442
0.9693715794079462
0.9694779779025868
0.9695150380524055
0.9695604666231509
0.9696345869227881
0.9696584966968647
0.9696836019596451
0.969732616996502
0.969787609476878
0.9698402109798464
0.9698653162426268
0.9699418275196717
0.9701641884185837
0.9703769854078649
0.9704642560832443
0.9705754365327002
0.9706172786373342
0.9706866169821561
0.9707786696123508
0.9708480079571729
0.9709041959262527
0.9710368951723776
0.9710918876527536
0.9711289478025722
0.9711815493055406
0.9712221959214707
0.9712592560712894
0.9713907598287104
0.9714899853911281
0.9715617147133577
0.9715916019309534
0.9716621357644791
0.9717075643352246
0.9717302786205974
0.9717912485444925
0.9718259177169035
0.9718713462876489
0.971953835008213
0.9720434966610001
0.9721008801187837
0.9721773913958287
0.9722216244778703
0.9722622710938005
0.972328022972511
0.9723985568060367
0.972459526729932
0.9726233086823562
0.9727201432673662
0.9727918725895959
0.9728958801068289
0.9729413086775743
0.9730369477738805
0.9730489026609187
0.9730799853672183
0.9732174665681584
0.973227030477789
0.9732437673196426
0.9732569176953847
0.9733752710770636
0.9733991808511402
0.9734290680687359
0.9734744966394813
0.9734960154361502
0.9735127522780037
0.9735545943826377
0.9735892635550487
0.9736406695693133
0.9736884891174663
0.9737076169367276
0.9737410906204347
0.973760218439696
0.9738104289652567
0.9738857447535978
0.9739323688130471
0.9739789928724963
0.9740327898641685
0.974105714675102
0.974147556779736
0.974167880087701
0.9742001582827043
0.9742216770793732
0.9742587372291919
0.9742957973790106
0.9743388349723483
0.9744129552719857
0.9744703387297693
0.9745552184277411
0.9746699853433085
0.9747118274479425
0.9747297597784998
0.9748803913551821
0.9749198424824084
0.9749999402255648
0.9750561281946447
0.975115902629836
0.975227083079292
0.9753597823254168
0.9754386845798694
0.9754649853313536
0.9756239853289627
0.9757267973574918
0.9758738424680625
0.9759109026178812
0.9760173011125218
0.9761141356975318
0.9761810830649461
0.9762312935905069
0.9762707447177331
0.9763257371981092
0.9763711657688546
0.9763890980994121
0.9764201808057116
0.9764500680233072
0.9764739777973838
0.976542120653502
0.9766030905773971
0.9766784063657382
0.9767680680185253
0.9767895868151942
0.9768194740327899
0.97686012064872
0.9768912033550194
0.9769497823015071
0.9769784740303988
0.9770549853074438
0.9771255191409697
0.9772151807937567
0.977282128161171
0.9773419025963623
0.9773873311671079
0.977545135676013
0.9775690454500895
0.9776575116141728
0.9777089176284374
0.9778057522134473
0.9779408424369798
0.9779790980755023
0.9780209401801362
0.9781177747651463
0.9781763537116338
0.9782528649886787
0.9783712183703576
0.9784369702490682
0.9784812033311098
0.9785158725035207
0.9785469552098203
0.9786127070885308
0.9786354213739035
0.9786688950576106
0.9787573612216938
0.9788015943037355
0.978818331145589
0.9788243085891082
0.9788589777615191
0.9788840830242995
0.9789283161063411
0.9789546168578253
0.979053842420243
0.9791183988102496
0.9791686093358104
0.979261857454709
0.9793001130932314
0.9793467371526806
0.979399338655649
0.9794615040682481
0.979503346172882
0.9795368198565891
0.9795834439160385
0.9796228950432647
0.9796360454190068
0.9796635416591949
0.9797053837638288
0.9797508123345743
0.9798165642132848
0.9798847070694029
0.9799444815045942
0.9799767596995976
0.9800066469171933
0.980091526615165
0.9802015115759172
0.9803091055592615
0.9803581205961185
0.980500383751874
0.9806043912691069
0.9806546017946677
0.9807717596876427
0.9808159927696843
0.9808566393856144
0.9808829401370986
0.9809534739706245
0.9810168348719273
0.9812081130645397
0.9812236544176894
0.9812631055449157
0.9813133160704764
0.9814173235877094
0.9814507972714166
0.9814794890003085
0.9816325115543983
0.9816444664414365
0.9816600077945864
0.9816779401251438
0.9817986844842304
0.9819780077898044
0.9820939701940756
0.9821214664342637
0.9821561356066747
0.9822087371096431
0.9822589476352038
0.9823091581607646
0.9823486092879908
0.9823844739491057
0.9824119701892937
0.9824490303391124
0.9825123912404151
0.982582925073941
0.9825996619157945
0.9826307446220941
0.9826761731928395
0.9827084513878428
0.9828052859728529
0.9828722333402672
0.9829451581512006
0.9829965641654652
0.9831304589002938
0.9832392483723421
0.9832775040108646
0.9833121731832756
0.9833611882201325
0.9833982483699512
0.9834293310762506
0.9834807370905152
0.983530947616076
0.9835440979918181
0.9835978949834903
0.9836457145316434
0.9836779927266467
0.9837545040036917
0.9837784137777682
0.9838178649049946
0.9838872032498165
0.9839087220464854
0.9839553461059346
0.9840784814424288
0.9840988047503939
0.9841370603889164
0.9841681430952159
0.9842255265529996
0.9843092107622675
0.9843558348217167
0.9843928949715354
0.9844335415874655
0.984464624293765
0.9844813611356187
0.9845028799322875
0.9845626543674789
0.9846080829382243
0.9846523160202659
0.984686985192677
0.9847300227860147
0.9847575190262027
0.9848232709049132
0.9848651130095472
0.9848926092497352
0.9849954212782643
0.985094646840682
0.9851735490951345
0.9851878949595805
0.985253646838291
0.9853038573638517
0.9853445039797819
0.9853755866860814
0.985405473903677
0.9854138423246038
0.9854329701438651
0.985454488940534
0.9854903536016488
0.9855023084886871
0.9855118723983177
0.9855345866836904
0.9855692558561014
0.9856122934494392
0.9856840227716688
0.9857557520938984
0.9858310678822396
0.9858561731450199
0.9859123611140999
0.9859697445718836
0.9859924588572563
0.9860522332924476
0.9861012483293046
0.9861502633661614
0.9862243836657988
0.9862602483269136
0.9862901355445093
0.9863355641152547
0.9863809926860001
0.986402511482669
0.9864264212567455
0.9864598949404527
0.9865148874208287
0.9865364062174976
0.9865579250141665
0.9865985716300967
0.9866380227573229
0.9866882332828837
0.9867181205004794
0.9867444212519636
0.9867599626051133
0.9867802859130784
0.986866361099754
0.986963195684764
0.9870337295182898
0.9870731806455161
0.9871186092162615
0.9872010979368256
0.9872572859059054
0.9872919550783165
0.9873445565812848
0.9874186768809221
0.987427045301849
0.9874390001888872
0.987474864850002
0.9875274663529704
0.987565721991493
0.9875920227429771
0.9876159325170536
0.9876362558250187
0.9877115716133599
0.9877617821389205
0.9877833009355894
0.987814383641889
0.987869376122265
0.9879291505574563
0.9879518648428292
0.9879984889022784
0.9880140302554281
0.9880331580746894
0.9880439174730238
0.9880534813826544
0.9880738046906195
0.9880905415324731
0.9881168422839572
0.988132383637107
0.9881515114563683
0.9881825941626677
0.9882208498011902
0.9882555189736012
0.9882901881460122
0.9883140979200887
0.9883427896489806
0.9883738723552801
0.988388218219726
0.9883930001745413
0.9883989776180605
0.9884085415276911
0.9884121279938026
0.988437233256583
0.9884671204741786
0.9884886392708475
0.9885340678415929
0.9885579776156695
0.9885794964123384
0.988596233254192
0.9887588197179125
0.9888018573112503
0.9888257670853268
0.9888963009188526
0.9889441204670057
0.9889632482862669
0.9889859625716396
0.9889991129473817
0.9890720377583152
0.9890959475323917
0.9891198573064683
0.9891389851257295
0.9891760452755481
0.98920473700444
0.9892166918914783
0.9892322332446281
0.9892836392588926
0.9892872257250042
0.9893195039200074
0.9893470001601955
0.9894354663242787
0.9894904588046548
0.9895119776013237
0.9895251279770657
0.9895406693302154
0.9895562106833653
0.989578924968738
0.9895980527879992
0.9896255490281872
0.9896554362457829
0.989682932485971
0.9896972783504169
0.989703255793936
0.9897893309806116
0.9898634512802489
0.9899148572945135
0.9899626768426665
0.9899877821054469
0.9899997369924851
0.9900200603004502
0.9900463610519344
0.9900965715774952
0.9901264587950909
0.9901623234562057
0.990180255786763
0.9901898196963936
0.990222097891397
0.9902376392445468
0.990256767063808
0.990284263303996
0.9903129550328879
0.9903344738295567
0.9903524061601142
0.9903703384906716
0.9904062031517864
0.9904552181886433
0.9905137971351309
0.9905556392397649
0.9905604211945801
0.990581939991249
0.9906142181862524
0.9906273685619944
0.9906441054038481
0.9906524738247748
0.9907038798390394
0.9907469174323772
0.9907684362290461
0.9907839775821958
0.990789955025715
0.9908329926190528
0.9908521204383139
0.9908963535203555
0.9909429775798049
0.9909740602861044
0.9909991655488847
0.991045789608334
0.9910696993824105
0.9910971956225986
0.9911043685548215
0.991135451261121
0.9911689249448282
0.9912095715607583
0.9912717369733574
0.9913099926118798
0.9913446617842908
0.9913673760696635
0.9914080226855937
0.9914498647902276
0.9914701880981927
0.9914869249400462
0.9915335489994955
0.9915610452396836
0.9915670226832026
0.9915897369685753
0.9916160377200596
0.9916351655393209
0.991668639223028
0.9917104813276619
0.9917439550113691
0.9917714512515571
0.9918097068900796
0.9918515489947135
0.9918706768139748
0.9918993685428666
0.9919627294441695
0.9919734888425039
0.9919962031278766
0.9920500001195489
0.9920966241789981
0.9921097745547403
0.9921312933514091
0.9921480301932627
0.9921635715464124
0.9921886768091929
0.9922173685380847
0.9922484512443842
0.9922771429732761
0.9923010527473526
0.9923153986117985
0.9923548497390248
0.9923954963549549
0.9924516843240349
0.9925341730445989
0.9925688422170099
0.9925987294346056
0.9926357895844242
0.9926680677794275
0.9927003459744309
0.992720669282396
0.9927529474773993
0.9927947895820333
0.9928127219125906
0.9928426091301863
0.992858150483336
0.9929035790540816
0.9929681354440882
0.9929920452181648
0.9930028046164991
0.9930123685261298
0.9930291053679834
0.9930398647663178
0.9930518196533561
0.9930817068709518
0.9930936617579901
0.9931223534868819
0.9931522407044776
0.9932060376961498
0.9932347294250417
0.9932490752894876
0.9932753760409718
0.9932861354393062
0.9933208046117172
0.993329173032644
0.9933423234083861
0.9933542782954243
0.9933877519791315
0.9933961204000583
0.9934032933322813
0.9934224211515426
0.9934475264143229
0.9934845865641415
0.9934977369398836
0.9935132782930334
0.993530015134887
0.9935491429541482
0.9935563158863712
0.9935610978411865
0.9936160903215625
0.9936698873132348
0.9936937970873113
0.9937272707710185
0.9937392256580567
0.9937762858078754
0.9937942181384328
0.9938276918221399
0.9938492106188088
0.9938946391895543
0.9939197444523347
0.9939424587377074
0.9939651730230801
0.9939854963310452
0.9939890827971567
0.9939938647519719
0.9940345113679021
0.9940763534725361
0.9941086316675394
0.9941468873060618
0.9942078572299571
0.9942281805379221
0.9942556767781101
0.9942760000860752
0.9943130602358938
0.994360879784047
0.9944194587305345
0.9944421730159072
0.9944601053464646
0.994485210609245
0.9945139023381369
0.9945294436912866
0.994540203089621
0.9945772632394396
0.9946179098553698
0.9946549700051884
0.9946752933131535
0.9947099624855644
0.9947255038387143
0.9947374587257525
0.9947530000789022
0.9947649549659405
0.9947804963190903
0.9947984286496477
0.9948079925592783
0.9948175564689089
0.9948259248898357
0.9948330978220586
0.9948438572203931
0.9948558121074313
0.9948737444379888
0.994879721881508
0.9948928722572501
0.9949191730087342
0.9949311278957725
0.9949478647376261
0.9949717745117026
0.9950243760146711
0.9950841504498624
0.9951176241335695
0.9951439248850538
0.9951582707494997
0.9951666391704265
0.9951929399219107
0.9952228271395064
0.9952395639813599
0.9952706466876594
0.9952861880408091
0.9953005339052551
0.9953292256341469
0.9953818271371154
0.9954212782643417
0.995446383527122
0.9954667068350871
0.9955145263832402
0.9955420226234283
0.9955611504426894
0.9955910376602851
0.9956376617197344
0.9956711354034415
0.9957010226210372
0.9957297143499291
0.9957428647256712
0.9957631880336363
0.995785902319009
0.9957918797625281
0.9958110075817893
0.9958516541977195
0.995903060211984
0.9959209925425415
0.9959389248730989
0.995959248181064
0.9959843534438443
0.9960010902856979
0.9960166316388477
0.9960501053225548
0.9960716241192237
0.9960799925401504
0.9960859699836696
0.9960967293820041
0.9961098797577461
0.9961481353962687
0.9961672632155298
0.9961911729896065
0.9962091053201638
0.9962294286281289
0.9962748571988743
0.9962808346423935
0.9962880075746164
0.9962939850181356
0.9963214812583235
0.9963370226114734
0.9963501729872154
0.9963621278742537
0.9963704962951805
0.996394406069257
0.9964063609562953
0.9964207068207412
0.996443421106114
0.9964541805044485
0.9964661353914867
0.9964745038124134
0.9964792857672288
0.9964888496768594
0.9964948271203785
0.9965103684735283
0.9965462331346431
0.9965522105781622
0.9965713383974235
0.9966012256150192
0.996629917343911
0.9966574135840991
0.9966705639598411
0.9966741504259526
0.9966825188468794
0.9966861053129908
0.9967076241096597
0.9967231654628096
0.9967375113272555
0.9967458797481823
0.9967602256126282
0.9967793534318894
0.9967901128302239
0.9968044586946698
0.9968247820026348
0.9968439098218961
0.9968630376411574
0.9969012932796798
0.9969144436554219
0.9969263985424601
0.9969395489182022
0.9969646541809827
0.9969873684663554
0.9970029098195051
0.9970148647065434
0.9970280150822854
0.9970363835032123
0.9970423609467314
0.9970531203450659
0.9970806165852539
0.9971093083141458
0.9971272406447031
0.9971356090656299
0.9971535413961874
0.9971643007945218
0.9971654962832256
0.9971882105685983
0.9971941880121175
0.9972097293652672
0.9972252707184169
0.9972420075602706
0.9972575489134203
0.9972671128230509
0.9972778722213854
0.9972910225971274
0.9973268872582423
0.9973759022950992
0.9973914436482489
0.9973986165804719
0.9974153534223256
0.9974356767302905
0.9974476316173289
0.9974619774817748
0.9974834962784437
0.9975109925186317
0.9975408797362274
0.997585112818269
0.9976042406375302
0.9976161955245685
0.9976257594341991
0.9976544511630909
0.9976664060501292
0.9976735789823522
0.9976843383806866
0.9976879248467981
0.9976962932677249
0.9977022707112441
0.9977118346208746
0.9977393308610627
0.9977548722142124
0.9977572631916201
0.9977656316125469
0.9977763910108813
0.9977847594318081
0.9977979098075502
0.9978146466494038
0.9978266015364421
0.997840947400888
0.9978588797314454
0.9978708346184837
0.9978971353699679
0.9979162631892291
0.9979341955197866
0.9979353910084904
0.9979485413842325
0.9979628872486784
0.9979760376244204
0.9979879925114588
0.9979927744662741
0.9980023383759047
0.9980250526612774
0.9980489624353539
0.998062112811096
0.9980752631868381
0.9980836316077649
0.9980884135625803
0.9981051504044338
0.9981338421333257
0.9981422105542525
0.9981673158170329
0.9981840526588864
0.9981960075459247
0.9982031804781477
0.9982139398764821
0.9982605639359313
0.9982761052890812
0.9982868646874156
0.9982940376196385
0.9983012105518615
0.9983203383711228
0.998332293258161
0.9983430526564955
0.998366962430572
0.9983848947611293
0.9984028270916868
0.9984171729561327
0.9984410827302093
0.9984530376172476
0.9984745564139165
0.9984936842331776
0.9985223759620695
0.9985438947587384
0.9985594361118881
0.998567804532815
0.9985713909989264
0.9985857368633724
0.9986012782165221
0.9986096466374489
0.9986192105470796
0.9986407293437485
0.9986431203211561
0.9986467067872675
0.9986586616743058
0.998671812050048
0.9986789849822709
0.9986813759596785
0.9986909398693091
0.9986981128015321
0.998719631598201
0.9987291955078317
0.9987351729513508
0.9987399549061661
0.9987447368609814
0.9987722331011695
0.9987746240785771
0.9987782105446885
0.9987865789656154
0.9987925564091344
0.9988009248300613
0.9988045112961728
0.9988104887396919
0.9988152706945073
0.9988332030250646
0.9988343985137684
0.9988415714459914
0.9988571127991411
0.9988822180619216
0.9988870000167368
0.9988977594150713
0.9988989549037751
0.9989085188134057
0.998927646632667
0.9989503609180397
0.9989635112937818
0.9989742706921162
0.998982639113043
0.9989886165565621
0.9989910075339699
0.9989933985113775
0.9989945940000813
0.9989969849774889
0.999010135353231
0.9990232857289731
0.9990280676837885
0.9990352406160115
0.9990424135482344
0.9990543684352726
0.9990675188110147
0.9990758872319415
0.999086646630276
0.9990902330963874
0.9990974060286104
0.9990997970060181
0.999114142870464
0.9991249022687985
0.9991284887349099
0.9991308797123176
0.9991356616671329
0.9991380526445406
0.9991392481332444
0.9991404436219482
0.9991476165541712
0.9991547894863941
0.9991631579073209
0.9991703308395439
0.9991751127943592
0.9991846767039898
0.9991942406136204
0.9992085864780663
0.9992157594102893
0.9992241278312162
0.9992336917408468
0.9992384736956621
0.9992456466278851
0.9992480376052927
0.9992552105375156
0.9992623834697386
0.9992719473793692
0.9992779248228884
0.9992874887325189
0.9992898797099267
0.9992946616647419
0.9992970526421496
0.9993006391082611
0.999307812040484
0.9993125939952994
0.9993137894840032
0.9993185714388185
0.99932215790493
0.9993305263258567
0.9993353082806721
0.9993472631677103
0.9993532406112294
0.9993592180547486
0.9993687819643792
0.9993807368514175
0.9993903007610481
0.9993998646706788
0.999404646625494
0.9994070376029017
0.9994154060238285
0.9994237744447553
0.9994309473769782
0.9994381203092012
0.9994429022640166
0.999446488730128
0.9994500751962395
0.9994548571510548
0.9994668120380931
0.9994680075267969
0.9994775714364275
0.999481157902539
0.999488330834762
0.9995014812105041
0.999508654142727
0.9995110451201347
0.99951582707495
0.9995194135410614
0.9995241954958768
0.9995265864732844
0.9995313684280998
0.9995373458716189
0.9995504962473609
0.9995540827134725
0.9995588646682877
0.9995624511343992
0.9995648421118069
0.9995744060214375
0.9995827744423643
0.9995863609084757
0.9995959248181064
0.9995983157955141
0.9996042932390332
0.9996066842164408
0.9996102706825524
0.9996138571486638
0.9996186391034791
0.9996222255695906
0.9996270075244059
0.9996305939905173
0.9996353759453327
0.9996413533888518
0.9996461353436671
0.9996568947420016
0.9996700451177437
0.9996712406064475
0.999674827072559
0.9996760225612629
0.9996808045160781
0.9996867819595973
0.9996903684257088
0.9996939548918202
0.9997011278240432
0.9997035188014508
0.9997059097788585
0.99970949624497
0.9997154736884891
0.9997202556433045
0.9997238421094159
0.9997310150416389
0.999736992485158
0.999736992485158
0.9997393834625656
0.9997429699286772
0.9997453609060848
0.9997465563947886
0.9997465563947886
0.9997465563947886
0.9997525338383078
0.9997549248157154
0.9997549248157154
0.9997573157931231
0.9997620977479383
0.9997692706801613
0.9997692706801613
0.9997704661688652
0.9997776391010882
0.9997800300784958
0.999786007522015
0.9997895939881264
0.9997943759429417
0.9997955714316455
0.9998003533864609
0.9998039398525723
0.9998111127847953
0.9998135037622029
0.9998170902283144
0.9998182857170183
0.9998230676718336
0.9998230676718336
0.9998242631605374
0.9998254586492412
0.999826654137945
0.9998302406040566
0.9998326315814642
0.9998374135362795
0.9998445864685025
0.9998493684233177
0.9998517594007255
0.9998565413555407
0.9998601278216522
0.999868496242579
0.9998708872199866
0.9998768646635058
0.9998840375957287
0.9998864285731364
0.9998924060166555
0.9998995789488785
0.9999067518811015
0.999910338347213
0.9999127293246206
0.999917511279436
0.9999234887229551
0.9999246842116589
0.9999282706777703
0.9999330526325857
0.9999342481212895
0.9999378345874009
0.9999438120309201
0.9999485939857354
0.9999521804518469
0.9999557669179584
0.9999629398501814
0.9999689172937005
0.9999736992485158
0.9999820676694426
0.9999892406016656
0.9999916315790732
0.9999964135338886
0.9999988045112962
1.0
1.0
