0.002390977407654475
0.0034406164896147898
0.003750248063906044
0.004326473619150772
0.004462759331387078
0.007209992372782069
0.00866370663663599
0.009236345725769236
0.012630338155934765
0.01287899980633083
0.013624984757519026
0.014784608800231447
0.0160028117894314
0.017134939591955795
0.017435007256616432
0.01762628544922879
0.018677120019892933
0.019033375653633448
0.019216285425319016
0.019302360611994578
0.020775202695109733
0.021869074859111656
0.024688037222736284
0.02507418007407248
0.025367074806510154
0.026305533439014536
0.026837525912217657
0.027899119881216242
0.02834145070163232
0.029157969486346323
0.02979875143159772
0.030823285250777665
0.03261412732911087
0.03310427769768003
0.03406664610426096
0.035104330299183
0.03819586408728024
0.040222217440267403
0.04174646553764713
0.04365327002025158
0.04511893917114377
0.045961758707341975
0.046328773739416934
0.04860378874280017
0.05151002178180419
0.052447284925604735
0.05351366084941864
0.054749796169175996
0.056000277353379285
0.056883743505507615
0.05847732994770932
0.05983779609266472
0.061426600580051116
0.06235549530292488
0.062659149433697
0.06404711181884043
0.06455160805185552
0.0648098336118822
0.06487797646800035
0.06629463058203564
0.06690313433228369
0.06715418696008742
0.06825762303371996
0.06924987865789656
0.07044895382783528
0.07156075832239461
0.07198396132354945
0.0736887282152071
0.07420278835785281
0.07511494623887299
0.0766296304266221
0.0768974198962794
0.07771752514710488
0.07870858528257767
0.0791843897867009
0.07980006646917193
0.08052453262369123
0.08063451758444334
0.08072776570334186
0.08084970555113224
0.08174393110159502
0.08208464538218578
0.08271227695169509
0.08324068295878673
0.0840117731727553
0.0847230889515325
0.084885675415253
0.08604649494666924
0.0868522543330488
0.0877823445446264
0.08956362271332899
0.09006214150282495
0.09025461518414113
0.0907889986347519
0.09114286329108476
0.09163301365965393
0.09240290838491867
0.09306760010424661
0.09357807378078084
0.09394867527896729
0.0947042241397861
0.09492180308388266
0.09574788577822728
0.09772522409435754
0.09904384813467898
0.09945629173749937
0.10000980300737139
0.10025487819165596
0.10161893080272284
0.105022487142519
0.10634828411506339
0.1065371713302681
0.1066423743362049
0.10674040440991873
0.10706677282606357
0.10726761492830654
0.10860775776529688
0.10923419384610235
0.11140759230966027
0.11193480282804807
0.11276447198850419
0.11317930656873224
0.11348296069950435
0.11401973512752278
0.11475137421426505
0.11513273511078594
0.11543280277544657
0.11642386291091936
0.11739459973842707
0.11764923883234227
0.11863432152429591
0.11982981022812315
0.12042755458003677
0.12077783277025815
0.12209047936706047
0.12306121619456818
0.12377731392816069
0.12499432142865682
0.12600570487209467
0.12662855448678864
0.12699796049627127
0.1271736973357339
0.12731356951408165
0.12758733642725809
0.1281097649908306
0.12821735897417505
0.1282508326578822
0.12918211835816362
0.1299663589478743
0.13054617096923052
0.1308306972807414
0.13094307321890117
0.13125868223671155
0.1321433438775437
0.13379311828882529
0.1353472536038007
0.1360490054729473
0.1367160881696829
0.13800482499240865
0.13883927610768007
0.13923737384605453
0.13964264451665195
0.1401136670659599
0.14110233622402502
0.14161759185537456
0.14191885500873902
0.14378859934152483
0.14463978729864982
0.1447880278979244
0.14681079478480008
0.1480003060451082
0.15003980977383743
0.15104402028505232
0.15265314808040378
0.15363823077235744
0.15590009539999858
0.157578561540172
0.15796829085761968
0.15799220063169622
0.1590394487362489
0.15988944120467005
0.1606736817943807
0.16099048630089494
0.16248245620327134
0.16306824566814668
0.16332049378465424
0.16380108024359277
0.16506471180353816
0.1663917042647864
0.16858064408149406
0.16958126812659746
0.1700032756390485
0.17021726811703355
0.17053646360095542
0.171044546300082
0.17167576433570278
0.17207744854018875
0.17226992222150492
0.1726070500359842
0.17320957634271314
0.17371168159832057
0.1741026064044721
0.17442658384320928
0.17461547105841396
0.17651988456361076
0.17875664392847151
0.18112371156204946
0.18215183184734088
0.1831142002539218
0.18412080174254433
0.1846504032383398
0.18506523781856785
0.1858351325438326
0.1864938468196414
0.18685966636301254
0.1872888468076865
0.18805874153295127
0.18870908738783326
0.18933910993475023
0.19011617759223792
0.1908262978823113
0.19143001967774406
0.19249998206766944
0.19306066626976442
0.19395728279763486
0.1945394857963987
0.19462317000566662
0.1952938391685137
0.19572899705670682
0.1958856060769082
0.19641998952751896
0.1974756060529984
0.19785218499470397
0.19806378649528142
0.19839374137753774
0.19907397445001543
0.20009850826919537
0.20103457592429208
0.20146136539155843
0.20204237290161844
0.20275368868039567
0.204778846544679
0.20591456081331488
0.2062540796052018
0.20836650814486454
0.20934083143848373
0.2106211998402827
0.21154411711963733
0.21190156824208167
0.21268580883179236
0.21348798175206044
0.21411800429897737
0.21503016217999757
0.2161156659230727
0.21709357568280338
0.21851501175165397
0.21921198166598524
0.2192765380559919
0.21971289143288886
0.22030944029609864
0.22073025231984583
0.22166990644105403
0.22347987633864846
0.22455940263820448
0.22498141015065548
0.22524919962031278
0.22542374097107157
0.2256843575085059
0.2260131169020584
0.2277776582289074
0.22830606423599903
0.22859298152491758
0.2299235604522773
0.23149204163169862
0.2319379589182262
0.23214238748658064
0.23399659046621668
0.2349625453389091
0.23513469571226023
0.23626084607126546
0.23771216935771175
0.23925913174046418
0.23972059038014149
0.2397564550412563
0.24224187605651315
0.2429866655189975
0.24401598129299276
0.2445312369243423
0.24604353013468375
0.2476550489074429
0.24811889852452784
0.24846559024863774
0.24959891353986596
0.25119369547077147
0.251584620276923
0.2525840488333226
0.2533981766406289
0.25370661272621636
0.25411905632903675
0.25431511647646443
0.25619083825276934
0.25921422918474846
0.26182159004779565
0.26465609376457
0.26586592833284317
0.2665079057667984
0.2673017102661397
0.2688642140020419
0.27056539442758804
0.271430928249159
0.27215300342627063
0.2729025748435703
0.273326973333429
0.2734154394975122
0.2734776049101112
0.27353140190178343
0.27398329663183013
0.2746157101561547
0.2748261161680283
0.2761148529907541
0.2770294018491819
0.2786217928026798
0.2792494243721891
0.2797778303792807
0.28006713864560695
0.2804078529261977
0.28076052209382674
0.2808776799868018
0.28174440929707656
0.28195959726376546
0.28206838673581375
0.2827820934919986
0.2851563340577995
0.28562855209581123
0.28646180772237884
0.286661454335918
0.28689218365575664
0.28712889041911444
0.2871982287639364
0.2882586272442312
0.28929392046174557
0.2898271084236525
0.29012239413349783
0.2902754166875877
0.2910608527660022
0.29151035651864127
0.2931362211558463
0.29373037904164845
0.29387622866351537
0.2946114542163691
0.2962528602067239
0.29702275493198865
0.29746149928629323
0.2978930707083749
0.29893673234681606
0.29947709324094596
0.299767596995976
0.30116153682463853
0.3021298826747386
0.302542326277559
0.30281131123592014
0.30318191273410655
0.3035979428030385
0.30479104052945805
0.305939905173836
0.30651254426296926
0.3077964991308797
0.3085161833305837
0.3088891758061778
0.30933270211529773
0.30954549910457896
0.3096841757942229
0.3102675742816906
0.3106333938250617
0.31071110059081053
0.3110183411876941
0.31115940885474574
0.3115192509545977
0.31232261936356964
0.31275299529694744
0.31311403288550327
0.3133017246120041
0.3135850554348112
0.31408835617912245
0.31470642383900116
0.3149192208282824
0.31514516819330574
0.3153029727022109
0.31550620578186156
0.31589115314449395
0.31704958169850256
0.31847579972216844
0.31929351399558625
0.32042922826422215
0.3217227470417632
0.3229158447681828
0.3236534612984442
0.3241280703138636
0.32549570939104194
0.3267258672672802
0.3280791604800126
0.32904033339788974
0.32932725068680824
0.3300266115785472
0.3306267469078685
0.3317349649363163
0.33288980702421345
0.33381989723579103
0.3341558295615665
0.3344953483534534
0.3347774836875566
0.3350392957136948
0.33515645360666985
0.3360674159989862
0.33657310772070514
0.33666516035089983
0.3374589648502411
0.3399324309784597
0.3409294685574516
0.3410968369759874
0.3417806565145766
0.3423078670329644
0.3429139798058048
0.34317818280935064
0.3432702354395453
0.3436169271636552
0.3440951226451861
0.3445278895559716
0.3452523557104909
0.3466785737341568
0.3478202654463118
0.3481848895009791
0.3483952955128527
0.3490791150514419
0.3494473255722207
0.35039893458046717
0.3512345811844424
0.35189209997154736
0.3522842202664027
0.35251734056364903
0.35327408491317164
0.3543918668512501
0.3550876412768776
0.35531597961930855
0.35570212247064475
0.3561862953956948
0.3567601299735319
0.35750491943601626
0.35789464875346394
0.3585473855857536
0.3591558893360017
0.35945834797806997
0.3598241675214411
0.36056178405170247
0.3611284456973166
0.36142373140716194
0.36324565619179466
0.36445429527136397
0.3652182125531096
0.3657561824698318
0.3669444982414361
0.36801206965395383
0.36904018993924526
0.3700814606002788
0.37061464856218573
0.37147659591764515
0.3720193477891827
0.37252982146571695
0.37399190415049766
0.3759752199101471
0.3775221822928995
0.3780625431870294
0.3786698514485737
0.37943257324161545
0.3805850243521049
0.3816143401261001
0.3826054002615729
0.38305012205939665
0.3831051145397727
0.38357613708908067
0.3844129791817597
0.3847823851912423
0.3855355430746535
0.3869354603468352
0.3877005731172846
0.38847166333125316
0.3896253099304465
0.3904250918733069
0.3907454828459326
0.39120215953079457
0.39238091139276826
0.39330980611564204
0.3939027685127403
0.3951341218776824
0.3963152647170637
0.3973218662056862
0.3980547007811323
0.3982949940106016
0.39858191129952014
0.39905173836012425
0.3992119338464371
0.3994498360984987
0.40013126465968024
0.4014989037368586
0.4028462195060719
0.40415647512546654
0.40553606908968315
0.40574169314674147
0.40619358787678816
0.40656777584108605
0.40742255026432256
0.40876508407872053
0.4089216930989219
0.4094560765495327
0.41024988104887394
0.41060852766002215
0.41090620434727515
0.41127441486805394
0.41177532463495753
0.41230851259686446
0.4126791140950509
0.4135745351342175
0.4141304373814972
0.4141758659522426
0.41478795616860215
0.4152936478903211
0.41564870803535775
0.41609462532188535
0.41631339975468573
0.4163516553932082
0.41654293358582056
0.41670193358342955
0.4176368057498225
0.4183923546106413
0.4185633094952886
0.41905824181867307
0.42011864029896784
0.4206625876592092
0.42128424178519935
0.4213954222346553
0.4222215049289999
0.4242012342225378
0.4249639560155796
0.4250631815779973
0.4253943319489574
0.42607695599884277
0.42674762516168985
0.42770879807956697
0.4281941664933208
0.4282611138607351
0.4283734897988949
0.42852531686428097
0.4291601213660132
0.43023606119945773
0.43087325667859766
0.4318595348592551
0.4323090386118942
0.43276571529675617
0.43319489574143016
0.4336192942312888
0.4340795573822623
0.4349618280456868
0.4361955723880365
0.43690091072329457
0.43819921145565094
0.4395871738407944
0.44034870014513233
0.44117956479429227
0.4434115422043377
0.44429979031128136
0.444897534663195
0.44509837676543795
0.44524781285341636
0.4456961211173516
0.44617312111017865
0.447277752672515
0.4473733917688212
0.4476686774786665
0.4482520759661342
0.4484947601730111
0.4488271060326751
0.44959819624664366
0.4497607827103642
0.4499592338351995
0.45014094811818123
0.4503668954832046
0.4507052187863877
0.4511798278018071
0.4521326322987574
0.4527255946958557
0.45320976762090576
0.4538672864080107
0.45482965481459164
0.45508788037461834
0.45551825630799614
0.4559856923911926
0.45629173749937235
0.4566970081699698
0.4573090983863293
0.45773230138748416
0.4579821585265841
0.4584268803244078
0.4589242036251999
0.45997264721845643
0.46003361714235164
0.46020576751570275
0.4609015419413302
0.46128648930396254
0.46158894794603084
0.46201812839070483
0.4623205870327731
0.4638771133251562
0.46457408323948746
0.46511803059972884
0.46608278998371744
0.4661939704331734
0.46639959449023166
0.4668359478671286
0.46688257192657784
0.46803621852577115
0.4684546395721107
0.46888023355067315
0.4694433087301758
0.470216789921552
0.47135369967889174
0.47253364702956924
0.4728899026633097
0.4729963011579504
0.47311585002833306
0.47371478986895055
0.4741391883588092
0.47486724097944
0.4750907973670557
0.47558572969044016
0.4756622409674851
0.4759180755501041
0.47623607554532216
0.47655407554054025
0.47668797027536886
0.4777746695071478
0.47782966198752386
0.4783042710029433
0.47851467701481687
0.4788135491907737
0.47986438376143786
0.4806223235996643
0.48108139126193394
0.48155121832253805
0.481883564182202
0.4824669626696697
0.48262596266727875
0.48337672957328226
0.4838656844531476
0.48419563933540394
0.48514127090013126
0.4853397220249666
0.4854975265338718
0.4866200904267656
0.4868795114754961
0.48694406786550276
0.48748921071444795
0.48782992499503874
0.48802359416505875
0.48812879717099555
0.48817422574174096
0.48875403776309717
0.4893027670781539
0.48979291744672304
0.4898885565430292
0.4906464963812557
0.49095134600073165
0.49128966930391477
0.4920990151564058
0.49456769932980904
0.4959556617149525
0.49684630079930375
0.4970531203450659
0.49779073687532727
0.49833946619038394
0.4986873534031977
0.49893242858748227
0.49962103008088676
0.5003753834530017
0.5020658044802134
0.5023826089867277
0.5024710751508109
0.5025332405634099
0.5027089774028726
0.503134571381435
0.5057311728461478
0.5065166089245623
0.507154999892406
0.5078663156711832
0.5086469697947824
0.5087832555070188
0.5098221351906446
0.5109172028433503
0.5114264810311807
0.5122358268836718
0.5125299171048133
0.5131467892759881
0.5135640148336238
0.514205992267579
0.5147762403793047
0.5152831275897274
0.5155389621723464
0.5160864959986993
0.517126571171029
0.5173955561293901
0.5181821876965085
0.5183053230330027
0.5185324658867299
0.5191481425692008
0.5219599320006025
0.5221428417722881
0.5223974808662033
0.5239910673084051
0.5241046387352686
0.5246270672988411
0.524668909403475
0.5255153154057848
0.5257687590109961
0.5261668567493706
0.5266582026066435
0.5270861875626137
0.5271638943283625
0.5275631875554407
0.5283522100999668
0.5285076236314643
0.5289690822711416
0.529478360458972
0.5302769469131287
0.5304311649559224
0.5310038040450555
0.531582420577708
0.5320414882399777
0.5322686310937048
0.5323379694385267
0.5324324130461291
0.5331999167939863
0.5341838039972361
0.53432248068688
0.5346464581256172
0.5349919543610232
0.5350600972171414
0.5351449769151131
0.5354498265345891
0.535553834051822
0.5356829468318354
0.5364707738876575
0.5370709092169788
0.53718687162125
0.5379890445415181
0.5385796159612087
0.5392825633190592
0.5396041497803887
0.540189939245264
0.5408916911144107
0.5419305707980365
0.5421744504936172
0.5425785256755109
0.5436030594946908
0.5448834278964898
0.5461506459225467
0.5463096459201557
0.5469289090687383
0.5474190594373074
0.5483431722053659
0.548473480474083
0.548763984229113
0.5490102549021014
0.5496665782005026
0.550397021798541
0.550764036830616
0.5511776759221402
0.5514574202788358
0.5515925105023682
0.551684563132563
0.5517981345594265
0.5522057962074316
0.5528716834154634
0.5530247059695533
0.5531203450658595
0.553655924005174
0.5543505029420976
0.5551036608255089
0.5556918412677918
0.5560026683307869
0.5564569540382412
0.5569662322260717
0.5574181269561184
0.5582633374697242
0.5588897735505297
0.5592854803114965
0.5601976381925167
0.5605503073601458
0.5610894727655719
0.5613847584754171
0.5618677359117634
0.5620171719997418
0.5624152697381163
0.5628026080781563
0.5630022546916954
0.5634912095715607
0.5638510516714128
0.5642670817403447
0.5644189088057306
0.5650572997735744
0.5652151042824797
0.5654805027747293
0.5657650290862402
0.5662623523870323
0.5667453298233786
0.5671876606437946
0.5672725403417663
0.5674327358280792
0.5678176831907116
0.568374780926695
0.5687812470859963
0.569620480156083
0.5703855929265325
0.5712666681012531
0.5714137132118239
0.5714962019323879
0.5722816380108025
0.5725171492854564
0.5728949237158658
0.5733396455136895
0.5744072169262072
0.575135269546838
0.5753492620248232
0.5754700063839097
0.5760785101341578
0.5767145101245938
0.5775011416917122
0.5779303221363862
0.5780606304051032
0.5784407958129204
0.578886713099448
0.5793732770019057
0.5800666604501254
0.580567570217029
0.580803081491683
0.581584931103986
0.582021284480883
0.5824289461288881
0.5827660739433673
0.5832741566424939
0.5836339987423459
0.5846107130133728
0.5847314573724592
0.584885675415253
0.5858647806636875
0.5861218107350104
0.5865593596006111
0.5873675099643983
0.5875599836457145
0.5879365625874201
0.588878607686036
0.5891356377573588
0.5892145400118114
0.5895444948940678
0.5903072166871095
0.5905092542780563
0.5908284497619782
0.5911835099070148
0.5913329459949933
0.5916198632839118
0.5919892692933945
0.5924937655264095
0.5933066978450121
0.5935457955857775
0.5952708857854002
0.5960371940445535
0.5965942917805369
0.596995975985023
0.5972828932739415
0.597590133870825
0.598358833107386
0.5985321789694409
0.59927218647711
0.5993773894830468
0.5996021413593663
0.600476043601864
0.6006948180346644
0.6008346902130122
0.6013595097539923
0.6021664646290757
0.6031156826599146
0.6039047052044405
0.6042346600866968
0.604607652562291
0.6051994194706855
0.6060015923909535
0.6062622089283878
0.607063186359952
0.607873727701147
0.6080781562695015
0.6081678179222885
0.6090393291873785
0.6102910058602856
0.6116442990730181
0.6117925396722926
0.6121368404189949
0.6124536449255091
0.6126245998101564
0.6127764268755425
0.6128433742429568
0.6131972388992897
0.613395690024125
0.6138069381382415
0.6149916674437343
0.6153072764615447
0.6156850508919541
0.6166761110274269
0.6174280734221342
0.618778975657459
0.6192069606134292
0.6195835395551348
0.6200067425562896
0.6202338854100168
0.6202769230033546
0.6206439380354295
0.6210049756239854
0.6215166447892234
0.6216146748629372
0.622384569588202
0.6224909680828425
0.623623095885367
0.6237115620494502
0.6239171861065085
0.624189757530981
0.6249524793240229
0.6253852462348083
0.6258383364535588
0.6261144943441429
0.6263930432121347
0.6265508477210399
0.6267469078684675
0.6272777048529669
0.627989020631744
0.6284851484438324
0.6288629228742417
0.6297631258682237
0.6301803514258594
0.6309203589335285
0.6321612762081011
0.6323884190618283
0.6324972085338766
0.6329670355944806
0.6338660430997588
0.634182847606273
0.6344602009855609
0.6348594942126392
0.6351619528547074
0.6353615994682467
0.6355205994658556
0.6363359227618658
0.6370496295180507
0.6372923137249276
0.6378553889044303
0.6382475091992855
0.6387579828758198
0.6389349152039863
0.640084975337068
0.6403001633037569
0.6410019151729035
0.6415135843381415
0.6416761708018621
0.6417921332061334
0.6423564038743398
0.6424544339480536
0.6428035166495711
0.6433881106257427
0.6438854339265349
0.6444222083545532
0.6446959752677297
0.6450151707516516
0.6452674188681591
0.6454873887896633
0.645683448937091
0.6463170579501194
0.6471383586896488
0.64773849401897
0.648001501533812
0.6480696443899302
0.6482932007775458
0.648596854908318
0.648942351143724
0.6491659075313397
0.649752892484919
0.6500410052625413
0.6501988097714465
0.6503303135288675
0.6506710278094582
0.6511767195311772
0.6513201781756364
0.6521235465846084
0.6528252984537549
0.654146313471484
0.654789486394143
0.6551146593215841
0.65541950894106
0.6558164111907306
0.6561332156972449
0.6562874337400386
0.6569138698208441
0.6584859374663768
0.6590992231714402
0.6591805164033006
0.659266591589976
0.6600520276683906
0.6606700953282693
0.6611793735160997
0.6616300727574426
0.6619743735041448
0.6622266216206523
0.6622828095897322
0.662415508835857
0.66271318552311
0.6629630426622098
0.6632105088239021
0.6637066366359904
0.6642505839962318
0.6645506516608924
0.66460923060738
0.6646594411329407
0.6650467794729807
0.665245230597816
0.6654436817226514
0.666269764416996
0.6663964862196017
0.6669428245572507
0.6672751704169148
0.6673672230471094
0.6676852230423275
0.6679326892040197
0.6679972455940264
0.668090493712925
0.6682865538603526
0.6690397117437638
0.6696685388019769
0.6703404034535277
0.6710050951728557
0.6713828696032651
0.671605230502177
0.6724038169563336
0.6731749071703022
0.6737355913723971
0.6745174409847001
0.6753459146564524
0.6755443657812877
0.676393162761005
0.6769717792936575
0.6775480048489022
0.6778839371746777
0.6780740198785862
0.6781636815313732
0.6782927943113866
0.6789024935503385
0.6791977792601838
0.6793651476787196
0.6794691551959525
0.6795157792554019
0.6800489672173088
0.6805020574360593
0.6809228694598065
0.6811607717118681
0.681631794261176
0.6820777115477036
0.6825068919923776
0.6829277040161248
0.6832349446130084
0.683458501000624
0.6836964032526857
0.6843682679042365
0.6846504032383398
0.6850736062394946
0.6852792302965529
0.6853653054832285
0.6854740949552768
0.6856677641252967
0.6859762002108842
0.6863850573475931
0.6868381475663436
0.6877048768766184
0.688475967090587
0.6888836287385921
0.6892303204627019
0.6896320046671879
0.6904437414970866
0.6914288241890403
0.6922106738013433
0.6928323279273334
0.693174237696628
0.6934982151353651
0.6936572151329742
0.6937265534777962
0.6942382226430343
0.6950164857892258
0.6955807564574322
0.6958126812659747
0.6961031850210048
0.6967224481695873
0.6973739895131731
0.6975855910137505
0.6983279894988272
0.6990369143001968
0.6995736887282152
0.6998582150397261
0.7001367639077178
0.7004523729255282
0.7005898541264683
0.70082775637853
0.7011421699076366
0.7014912526091541
0.7019311924521625
0.7022766886875685
0.7024655759027733
0.7030991849158017
0.7036921473129001
0.7038786435506971
0.7040376435483061
0.7043030420405557
0.70461984654707
0.7049509969180301
0.7053024705969553
0.7054483202188222
0.7056623126968073
0.7060735608109239
0.7062409292294597
0.7064836134363366
0.7069570269630522
0.7074890194362553
0.708017425443347
0.7083031472435617
0.7086127788178529
0.7087454780639778
0.7090598915930844
0.7091890043730977
0.7094125607607134
0.7097556660187118
0.7099971547368849
0.7103199366869183
0.7104693727748966
0.7106080494645406
0.7110133201351381
0.7114090268961049
0.7118453802730018
0.7128974103323698
0.7133768013026045
0.7138597787389507
0.714092899036197
0.7141574554262037
0.7142423351241755
0.7142877636949209
0.7143666659493735
0.7148329065438661
0.7149656057899909
0.7150588539088895
0.7153971772120725
0.7158956960015684
0.7165699516305271
0.7168616508742609
0.717393643347464
0.7182938463414459
0.7186524929525941
0.7191043876826407
0.7195825831641717
0.7198216809049371
0.7198718914304979
0.7199878538347692
0.7200858839084829
0.7202783575897991
0.7204899590903766
0.7205772297657559
0.7210602072021022
0.7212048613352653
0.7215921996753053
0.7218205380177363
0.7221899440272189
0.722562936502813
0.7236878913731144
0.7240943575324157
0.7242091244479831
0.7244111620389299
0.7247482898534092
0.7249383725573177
0.7252312672897554
0.7254524326999634
0.7258648763027838
0.7272014326736627
0.7275050868044348
0.7277083198840855
0.7283072597247029
0.7288990266330974
0.7293688536937014
0.7294465604594502
0.7294931845188994
0.7300455003000677
0.7305153273606718
0.7311190491561045
0.7321591243284342
0.7324759288349484
0.7326516656744111
0.7332553874698438
0.7340922295625228
0.7348848385731603
0.7350091693983584
0.7352769588680157
0.7360659814125416
0.7362118310344086
0.7364138686253554
0.7367509964398347
0.7370199813981958
0.7371694174861741
0.7373798234980478
0.7374252520687932
0.7378078084540179
0.7378819287536552
0.7379620264968116
0.7382393798760996
0.7383386054385173
0.7386781242304041
0.7394312821138153
0.7402681242064943
0.7406339437498655
0.740900537730819
0.7410774700589854
0.7419406129031487
0.7424965151504284
0.742955582812698
0.7434373647603404
0.7435676730290576
0.7441642218922674
0.7450978985699565
0.7452294023273774
0.745335800822018
0.7455139286388883
0.7456322820205672
0.7458020414165106
0.746283823364153
0.7469425376399619
0.7471099060584977
0.7473597631975976
0.7478128534163481
0.7479049060465428
0.7486831691927343
0.749204402267603
0.7495271842176363
0.7497447631617329
0.7506832217942373
0.75089960524963
0.75119010900466
0.7512965074993007
0.7517639435824971
0.7519970638797434
0.7521823646288366
0.7524884097370164
0.7533742668665524
0.7538034473112264
0.7539899435490234
0.7541561164788554
0.7544358608355509
0.754622357073348
0.7547789660935493
0.7549116653396742
0.7550073044359804
0.7552667254847109
0.755446048790285
0.7555930939008557
0.7560629209614599
0.7563426653181554
0.7564311314822386
0.7565769811041055
0.757079086359713
0.757217763049357
0.7574353419934535
0.7577868156723787
0.7582124096509412
0.7583702141598464
0.7588292818221161
0.759134131441592
0.7593230186567967
0.7597402442144324
0.7608054246495425
0.7613983870466408
0.7615669509538804
0.7617809434318655
0.7620080862855927
0.7624767178574929
0.7626871238693665
0.7627445073271503
0.7632274847634964
0.763486905812227
0.7636363419002054
0.7639017403924551
0.7640320486611722
0.7649848531581225
0.7656985599143074
0.766393138851231
0.766807973431459
0.766946650121103
0.7674176726704109
0.7677512140187788
0.768143334313634
0.7683334170175427
0.7684948079925593
0.7687518380638821
0.769043537307616
0.7693232816643115
0.7696711688771253
0.7698337553408457
0.7700381839092002
0.7702485899210738
0.7709383869031822
0.7714404921587896
0.7715803643371374
0.7719951989173655
0.7724901312407499
0.7727830259731876
0.7730245146913607
0.7732564394999032
0.7734202214523275
0.7735314019017834
0.7737131161847651
0.7739402590384924
0.7741913116662961
0.77481416128099
0.7757263191620103
0.7763850334378191
0.7764998003533865
0.7766647777945146
0.7768429056113849
0.7769983191428824
0.7771071086149307
0.7774310860536678
0.7778435296564883
0.7779164544674217
0.7780348078491006
0.7782224995756015
0.7784281236326598
0.7785381085934119
0.7788800183627065
0.7794825446694355
0.7798710784981793
0.7799451987978165
0.7800193190974538
0.7801245221033907
0.7805800032995488
0.7810892814873792
0.781471837872604
0.7818137476418985
0.7818998228285741
0.7820193716989569
0.7824031235728853
0.7832949581459405
0.7843589430923468
0.7849901611279675
0.7855448678865433
0.7862167325380942
0.7863685596034803
0.7864821310303439
0.7866937325309213
0.7871372588400413
0.7873787475582144
0.7874612362787784
0.787720657327509
0.788128318975514
0.7885132663381463
0.7890153715937538
0.7891492663285825
0.7893058753487838
0.7895366046686225
0.7901200031560902
0.7906579730728124
0.7909903189324764
0.7912879956197294
0.7914888377219723
0.791803251251079
0.792245582071495
0.7925097850750408
0.7935654016005202
0.7942025970796602
0.7944978827895055
0.7948732662425073
0.7951924617264291
0.7955786045777653
0.7959193188583561
0.7960687549463346
0.7964238150913712
0.7966234617049104
0.7969342887679054
0.7971423038023714
0.7973515143255412
0.7976587549224248
0.7977424391316926
0.7978273188296644
0.7978823113100404
0.7981034767202485
0.7986271007725247
0.7988853263325515
0.7989977022707112
0.7991590932457279
0.7993180932433369
0.7996157699305899
0.7999528977450692
0.800154935336016
0.8002673112741757
0.8009415669031343
0.8010694841944438
0.801186642087419
0.80135879246077
0.8016373413287617
0.8019039353097153
0.801988815007687
0.8020952135023276
0.8022577999660481
0.8026798074784991
0.8029177097305608
0.803033672134832
0.8031544164939185
0.8033947097233878
0.803974521744744
0.8043236044462616
0.8046021533142533
0.8046822510574098
0.8054198675876711
0.8056888525460323
0.8057773187101155
0.80582872472438
0.8059996796090274
0.8062268224627546
0.8064826570453736
0.8068723863628212
0.806922596888382
0.8070218224507997
0.807289611920457
0.8077546570262457
0.807766611913284
0.8080487472473873
0.8085114013757684
0.8088401607693209
0.8091318600130547
0.8096196194042162
0.8100583637585208
0.8105365592400517
0.8108964013399037
0.8110255141199171
0.8112466795301251
0.8115730479462699
0.8122795817702319
0.8126274689830456
0.8128151607095464
0.8130387170971621
0.8131965216060674
0.8134081231066448
0.8134870253610974
0.8135264764883237
0.813579077991292
0.8137906794918695
0.8147434839888198
0.8150853937581144
0.815295799769988
0.8155337020220496
0.8157536719435539
0.8161063411111829
0.8163502208067636
0.8166407245617936
0.8167722283192146
0.8170567546307255
0.8180406418339753
0.8181243260432433
0.81857622077329
0.8188141230253515
0.8191070177577892
0.8191966794105763
0.8192289576055796
0.8194429500835647
0.8199056042119458
0.8203981455579227
0.820465092925337
0.8208117846494468
0.8210269726161358
0.8211178297576266
0.8212529199811591
0.821793280875289
0.8219678222260478
0.8225846943972226
0.8228130327396537
0.8228536793555837
0.8230676718335689
0.8233151379952611
0.8234693560380548
0.8238602808442063
0.8243145665516607
0.8248824236859786
0.8250892432317407
0.8251848823280469
0.8252566116502765
0.825377356009363
0.8254921229249305
0.8258985890842317
0.826042047728691
0.8260743259236943
0.8261723559974081
0.8262273484777842
0.8265465439617061
0.8268490026037744
0.827446746955688
0.8277850702588712
0.8281221980733504
0.8282847845370709
0.8283624913028197
0.8285932206226584
0.8287581980637865
0.8290367469317782
0.8291622732456801
0.8296153634644307
0.8297755589507435
0.829806641657043
0.8301784386439333
0.8305215439019317
0.8310714687056922
0.8311539574262563
0.8312567694547854
0.8313368671979419
0.8314958671955509
0.8316560626818638
0.8316871453881632
0.8317576792216891
0.8319692807222665
0.8322382656806275
0.8322609799660003
0.8323829198137906
0.8329161077756976
0.8331599874712784
0.833467228068162
0.8335473258113184
0.8336668746817011
0.8338736942274633
0.8339980250526613
0.8343865588814051
0.8344415513617812
0.8346340250430974
0.834705754365327
0.8350297318040641
0.8351540626292622
0.8356394310430161
0.8362323934401144
0.8366352731333042
0.83670580696683
0.8368038370405438
0.8371397693663193
0.837390821994123
0.8376992580797104
0.8378020701082396
0.8379778069477022
0.8382599422818053
0.8384034009262646
0.8386891227264793
0.8390752655778155
0.8392019873804213
0.8393884836182183
0.8397471302293664
0.8400746941342151
0.8404118219486945
0.8405983181864914
0.8407680775824349
0.8411542204337711
0.841535581330292
0.8417232730567928
0.8419169422268129
0.8421835362077664
0.842352100115006
0.8426641226667049
0.842850618904502
0.8430538519841526
0.8433431602504788
0.8436802880649581
0.8437711452064489
0.8439110173847967
0.844185979786677
0.8445051752705989
0.8448494760173011
0.8450168444358369
0.8453719045808736
0.8458441226188854
0.8461202805094694
0.8465100098269172
0.8471101451562384
0.8472978368827393
0.8476361601859224
0.84783222033335
0.8479768744665132
0.8482506413796896
0.8483151977696963
0.8486104834795416
0.8486881902452904
0.8491054158029261
0.8491448669301523
0.8492966939955384
0.8497187015079894
0.8499219345876401
0.8501287541334022
0.8501658142832208
0.8502590624021193
0.8504563180382508
0.8505949947278948
0.8506786789371628
0.8509022353247784
0.8511210097575788
0.8512226262974041
0.8512895736648184
0.8514043405803858
0.8515513856909566
0.8519877390678535
0.8526105886825476
0.8531377992009354
0.853527528518383
0.8536064307728356
0.8537606488156293
0.8539256262567575
0.8540870172317742
0.8542711224921635
0.8544731600831104
0.8545962954196046
0.8547170397786912
0.8549645059403834
0.8550541675931704
0.8552430548083751
0.8554570472863602
0.8555993104421157
0.8557989570556548
0.8560476187060508
0.856309430732189
0.8563907239640492
0.8564624532862789
0.8565879796001807
0.8567123104253788
0.8568199044087232
0.8571797465085752
0.857354287859334
0.8574212352267483
0.8576400096595487
0.8578061825893807
0.8581301600281179
0.8583262201755456
0.858552167540569
0.8593113028674992
0.8595085585036307
0.8596890772979087
0.8599999043609037
0.8602342201468538
0.8606574231480086
0.8610304156236027
0.8617572727555297
0.862025062225187
0.8623323028220706
0.8625128216163486
0.8626180246222853
0.8629934080752871
0.863285107319021
0.8633771599492156
0.8634943178421907
0.8637860170859245
0.8638099268600011
0.8638971975353805
0.8639737088124254
0.8640358742250245
0.8645535208337817
0.864869129851592
0.8649815057897517
0.8650627990216121
0.8653234155590463
0.8655565358562927
0.8659199644222562
0.8662511147932164
0.8665930245625109
0.866668340350852
0.8670114456088505
0.8670760019988571
0.8671202350808987
0.8672804305672116
0.8675350696611268
0.8677825358228191
0.8678482877015296
0.8682918140106494
0.8684807012258541
0.868668392952355
0.8688991222721937
0.8690569267810988
0.8691131147501787
0.8692183177561156
0.8693761222650207
0.8694060094826164
0.8694633929404001
0.8696463027120857
0.8697885658678411
0.8699296335348927
0.8700970019534285
0.8701735132304735
0.8702655658606682
0.8703241448071557
0.8708537463029512
0.8710258966763023
0.8711215357726085
0.8711502275015003
0.8712279342672491
0.8712805357702175
0.871505287646537
0.8716200545621045
0.8719906560602909
0.8725489492849782
0.8728298891303776
0.8728884680768652
0.8729183552944608
0.8729494380007603
0.8729948665715057
0.8734061146856223
0.8735770695702696
0.873781498138624
0.8738795282123379
0.8741054755773613
0.8742118740720018
0.8742836033942315
0.8745944304572266
0.8746374680505644
0.874730716169463
0.8749363402265212
0.8750224154131968
0.87511088157728
0.8752220620267359
0.8753475883406378
0.8755197387139889
0.875636896606964
0.8757588364547544
0.8758939266782868
0.8761676935914633
0.8762693101312886
0.876550249976688
0.8767833702739343
0.8771013702691524
0.8773273176341757
0.877456430414189
0.8776799868018047
0.8781031898029595
0.8784343401739197
0.8787523401691377
0.8790846860288017
0.8794421371512461
0.8796370018099698
0.8798199115816555
0.8801032424044625
0.8805479642022862
0.8808121672058321
0.8809508438954761
0.8810763702093779
0.8811779867492032
0.8813094905066242
0.8815282649394246
0.8816035807277657
0.8817506258383364
0.8819622273389138
0.8823244604161735
0.882424881467295
0.8825647536456428
0.882646046877503
0.8827632047704781
0.8828839491295647
0.8830369716836546
0.8831051145397727
0.8832115130344134
0.8832712874696047
0.8835785280664883
0.8837172047561322
0.8837710017478044
0.8840005355789393
0.8841583400878446
0.8842097461021091
0.8844655806847281
0.8845923024873338
0.8847405430866083
0.8849951821805235
0.8852043927036933
0.8854339265348282
0.8856228137500328
0.8857806182589381
0.8860484077285954
0.8862743550936187
0.8864321596025239
0.8864859565941962
0.8865182347891994
0.8867154904253309
0.8869964302707304
0.8872367235001997
0.8874435430459617
0.8876097159757937
0.8876862272528386
0.8878870693550817
0.8880054227367605
0.888120189652328
0.8883353776190169
0.8885123099471833
0.8886605505464579
0.8887908588151751
0.8889582272337109
0.8890514753526094
0.8891542873811386
0.8892296031694796
0.8894053400089422
0.8895906407580355
0.8897448588008292
0.8898177836117627
0.8900604678186396
0.890264896386994
0.890334234731816
0.8904191144297877
0.8905757234499891
0.890777761040936
0.890874595625946
0.8909582798352138
0.8912308512596865
0.8912846482513587
0.8913695279493304
0.8914340843393371
0.8914508211811907
0.8916923098993638
0.8918752196710493
0.8922087610194172
0.8924370993618481
0.8926068587577916
0.892673806125206
0.8929272497304173
0.8934867384438084
0.8936553023510481
0.8938346256566222
0.8942112045983277
0.8943749865507521
0.8945387685031764
0.8945913700061449
0.894687009102451
0.8948794827837672
0.8950827158634178
0.8951508587195359
0.8953230090928871
0.8955250466838339
0.8958490241225711
0.8959888963009188
0.8960833399085212
0.8961048587051901
0.8961371369001935
0.8962220165981651
0.8962841820107642
0.8964156857681852
0.8964862196017109
0.8967277083198841
0.8969261594447194
0.8973123022960556
0.8975669413899708
0.8978502722127779
0.8979925353685333
0.8980738286003935
0.8981347985242888
0.8982495654398561
0.8984647534065451
0.8987672120486133
0.8988449188143621
0.898915452647888
0.8990158736990094
0.89912227219365
0.8992788812138514
0.8993673473779347
0.8994056030164571
0.8996327458701843
0.8997044751924139
0.899821633085389
0.899918467670399
0.9000200842102243
0.9000810541341195
0.9001958210496869
0.9003560165359997
0.900596309765469
0.9007325954777053
0.900893986452722
0.9010697232921846
0.9012203548688669
0.9012837157701696
0.9013267533635074
0.9013877232874027
0.9014498887000016
0.901628016516872
0.9018707007237489
0.902097843577476
0.9022341292897124
0.9023369413182415
0.9025593022171533
0.9027685127403231
0.9030064149923848
0.9032502946879655
0.9034391819031702
0.9035742721267027
0.9037129488163467
0.9038229337770988
0.9039317232491471
0.904077572871014
0.9043071067021488
0.9046502119601472
0.9051559036818662
0.9056424675843238
0.9057500615676682
0.9058851517912008
0.9060596931419596
0.9063394374986551
0.9068200239575936
0.9069096856103807
0.9070830314724356
0.9072695277102326
0.9074548284593259
0.9075707908635972
0.9076078510134158
0.9079222645425223
0.9081027833368003
0.9082486329586672
0.9084877306994327
0.9087866028753895
0.9089730991131865
0.9090436329467123
0.9092516479811782
0.9092982720406275
0.9095086780525011
0.9096330088776992
0.9098386329347574
0.9098816705280952
0.9099259036101368
0.909979700601809
0.9100466479692233
0.9100992494721918
0.9102104299216477
0.9103443246564763
0.910374211874072
0.9104244223996327
0.9104758284138973
0.9105798359311302
0.9106180915696528
0.9106946028466977
0.9107770915672618
0.9109026178811637
0.9109755426920971
0.9111082419382219
0.9112935426873151
0.9116258885469791
0.9117275050868044
0.9117968434316264
0.9119271517003436
0.9120048584660924
0.9120969110962871
0.9123097080855683
0.9124591441735467
0.9126049937954136
0.9129504900308197
0.9129851592032306
0.9131094900284287
0.9131525276217665
0.9133581516788248
0.9137156028012692
0.9138674298666551
0.9140443621948217
0.9142966103113291
0.9146062418856205
0.914719813312484
0.9148800087987968
0.9151848584182728
0.9154622117975607
0.9155183997666406
0.9155506779616439
0.9156188208177621
0.9157969486346323
0.9158842193100117
0.9160456102850284
0.9161496178022613
0.916325354641724
0.9165130463682248
0.9165979260661966
0.9169159260614147
0.9169625501208639
0.9169924373384596
0.9170187380899438
0.9170952493669887
0.9171454598925495
0.9171753471101451
0.9172578358307092
0.9173570613931269
0.9173941215429455
0.9174371591362833
0.9175112794359206
0.9175411666535163
0.917591377179077
0.9176380012385263
0.9176917982301985
0.9177408132670555
0.917757550108909
0.9178735125131803
0.9179189410839257
0.9180456628865313
0.9181508658924682
0.9182656328080356
0.9184760388199091
0.9187378508460473
0.9189351064821788
0.9190044448270008
0.9190462869316348
0.9190893245249726
0.9191706177568328
0.9193595049720376
0.9194814448198279
0.9195471966985383
0.9196177305320642
0.9196500087270676
0.9197217380492971
0.9197468433120776
0.919861610227645
0.9201700463132324
0.9203828433025136
0.9204976102180811
0.9206482417947632
0.9207737681086652
0.9208634297614522
0.9209554823916469
0.9210499259992493
0.9211407831407401
0.9213033696044606
0.9214767154665156
0.9215783320063409
0.9216141966674557
0.9217289635830231
0.9219154598208201
0.9219943620752727
0.92202783575898
0.9221115199682478
0.9224462568053194
0.922718828229792
0.9227965349955408
0.922919670332035
0.9231372492761316
0.9233691740846741
0.9234636176922765
0.9236154447576624
0.9236800011476691
0.9237517304698988
0.9237959635519404
0.9238354146791667
0.9238951891143581
0.924041038736225
0.9240709259538207
0.9242084071547608
0.9242562267029139
0.9244152267005229
0.924477392113122
0.9245718357207243
0.9246614973735113
0.9247356176731486
0.9248360387242701
0.9248599484983466
0.9248946176707576
0.9249986251879906
0.9250667680441087
0.9251408883437461
0.9253261890928393
0.9255640913449009
0.9256692943508377
0.9261773770499643
0.9264571214066598
0.9265491740368546
0.9267177379440942
0.9267559935826166
0.9269030386931874
0.9271050762841342
0.9271505048548796
0.9273872116182375
0.9275856627430727
0.927825955972542
0.9281738431853558
0.9281989484481361
0.9282407905527701
0.9283722943101911
0.9284739108500164
0.9286197604718833
0.9287966928000497
0.9288624446787602
0.9289987303909966
0.92916848978694
0.9292665198606538
0.9294876852708619
0.9295893018106872
0.9296693995538436
0.9297494972970001
0.9301200987951865
0.930456031120962
0.9305468882624528
0.9306437228474628
0.9307166476583962
0.9307967454015527
0.9308768431447091
0.9310824672017675
0.9314124220840238
0.9314961062932916
0.9316706476440504
0.9319384371137077
0.9321416701933584
0.9322934972587444
0.932392722821162
0.93247640703043
0.9325230310898792
0.9326246476297045
0.9328577679269509
0.9331650085238344
0.9333598731825583
0.933451925812753
0.9337113468614835
0.9339480536248413
0.9340161964809595
0.9341895423430144
0.9344083167758148
0.934558948352497
0.9346462190278764
0.9347131663952908
0.9347585949660362
0.9348602115058615
0.935022797969582
0.9351662566140413
0.9353324295438732
0.935362316761469
0.9354197002192526
0.9354914295414822
0.9355775047281578
0.935625324276311
0.9357102039742826
0.935846489686519
0.935998316751905
0.9360843919385806
0.9362995799052695
0.9365554144878885
0.9368817829040333
0.9371005573368337
0.9371842415461016
0.9372213016959203
0.9373229182357455
0.9377018881548588
0.9378202415365378
0.9379182716102515
0.9379816325115544
0.9381549783736094
0.9382290986732467
0.9382984370180686
0.9384514595721585
0.938586549795691
0.9386319783664364
0.9386594746066245
0.9387551137029306
0.9390695272320372
0.9391819031701969
0.9392536324924265
0.9392871061761338
0.9394640385043002
0.939562068578014
0.9398107302284101
0.9398824595506398
0.9399398430084234
0.9400677602997329
0.9402423016504917
0.9403259858597596
0.9404993317218145
0.9405710610440442
0.9408735196861124
0.9409500309631574
0.941036106149833
0.9412202114102224
0.9414090986254271
0.9415585347134054
0.9415645121569246
0.941603963284151
0.9416768880950844
0.9417091662900877
0.9418442565136202
0.9421622565088382
0.9423009331984822
0.9423427753031162
0.9423917903399731
0.9424300459784956
0.9425232940973941
0.9425639407133242
0.9426189331937003
0.9429225873244723
0.9431413617572727
0.9432381963422828
0.9433398128821081
0.9434223016026722
0.9434677301734176
0.9435777151341697
0.9436362940806572
0.9438263767845657
0.9439507076097639
0.9440308053529202
0.9441718730199719
0.9443870609866607
0.9444791136168554
0.9446488730127989
0.944738534665586
0.9447612489509587
0.9449776324063514
0.9451007677428456
0.945133045937849
0.9451904293956327
0.945250203830824
0.9453207376643498
0.9454187677380637
0.9455108203682583
0.9456220008177143
0.9456554745014214
0.9458527301375529
0.9460703090816495
0.9461408429151753
0.9461659481779556
0.9462197451696279
0.9462615872742618
0.9463560308818642
0.9464002639639058
0.9464444970459475
0.9465640459163301
0.9466286023063368
0.94671706847042
0.946758910575054
0.9468342263633951
0.9468724820019175
0.9469203015500707
0.9469908353835964
0.9470183316237845
0.9471163616974984
0.947180918087505
0.9472143917712121
0.9472538428984385
0.9474427301136431
0.9475586925179144
0.9475921662016216
0.9476423767271823
0.9476567225916283
0.9477033466510775
0.947789421837753
0.9478551737164636
0.9478754970244286
0.9479424443918429
0.9480093917592572
0.9481325270957515
0.948136113561863
0.9481683917568663
0.9482150158163155
0.9483273917544753
0.9484732413763423
0.9485832263370944
0.948717121071923
0.9487816774619297
0.9488605797163823
0.9489789330980611
0.9490375120445487
0.949139128584374
0.949270632341795
0.9494678879779265
0.9495575496307136
0.9496639481253542
0.949727309026657
0.949782301507033
0.9498301210551862
0.9499221736853809
0.9499640157900148
0.9500919330813243
0.9502377827031913
0.9504099330765423
0.9504924217971065
0.9506047977352662
0.9506322939754542
0.9507111962299069
0.9508582413404776
0.9509012789338154
0.9509706172786373
0.9510196323154942
0.9510554969766091
0.951132008253654
0.9513448052429353
0.9514822864438754
0.9516329180205576
0.9517405120039021
0.9518014819277972
0.951858865385581
0.9518899480918804
0.95201786538319
0.9521708879372799
0.9522485947030287
0.9523741210169305
0.9525665946982467
0.9528630758967959
0.953104564614969
0.9532013991999789
0.953221722507944
0.9532468277707244
0.9532779104770239
0.9534070232570372
0.9535146172403817
0.953692745057252
0.9538075119728193
0.9538935871594949
0.9540633465554385
0.954218760086936
0.9542833164769426
0.9543311360250957
0.954390910460287
0.9545534969240076
0.9546491360203138
0.9546838051927248
0.9547244518086548
0.9548033540631075
0.9549396397753438
0.9550233239846116
0.9550615796231341
0.955110594659991
0.9551620006742556
0.955194278869259
0.955318609694457
0.9553724066861292
0.9554620683389162
0.9555696623222607
0.9556378051783788
0.9557274668311659
0.9557800683341343
0.9558637525434022
0.9560263390071227
0.9561016547954638
0.9562415269738116
0.9563383615588217
0.9565057299773574
0.956522466819211
0.9566049555397751
0.9569205645575855
0.957048481848895
0.957090323953529
0.9571249931259399
0.9571608577870547
0.9572122638013193
0.957283993123549
0.9573820231972628
0.9574417976324542
0.9576270983815474
0.9577323013874842
0.9577872938678602
0.9578279404837904
0.9579917224362147
0.9580407374730716
0.9581029028856707
0.9582690758155026
0.9584555720532997
0.9585249103981216
0.958550015660902
0.958612181073501
0.9586480457346158
0.9586743464861001
0.9587604216727756
0.9589301810687191
0.9590377750520636
0.9590545118939171
0.9591262412161468
0.9591836246739305
0.9594119630163614
0.9594860833159987
0.959512384067483
0.9595482487285978
0.959629541960458
0.9597048577487991
0.959753872785656
0.9598076697773282
0.9599834066167908
0.9600635043599473
0.9600778502243932
0.9601220833064349
0.9603026021007127
0.960349226160162
0.9604173690162802
0.9604508426999874
0.9604687750305447
0.9605022487142519
0.9605524592398127
0.9606684216440838
0.9607700381839092
0.9608848050994766
0.9609338201363335
0.9609684893087446
0.9611418351707994
0.9612362787784018
0.9612589930637745
0.9613139855441506
0.9613916923098994
0.9614897223836132
0.9615291735108394
0.9617084968164136
0.9617981584692006
0.9618890156106915
0.9620767073371924
0.9621149629757149
0.962265594552397
0.9624102486855601
0.9625453389090927
0.9626063088329878
0.9626457599602142
0.9627007524405902
0.9627067298841093
0.9627354216130012
0.9628023689804155
0.9629003990541294
0.9630629855178499
0.9631849253656403
0.9633008877699114
0.9634084817532559
0.9634515193465937
0.9635758501717917
0.9636176922764257
0.9638639629494141
0.9638842862573792
0.9639882937746121
0.9640074215938733
0.9640337223453576
0.964079150916103
0.9642752110635306
0.9644629027900316
0.9645800606830066
0.9646242937650482
0.964660158426163
0.9647390606806157
0.9647761208304343
0.9649410982715624
0.9651180305997289
0.9652088877412197
0.965275835108634
0.9653439779647522
0.9654133163095742
0.9654432035271698
0.9654742862334694
0.9655077599171765
0.9655519929992181
0.9656273087875593
0.9656679554034894
0.9657827223190568
0.9658903163024013
0.9659381358505543
0.9659572636698156
0.9659632411133348
0.9660959403594596
0.9661282185544628
0.966176038102616
0.9663768802048589
0.9664450230609771
0.966473714789869
0.9665693538861752
0.9666267373439589
0.9666769478695196
0.9669124591441736
0.9669543012488075
0.9670320080145562
0.9670858050062285
0.9671348200430854
0.9671742711703117
0.9672687147779141
0.9673631583855165
0.9673882636482968
0.9674492335721919
0.9675233538718293
0.9675520456007212
0.9675556320668326
0.9676369252986928
0.9677373463498143
0.9678628726637162
0.9679417749181688
0.9680433914579941
0.9681055568705931
0.9681629403283768
0.9682143463426414
0.9682908576196864
0.968320744837282
0.9683685643854352
0.9684223613771074
0.9684976771654484
0.9685311508491556
0.968590925284347
0.9686722185162072
0.9687750305447363
0.9688766470845617
0.9689495718954951
0.9690284741499477
0.969067925277174
0.9690739027206932
0.9690894440738429
0.9692113839216333
0.969226925274783
0.9692675718907132
0.9693500606112773
0.9695329703829628
0.9696345869227881
0.9697254440642791
0.9697636997028015
0.9698449929346618
0.9698760756409612
0.9699478049631909
0.9699944290226402
0.9700410530820894
0.9700900681189464
0.9701402786445071
0.9702825418002625
0.9703423162354539
0.9704008951819414
0.9704260004447218
0.9704618651058367
0.9704821884138016
0.9705108801426935
0.9705551132247351
0.9705909778858499
0.9706818350273408
0.970708135778825
0.9707284590867901
0.970749977883459
0.9707738876575355
0.9708109478073542
0.9709149553245872
0.9709866846468168
0.9710273312627469
0.9710452635933043
0.9710954741188651
0.971122970359053
0.971137316223499
0.9711588350201679
0.9712210004327669
0.9714110831366755
0.9715150906539084
0.9715533462924308
0.9716991959142978
0.9717553838833777
0.9717888575670849
0.9718115718524576
0.9718976470391332
0.9719741583161781
0.9720291507965542
0.9720614289915575
0.9720865342543379
0.9721104440284144
0.9721570680878636
0.9722299928987971
0.9723316094386224
0.9724152936478904
0.9724882184588238
0.9725085417667888
0.9726567823660635
0.9727309026657007
0.9727572034171849
0.9727787222138538
0.9727966545444112
0.9728229552958955
0.9728432786038604
0.9728612109344179
0.9729138124373863
0.9729855417596159
0.973013037999804
0.9730321658190652
0.9730704214575876
0.9731481282233364
0.9731875793505628
0.9732485492744579
0.973282022958165
0.9733465793481717
0.9734159176929937
0.9734888425039272
0.9735605718261569
0.9736311056596826
0.973690880094874
0.9737386996430271
0.9738056470104414
0.9738211883635911
0.9738486846037792
0.9738833537761902
0.9739000906180437
0.9739909477595347
0.9740626770817643
0.9741547297119589
0.9741953763278891
0.9742838424919723
0.9743950229414282
0.9744416470008775
0.9744822936168076
0.9745289176762568
0.9745540229390373
0.9746209703064516
0.9746628124110855
0.9747142184253501
0.9748265943635098
0.9749425567677811
0.9750130906013069
0.9750943838331672
0.9751445943587279
0.9751637221779892
0.9752103462374384
0.9752426244324417
0.9752844665370757
0.9753466319496747
0.9754099928509775
0.9754219477380158
0.9754673763087612
0.9755510605180292
0.9756024665322938
0.9756263763063703
0.9756538725465583
0.9757554890863837
0.9759838274288146
0.9760651206606749
0.9761105492314203
0.9761583687795734
0.9761727146440193
0.9761942334406882
0.9762336845679145
0.9762707447177331
0.9763233462207016
0.9763974665203389
0.9764500680233072
0.9764954965940527
0.9765134289246101
0.9765373386986866
0.9765672259162823
0.9766054815548048
0.9766437371933273
0.9766891657640727
0.9767310078687067
0.9767680680185253
0.9768816394453889
0.9769186995952075
0.9769689101207683
0.9770227071124405
0.9771111732765237
0.9772044213954222
0.9773000604917285
0.977371789813958
0.9774506920684106
0.9775558950743475
0.9776156695095388
0.9776395792836153
0.9777005492075105
0.9777543461991828
0.9777818424393708
0.9778069477021512
0.9778559627390081
0.9779157371741994
0.9779707296545755
0.978050827397732
0.9781763537116338
0.9782791657401629
0.978319812356093
0.9783748048364691
0.978478812353702
0.9785672785177852
0.978644985283534
0.9787047597187254
0.9787800755070666
0.9788135491907737
0.9788709326485574
0.9788936469339301
0.9789354890385641
0.9789582033239368
0.9790084138494975
0.9790586243750583
0.9791506770052529
0.9792020830195175
0.9792510980563744
0.9793168499350849
0.9794567221134327
0.9795595341419618
0.9796659326366025
0.9797376619588322
0.9797926544392082
0.9798105867697656
0.9798870980468105
0.9799648048125593
0.9800054514284895
0.9800903311264612
0.9801321732310951
0.9801524965390602
0.9801632559373946
0.9801823837566559
0.9802122709742516
0.9802517221014778
0.9803401882655611
0.980382030370195
0.9804190905200136
0.9804406093166825
0.9804681055568706
0.9805075566840968
0.9805374439016926
0.9805780905176227
0.9806665566817059
0.9807370905152317
0.9807610002893082
0.9808100153261652
0.9809068499111752
0.9809582559254397
0.9810012935187775
0.9810622634426728
0.9811351882536062
0.9811686619373133
0.9812176769741703
0.9812690829884348
0.9813360303558492
0.9813695040395564
0.9814759025341969
0.981545240879019
0.9816169702012486
0.9816576168171787
0.9817377145603351
0.9817795566649691
0.9818190077921953
0.9818728047838676
0.9818883461370174
0.9819457295948011
0.9820389777136996
0.9820545190668494
0.9820772333522221
0.9821166844794483
0.9822183010192737
0.9823330679348411
0.9824239250763319
0.98245142131652
0.9824908724437463
0.9825100002630075
0.9825877070287563
0.9826486769526515
0.9827048649217314
0.9827610528908113
0.9828208273260026
0.9828794062724902
0.9829511355947198
0.9830037370976882
0.9830384062700992
0.9830551431119527
0.9830766619086216
0.9831244814567747
0.9831854513806699
0.9831902333354852
0.9832069701773388
0.9832727220560493
0.9832990228075335
0.9833313010025369
0.9833564062653172
0.9833946619038396
0.9834281355875468
0.9834604137825501
0.9835082333307033
0.9835739852094137
0.9835919175399712
0.9836122408479362
0.9836660378396085
0.983717443853873
0.9837533085149879
0.9837748273116568
0.9837999325744371
0.9838393837016634
0.9838740528740744
0.9838872032498165
0.9839421957301926
0.983987624300938
0.984015120541126
0.984049789713537
0.9841203235470628
0.9841908573805886
0.9842183536207766
0.9842518273044838
0.9842793235446718
0.9843104062509713
0.9843486618894938
0.9843845265506086
0.984422782189131
0.9844419100083923
0.9844682107598766
0.9845028799322875
0.9845506994804406
0.9846319927123008
0.9847013310571229
0.9847407821843491
0.9847981656421329
0.9848400077467668
0.9848543536112128
0.9848639175208433
0.9848746769191777
0.9849045641367735
0.9849882483460414
0.9850504137586404
0.9851592032306886
0.9852512558608834
0.985281143078479
0.9852978799203327
0.9853253761605206
0.9853468949571895
0.9854114513471962
0.9854509024744226
0.9854748122484991
0.9854867671355373
0.9855465415707287
0.985620661870366
0.9856708723959268
0.9857210829214875
0.9857545566051946
0.9858860603626156
0.9859565941961415
0.9859852859250333
0.9860211505861481
0.986042669382817
0.9860821205100433
0.9861132032163428
0.9861359175017155
0.9861705866741265
0.9861837370498686
0.9862219926883911
0.9862494889285791
0.9863008949428437
0.9863319776491432
0.986395338550446
0.9865316242626824
0.9866272633589885
0.9866475866669536
0.9866798648619569
0.9867611580938171
0.986797022754932
0.9868233235064162
0.9868496242579003
0.9868711430545692
0.9868759250093846
0.9869189626027224
0.9869428723767989
0.9869787370379137
0.986997864857175
0.987052857337551
0.987122195682373
0.9871473009451533
0.9871783836514528
0.9872010979368256
0.987226203199606
0.9873194513185045
0.9873744437988805
0.987419872369626
0.9874497595872217
0.9875155114659322
0.9875740904124197
0.9876290828927957
0.9876888573279871
0.9877091806359521
0.9877151580794713
0.9877342858987326
0.987772541537255
0.9878131881531852
0.9878370979272617
0.9878466618368923
0.9878574212352268
0.9878861129641187
0.9879028498059722
0.9879411054444946
0.9879566467976444
0.987966210707275
0.988008052811909
0.9881204287500688
0.98813955656933
0.9881981355158175
0.9882196543124864
0.988250737018786
0.9883021430330505
0.9883224663410155
0.9883392031828692
0.9883595264908341
0.9883726768665763
0.9884133234825064
0.9884599475419557
0.9885149400223318
0.9885567821269656
0.9885854738558575
0.9886022106977111
0.9886285114491953
0.9886823084408676
0.9887564287405048
0.9888042482886579
0.988824571596623
0.9888616317464416
0.9888903234753335
0.9889094512945947
0.9889381430234866
0.9889584663314517
0.9890409550520157
0.9891557219675832
0.9892286467785166
0.9892692933944467
0.9892967896346347
0.9893517821150108
0.9893948197083485
0.9894557896322438
0.989474917451505
0.9895107821126198
0.9895609926381805
0.9895968572992954
0.9896219625620758
0.9896470678248561
0.9896948873730093
0.9897080377487513
0.9897307520341241
0.9897546618082006
0.989800090378946
0.9898287821078379
0.9898479099270991
0.9898754061672871
0.9899088798509943
0.9899543084217397
0.989980609173224
0.990015278345635
0.9900248422552655
0.9900427745858229
0.9900678798486033
0.9900882031565684
0.9901025490210144
0.9901372181934253
0.9901563460126865
0.9901862332302822
0.9902519851089927
0.990284263303996
0.99032610540863
0.9903344738295567
0.9903380602956683
0.9903667520245601
0.9903966392421558
0.990450436233828
0.9904647820982739
0.9904910828497582
0.9905424888640227
0.9905711805929146
0.9905986768331027
0.99061660916366
0.9906321505168098
0.9906393234490327
0.9906704061553322
0.990693120440705
0.9907528948758964
0.9907815866047882
0.9907983234466418
0.990844947506091
0.9908616843479446
0.9908903760768365
0.99090711291869
0.9909549324668431
0.9910135114133306
0.9910505715631494
0.9910708948711143
0.9910840452468564
0.9910971956225986
0.9911175189305637
0.9912107670494622
0.9912645640411344
0.9912884738152109
0.9913135790779913
0.9913231429876219
0.9913243384763257
0.9913303159198449
0.9913446617842908
0.9914128046404089
0.9914618196772659
0.9914797520078232
0.9914976843383807
0.9915395264430147
0.9915801730589447
0.9916112557652442
0.9916375565167285
0.9916530978698782
0.9916626617795088
0.9916793986213625
0.9916925489971046
0.9917009174180313
0.9917272181695155
0.9917499324548882
0.9917810151611878
0.9918061204239681
0.9918479625286021
0.9918886091445321
0.9918957820767551
0.9919280602717585
0.9919555565119466
0.9920069625262111
0.992041631698622
0.9920751053823292
0.9920978196677019
0.9921026016225173
0.9921265113965938
0.9921850903430813
0.9922161730493808
0.9922257369590115
0.992242473800865
0.9922711655297569
0.9923046392134641
0.9923261580101329
0.9923680001147669
0.9923943008662511
0.9924289700386622
0.9924552707901463
0.9924743986094076
0.9924995038721879
0.9925186316914492
0.9925365640220065
0.9925867745475673
0.9926357895844242
0.9926848046212812
0.9927063234179501
0.9927433835677687
0.9927637068757337
0.9928055489803677
0.9928342407092595
0.992858150483336
0.9928677143929667
0.9928964061218586
0.9929609625118653
0.9929717219101997
0.9930267143905758
0.9930506241646523
0.9930566016081714
0.9930840978483594
0.9931414813061431
0.9931928873204077
0.9932096241622613
0.9932263610041149
0.9932311429589302
0.9932407068685608
0.9932693985974527
0.9933052632585675
0.9933387369422746
0.9933566692728321
0.9933662331824626
0.9934224211515426
0.9934475264143229
0.9934750226545109
0.9935049098721066
0.9935144737817372
0.993557511375075
0.9935957670135975
0.9936280452086008
0.9936459775391583
0.9936555414487889
0.9936734737793462
0.9936866241550883
0.9936926015986075
0.9937212933274994
0.9937452031015759
0.9937870452062099
0.9938288873108438
0.9938599700171433
0.9938994211443696
0.9939305038506692
0.9939544136247457
0.994028533924383
0.9940823309160551
0.994103849712724
0.9941170000884662
0.9941277594868007
0.9941504737721734
0.9941707970801383
0.9941815564784728
0.9941923158768072
0.9942078572299571
0.9942413309136642
0.9942819775295944
0.9943166467020053
0.9943297970777474
0.9943441429421933
0.9943560978292316
0.994366857227566
0.9943895715129387
0.9943919624903464
0.9944027218886808
0.9944051128660886
0.9944086993322
0.9944218497079421
0.9944385865497957
0.9944493459481302
0.9944672782786875
0.9944935790301718
0.9945174888042483
0.9945413985783248
0.9945700903072167
0.9945844361716626
0.9945940000812933
0.9946334512085195
0.9946609474487076
0.9947159399290836
0.9947362632370487
0.9947518045901984
0.9947733233868673
0.9948295113559472
0.9948641805283582
0.9948880903024347
0.9949108045878075
0.9949299324070687
0.9949502557150337
0.9949741654891103
0.9949801429326294
0.9950016617292983
0.9950207895485595
0.99504589481134
0.99508654142727
0.9951475113511652
0.9951690301478341
0.9951845715009839
0.9952001128541337
0.9952036993202451
0.9952168496959872
0.9952467369135829
0.9952778196198824
0.9953758496935963
0.995391391046746
0.9954117143547111
0.9954750752560139
0.9955169173606478
0.9955312632250938
0.9955480000669473
0.9955838647280622
0.9956041880360272
0.9956149474343617
0.9956424436745497
0.9956783083356645
0.9956926542001104
0.9957022181097411
0.9957093910419641
0.9957165639741871
0.9957309098386329
0.9957416692369674
0.9957452557030788
0.9957715564545631
0.9957811203641936
0.9958086166043817
0.9958361128445697
0.9958648045734616
0.9958899098362419
0.9959114286329108
0.9959484887827295
0.9959771805116213
0.995993917353475
0.9960238045710706
0.9960465188564434
0.9960584737434816
0.9960728196079275
0.996090751938485
0.99611107524645
0.9961541128397878
0.9961720451703452
0.9961840000573835
0.9962055188540524
0.9962234511846098
0.9962318196055365
0.9962401880264633
0.9962736617101705
0.9963298496792504
0.9963728872725882
0.996381255693515
0.9963920150918494
0.9964338571964834
0.9964661353914867
0.996478090278525
0.9965294962927895
0.9965581880216814
0.9965653609539044
0.9965773158409427
0.9965844887731656
0.9965964436602038
0.9966083985472421
0.9966227444116881
0.9966657820050259
0.9966837143355832
0.9966968647113253
0.996719578996698
0.9967303383950326
0.9967399023046631
0.9967769624544818
0.9968152180930042
0.9968355414009693
0.9968427143331923
0.9968546692202306
0.9968797744830109
0.9969096617006066
0.996927594031164
0.9969443308730176
0.9969574812487597
0.9969718271132056
0.9969849774889477
0.9970041053082089
0.9970304060596932
0.99703877448062
0.9970399699693238
0.9970507293676582
0.9970674662095118
0.9970818120739577
0.9970961579384037
0.9971152857576648
0.997121263201184
0.997148759441372
0.9971702782380409
0.9971846241024869
0.9971953835008213
0.9972025564330442
0.9972276616958247
0.997252766958605
0.9972539624473088
0.9972742857552739
0.9972862406423122
0.9972993910180543
0.9973101504163887
0.9973173233486117
0.9973280827469462
0.9973615564306533
0.9973723158289878
0.9973902481595451
0.9974201353771408
0.9974392631964021
0.9974715413914054
0.9974858872558513
0.9974954511654819
0.997515774473447
0.9975253383830777
0.9975492481571542
0.9975875037956766
0.9976233684567914
0.9976520601856833
0.9976592331179063
0.9976616240953139
0.9976735789823522
0.9976807519145752
0.9976855338693905
0.9977154210869862
0.9977357443949512
0.9977488947706933
0.9977608496577316
0.9977740000334737
0.9977799774769929
0.997799105296254
0.9978122556719962
0.9978194286042191
0.9978266015364421
0.9978517067992224
0.9978732255958913
0.9978875714603372
0.9979174586779329
0.9979353910084904
0.9979473458955286
0.9979545188277515
0.997972451158309
0.997986797022755
0.99800712033072
0.9980178797290544
0.9980298346160927
0.9980417895031309
0.9980537443901693
0.9980704812320228
0.9980788496529497
0.9980931955173955
0.9980991729609147
0.9981015639383224
0.99810395491573
0.998111127847953
0.9981230827349913
0.998138624088141
0.998145797020364
0.9981493834864754
0.9981637293509213
0.9981816616814788
0.9981876391249979
0.9982187218312975
0.9982223082974089
0.998228285740928
0.9982510000263007
0.9982533910037084
0.9982545864924123
0.9982677368681543
0.9982784962664888
0.9982808872438964
0.9982892556648232
0.9982940376196385
0.9983036015292691
0.9983143609276036
0.998317947393715
0.9983263158146418
0.9983406616790877
0.9983514210774223
0.9983585940096452
0.9983681579192758
0.9983825037837217
0.9984100000239098
0.9984171729561327
0.9984267368657633
0.998436300775394
0.9984578195720628
0.9984745564139165
0.9984757519026203
0.9984900977670662
0.9984936842331776
0.998498466187993
0.9984996616766968
0.9985020526541045
0.9985080300976236
0.9985247669394772
0.9985319398717002
0.9985391128039232
0.9985510676909614
0.9985546541570729
0.998560631600592
0.9985761729537418
0.9985833458859648
0.9985929097955953
0.998595300773003
0.9985988872391145
0.9986036691939297
0.9986132331035604
0.9986204060357834
0.9986407293437485
0.998657466185602
0.9986634436291212
0.9986742030274556
0.9986849624257901
0.9986981128015321
0.9987088721998666
0.9987172406207934
0.9987327819739431
0.9987495188157967
0.9987566917480196
0.9987734285898733
0.9987782105446885
0.9987806015220962
0.9987853834769115
0.9987877744543192
0.9987901654317268
0.9988009248300613
0.9988092932509881
0.9988272255815455
0.9988355940024722
0.9988415714459914
0.9988463534008067
0.9988499398669182
0.9988571127991411
0.9988666767087718
0.9988714586635871
0.9988750451296986
0.998885804528033
0.9988881955054407
0.998892977460256
0.9989037368585905
0.9989300376100746
0.9989431879858167
0.9989635112937818
0.9989730752034124
0.9989802481356354
0.9989957894887851
0.9990041579097119
0.9990077443758234
0.9990220902402693
0.9990280676837885
0.9990352406160115
0.9990388270821229
0.9990471955030497
0.9990495864804574
0.9990531729465688
0.9990603458787918
0.9990675188110147
0.9990734962545339
0.9990818646754607
0.9990902330963874
0.9991021879834258
0.9991081654269449
0.9991249022687985
0.9991356616671329
0.9991404436219482
0.9991428345993558
0.9991464210654674
0.9991631579073209
0.9991739173056554
0.9991751127943592
0.9991786992604706
0.9991942406136204
0.9992014135458434
0.9992050000119549
0.9992193458764008
0.9992229323425122
0.9992277142973276
0.9992348872295506
0.9992480376052927
0.9992576015149233
0.9992623834697386
0.9992743383567768
0.9992850977551113
0.9992886842212227
0.9992922706873343
0.9993090075291878
0.9993161804614108
0.9993245488823376
0.9993376992580797
0.9993448721903027
0.999349654145118
0.9993544360999332
0.9993604135434524
0.9993711729417869
0.9993771503853061
0.9993807368514175
0.9993807368514175
0.9993819323401213
0.9993891052723443
0.9994010601593826
0.9994189924899399
0.9994189924899399
0.9994225789560515
0.9994237744447553
0.9994309473769782
0.9994333383543859
0.9994345338430897
0.9994429022640166
0.999446488730128
0.9994476842188318
0.9994500751962395
0.9994560526397586
0.9994620300832777
0.9994644210606854
0.9994692030155007
0.9994835488799466
0.9994871353460582
0.9994955037669849
0.9995026766992079
0.9995062631653193
0.9995146315862461
0.9995218045184691
0.9995277819619882
0.9995385413603227
0.9995600601569916
0.9995672330892146
0.9995696240666222
0.9995720150440298
0.9995744060214375
0.999577992487549
0.9995827744423643
0.9995887518858835
0.9995971203068102
0.9996102706825524
0.9996234210582944
0.9996258120357021
0.9996353759453327
0.9996413533888518
0.9996461353436671
0.9996509172984824
0.9996521127871862
0.9996580902307054
0.9996640676742246
0.9996688496290399
0.9996724360951513
0.9996736315838551
0.999674827072559
0.9996796090273743
0.9996855864708935
0.9996879774483011
0.9996927594031164
0.999702323312747
0.9997071052675623
0.9997118872223776
0.9997178646658967
0.9997226466207121
0.9997310150416389
0.9997393834625656
0.999744165417381
0.9997465563947886
0.999751338349604
0.9997537293270116
0.9997549248157154
0.9997573157931231
0.9997597067705307
0.9997620977479383
0.9997644887253461
0.9997656842140499
0.9997680751914575
0.999771661657569
0.999778834589792
0.9997812255671996
0.9997895939881264
0.9997931804542379
0.9997943759429417
0.9997943759429417
0.9997967669203494
0.9998039398525723
0.9998087218073877
0.9998146992509068
0.9998218721831298
0.9998278496266488
0.9998314360927604
0.9998350225588718
0.9998398045136871
0.9998445864685025
0.9998481729346139
0.9998481729346139
0.9998517594007255
0.9998553458668369
0.9998625187990599
0.9998649097764675
0.9998673007538752
0.9998720827086904
0.9998780601522096
0.9998816466183211
0.9998864285731364
0.9998924060166555
0.9998959924827671
0.9999007744375823
0.9999079473698053
0.999910338347213
0.999910338347213
0.9999139248133244
0.9999151203020282
0.9999199022568436
0.9999199022568436
0.9999210977455474
0.9999246842116589
0.9999282706777703
0.999930661655178
0.999930661655178
0.9999318571438819
0.9999342481212895
0.9999354436099933
0.9999414210535125
0.9999426165422163
0.9999485939857354
0.999950984963143
0.9999545714292546
0.9999557669179584
0.999958157895366
0.999965330827589
0.9999701127824043
0.9999760902259235
0.9999820676694426
0.9999880451129617
0.999992827067777
0.9999964135338886
0.9999976090225924
0.9999988045112962
0.9999988045112962
0.9999988045112962
1.0
1.0
1.0
