0.0002737669131764374
0.0005307969844992934
0.0008272781830484483
0.0010926766752980951
0.0013222105064329248
0.0015816315551634352
0.0018661578666743178
0.0021207969605895193
0.0023730450770970664
0.002642030035458195
0.002905037550300187
0.0031871728844034154
0.0034394210009109625
0.003725142801125672
0.003996518736894455
0.004273872116182374
0.004535684142320539
0.004836947295685003
0.005119082629788231
0.005404804430002941
0.005674984877067897
0.005964293143394088
0.006218932237309289
0.006467593887705355
0.006723428470324384
0.006988826962574031
0.007256616432231332
0.007519623947073324
0.0078053457472880335
0.008087481081391262
0.008328969799564365
0.008574044983848948
0.00881553370202205
0.009071368284641078
0.009322420912444798
0.009614120156178645
0.009869954738797673
0.010128180298824356
0.010425856986077339
0.010711578786292048
0.010999691563914412
0.011253135169125787
0.01149821035341037
0.011765999823067672
0.0120349847814288
0.012295601318863139
0.012572954698151057
0.01284433063391984
0.013109729126169487
0.01338110506193827
0.01363215768974199
0.013935811820514107
0.014221533620728817
0.014502473466128218
0.014784608800231447
0.015052398269888748
0.015329751649176666
0.015616668938095204
0.01589999976090226
0.016152247877409806
0.016420037347067106
0.016677067418389965
0.016952029820270227
0.017213841846408392
0.01749239071440014
0.01776615762757658
0.018018405744084125
0.018264676417072537
0.01854322528506428
0.018826556107871338
0.019081195201786538
0.019384849332558657
0.019645465869992995
0.019906082407427333
0.020177458343196116
0.020453616233780208
0.020719014726029855
0.02097604479735271
0.02126057110886359
0.021537924488151512
0.021800932002993503
0.022086653803208213
0.02237715755823823
0.022631796652153435
0.022925886873294936
0.023208022207398163
0.023462661301313362
0.023705345508190295
0.02396118009080932
0.02423016504917045
0.024476435722158862
0.02474183421440851
0.025038315412957663
0.02531566879224558
0.02561454096820239
0.025895480813601792
0.026159683817147613
0.02640714997883985
0.026677330425904807
0.026937946963339142
0.027215300342627063
0.027475916880061402
0.027747292815830184
0.028041383036971682
0.028305586040517503
0.02855305220220974
0.02883160107020149
0.029093413096339654
0.029343270235439544
0.029627796546950427
0.02988243564086563
0.030146638644411448
0.030433555933329987
0.030706127357802596
0.030970330361348417
0.03125007471804399
0.03149514990232857
0.031758157417170564
0.032048661172200586
0.03231047319833875
0.03257706717929222
0.03283529273931891
0.03311503709601448
0.03342108220419425
0.03369724009477834
0.033963834075731815
0.03425553331946567
0.034516149856900005
0.03480545812322619
0.03506727014936436
0.0353278866867987
0.035624367885347855
0.03586585660352095
0.0361312550957706
0.03639545809931642
0.03664292426100866
0.036926255083815716
0.0372155633501419
0.03749889417294896
0.03777624755223688
0.03805120995411714
0.03830106709321704
0.038579615961208784
0.038854578363089046
0.03912595429885783
0.03939733023462661
0.03964957835113416
0.03992095428690294
0.04019830766619086
0.04049239788733236
0.040797247506808305
0.04107818735220771
0.041384232460387485
0.0416484354639333
0.041905465535256155
0.04218520989195173
0.042456585827720515
0.042720788831266336
0.04299933769925808
0.04327549558984217
0.04353491663857268
0.0438122700178606
0.044099187306779135
0.0443430670023599
0.04462281135905547
0.0449180970689008
0.04519545044818871
0.045450089542103916
0.04574298427454159
0.04605381133753667
0.04633236020552842
0.046606127118704856
0.04686315719002771
0.04713811959190797
0.047427427858234165
0.04769402183918764
0.047965397774956425
0.04824394664294817
0.04851651806742078
0.048775939116151294
0.04903177369877032
0.049312713544169724
0.049609194742718875
0.04987698421237618
0.05014955563684879
0.05040539021946781
0.05070545788412845
0.05096368344415514
0.051232668402516265
0.05151241275921184
0.05180650298035334
0.05207070598389916
0.052339690942260285
0.05260030747969462
0.05285972852842513
0.05316577363660491
0.05345029994811579
0.053713307462957785
0.05400500670669163
0.05426323226671831
0.054534608202487095
0.05480478864955205
0.055071382630505525
0.05533080367923603
0.055585442773151236
0.05585084126540088
0.05610548035931608
0.056406743512680546
0.05665062320826131
0.05688852546032293
0.05717783372664912
0.057455187105937035
0.057727758530409644
0.05798717957914016
0.05827170589065104
0.058564600623088714
0.05882402167181922
0.059090615652772696
0.059352427678910864
0.05962499910338347
0.05990952541489435
0.06016775097492104
0.06046662315087785
0.06072126224479305
0.060987856225746526
0.061273578025961235
0.0615353900520994
0.06179242012342225
0.06208531485585993
0.06237342763348229
0.0626280667273975
0.06287553288908973
0.06316245017800827
0.06345414942174211
0.06375063062029127
0.06404232986402511
0.06427784113867908
0.06454921707444786
0.06480026970225158
0.0650644727057974
0.06532389375452792
0.06560244262251966
0.06588099149051141
0.0661750817116529
0.06645482606834847
0.0667190290718943
0.0669916004963669
0.06724026214676297
0.06748653281975138
0.06776866815385461
0.06804363055573488
0.06830305160446538
0.06859235987079158
0.06885536738563357
0.0691327207649215
0.06938257790402139
0.06965634481719782
0.0699277207529666
0.07017638240336267
0.07045134480524294
0.0706868560798969
0.07097257788011162
0.07124395381588039
0.07151293877424152
0.07179268313093709
0.07207720944244798
0.07234021695728997
0.07260561544953961
0.07291524702383087
0.0731710816064499
0.07343528460999572
0.07374013422947166
0.07402944249579786
0.07428647256712072
0.07457458534474308
0.07482444248384297
0.07512570563720744
0.07540305901649536
0.07567204397485648
0.07594341991062527
0.07622914171083997
0.07648138982734752
0.07676830711626606
0.07698349508295496
0.07725845748483523
0.07752266048838105
0.0777665401839618
0.07802715672139614
0.07831287852161085
0.07862131460719828
0.07888193114463261
0.07913298377243634
0.07939718677598215
0.07968769053101217
0.07995069804585417
0.08024478826699566
0.0805137732253568
0.0807994950255715
0.08104935216467139
0.08131594614562487
0.08154787095416735
0.08179892358197108
0.08207269049514751
0.0823273295890627
0.0826166378553889
0.08289877318949214
0.08315460777211116
0.08343913408362204
0.08369377317753725
0.08395558520367541
0.08421739722981357
0.08449594609780532
0.08476971301098175
0.08506738969823474
0.08531724683733463
0.0855659084877307
0.08586238968627985
0.08613017915593715
0.08643383328670927
0.08670640471118188
0.08696702124861622
0.08723122425216204
0.08748705883478107
0.08777397612369961
0.08807404378836024
0.0883310738596831
0.08860005881804423
0.08886545731029387
0.08913205129124735
0.08939864527220082
0.08967958511760023
0.08994737458725753
0.09021994601173014
0.09049610390231423
0.090767479838083
0.09104841968348241
0.09132218659665885
0.09160790839687356
0.09187928433264234
0.09218413395211829
0.09246387830881386
0.09273525424458265
0.09298750236109019
0.09327441965000872
0.09355775047281578
0.09382793091988074
0.09411484820879927
0.09437307376882596
0.09461097602088758
0.09485844218257981
0.0951166677426065
0.09536054743818725
0.09564029179488283
0.09590329930972483
0.09617706622290126
0.09644724666996622
0.09670666771869672
0.0969601113239081
0.09721594590652713
0.09748612635359208
0.09776706619899149
0.09803007371383347
0.09830264513830608
0.09857402107407487
0.09883224663410155
0.09909405866023972
0.0993475022654511
0.09960931429158926
0.09991894586588052
0.10019629924516843
0.1005023443533482
0.10076893833430169
0.10103194584914367
0.1013057127623201
0.1015687202771621
0.10184487816774619
0.1020863668859193
0.10237328417483783
0.10264944206542193
0.1029291864221175
0.10319219393695948
0.10345400596309766
0.10371701347793964
0.10399317136852373
0.10427650219133079
0.10455863752543403
0.10483240443861046
0.10512051721623282
0.10539069766329778
0.10566685555388187
0.10593225404613152
0.10619765253838116
0.10648576531600353
0.10679061493547948
0.10706079538254443
0.10734173522794384
0.10760952469760113
0.10787850965596225
0.10813673521598895
0.10841050212916538
0.10867111866659972
0.10891738933958812
0.10917561489961482
0.1094338404596415
0.10971836677115238
0.10996224646673314
0.11022166751546365
0.11051575773660514
0.11078832916107775
0.11106448705166184
0.11131434419076174
0.11157615621689991
0.11186187801711461
0.11213444944158722
0.11239506597902156
0.11271545695164727
0.11296531409074716
0.11324266747003507
0.11350208851876559
0.11379259227379561
0.11408907347234476
0.11434729903237144
0.11462345692295553
0.11488765992650135
0.11515664488486248
0.11540650202396238
0.11566472758398906
0.11591936667790426
0.11619911103459983
0.11647168245907244
0.1167813140333637
0.11705029899172482
0.11728939673249028
0.11757750951011264
0.11789550950533069
0.11820155461351045
0.11847053957187159
0.11873115610930593
0.11898340422581347
0.1192655395599167
0.11953093805216634
0.11977720872515475
0.12004619368351588
0.1203366974385459
0.12062361472746444
0.12088184028749112
0.12113050193788719
0.12138155456569091
0.12163738914830993
0.12189920117444811
0.1221932913955896
0.12245151695561629
0.12272767484620038
0.12300144175937681
0.12324412596625374
0.1235143064133187
0.12377970490556835
0.12406064475096774
0.12430930640136381
0.12456992293879815
0.12481978007789804
0.1251078928555204
0.12539361465573512
0.12567455450113452
0.12594234397079182
0.12620296050822616
0.12646596802306814
0.1267218026056872
0.12701828380423633
0.12731356951408165
0.12755386274355093
0.1278599078517307
0.12813845671972246
0.1284038552119721
0.12865132137366433
0.1289262837755446
0.12921081008705548
0.1295228326387544
0.12983485519045332
0.13011699052455653
0.13037162961847173
0.13061192284794101
0.13092035893352844
0.1311989078015202
0.1314583288502507
0.13171177245546206
0.13197358448160024
0.13223300553033074
0.13250916342091484
0.13277814837927596
0.13306147920208303
0.13331372731859056
0.13357793032213638
0.13387919347550084
0.13414220099034285
0.13441955436963077
0.13469810323762252
0.13495991526376067
0.13524922353008687
0.13552418593196713
0.13576687013884406
0.13605378742776258
0.13631559945390076
0.13659056185578103
0.1368571558367345
0.13714526861435686
0.13741066710660652
0.13768562950848678
0.13797732875222063
0.13825587762021235
0.1385248625785735
0.13879504302563844
0.13907478738233403
0.13937126858088317
0.13962949414090986
0.13992358436205135
0.14019376480911633
0.14047111818840424
0.14073412570324623
0.141005501639015
0.14129241892793354
0.1415494489992564
0.14182441140113666
0.14207068207412507
0.14232053921322496
0.1425990880812167
0.14285970461865105
0.14312151664478923
0.14338571964833505
0.1436989376887378
0.14394042640691088
0.14420104294434521
0.1444640504591872
0.1447437948158828
0.14501636624035538
0.1452674188681591
0.14554357675874321
0.1457970203639546
0.14605405043527744
0.14633499028067684
0.14658723839718438
0.1468382910249881
0.14708695267538416
0.14737147898689507
0.14765600529840595
0.1479261857454709
0.1482035391247588
0.1484617646847855
0.14875824588333464
0.14904994512706848
0.149309366175799
0.14955802782619507
0.14984255413770595
0.1500995842090288
0.15037813307702055
0.15064592254667786
0.1509196894598543
0.15120182479395752
0.15148276463935692
0.15174696764290274
0.15200041124811411
0.15227059169517906
0.1525527270292823
0.15278704281523245
0.1530787420589663
0.15334174957380828
0.15360714806605794
0.15386656911478844
0.15416663677944908
0.1544667044441097
0.15469982474135602
0.15496880969971716
0.15524855405641272
0.1555115615712547
0.15577217810868904
0.15602562171390041
0.15629102020615007
0.15656598260803034
0.15684214049861442
0.15712905778753297
0.15739684725719028
0.15766463672684758
0.1579599224366929
0.1582145615306081
0.15848354648896923
0.15875372693603418
0.1589868472332805
0.1592546367029378
0.15951764421777978
0.15979858406317918
0.16010343368265514
0.16038198255064687
0.16062347126881998
0.1608781103627352
0.1611602456968384
0.16143281712131102
0.16171375696671042
0.16197078703803328
0.16226129079306328
0.1625422306384627
0.1628183885290468
0.16311247875018828
0.163363531377992
0.16361936596061105
0.16390389227212193
0.16418124565140985
0.16447653136125517
0.16476464413887754
0.16505873436001903
0.16531815540874956
0.16561344111859488
0.16588601254306748
0.16616934336587452
0.1664610426096084
0.16672644110185803
0.1669978170376268
0.16724647868802286
0.16752502755601462
0.16779042604826427
0.16803789220995652
0.16830568167961382
0.16856629821704816
0.1688316967092978
0.16912698241914312
0.16944498241436118
0.16973668165809502
0.17003196736794035
0.17029617037148617
0.1705388545783631
0.1708197944237625
0.17109117035953128
0.17137450118233832
0.17164348614069946
0.17192920794091415
0.17218026056871788
0.17243250868522544
0.17270866657580952
0.17296330566972473
0.17324065904901265
0.1735192079170044
0.17380612520592292
0.17409782444965677
0.17439430564820593
0.17466448609527088
0.17490358383603632
0.17514029059939412
0.17541405751257055
0.17567826051611637
0.17596278682762725
0.1762449221617305
0.1765127116313878
0.17680560636382547
0.1770710048560751
0.17733998981443624
0.17761136575020503
0.17787078679893553
0.1781636815313732
0.17844103491066113
0.17867415520790744
0.1789443356549724
0.17919658377147996
0.17946795970724871
0.17973335819949837
0.17999517022563655
0.18029045593548187
0.1805773732244004
0.18083081682961177
0.1810998017879729
0.18136520028022254
0.1816210348628416
0.18188284688897974
0.18215183184734088
0.18242798973792496
0.18270175665110142
0.1829779145416855
0.18323614010171219
0.18351468896970394
0.1837824784393612
0.18403831302198026
0.18429295211589547
0.1845894333144446
0.18485602729539807
0.1851285987198707
0.18538204232508207
0.1856773280349274
0.18593914006106557
0.18618421524535014
0.18645678666982277
0.18673414004911068
0.18698280169950673
0.18722429041767985
0.18750642575178308
0.18779453852940545
0.1880659144651742
0.18832772649131238
0.18860388438189649
0.18886450091933082
0.1891179445245422
0.18937377910716122
0.18966189188478358
0.18995120015110978
0.19025246330447423
0.19052025277413154
0.1907772828454544
0.1910331174280734
0.191312861784769
0.19157945576572247
0.19183768132574916
0.19214492192263274
0.19241390688099388
0.19267571890713206
0.1929686136395697
0.19324477153015382
0.19352810235296086
0.19381501964187942
0.19408041813412905
0.19434342564897103
0.194613606096036
0.19487780909958183
0.1951886361625769
0.1954659895418648
0.19574095194374508
0.19600874141340238
0.19629326772491326
0.19653475644308638
0.196800154935336
0.19708826771295837
0.1973823579340999
0.19765492935857248
0.19791315491859918
0.19820365867362918
0.19849416242865922
0.19874641054516676
0.1990249594131585
0.1992652526426278
0.19953662857839657
0.19981278646898065
0.20009850826919537
0.2003854255581139
0.2006627789374018
0.20095089171502417
0.20122585411690444
0.2015342902024919
0.20179968869474152
0.20207823756273327
0.2023603728968365
0.2026066435698249
0.20287323755077838
0.2031470044639548
0.20344109468509633
0.2037172525756804
0.20400895181941425
0.20428510970999836
0.2045672450441016
0.2048398164685742
0.20512195180267742
0.20538974127233472
0.20568622247088386
0.2059683578049871
0.20623734276334824
0.20650632772170935
0.2068028089202585
0.20711004951714213
0.20737903447550324
0.20763965101293758
0.2079253728131523
0.20821707205688614
0.2084968164135817
0.20875026001879307
0.2090013126465968
0.2092595382066235
0.20953450060850376
0.20978196677019598
0.21003780135281502
0.21029004946932256
0.21053990660842245
0.21082204194252568
0.21110059081051744
0.21133012464165227
0.21161584644186698
0.21187287651318984
0.21213229756192034
0.21242160582824654
0.21265472612549283
0.21288186897922
0.21314248551665435
0.2134114704750155
0.21367208701244983
0.21397335016581429
0.2142722223417711
0.2145304479017978
0.21480182383756655
0.2150576584201856
0.21530990653669313
0.21562671104320735
0.21588493660323405
0.21615272607289135
0.21644920727144049
0.21673014711683988
0.2170290192927967
0.21732430500264202
0.217594485449707
0.21784195161139921
0.21809419972790678
0.21839187641515975
0.21864173355425964
0.21892386888836288
0.219192853846724
0.21945944782767748
0.21971050045548118
0.21998785383476913
0.22025803428183408
0.22054734254816027
0.2208127410404099
0.22107933502136337
0.22134712449102067
0.22160535005104737
0.22190541771570801
0.2222210267335184
0.22249479364669483
0.22275062822931385
0.22301004927804438
0.2233005530330744
0.22359225227680823
0.22388634249794973
0.224126635727419
0.2243980116631878
0.22468971090692164
0.22496228233139426
0.22525039510901662
0.22550742518033948
0.2257728236725891
0.22603583118743112
0.2262809063717157
0.22654391388655767
0.22681528982232646
0.22707351538235315
0.2273257634988607
0.22760311687814863
0.2279043800315131
0.22816499656894743
0.22842680859508557
0.22871611686141177
0.22895641009088105
0.22923256798146513
0.22952187624779133
0.22977292887559506
0.2300466957887715
0.23030850781490966
0.23057151532975165
0.23084767322033575
0.23112144013351218
0.23137607922742737
0.23165462809541912
0.23194513185044915
0.23222726718455236
0.2324699513914293
0.23276284612386697
0.2330270491274128
0.2333044025067007
0.23356860551024652
0.23383759046860766
0.23408625211900372
0.2343707784305146
0.2346732370725829
0.23494341751964787
0.23520164307967453
0.23545747766229358
0.23570853029009728
0.2359811017145699
0.23624650020681953
0.23653341749573809
0.23679881598798774
0.2370558460593106
0.23731765808544875
0.23761533477270172
0.23785921446828248
0.23814732724590484
0.2384031618285239
0.23864584603540082
0.23889689866320454
0.2391897933956422
0.23944204151214976
0.23970026707217643
0.23996566556442608
0.24023704150019487
0.24049407157151773
0.24073675577839465
0.24102965051083233
0.24130819937882406
0.24157598884848136
0.24184138734073102
0.24211993620872277
0.2424164174072719
0.24270213920748662
0.24298307905288602
0.24323771814680123
0.24350550761645853
0.24377568806352348
0.2440183722704004
0.24428137978524242
0.24458264293860688
0.24482293616807616
0.2450967030812526
0.2453872068362826
0.24566097374945906
0.24591202637726275
0.2461822068243277
0.24646792862454242
0.2467835376423528
0.24707523688608665
0.24733346244611334
0.24762874815595867
0.24787382334024327
0.24812726694545464
0.24838788348288898
0.24869392859106873
0.24896650001554135
0.2492486353496446
0.24952718421763634
0.24980095113081277
0.2500639586456548
0.2503425075136465
0.25061627442682294
0.2508804774303688
0.25112674810335717
0.25136584584412264
0.251653958621745
0.25194207139936736
0.2522026879368017
0.2524943871805355
0.2527358758987086
0.2529976879248468
0.25327982325895004
0.25354043979638435
0.2538297480627106
0.2540867781340334
0.25436174053591365
0.2546534397796475
0.2548985149639321
0.25518184578673914
0.25543409390324673
0.25566960517790066
0.2559338081814465
0.25616334201258134
0.2564550412563152
0.25675271794356813
0.25706952245008236
0.25734089838585117
0.25763140214088115
0.25791114649757674
0.25816219912538046
0.2584527028804105
0.25872527430488307
0.25900740963898633
0.25930149986012785
0.2596039585021961
0.25988968030241083
0.2601610562381796
0.26040254495635273
0.2606906577339751
0.26098713893252423
0.2612489509586624
0.2615358682475809
0.2618144171155727
0.26209894342708356
0.262338041167849
0.2626022441713948
0.26286286070882914
0.2631318456671903
0.2634211539335165
0.26371285317725035
0.2639698832485732
0.2642221313650807
0.2645018757217763
0.2647840110558795
0.2650613644351675
0.26535067270149365
0.2655993343518897
0.2658719057763623
0.2661528456217617
0.2664230260688267
0.26668842456107633
0.2669514320759183
0.267209657635945
0.26745831928634106
0.26773806364303665
0.2680321538641781
0.26827842453716655
0.268586860622754
0.2688558455811151
0.2691296124942915
0.2694117478283948
0.26967355985453295
0.26995091323382087
0.2702234846582935
0.2704864921731355
0.27075547713149656
0.27102685306726537
0.27129464253692265
0.2715576500517647
0.27182065756660667
0.27212670267478645
0.27240405605407436
0.27268977785428905
0.2729563718352425
0.27322416130489985
0.27352422896956047
0.2738410334760747
0.274101650013509
0.27436704850575866
0.27464320639634276
0.2749038229337771
0.27516324398250763
0.2754334244295726
0.27570360487663753
0.27597617630111015
0.27623559734984066
0.27652012366135154
0.27683812365656957
0.27714536425345315
0.277409567256999
0.2776905071023984
0.27795949206075954
0.2782356499513436
0.2784855070904435
0.27875688302621227
0.27904021384901934
0.27929485294293455
0.2795781837657416
0.279886619851329
0.28019027398210117
0.2804484995421278
0.2806983566812277
0.2809685371282927
0.2812470859962844
0.2814957476466805
0.2817862514017105
0.2820600183148869
0.28232661229584044
0.28260755214123984
0.28286697318997034
0.28312280777258936
0.2834013566405811
0.2836559957344963
0.2839094393397077
0.28417961978677264
0.2844545821886529
0.2847295445905332
0.2849841836844484
0.28523882277836354
0.2855078077367247
0.2857803791611973
0.2860338227664087
0.286301612236066
0.28658494305887305
0.28686827388168007
0.2871384543287451
0.2874217851515521
0.28767044680194814
0.2879537776247552
0.28822515356052403
0.28850011596240427
0.2887942061835458
0.28906677760801835
0.2893345670776757
0.2895927926377024
0.28985101819772907
0.29015347683979736
0.29042126630945464
0.29070220615485404
0.29097358209062285
0.2912246347184265
0.2914804693010456
0.2917422813271837
0.29200887530813724
0.2922611234246448
0.2925038076315217
0.29277040161247514
0.2930477549917631
0.29334782265642373
0.29360724370515423
0.29388220610703447
0.2941452136218765
0.2944500632413524
0.29472263466582505
0.29497846924844406
0.29524028127458224
0.2955080707442395
0.2957651008155624
0.29600898051114316
0.2962970932887655
0.29658879253249937
0.2968589729795643
0.2971303489153331
0.29741367973814015
0.2976659278546477
0.2979205669485629
0.29820270228266615
0.29850516092473445
0.2987753413717994
0.29905030377367964
0.2992953789579642
0.2995751233146598
0.299857258648763
0.30012265714101266
0.30042272480567334
0.3006809503657
0.3009798225416568
0.3012727172740945
0.3015297473454173
0.3017915593715555
0.30205815335250896
0.3023223563560548
0.3026331834190499
0.3029117322870416
0.3031902811550334
0.3034640480682098
0.3037282510717556
0.30403788264604686
0.30429849918348123
0.3045890029385112
0.3048735292500221
0.3051700104485713
0.3054258450311903
0.30569602547825525
0.3059685969027279
0.30627464201090765
0.3065197171951922
0.3067815292213304
0.30705290515709915
0.30732428109286797
0.3075896795851176
0.3078610555208864
0.3081216720583207
0.3083715291974206
0.30865246904282
0.30893101791081173
0.309213153244915
0.30950365699994503
0.3097750329357138
0.31002369458610984
0.31030343894280543
0.3105784013446857
0.310846190814343
0.31111517577270414
0.31141524343736476
0.311690205839245
0.3119520178653832
0.31221622086892903
0.31249476973692075
0.31273506296639003
0.31300882987956646
0.31331009303293095
0.31357070957036526
0.3138193712207613
0.31412302535153347
0.3143836418889678
0.3146526268473289
0.31494791255717425
0.3152360253347966
0.31548588247389653
0.3157369351017002
0.3159855967520963
0.3162581681765689
0.3165498674203027
0.31680450651421793
0.3170699050064676
0.3173651907163129
0.3175887471039286
0.31786729597192037
0.31813508544157765
0.3184208072417924
0.31871011550811856
0.31896953655684906
0.3192373260265064
0.3194740327898642
0.31974421323692914
0.3200108072178826
0.32028337864235523
0.32056431848775463
0.32084645382185784
0.3211297846446649
0.32140474704654515
0.3216725365162025
0.32195706282771336
0.32224158913922424
0.3225069876314739
0.3228082507848383
0.3230784312319033
0.3233510026563759
0.32361759663732936
0.3238877770843943
0.32416154399757074
0.3244448748203778
0.3247234236883696
0.3249888221806192
0.32527215300342627
0.3255662432245678
0.32581251389755617
0.32606954396887905
0.32635646125779755
0.32664457403541997
0.3269243183921155
0.3272136266584417
0.32749695748124874
0.3277826792814635
0.32804568679630547
0.328297934912813
0.32856333340506266
0.32886101009231566
0.32914194993771506
0.32940854391866853
0.3296619875238799
0.3299261905274257
0.3302501679661629
0.33052632585674696
0.33078216043936604
0.3310953784797687
0.3313559950172031
0.3316166115546374
0.3318879874904062
0.3321474085391367
0.33241280703138637
0.3326686416140054
0.33297707769959284
0.33325562656758456
0.333529393480761
0.33379359648430684
0.3340673633974833
0.33434830324288267
0.334643588952728
0.3349077919562738
0.33519351375648854
0.33547564909059174
0.33573387465061844
0.3360088370524987
0.3362897768978981
0.3365587618562592
0.3368432881677701
0.33712542350187336
0.33740755883597656
0.33765382950896494
0.33794791973010646
0.3382432054399518
0.33853012272887034
0.33880269415334296
0.33908363399874236
0.33934305504747286
0.339639536246022
0.3398893933851219
0.3401512054112601
0.34042138585832504
0.3406951527715015
0.3409462053993052
0.34121279938025867
0.34147939336121214
0.34175196478568476
0.3420460550068262
0.34232340838611414
0.3426294534942939
0.34290202491876653
0.3431662279223124
0.34344238581289643
0.34371376174866525
0.3440030700149914
0.3442864008377985
0.3445446263978252
0.3448243707545207
0.34511606999825456
0.34539461886624634
0.34564925796016155
0.345923024873338
0.3461979872752182
0.3464789271206176
0.34674910756768257
0.3470384158340088
0.3473121827471852
0.34755008499924683
0.3478417842429807
0.3480725135628193
0.34834388949858813
0.34860091956991096
0.34885555866382617
0.3491484533962639
0.34943297970777476
0.3496720774485402
0.34995899473745873
0.35023276165063516
0.3504981601428848
0.3507862729205072
0.35107438569812954
0.3513577165209366
0.35167691200485846
0.3519435059858119
0.3522304232747305
0.35252331800716813
0.3528197992057173
0.3530684608561134
0.35331353604039795
0.3535980623519088
0.3538981300165695
0.3541838518167842
0.3544743555718142
0.3547827916574016
0.35504699466094747
0.3553219570628277
0.3555718142019276
0.3558611224682538
0.3561623856216183
0.35643137057997937
0.3566800322303755
0.3569573856096634
0.3572383254550628
0.3575216562778698
0.3577990096571578
0.3580572352171844
0.35834415250610296
0.35862628784020617
0.3588940773098635
0.35916067129081697
0.3594392201588087
0.3597309194025426
0.36000588180442283
0.36025812992093037
0.3605283103679953
0.3608044682585794
0.36109497201360946
0.36138188930252796
0.3616711975688542
0.3619437689933268
0.3622282953048377
0.3625068441728294
0.362786588529525
0.3630711148410359
0.3633699870169927
0.36365451332850357
0.36391991182075323
0.36420324264356024
0.36446146820358694
0.36471610729750215
0.36497313736882503
0.3652576636803359
0.36555892683370034
0.3658410621678036
0.3661363478776489
0.3664065283247139
0.36671496441030127
0.36699470876699686
0.36725293432702355
0.36749920500001193
0.36774428018429656
0.36802522002969595
0.3682954004767609
0.3685847087430871
0.36886445309978266
0.3691298515920323
0.36942872376798913
0.3696773854183852
0.36998223503786115
0.37024524255270314
0.3704927087143954
0.37078321246942536
0.37106415231482476
0.3713510696037433
0.3716176635846968
0.3718639342576852
0.37209705455493153
0.3723887537986654
0.37265654326832265
0.37293628762501824
0.37321842295912144
0.3735029492706323
0.37377312971769727
0.37403255076642783
0.3743134906118272
0.3745717161718539
0.37486341541558776
0.37513120488524504
0.37538943044527173
0.375664392847152
0.37596087404570117
0.37626931013128856
0.37656220486372627
0.3768443401978295
0.3771228890658212
0.3774193702643704
0.37766803191476644
0.37794418980535055
0.378245452958715
0.3785610619765254
0.3788240694913674
0.3790978364045438
0.37937040782901643
0.3796178739907087
0.37988207699425447
0.38016182135095006
0.38042004691097675
0.3806926183354494
0.38097834013566406
0.3812389566730984
0.38148283636867913
0.3817852950107474
0.38206264839003534
0.3823316333483965
0.3826042047728691
0.38287797168604554
0.3831397837121837
0.38341235513665634
0.3836622122757562
0.38393000174541353
0.384216919034332
0.3845002498571391
0.38477521225901934
0.3850143099997848
0.3853251370627799
0.38565389645633236
0.3859216859259897
0.3861595881780513
0.3864321596025239
0.3867310317784807
0.38700958064647245
0.3872953024466872
0.38756070093893685
0.3878583776261898
0.38810703927658585
0.3883628738592049
0.388639031749789
0.38890443024203863
0.3891961294857725
0.3894770693311719
0.3897281219589756
0.3900054753382635
0.39027565578532847
0.39053268585665135
0.3907861294618627
0.39109934750226544
0.3913348587769194
0.3916229715545418
0.3919003249338297
0.3921944151549712
0.39248611439870507
0.3927849865746619
0.3930467986008
0.39332773844619945
0.39361824220122943
0.3939374376851513
0.3942052271548086
0.3944849715115042
0.39477667075523803
0.3950348963152647
0.3952763850334378
0.39557286623198695
0.39585380607738635
0.3961431143437126
0.396416881256889
0.39668227974913867
0.39693213688823853
0.3971951444030805
0.3974533699631072
0.3977343098085066
0.3979973173233486
0.39827467070263656
0.3985675654350742
0.3988449188143621
0.3991150992614271
0.3993960391068265
0.39966263308777994
0.3999447684218832
0.400208971425429
0.4004887157821246
0.4007612872065972
0.40102788118755067
0.4013100165216539
0.4015778059913112
0.40183961801744933
0.4021277307950717
0.4024038886856558
0.4026597232682748
0.4029777232634929
0.4032335578461119
0.4035431894204032
0.40383249768672935
0.40413495632879765
0.40441470068549323
0.4046765127116314
0.4049622345118461
0.40523719691372634
0.4054990089398645
0.40574527961285295
0.4060321969017715
0.4062928134392058
0.4066155953892392
0.4068953397459347
0.4071607382381844
0.407433309662657
0.4076879487565722
0.4079700840906754
0.40824026453774037
0.4085140314509168
0.408768670544832
0.4090567833224544
0.409356850987115
0.4096102945923264
0.40985656526531483
0.41015543744127164
0.4104268133770404
0.4106874299144747
0.410962392316355
0.41123257276341996
0.411515903586227
0.4117633697479193
0.4120335501949842
0.4123180765064951
0.41257510657781793
0.41284767800229055
0.4131130764945402
0.41338206145290135
0.41362474565977825
0.4138865576859164
0.4141519561781661
0.41441496369300806
0.4147018809819266
0.41497564789510305
0.41523148247772207
0.4155279636762712
0.41580173058944764
0.41608267043484704
0.41635882832543114
0.41663498621601525
0.4169195125275261
0.4171633922231069
0.41743357267017184
0.4177013621398291
0.41797034709819025
0.4182751967176662
0.41857048242751155
0.418844249340688
0.41910725685552996
0.4194025425653753
0.4197014147413321
0.4199990914285851
0.42027405383046534
0.42056814405160686
0.42082636961163356
0.42108100870554876
0.421355971107429
0.4216225650883825
0.42190709139989335
0.4221808583130698
0.4224366928956888
0.4227379560490533
0.4230129184509336
0.42325799363521815
0.4235245876161716
0.42379955001805186
0.42410081317141635
0.42435903873144304
0.42464476053165773
0.4249257003770571
0.42521739962079097
0.4254851890904483
0.42573385074084436
0.42597533945901744
0.42622878306422884
0.42651450486444353
0.4267990311759544
0.42704530184894285
0.4273178732734154
0.42759044469788804
0.42782476048383816
0.428088963487384
0.4283734897988949
0.4286556251329981
0.4289485198654358
0.42922706873342753
0.4294900762482695
0.42975427925181536
0.43006510631481043
0.4303317002957639
0.43061981307338626
0.4308409784835943
0.4311003995323248
0.43137057997938977
0.4316646702005313
0.43197669275223016
0.43228154237170613
0.43255650477358637
0.43284461755120873
0.43314229423846173
0.4334053017533037
0.4336838506212955
0.43395522655706426
0.43425409873302107
0.43453025662360517
0.43481358744641224
0.43507779044995804
0.4353252566116503
0.4355858731490846
0.4358620310396687
0.4361609032156255
0.4364585799028785
0.4367574520788353
0.4370419783903462
0.4373049859051882
0.4376074445472565
0.4378859934152482
0.43814541446397876
0.438385707693448
0.4386606700953283
0.4389332415198009
0.43922733174094236
0.43954533173616045
0.4398406174460058
0.44011199338177454
0.4403690234530974
0.4406403993888662
0.4409225347229694
0.44122618885374154
0.4414951738121026
0.44179045952194795
0.4420678129012359
0.4423559256788583
0.44264045199036917
0.44291302341484173
0.44320352716987177
0.443450993331564
0.4437522564849285
0.4439937452031016
0.44428305346942776
0.44457953466797695
0.4448772113552299
0.44518206097470586
0.44543670006862107
0.4456973166060554
0.4459483692338591
0.44622333163573935
0.44650068501502727
0.44675771508635015
0.4470278955334151
0.4472657977854767
0.44752521883420726
0.4478049631909028
0.4480835120588946
0.4483799932574437
0.44863582784006273
0.44893470001601954
0.4491773842228965
0.44944278271514615
0.44972850451536084
0.4500166172929832
0.4503023390931979
0.45057132405155903
0.45082596314547424
0.45110809847957745
0.45138066990405007
0.4516185721561117
0.4518995120015111
0.4521481736519072
0.4524434593617525
0.4527088578540021
0.4529874067219939
0.4532468277707244
0.4535277676161238
0.45379794806318874
0.4540884518182188
0.4543586322652837
0.45464076759938693
0.45491692548997104
0.4552038427788896
0.4554680457824354
0.45575257209394626
0.4560466623150878
0.45633357960400633
0.4566216923816287
0.4568727450094324
0.45715129387742415
0.4574202788357853
0.4576796998845158
0.45795107582028455
0.4582415795753146
0.45848545927089535
0.4587592261840718
0.45906048933743626
0.4593486021150586
0.45963073744916183
0.45992124120419187
0.4601818577416262
0.4604568201435065
0.4607054817939025
0.46097446675226367
0.4612530156202554
0.4615100456915783
0.46177185771771645
0.46207551184848855
0.46237318853574155
0.4626648877794754
0.46293148176042886
0.46321839904934736
0.46349814340604295
0.4637683238531079
0.46403372234535756
0.46429672986019954
0.464597993013564
0.46485502308488685
0.4651431358625092
0.4654180982643895
0.46567034638089705
0.46592857194092374
0.4661999478766925
0.4664725193011651
0.4667379177934148
0.46700451177436825
0.4672974065068059
0.4675903012392436
0.4678509177766779
0.468127075667262
0.46841877491099587
0.4686973237789876
0.468950767384199
0.4692364891844137
0.4694720004590677
0.4697457673722441
0.4700039929322708
0.4702634139810013
0.4705240305184356
0.470804970363835
0.47108591020923446
0.47134533125796496
0.4716406169678103
0.4719036244826523
0.47218934628286696
0.47246789515085874
0.472708188380328
0.47298195529350445
0.47325094025186554
0.4735199252102267
0.47380206054432994
0.4740566996382451
0.4743460079045713
0.4746221657951554
0.47489593270833186
0.47515774473447
0.47541836127190434
0.47567658683193104
0.475946767278996
0.4762049928390227
0.47651940636812923
0.4767812183942674
0.47703346651077494
0.47730603793524756
0.4775618725178666
0.47782368454400476
0.4780926695023659
0.47836882739294995
0.47866291761409147
0.478915165730599
0.47917578226803337
0.4794770454213978
0.4797711356425393
0.4800162108268239
0.48028160931907354
0.4805386393903964
0.4808076243487575
0.4810873687054531
0.48137069952826017
0.48163729350921364
0.4819062784675748
0.4821800453807512
0.48245859424874293
0.48273236116191937
0.4830025416089843
0.4832858724317914
0.4835417070144104
0.48383101528073663
0.48409641377298623
0.48434746640078996
0.48462721075748555
0.48490695511418114
0.4851950678918035
0.485516654353133
0.4857880302889018
0.48606299269078207
0.4863415415587738
0.48660335358491197
0.4868735340319769
0.48716881974182225
0.48746171447425996
0.4877498272518823
0.4880522858939506
0.4883427896489806
0.488616556562157
0.48886641370125694
0.4891796317416597
0.4894557896322438
0.48974509789856996
0.4900236467665617
0.4902866542814037
0.49052097006735385
0.49080071442404943
0.49107926329204116
0.49136259411484823
0.4916554888472859
0.4919149098960164
0.4921683535012278
0.49245646627885015
0.4927660978531414
0.4930685564952097
0.493336345964867
0.49361728581026637
0.49390539858788873
0.49416123317050775
0.49445890985776075
0.49474104519186396
0.4950100301502251
0.4953029248826628
0.4956017970586196
0.4958660000621654
0.4961421579527495
0.49639560155796086
0.4966777368920641
0.49693954891820225
0.49719657898952513
0.49749425567677813
0.49779790980755023
0.49807048123202285
0.49832990228075336
0.498629969945414
0.49891808272303634
0.49918945865880515
0.49947637594772365
0.49971308271108145
0.49998924060166555
0.5002618120261382
0.5005427518715375
0.5008153232960102
0.5010687669012216
0.5013556841901401
0.5016354285468356
0.5019175638809389
0.5022140450794881
0.5024782480830339
0.5027567969510256
0.5030568646156862
0.5033389999497895
0.5036020074646315
0.50388892475355
0.5041603006893188
0.504449608955645
0.5047042480495602
0.5050019247368132
0.5052780826273973
0.5055506540518698
0.5058507217165304
0.506159157802118
0.5064341202039981
0.5067007141849517
0.5069768720755358
0.5072386841016739
0.5075554886081881
0.5078543607841449
0.5081388870956558
0.5084150449862399
0.5086995712977508
0.5089386690385163
0.5092040675307659
0.5094814209100538
0.509763556244157
0.5100492780443717
0.5103361953332903
0.510587247961094
0.5108741652500125
0.511155105095412
0.5114157216328463
0.5116966614782457
0.5119943381654987
0.5122298494401526
0.5125263306387018
0.5128216163485472
0.513113315592281
0.5133990373924957
0.513679977237895
0.5139609170832945
0.5142334885077671
0.5145048644435358
0.5148192779726425
0.5151002178180418
0.5153775711973297
0.5156549245766177
0.5159334734446094
0.5161869170498208
0.5164594884742935
0.5167308644100622
0.517002240345831
0.517299917033084
0.517562924547926
0.5178390824385101
0.5181271952161324
0.5183937891970859
0.5186508192684087
0.5189556688878847
0.519243781665507
0.5195402628640562
0.519811638799825
0.520087796690409
0.5203603681148817
0.5206042478104624
0.5208553004382661
0.5211541726142229
0.5214171801290649
0.5216897515535376
0.5219730823763447
0.5222576086878555
0.5225540898864046
0.5228182928899505
0.5230789094273848
0.5233634357388957
0.5236443755842951
0.5239109695652486
0.5242014733202786
0.5244668718125283
0.5247896537625616
0.5250263605259194
0.525271435710204
0.5255404206685651
0.5257795184093306
0.5260485033676917
0.5263258567469796
0.5265721274199681
0.5268446988444406
0.5271387890655821
0.5274101650013509
0.5276707815387852
0.5279505258954809
0.5282159243877305
0.5285064281427605
0.5287885634768638
0.5290647213674478
0.52931218752914
0.5295991048180586
0.5298788491747541
0.5301693529297842
0.5304311649559224
0.5306810220950222
0.5309894581806096
0.5312895258452703
0.5315800296003003
0.5318442326038462
0.532101262675169
0.532349924325565
0.532627277704853
0.5328986536406217
0.5331712250650944
0.5334390145347516
0.5337151724253357
0.5340236085109232
0.5343153077546571
0.5345842927130181
0.534848495716564
0.5351258490958519
0.5353900520993977
0.5356877287866507
0.535983014496496
0.5362268941920768
0.536488706218215
0.5367493227556492
0.5370230896688257
0.5372896836497792
0.5375861648483283
0.5378814505581737
0.5381910821324649
0.5384732174665682
0.5387505708458561
0.5390183603155134
0.5393088640705433
0.5396220821109461
0.5398731347387499
0.5401672249598913
0.540452946760106
0.5407362775829131
0.5410160219396087
0.541276638477043
0.5415539918563309
0.5418696008741414
0.5421218489906489
0.5423621422201181
0.5426179768027372
0.5429359767979552
0.5432109391998355
0.5434799241581967
0.5437584730261884
0.5440621271569605
0.5443621948216212
0.5446562850427626
0.5449503752639041
0.5452205557109691
0.5455158414208144
0.5458075406645483
0.5460741346455017
0.5463431196038628
0.5466133000509278
0.5468535932803971
0.5471440970354271
0.5474083000389729
0.5476856534182608
0.5479869165716253
0.5482475331090596
0.548549991751128
0.5487938714467087
0.5490628564050698
0.5493402097843577
0.5496283225619801
0.5499176308283064
0.5502165030042631
0.5505165706689238
0.5507927285595079
0.5510629090065728
0.5513187435891919
0.5516331571182984
0.5519427886925896
0.5522189465831737
0.5525190142478343
0.5527927811610108
0.5530665480741872
0.5533486834082905
0.5536308187423937
0.5539213224974238
0.5541855255009696
0.5544401645948848
0.5547234954176918
0.5549912848873491
0.5552519014247834
0.5555400142024058
0.5558066081833593
0.5560935254722779
0.5563852247160117
0.556666164561411
0.5569267810988454
0.5572017435007257
0.55746236003816
0.5577540592818938
0.5580397810821086
0.558306375063062
0.5586088337051304
0.5588861870844183
0.5591695179072252
0.55945523970744
0.5597337885754318
0.5600135329321273
0.560299254732342
0.5605921494647798
0.5608718938214753
0.561150442689467
0.5614301870461627
0.5617135178689696
0.5619609840306619
0.5622275780116154
0.5625384050746105
0.5628540140924209
0.5631182170959667
0.5633919840091431
0.5636537960352813
0.5638940892647505
0.5641869839971883
0.564451187000734
0.5647118035381684
0.5649724200756027
0.5652593373645213
0.5655211493906594
0.5658152396118009
0.5661045478781271
0.5663699463703767
0.5666484952383685
0.56694258545951
0.5672306982371323
0.5675212019921624
0.5678057283036733
0.5680567809314769
0.5683150064915037
0.568595946336903
0.5688912320467484
0.5691458711406636
0.5694351794069897
0.5697388335377619
0.5700197733831613
0.5703174500704142
0.570561329765995
0.5708171643486141
0.5710861493069752
0.5713312244912598
0.571640856065551
0.5719086455352084
0.5721788259822733
0.5724418334971153
0.5727263598086262
0.5730168635636562
0.5732966079203518
0.5735357056611172
0.5737831718228095
0.574070089111728
0.5743498334684236
0.5746522921104918
0.5749129086479262
0.5752165627786983
0.5754735928500212
0.5757521417180129
0.5760115627667434
0.5762925026121428
0.5765710514801345
0.576844818393311
0.5771054349307453
0.5773421416941031
0.5776111266524643
0.5778884800317522
0.5781718108545593
0.5784551416773663
0.5787372770114695
0.5790002845263115
0.5792872018152301
0.5795848785024831
0.5798431040625097
0.5800881792467943
0.5803332544310789
0.5805926754798094
0.5808843747235433
0.5811569461480158
0.5814163671967464
0.5816973070421457
0.5819842243310643
0.5822926604166517
0.5825508859766784
0.5828019386044822
0.5830673370967318
0.5833446904760197
0.5836244348327153
0.5839017882120032
0.5841982694105523
0.5844816002333594
0.584774494965797
0.5850554348111965
0.5853220287921499
0.5856041641262532
0.5858898859264678
0.5861636528396443
0.5864266603544863
0.5866824949371053
0.5869359385423167
0.5871714498169707
0.5874619535720007
0.5877237655981389
0.5879975325113153
0.5882677129583802
0.5885378934054453
0.5888188332508446
0.5890842317430942
0.5893723445207166
0.5896915400046385
0.5899796527822608
0.5902474422519182
0.5905487054052826
0.5908224723184591
0.591134494870158
0.5914309760687071
0.5916640963659534
0.5919223219259802
0.5921877204182298
0.5924531189104794
0.5927137354479137
0.5929743519853481
0.5932481188985246
0.5935242767891086
0.5937920662587659
0.5940490963300887
0.5943491639947495
0.594656404591633
0.5949062617307329
0.5951919835309476
0.5955123745035733
0.5957921188602688
0.5960682767508529
0.5963384571979179
0.5966050511788714
0.5968764271146402
0.5971669308696702
0.5974371113167352
0.5977156601847269
0.5980013819849416
0.5982799308529334
0.5985644571644443
0.5988418105437322
0.5991287278326507
0.5994539007600918
0.5997276676732681
0.6000205624057058
0.6003074796946244
0.6006039608931735
0.6008837052498691
0.6011502992308225
0.6014204796778875
0.6017062014781023
0.6019608405720175
0.602213088688525
0.602476096203367
0.6027438856730243
0.6030164570974968
0.6033033743864155
0.6036058330284837
0.6038724270094372
0.6041617352757633
0.6044486525646819
0.604739156319712
0.6050009683458502
0.6052890811234725
0.6055807803672063
0.6058509608142713
0.6061330961483745
0.6064188179485892
0.6066878029069503
0.6069627653088306
0.6072329457558956
0.6075031262029605
0.6077948254466944
0.6080614194276478
0.608350727693974
0.6086352540054849
0.6089293442266264
0.6091732239222072
0.60943025399353
0.6096825021100376
0.6099682239102523
0.6102252539815751
0.6104978254060477
0.6107692013418166
0.611021449458324
0.6113466223857651
0.611631148697276
0.611886983279895
0.6121691186139983
0.6124691862786589
0.612765667477208
0.6130334569468653
0.6132928779955958
0.6135726223522914
0.6138332388897257
0.6140962464045677
0.6143341486566294
0.6145816148183216
0.614890050903909
0.6151937050346812
0.6154638854817461
0.615741238861034
0.6159958779549493
0.6163174644162788
0.6165912313294551
0.6168649982426316
0.6171889756813688
0.6174603516171375
0.6177484643947599
0.6180222313079363
0.6183031711533358
0.6185948703970696
0.6189021109939532
0.6192033741473176
0.6194843139927171
0.6197305846657055
0.6199983741353627
0.6202565996953895
0.6205327575859736
0.6208148929200767
0.6210994192315877
0.6213791635882833
0.6216529305014596
0.6219039831292634
0.6221968778617011
0.622481404173212
0.6227599530412037
0.6230289379995648
0.6233194417545949
0.6236422237046282
0.6239147951291009
0.6241933439970926
0.6244695018876767
0.6247432688008531
0.6250158402253257
0.6253171033786902
0.6256040206676087
0.6258933289339349
0.6261730732906304
0.6264312988506572
0.626695501854203
0.6269644868125641
0.6272298853048137
0.6275275619920667
0.6278204567245044
0.6281169379230536
0.6283787499491917
0.6286142612238457
0.6288521634759073
0.6291546221179756
0.6294511033165248
0.6297165018087744
0.6300153739847312
0.6303118551832804
0.6305796446529377
0.6308426521677797
0.6311319604341059
0.6314248551665436
0.6316830807265702
0.6319962987669729
0.632252133349592
0.6325318777062876
0.6328008626646486
0.6330638701794907
0.633331659649148
0.6335994491188053
0.6338959303173545
0.6341565468547887
0.6344267273018537
0.6346969077489186
0.634992193458764
0.6352683513493481
0.6355516821721552
0.6358541408142234
0.6361793137416645
0.6364793814063251
0.6367519528307977
0.6370185468117512
0.6372887272588161
0.6375840129686614
0.6378446295060958
0.6381291558176067
0.6384017272420793
0.6386731031778481
0.6389528475345436
0.6392194415154971
0.6394991858721927
0.6397777347401844
0.6400562836081762
0.6403133136794991
0.640590667058787
0.6408919302121514
0.6411884114107006
0.6414514189255426
0.6416988850872348
0.6419475467376309
0.6422404414700685
0.642527358758987
0.6428166670253133
0.6430772835627476
0.643378546716112
0.6436654640050307
0.6439786820454334
0.6442823361762055
0.6445620805329011
0.6448537797766349
0.6451239602236999
0.645413268490026
0.6457276820191326
0.6460110128419396
0.6462728248680778
0.6465430053151427
0.6468203586944307
0.6471012985398301
0.6474157120689367
0.6477145842448935
0.6479967195789967
0.6483039601758803
0.6485574037810917
0.6488359526490834
0.6491443887346708
0.649413373693032
0.649711050380285
0.6500027496240188
0.6502980353338641
0.6505706067583368
0.650831223295771
0.6510607571269059
0.6513345240400823
0.6516166593741856
0.6518928172647697
0.6521582157570193
0.6524487195120493
0.6527404187557831
0.6530225540898864
0.6533046894239897
0.6535617194953125
0.6538450503181196
0.6541128397877769
0.6543782382800265
0.6546711330124642
0.6549640277449018
0.6552497495451165
0.6555187345034776
0.6558068472811001
0.6560830051716842
0.656340035243007
0.6566281480206293
0.6569162607982517
0.6572127419968009
0.6575068322179424
0.6577973359729724
0.6580471931120723
0.6583293284461755
0.658616245735094
0.6588947946030858
0.659184102869412
0.6594698246696267
0.6597471780489146
0.6600042081202375
0.6603090577397134
0.6605840201415937
0.6608673509644007
0.6611231855470198
0.661419666745569
0.6617209298989334
0.6620126291426672
0.662291178010659
0.6625649449238354
0.662837516348308
0.6631363885242648
0.663398200550403
0.6636755539296909
0.6639505163315712
0.6642326516656744
0.6645207644432968
0.6647885539129541
0.665065907292242
0.6653229373635648
0.6656122456298911
0.6658943809639942
0.666193253139951
0.6664598471209046
0.666733614034081
0.6670133583907766
0.6673241854537717
0.6676158846975055
0.6678729147688284
0.6681682004786736
0.6684479448353693
0.6687480125000299
0.6690277568567254
0.6693075012134211
0.6696003959458587
0.6698837267686658
0.6701574936818422
0.670463538790022
0.6707205688613448
0.6709967267519289
0.6712908169730705
0.6715896891490273
0.6718299823784966
0.6721145086900074
0.6723822981596647
0.6726596515389526
0.6729656966471323
0.6732478319812356
0.6735275763379311
0.6738001477624038
0.6740846740739147
0.6743464861000529
0.6746310124115638
0.6748952154151096
0.6751713733056937
0.6754762229251696
0.6757762905898302
0.6760835311867138
0.6763465387015558
0.6766454108775126
0.6769323281664311
0.6772216364327573
0.6775085537216758
0.6778002529654097
0.6780668469463632
0.678338222882132
0.678628726637162
0.6789024935503385
0.679189410839257
0.6794691551959525
0.6797369446656099
0.6800382078189743
0.6803048017999278
0.6805988920210693
0.6808989596857299
0.6811763130650178
0.681430952158933
0.681686786741552
0.6819653356095439
0.6822486664323508
0.6825200423681197
0.6828033731909268
0.6830926814572529
0.6833628619043178
0.6836402152836057
0.6838757265582598
0.6841686212906974
0.684448365647393
0.6847197415831617
0.6850162227817109
0.6852971626271104
0.6855613656306562
0.6858303505890173
0.6861041175021937
0.6863850573475931
0.6866564332833619
0.686925418241723
0.6872266813950875
0.6875159896614137
0.6878100798825552
0.6881053655924005
0.6884054332570612
0.6886875685911644
0.6889625309930446
0.6892291249739981
0.6894909370001363
0.6897611174472013
0.69003249338297
0.6903397339798536
0.6906027414946956
0.6908956362271332
0.6911861399821633
0.6914694708049703
0.6917707339583349
0.6920492828263266
0.6923170722959838
0.6925705159011952
0.6928478692804831
0.6930941399534716
0.6933798617536863
0.693652433178159
0.6939357640009659
0.6942513730187764
0.6945311173754719
0.6948180346643904
0.6950906060888631
0.6953906737535237
0.695658463223181
0.695921470738023
0.696211974493053
0.6964953053158601
0.6967834180934824
0.6970715308711048
0.6973429068068736
0.6976154782313462
0.697872508302669
0.6981582301028838
0.698433192504764
0.6987165233275711
0.6989926812181552
0.6992760120409622
0.6995796661717344
0.6998713654154682
0.7001523052608676
0.7004738917221971
0.7007225533725931
0.7010082751728078
0.701264109755427
0.7015354856911957
0.701810448093076
0.7020782375627332
0.7023328766566485
0.7026281623664938
0.7029306210085621
0.7031936285234041
0.7034781548349149
0.7037638766351296
0.7040352525708985
0.7043114104614826
0.7046186510583662
0.7049031773698771
0.7052092224780568
0.7054973352556791
0.7057424104399638
0.7060305232175861
0.7063054856194664
0.7065816435100505
0.7068494329797078
0.7071423277121455
0.7074077262043951
0.7076623652983103
0.707948087098525
0.7082182675455899
0.7085135532554353
0.708806447987873
0.709104124675126
0.7093719141447833
0.7096444855692559
0.7099278163920629
0.7102135381922776
0.7104920870602693
0.7107622675073343
0.7110599441945873
0.7113516434383211
0.711636169749832
0.7119206960613429
0.7122004404180385
0.7124801847747341
0.7127862298829138
0.7130719516831285
0.7133098539351902
0.7136099215998508
0.7139207486628459
0.7141718012906496
0.7144037260991921
0.7146966208316298
0.7150205982703669
0.7152943651835434
0.7155741095402389
0.7158526584082306
0.7161240343439995
0.7163750869718032
0.7166309215544222
0.7168939290692642
0.7171736734259598
0.7174546132713592
0.7177618538682428
0.7180356207814192
0.718279500477
0.7185795681416606
0.7188509440774294
0.7191223200131982
0.7193841320393364
0.7196567034638089
0.7199029741367974
0.7201779365386777
0.7204277936777775
0.7206919966813233
0.720984891413761
0.7212646357704566
0.7215216658417795
0.721801410198475
0.722050071848871
0.7223298162055667
0.7226191244718929
0.7229144101817382
0.7231929590497299
0.7234655304742026
0.7237428838534905
0.7240118688118516
0.7242760718153974
0.7245498387285738
0.7248391469949
0.7251057409758536
0.7253759214229185
0.7256449063812797
0.7259270417153828
0.7262091770494861
0.7264889214061816
0.7267830116273232
0.7270806883145761
0.7273699965809023
0.7276401770279672
0.7279211168733667
0.7281901018317278
0.7284566958126812
0.7287316582145615
0.7290030341503303
0.7292720191086914
0.7295649138411291
0.7298458536865285
0.7301100566900743
0.7303993649564006
0.7306910642001344
0.7309588536697916
0.7312768536650097
0.7315852897505971
0.7318482972654391
0.73213282357695
0.7324591919930948
0.7327389363497905
0.732976838601852
0.7332709288229936
0.7335231769395011
0.7338304175363847
0.7341292897123415
0.7344174024899639
0.7346839964709173
0.7349733047372435
0.7352434851843085
0.7355531167585998
0.735835252092703
0.7361245603590292
0.7363732220094252
0.7366601392983437
0.7369685753839312
0.7372495152293306
0.7375651242471409
0.7378460640925404
0.7380947257429364
0.7383350189724057
0.738609981374286
0.7388980941519083
0.7391658836215657
0.7394575828652995
0.7397468911316257
0.7400206580448021
0.7403171392433513
0.7406016655548622
0.740865868558408
0.7412029963728872
0.7414588309555064
0.7417230339590521
0.7419752820755596
0.7422693722967012
0.7425359662776546
0.7428396204084268
0.7430954549910458
0.7433787858138529
0.7436286429529527
0.7439287106176133
0.7442323647483855
0.7445085226389696
0.744809785792334
0.745072793307176
0.7453537331525755
0.7456573872833475
0.7459694098350464
0.7462491541917421
0.7465049887743611
0.7467751692214261
0.7470668684651599
0.7473418308670401
0.7476275526672549
0.7479252293545078
0.748221710553057
0.7485241691951253
0.7487991315970055
0.7491027857277777
0.7493861165505847
0.749661078952465
0.749944409775272
0.7501990488691872
0.750490748112921
0.7507597330712822
0.7510729511116849
0.7513514999796767
0.7516455902008182
0.7518811014754722
0.7521261766597568
0.7524095074825637
0.7526820789070364
0.7529761691281779
0.7532463495752428
0.7535416352850882
0.7538022518225226
0.7540915600888487
0.7543629360246175
0.7546510488022399
0.7549582893991235
0.755238033755819
0.7554926728497342
0.755784372093468
0.7560700938936828
0.756359402160009
0.756642732982816
0.7569392141813652
0.7572309134250991
0.7574987028947563
0.7578023570255285
0.7581048156675968
0.7584156427305918
0.7587181013726602
0.7589894773084289
0.7592608532441977
0.7595441840670047
0.7598454472203692
0.760137146464103
0.7604204772869101
0.7606739208921215
0.7609620336697439
0.7612525374247738
0.7615286953153579
0.7617940938076077
0.7620451464354113
0.7623464095887758
0.7626548456743633
0.7629465449180971
0.7632322667183118
0.7635299434055648
0.7638228381380024
0.7640714997883985
0.7643775448965783
0.7646429433888279
0.7649561614292306
0.7652645975148181
0.7655252140522524
0.7658169132959862
0.7661145899832392
0.7663919433625271
0.7666944020045955
0.7669837102709216
0.7672945373339167
0.7675969959759851
0.767874349355273
0.7681098606299269
0.7683884094979186
0.7686597854336874
0.7689335523468639
0.7692324245228207
0.7695049959472933
0.7697727854169506
0.7701015448105031
0.7704159583396096
0.7707136350268626
0.7710089207367079
0.7713006199804419
0.7715911237354718
0.7718708680921674
0.772178108689051
0.7724853492859346
0.7727555297329995
0.7730627703298831
0.7733724019041744
0.7736581237043891
0.7739832966318301
0.7742809733190831
0.7745690860967055
0.7748966500015542
0.7751943266888072
0.7754764620229103
0.7757729432214595
0.7760562740442666
0.7763682965959655
0.7766181537350654
0.7769206123771336
0.7772003567338293
0.7774741236470056
0.7777454995827744
0.778004920631505
0.7782942288978312
0.7785703867884153
0.7788286123484419
0.7791310709905103
0.7794418980535053
0.7797240333876085
0.7800384469167151
0.7803361236039681
0.7806003266075139
0.7808908303625439
0.7811657927644242
0.7814539055420465
0.7817193040342961
0.7820133942554377
0.7822584694397222
0.7825310408641949
0.7828251310853364
0.7831216122838855
0.7834396122791035
0.7837301160341336
0.7839895370828641
0.784266890462152
0.7845561987284783
0.7848562663931389
0.7851372062385382
0.7854014092420841
0.7856978904406332
0.7859788302860327
0.7863063941908813
0.7866112438103572
0.7868778377913107
0.7871468227496718
0.7874468904143325
0.7877218528162128
0.7880075746164275
0.7882909054392345
0.7885826046829684
0.7888671309944792
0.7891707851252514
0.7894445520384278
0.7897637475223497
0.7900721836079371
0.7903806196935245
0.7906555820954048
0.7909580407374731
0.7912306121619457
0.7915127474960489
0.7917853189205215
0.7920566948562903
0.7923507850774318
0.7926305294341274
0.7929042963473039
0.7931744767943688
0.7934446572414338
0.7937255970868331
0.7940184918192708
0.7942958451985587
0.7945779805326619
0.7948409880475039
0.7951016045849383
0.7953992812721913
0.7956993489368519
0.7960137624659585
0.7962911158452464
0.7966115068178721
0.7968721233553064
0.7971482812458905
0.7974292210912899
0.7977113564253931
0.7979863188272734
0.7982911684467493
0.7985709128034449
0.7988327248295831
0.7991184466297978
0.7994101458735317
0.7997054315833769
0.8000353864656333
0.8003306721754786
0.800639108261066
0.800964281188507
0.8012559804322409
0.8015261608793058
0.8017903638828516
0.8020605443299166
0.802341484175316
0.8026451383060882
0.802951183414268
0.8032357097257788
0.8035154540824744
0.8038143262584312
0.8040940706151267
0.8043821833927491
0.80466670970426
0.8049512360157709
0.8052297848837626
0.8055202886387927
0.8058179653260457
0.8061108600584833
0.8063810405055483
0.8066655668170591
0.8069453111737547
0.8072166871095235
0.8075047998871459
0.8078048675518065
0.8080834164197982
0.8083715291974206
0.8086524690428201
0.8089202585124773
0.8091808750499117
0.8094701833162379
0.8097726419583061
0.8100930329309318
0.8103919051068886
0.8106919727715493
0.810970521639541
0.8112741757703131
0.8115790253897891
0.811849205836854
0.8121385141031803
0.8124302133469141
0.8127422358986129
0.8130614313825348
0.8133316118295998
0.8136245065620374
0.8139162058057713
0.8142282283574702
0.8144816719626816
0.814769784740304
0.815053115563111
0.8153567696938832
0.815648468937617
0.8159473411135738
0.816194807275266
0.8164877020077037
0.8167770102740299
0.8170699050064676
0.8173627997389052
0.8176473260504161
0.8179438072489653
0.8182355064926992
0.8185678523523631
0.8188499876864663
0.8191416869302002
0.8194381681287494
0.819745408725633
0.8200418899241821
0.820340762100139
0.8206288748777613
0.8209337244972372
0.8212349876506017
0.8215135365185935
0.8218064312510311
0.8220957395173573
0.8223874387610911
0.8226779425161211
0.8229660552937436
0.8232446041617353
0.8235386943828767
0.8238148522734609
0.8240993785849717
0.8243767319642596
0.8246636492531783
0.8249182883470934
0.8252064011247158
0.825495709391042
0.8257850176573681
0.8260468296835063
0.8263564612577976
0.8266111003517128
0.8269183409485964
0.827211235681034
0.8274802206393952
0.8277635514622023
0.8280468822850093
0.8283349950626316
0.8286326717498846
0.8289016567082458
0.8292029198616102
0.8294994010601594
0.8297815363942627
0.8300505213526237
0.8303302657093193
0.83063033337398
0.8308981228436373
0.8312005814857055
0.8315054311051815
0.8317971303489153
0.8320804611717224
0.8323769423702715
0.8326626641704863
0.8329173032644015
0.8332066115307276
0.8335377619016878
0.8338641303178326
0.834159416027678
0.8344535062488194
0.834740423537738
0.8350153859396182
0.835314258115575
0.8355605287885635
0.8358629874306318
0.8361415362986235
0.8364392129858765
0.8367117844103491
0.8370046791427868
0.8373202881605972
0.8376131828930349
0.8379132505576955
0.838207340778837
0.8384870851355326
0.8387799798679703
0.8390943933970768
0.8393753332424762
0.8396921377489904
0.8399336264671635
0.8402420625527509
0.8405636490140804
0.8408565437465182
0.8411338971258061
0.8414411377226897
0.8417400098986465
0.8420412730520109
0.8423078670329645
0.8425995662766983
0.8428840925882092
0.8431781828093506
0.8434758594966036
0.8437795136273757
0.8440437166309216
0.844317483544098
0.8446163557200548
0.8448913181219351
0.8451949722527072
0.845514167736629
0.8458178218674012
0.8461154985546542
0.8463940474226459
0.8466809647115644
0.8469475586925179
0.8472547992894015
0.8475620398862851
0.847874062437984
0.8481836940122752
0.8484777842334168
0.8487862203190042
0.8491209571560758
0.8494270022642556
0.849735438349843
0.8500570248111725
0.8503439421000911
0.8506535736743823
0.8509548368277469
0.8512584909585189
0.8515920323068867
0.8518980774150665
0.852219663876396
0.8524766939477189
0.8527779571010834
0.8530756337883363
0.8533649420546625
0.8536733781402499
0.8539698593387991
0.8542567766277176
0.8545652127133051
0.8548533254909274
0.8551450247346613
0.8554283555574683
0.8557511375075016
0.8560571826156814
0.8563321450175617
0.8566202577951841
0.8569107615502141
0.8571940923730211
0.8574869871054588
0.8578217239425304
0.8581062502540413
0.858371648746291
0.858689648741509
0.8589753705417238
0.8593005434691647
0.8595719194049335
0.859873182558298
0.8601660772907357
0.8604637539779887
0.8607901223941336
0.8610698667508291
0.8613591750171553
0.8616484832834814
0.861948550948142
0.8622366637257645
0.8624996712406064
0.8627925659730441
0.8630711148410358
0.8633879193475501
0.863672445659061
0.8640024005413173
0.8643036636946817
0.8645917764723041
0.864910971956226
0.8652026711999599
0.8655039343533243
0.8658231298372462
0.8661243929906106
0.8664531523841631
0.8667783253116041
0.8670604606457074
0.8673593328216642
0.8676378816896559
0.8679331673995012
0.8682009568691585
0.8684830922032618
0.8687831598679224
0.8690796410664715
0.8693689493327977
0.8696666260200507
0.869941588421931
0.8702512199962222
0.870529768864214
0.8708071222435019
0.8711275132161276
0.8714359493017151
0.8717647086952676
0.8720492350067784
0.8723469116940314
0.8726386109377653
0.8729087913848302
0.8732112500268985
0.8735029492706323
0.8737862800934394
0.8740684154275427
0.8743230545214579
0.8746039943668572
0.8749052575202217
0.8751694605237675
0.8754647462336128
0.8757552499886428
0.876031407879227
0.8763410394535182
0.8766207838102138
0.8769268289183936
0.8772041822976815
0.8774887086091924
0.8778067086044103
0.8781103627351825
0.878390107091878
0.8787033251322808
0.87899980633083
0.8793010694841944
0.8796405882760814
0.8799191371440731
0.8802215957861415
0.8804977536767256
0.8808121672058321
0.8810931070512315
0.8813883927610768
0.8816609641855494
0.8819658138050254
0.8822634904922784
0.8825779040213849
0.8828803626634532
0.8831983626586712
0.8834757160379592
0.883767415281693
0.8840543325706115
0.8843364679047148
0.8846616408321558
0.8849473626323705
0.8852641671388847
0.8855211972102076
0.8858260468296835
0.886127309983048
0.8864022723849282
0.8867322272671846
0.8870287084657337
0.8873216031981713
0.8876049340209784
0.8878942422873046
0.8881811595762231
0.8884549264893996
0.8887597761088756
0.8890670167057592
0.8893563249720854
0.8896312873739656
0.8899182046628842
0.8902110993953218
0.8904968211955365
0.8908040617924201
0.8910897835926348
0.8913886557685916
0.8916612271930643
0.8919481444819828
0.8922589715449779
0.8925327384581543
0.8928447610098532
0.8931328737874756
0.8934221820538018
0.8937449640038351
0.8940605730216455
0.8943606406863062
0.8946212572237405
0.8949308887980317
0.8952357384175077
0.8955776481868023
0.8958538060773864
0.8961526782533432
0.8964754602033765
0.8967791143341487
0.8970576632021404
0.8973541444006896
0.8976470391331273
0.89796025717353
0.8982615203268944
0.898526918819144
0.8988329639273238
0.8991127082840195
0.8994390767001642
0.899730775943898
0.9000368210520778
0.9003356932280346
0.9006261969830647
0.9009131142719833
0.9012024225383094
0.9015240089996389
0.9018204901981881
0.9021086029758105
0.9024122571065826
0.9026955879293896
0.9029741367973814
0.9032682270185229
0.9035874225024447
0.9038683623478442
0.9041923397865813
0.9044936029399459
0.9047900841384949
0.905080587893525
0.9053890239791125
0.9056795277341424
0.9060047006615835
0.906284445018279
0.9066036405022009
0.9069168585426036
0.9072420314700447
0.9075528585330397
0.9078529261977003
0.9081374525092113
0.9084375201738719
0.9087399788159402
0.9090197231726358
0.9093245727921117
0.9096365953438106
0.9099294900762482
0.9102343396957242
0.9105559261570537
0.910872730663568
0.911218226898974
0.9114907983234466
0.9117992344090341
0.9121172344042521
0.9124137156028013
0.9126934599594968
0.9130258058191608
0.913335437393452
0.9136163772388515
0.9139260088131427
0.9142499862518799
0.9145416854956138
0.9148393621828668
0.9151310614266006
0.9154108057832961
0.9157264148011065
0.9160647381042897
0.9163552418593197
0.9166971516286143
0.9169876553836442
0.9172901140257126
0.9175961591338924
0.9178974222872568
0.9182070538615481
0.9185166854358393
0.9188047982134617
0.91910725685553
0.9194264523394519
0.9197277154928163
0.9200528884202573
0.9203696929267715
0.9206697605914321
0.9209638508125737
0.9212710914094573
0.9215723545628217
0.9218688357613709
0.9221832492904775
0.9224713620680998
0.922788166574614
0.9231193169455741
0.9234193846102349
0.9237122793426725
0.9240051740751102
0.9243291515138473
0.9246710612831419
0.9249866703009523
0.9252711966124632
0.9255736552545315
0.925909587580307
0.9262443244173786
0.9265348281724086
0.9268528281676266
0.9271313770356184
0.9274278582341675
0.9277255349214205
0.9280279935634889
0.9283220837846303
0.9286436702459598
0.9289389559558052
0.9292533694849118
0.929563001059203
0.9298582867690484
0.9301559634563012
0.9304978732255959
0.9308194596869254
0.9311314822386243
0.9314674145643997
0.9317878055370254
0.9320878732016861
0.9324309784596846
0.9327358280791604
0.9330633919840091
0.9333909558888578
0.9337173243050026
0.9340245649018862
0.9343389784309928
0.9346330686521344
0.93495345962476
0.9352559182668283
0.9355595723976005
0.9358787678815222
0.936191985921925
0.9365052039623277
0.9368160310253228
0.9371423994414677
0.9374293167303862
0.9377401437933813
0.9380700986756376
0.9383833167160404
0.9387037076886661
0.9390276851274032
0.9393516625661404
0.9396756400048776
0.9400032039097262
0.9402877302212371
0.9406105121712705
0.9409105798359312
0.9412369482520759
0.9415561437359978
0.9418550159119546
0.9421754068845803
0.9424898204136869
0.9428377076265007
0.9431509256669034
0.9435203316763859
0.94385267753605
0.9441587226442297
0.9444946549700052
0.9448066775217041
0.945139023381368
0.9454414820234364
0.9457499181090238
0.9460440083301653
0.9463548353931603
0.9466979406511588
0.9470207226011922
0.9473136173336298
0.9476208579305134
0.9479818955190692
0.9483046774691026
0.948620286486913
0.9489418729482425
0.949277805274018
0.9496089556449782
0.9499293466176039
0.9502389781918951
0.950585669916005
0.9509156247982613
0.9512670984771865
0.9515755345627739
0.9519078804224379
0.9522246849289521
0.9525618127434314
0.9528307977017925
0.9531762939371986
0.9535253766387162
0.9538457676113419
0.9541781134710058
0.9545176322628928
0.9548487826338529
0.9551799330048131
0.9555074969096617
0.9558254969048797
0.9561638202080629
0.9565093164434689
0.9568619856110979
0.9571859630498352
0.957526677330426
0.9578614141674975
0.9582033239367921
0.9585332788190485
0.9588464968594512
0.9591609103885578
0.9594466321887725
0.9597789780484364
0.9600981735323583
0.9604090005953534
0.9607485193872403
0.9610976020887578
0.9614227750161989
0.9617359930566016
0.9620743163597847
0.9624305719935252
0.9627617223644854
0.963123955441745
0.9634826020528932
0.9638304892657069
0.9641389253512943
0.9644557298578086
0.9648072035367338
0.9651706321026973
0.9655197148042148
0.9658448877316558
0.9661664741929854
0.9665107749396876
0.9668467072654631
0.9671922035008691
0.9675353087588675
0.9678867824377927
0.968245429048941
0.9685957072391623
0.968930444076234
0.9692747448229362
0.9696262185018614
0.969960955338933
0.9703160154839697
0.9706662936741911
0.9709735342710747
0.9713226169725923
0.9716824590724442
0.9720423011722962
0.9723961658286291
0.9727201432673662
0.9730572710818456
0.973400376339844
0.973760218439696
0.97413321091529
0.9744882710603268
0.9748576770698094
0.9752366469889227
0.975552256006733
0.9758786244228779
0.9762611808081025
0.9766210229079545
0.9769808650078066
0.9773430980850661
0.9777280454476985
0.9780890830362544
0.9784608800231447
0.9788266995665158
0.9791674138471066
0.9795499702323313
0.9799361130836675
0.9802792183416659
0.9806928574331901
0.9810622634426728
0.9814209100538209
0.9817819476423767
0.9821597220727861
0.9825506468789377
0.9829188573997164
0.9833169551380909
0.9837019025007233
0.9841035867052093
0.9845052709096952
0.9848890227836237
0.9852667972140331
0.9856923911925957
0.986104834795416
0.9864742408048986
0.986879511475496
0.9872859776347973
0.9877115716133599
0.9881108648404381
0.9885089625788126
0.9889261881364483
0.989363737002049
0.9898084587998728
0.990263939996031
0.9907170302147815
0.9911581655464937
0.991571804638018
0.9920057670375073
0.9924624437223692
0.9929621580005691
0.9934032933322813
0.9939197444523347
0.9944003309112732
0.9949036316555845
0.9953758496935963
0.995848067731608
0.9963585414081423
0.9968546692202306
0.9973400376339844
0.9978469248444072
0.9983310977694572
0.9987841879882077
0.9991547894863941
0.999453661662351
0.9996784135386705
0.9998374135362795
0.9999079473698053
0.9999426165422163
0.9999605488727737
0.9999701127824043
0.9999772857146273
0.9999784812033311
0.9999808721807387
0.9999820676694426
0.9999832631581465
0.9999832631581465
0.9999844586468503
0.9999856541355541
0.9999868496242579
0.9999868496242579
0.9999880451129617
0.9999880451129617
0.9999892406016656
0.9999892406016656
0.9999904360903694
0.9999916315790732
0.999992827067777
0.999992827067777
0.9999940225564808
0.9999952180451847
0.9999964135338886
0.9999976090225924
0.9999988045112962
1.0
